0	0
1	0
2	0
3	0
4	0
5	0
6	0
7	0
8	0
9	0
10	0
11	0
12	0
13	0
14	0
15	0
16	0
17	0
18	0
19	0
20	0
21	0
22	0
23	0
24	0
25	0
26	0
27	0
28	0
29	0
30	0
31	0
32	0
33	0
34	0
35	0
36	0
37	0
38	0
39	0
40	0
41	0
42	0
43	0
44	0
45	0
46	0
47	0
48	0
49	0
50	0
51	0
52	0
53	0
54	0
55	0
56	0
57	0
58	0
59	0
60	0
61	0
62	0
63	0
64	0
65	0
66	0
67	0
68	0
69	0
70	0
71	0
72	0
73	0
74	0
75	0
76	0
77	0
78	0
79	0
80	0
81	0
82	0
83	0
84	1
85	10
86	36
87	53
88	52
89	71
90	66
91	69
92	51
93	52
94	51
95	72
96	52
97	65
98	59
99	55
100	65
101	52
102	52
103	59
104	69
105	50
106	63
107	47
108	66
109	67
110	55
111	64
112	58
113	74
114	59
115	72
116	70
117	47
118	59
119	67
120	59
121	61
122	73
123	68
124	49
125	58
126	58
127	61
128	71
129	47
130	70
131	42
132	51
133	61
134	61
135	64
136	62
137	56
138	64
139	67
140	69
141	69
142	72
143	60
144	59
145	61
146	61
147	68
148	70
149	74
150	47
151	55
152	76
153	57
154	64
155	51
156	51
157	76
158	64
159	68
160	60
161	47
162	61
163	61
164	54
165	63
166	63
167	57
168	50
169	73
170	62
171	59
172	75
173	60
174	77
175	80
176	68
177	50
178	57
179	60
180	57
181	65
182	63
183	58
184	61
185	65
186	66
187	67
188	53
189	74
190	51
191	66
192	60
193	59
194	60
195	73
196	63
197	65
198	68
199	64
200	63
201	62
202	63
203	71
204	68
205	69
206	63
207	64
208	56
209	67
210	56
211	69
212	64
213	68
214	53
215	60
216	71
217	55
218	66
219	51
220	69
221	68
222	62
223	71
224	78
225	47
226	72
227	63
228	68
229	65
230	70
231	62
232	50
233	55
234	65
235	52
236	77
237	65
238	72
239	60
240	68
241	66
242	57
243	67
244	57
245	70
246	72
247	79
248	62
249	57
250	68
251	56
252	68
253	57
254	55
255	73
256	61
257	72
258	70
259	66
260	60
261	58
262	60
263	72
264	77
265	55
266	63
267	66
268	59
269	64
270	53
271	70
272	80
273	59
274	71
275	70
276	55
277	57
278	66
279	58
280	58
281	76
282	62
283	71
284	69
285	67
286	70
287	76
288	84
289	59
290	84
291	72
292	64
293	60
294	83
295	74
296	60
297	68
298	68
299	70
300	65
301	71
302	62
303	72
304	47
305	79
306	73
307	72
308	72
309	72
310	70
311	59
312	72
313	74
314	75
315	53
316	66
317	64
318	58
319	70
320	74
321	70
322	85
323	70
324	79
325	62
326	75
327	58
328	76
329	58
330	69
331	67
332	80
333	87
334	58
335	69
336	68
337	68
338	76
339	78
340	57
341	59
342	79
343	69
344	67
345	77
346	67
347	61
348	61
349	62
350	65
351	64
352	70
353	54
354	54
355	75
356	77
357	72
358	64
359	68
360	61
361	65
362	68
363	77
364	58
365	64
366	55
367	78
368	67
369	67
370	71
371	54
372	59
373	90
374	65
375	70
376	66
377	66
378	75
379	66
380	65
381	63
382	83
383	65
384	69
385	73
386	71
387	72
388	68
389	68
390	79
391	70
392	80
393	72
394	84
395	83
396	75
397	86
398	72
399	74
400	93
401	75
402	67
403	72
404	57
405	59
406	70
407	84
408	85
409	67
410	71
411	75
412	71
413	72
414	72
415	78
416	68
417	81
418	69
419	54
420	59
421	58
422	71
423	68
424	71
425	62
426	85
427	80
428	80
429	59
430	75
431	67
432	67
433	75
434	67
435	75
436	63
437	78
438	64
439	71
440	81
441	71
442	69
443	77
444	67
445	65
446	86
447	59
448	78
449	88
450	79
451	78
452	78
453	74
454	68
455	71
456	57
457	91
458	78
459	82
460	85
461	78
462	84
463	77
464	85
465	98
466	64
467	80
468	74
469	64
470	73
471	72
472	61
473	79
474	88
475	76
476	80
477	86
478	96
479	84
480	89
481	77
482	78
483	83
484	85
485	80
486	76
487	65
488	75
489	82
490	89
491	77
492	86
493	73
494	83
495	85
496	80
497	82
498	85
499	76
500	70
501	89
502	90
503	93
504	88
505	83
506	111
507	90
508	85
509	71
510	87
511	98
512	79
513	90
514	79
515	88
516	88
517	78
518	89
519	78
520	82
521	89
522	83
523	86
524	90
525	82
526	83
527	82
528	73
529	77
530	81
531	78
532	67
533	67
534	84
535	84
536	79
537	103
538	87
539	86
540	86
541	84
542	82
543	96
544	90
545	86
546	70
547	64
548	67
549	71
550	80
551	66
552	97
553	76
554	83
555	98
556	96
557	84
558	86
559	76
560	90
561	92
562	74
563	96
564	93
565	70
566	84
567	88
568	79
569	84
570	87
571	78
572	79
573	98
574	98
575	69
576	74
577	94
578	80
579	90
580	78
581	70
582	75
583	75
584	85
585	100
586	76
587	78
588	85
589	86
590	74
591	86
592	78
593	73
594	72
595	52
596	80
597	75
598	85
599	73
600	84
601	85
602	82
603	99
604	83
605	65
606	83
607	87
608	80
609	71
610	68
611	84
612	88
613	84
614	83
615	88
616	87
617	72
618	79
619	103
620	81
621	83
622	104
623	103
624	79
625	99
626	75
627	89
628	70
629	79
630	83
631	82
632	87
633	93
634	70
635	73
636	75
637	86
638	80
639	82
640	81
641	84
642	80
643	83
644	90
645	93
646	80
647	68
648	73
649	84
650	88
651	85
652	78
653	69
654	72
655	83
656	71
657	47
658	68
659	74
660	77
661	76
662	73
663	79
664	84
665	86
666	67
667	82
668	96
669	93
670	72
671	65
672	70
673	83
674	75
675	92
676	73
677	81
678	83
679	68
680	81
681	84
682	80
683	101
684	78
685	85
686	71
687	76
688	80
689	88
690	94
691	87
692	78
693	91
694	86
695	72
696	69
697	75
698	81
699	78
700	77
701	81
702	82
703	83
704	63
705	75
706	76
707	67
708	69
709	90
710	90
711	81
712	80
713	71
714	84
715	79
716	99
717	109
718	78
719	84
720	77
721	81
722	80
723	71
724	101
725	85
726	99
727	71
728	83
729	84
730	86
731	88
732	92
733	89
734	88
735	92
736	82
737	84
738	107
739	79
740	69
741	75
742	79
743	81
744	91
745	63
746	78
747	72
748	89
749	75
750	95
751	105
752	83
753	75
754	92
755	90
756	89
757	78
758	80
759	75
760	80
761	86
762	68
763	86
764	83
765	82
766	83
767	97
768	72
769	90
770	84
771	82
772	97
773	80
774	94
775	105
776	81
777	78
778	94
779	74
780	86
781	82
782	89
783	82
784	84
785	88
786	79
787	80
788	75
789	88
790	90
791	92
792	84
793	86
794	99
795	80
796	86
797	89
798	72
799	82
800	78
801	90
802	88
803	83
804	76
805	92
806	72
807	83
808	96
809	77
810	84
811	85
812	72
813	84
814	86
815	99
816	81
817	95
818	89
819	90
820	82
821	93
822	97
823	103
824	82
825	94
826	86
827	91
828	96
829	90
830	99
831	81
832	92
833	92
834	97
835	82
836	94
837	82
838	93
839	75
840	108
841	79
842	96
843	98
844	97
845	81
846	90
847	81
848	92
849	80
850	94
851	92
852	80
853	99
854	94
855	92
856	93
857	81
858	88
859	86
860	92
861	96
862	93
863	89
864	106
865	86
866	90
867	85
868	88
869	93
870	81
871	94
872	74
873	95
874	86
875	93
876	81
877	85
878	86
879	89
880	97
881	84
882	75
883	79
884	96
885	96
886	99
887	92
888	90
889	95
890	93
891	89
892	90
893	79
894	85
895	91
896	80
897	84
898	89
899	94
900	102
901	73
902	91
903	83
904	92
905	72
906	102
907	92
908	82
909	83
910	87
911	81
912	103
913	86
914	95
915	85
916	77
917	94
918	92
919	91
920	84
921	91
922	65
923	99
924	89
925	86
926	110
927	99
928	94
929	89
930	73
931	80
932	105
933	91
934	104
935	100
936	92
937	91
938	78
939	96
940	90
941	84
942	100
943	80
944	91
945	92
946	107
947	83
948	88
949	102
950	96
951	85
952	99
953	76
954	87
955	91
956	95
957	83
958	98
959	85
960	91
961	98
962	76
963	92
964	77
965	80
966	87
967	89
968	97
969	79
970	90
971	93
972	91
973	98
974	90
975	86
976	99
977	78
978	87
979	79
980	82
981	91
982	91
983	90
984	102
985	105
986	87
987	95
988	114
989	94
990	91
991	86
992	90
993	93
994	95
995	95
996	92
997	78
998	95
999	109
1000	97
1001	98
1002	80
1003	91
1004	96
1005	89
1006	90
1007	90
1008	112
1009	101
1010	111
1011	101
1012	78
1013	99
1014	105
1015	81
1016	98
1017	81
1018	95
1019	97
1020	91
1021	81
1022	93
1023	102
1024	91
1025	100
1026	98
1027	110
1028	95
1029	97
1030	98
1031	86
1032	75
1033	81
1034	96
1035	106
1036	91
1037	93
1038	98
1039	92
1040	102
1041	91
1042	84
1043	101
1044	94
1045	105
1046	97
1047	87
1048	101
1049	74
1050	85
1051	98
1052	104
1053	91
1054	85
1055	106
1056	91
1057	87
1058	100
1059	95
1060	109
1061	99
1062	91
1063	108
1064	78
1065	89
1066	87
1067	98
1068	84
1069	82
1070	98
1071	98
1072	99
1073	93
1074	93
1075	88
1076	104
1077	91
1078	97
1079	120
1080	97
1081	107
1082	104
1083	105
1084	77
1085	93
1086	87
1087	112
1088	121
1089	92
1090	100
1091	97
1092	81
1093	95
1094	110
1095	90
1096	77
1097	96
1098	103
1099	99
1100	89
1101	102
1102	93
1103	88
1104	103
1105	118
1106	106
1107	109
1108	108
1109	96
1110	108
1111	93
1112	99
1113	110
1114	108
1115	111
1116	88
1117	104
1118	110
1119	100
1120	84
1121	106
1122	112
1123	105
1124	89
1125	100
1126	92
1127	85
1128	100
1129	89
1130	96
1131	98
1132	119
1133	109
1134	116
1135	99
1136	96
1137	102
1138	99
1139	88
1140	93
1141	105
1142	108
1143	128
1144	109
1145	98
1146	106
1147	100
1148	106
1149	104
1150	87
1151	96
1152	107
1153	87
1154	99
1155	97
1156	100
1157	103
1158	97
1159	112
1160	96
1161	105
1162	98
1163	110
1164	106
1165	99
1166	94
1167	98
1168	139
1169	106
1170	94
1171	128
1172	97
1173	120
1174	90
1175	92
1176	89
1177	112
1178	113
1179	101
1180	100
1181	109
1182	111
1183	94
1184	111
1185	110
1186	102
1187	98
1188	104
1189	109
1190	95
1191	102
1192	97
1193	115
1194	99
1195	93
1196	108
1197	92
1198	105
1199	99
1200	116
1201	107
1202	95
1203	108
1204	99
1205	91
1206	90
1207	111
1208	95
1209	108
1210	107
1211	92
1212	103
1213	107
1214	113
1215	111
1216	128
1217	89
1218	86
1219	123
1220	98
1221	109
1222	106
1223	98
1224	87
1225	93
1226	98
1227	89
1228	98
1229	105
1230	111
1231	108
1232	98
1233	107
1234	110
1235	100
1236	104
1237	84
1238	104
1239	95
1240	122
1241	101
1242	106
1243	86
1244	97
1245	112
1246	96
1247	102
1248	83
1249	95
1250	91
1251	111
1252	90
1253	113
1254	82
1255	104
1256	93
1257	109
1258	113
1259	105
1260	101
1261	111
1262	90
1263	109
1264	89
1265	89
1266	109
1267	100
1268	103
1269	88
1270	100
1271	90
1272	111
1273	99
1274	89
1275	96
1276	100
1277	94
1278	97
1279	117
1280	77
1281	94
1282	87
1283	99
1284	105
1285	97
1286	91
1287	101
1288	95
1289	95
1290	113
1291	106
1292	110
1293	101
1294	100
1295	113
1296	88
1297	96
1298	108
1299	98
1300	89
1301	97
1302	106
1303	106
1304	91
1305	95
1306	90
1307	120
1308	101
1309	89
1310	112
1311	94
1312	101
1313	93
1314	102
1315	95
1316	79
1317	82
1318	103
1319	107
1320	109
1321	113
1322	96
1323	94
1324	85
1325	106
1326	77
1327	92
1328	94
1329	84
1330	81
1331	87
1332	94
1333	88
1334	102
1335	86
1336	84
1337	90
1338	84
1339	90
1340	110
1341	93
1342	88
1343	99
1344	82
1345	88
1346	97
1347	92
1348	93
1349	104
1350	96
1351	102
1352	93
1353	104
1354	96
1355	88
1356	98
1357	79
1358	95
1359	93
1360	80
1361	103
1362	90
1363	93
1364	91
1365	87
1366	78
1367	90
1368	102
1369	77
1370	117
1371	86
1372	73
1373	100
1374	94
1375	82
1376	104
1377	81
1378	77
1379	95
1380	97
1381	72
1382	98
1383	92
1384	88
1385	81
1386	84
1387	83
1388	94
1389	91
1390	90
1391	78
1392	88
1393	71
1394	99
1395	79
1396	63
1397	64
1398	80
1399	77
1400	96
1401	70
1402	85
1403	82
1404	81
1405	79
1406	83
1407	80
1408	81
1409	93
1410	106
1411	83
1412	89
1413	71
1414	76
1415	73
1416	90
1417	91
1418	74
1419	88
1420	86
1421	92
1422	88
1423	86
1424	80
1425	75
1426	84
1427	90
1428	91
1429	88
1430	97
1431	83
1432	86
1433	78
1434	93
1435	74
1436	93
1437	89
1438	113
1439	66
1440	94
1441	85
1442	95
1443	94
1444	94
1445	94
1446	98
1447	77
1448	79
1449	76
1450	84
1451	97
1452	74
1453	83
1454	109
1455	84
1456	101
1457	88
1458	82
1459	80
1460	81
1461	80
1462	83
1463	129
1464	85
1465	94
1466	89
1467	74
1468	87
1469	83
1470	96
1471	78
1472	92
1473	74
1474	87
1475	98
1476	82
1477	113
1478	87
1479	91
1480	100
1481	75
1482	94
1483	81
1484	80
1485	72
1486	81
1487	87
1488	95
1489	85
1490	90
1491	78
1492	75
1493	102
1494	92
1495	96
1496	82
1497	90
1498	86
1499	87
1500	97
1501	86
1502	83
1503	77
1504	92
1505	96
1506	95
1507	77
1508	92
1509	84
1510	73
1511	79
1512	71
1513	66
1514	76
1515	96
1516	87
1517	87
1518	98
1519	92
1520	104
1521	87
1522	95
1523	86
1524	107
1525	90
1526	89
1527	76
1528	66
1529	66
1530	84
1531	96
1532	75
1533	84
1534	75
1535	81
1536	82
1537	70
1538	94
1539	96
1540	90
1541	92
1542	87
1543	95
1544	70
1545	73
1546	86
1547	91
1548	85
1549	94
1550	78
1551	84
1552	90
1553	89
1554	86
1555	72
1556	77
1557	94
1558	77
1559	87
1560	63
1561	73
1562	79
1563	87
1564	83
1565	111
1566	82
1567	85
1568	97
1569	76
1570	82
1571	75
1572	86
1573	72
1574	95
1575	88
1576	66
1577	75
1578	91
1579	71
1580	77
1581	87
1582	66
1583	83
1584	85
1585	68
1586	72
1587	91
1588	89
1589	84
1590	68
1591	90
1592	81
1593	76
1594	97
1595	98
1596	100
1597	86
1598	90
1599	60
1600	99
1601	69
1602	74
1603	90
1604	69
1605	65
1606	91
1607	84
1608	89
1609	79
1610	85
1611	85
1612	94
1613	84
1614	73
1615	89
1616	87
1617	83
1618	79
1619	84
1620	92
1621	83
1622	91
1623	91
1624	75
1625	75
1626	81
1627	74
1628	73
1629	64
1630	83
1631	89
1632	87
1633	83
1634	81
1635	72
1636	70
1637	89
1638	80
1639	69
1640	68
1641	70
1642	85
1643	75
1644	92
1645	74
1646	79
1647	75
1648	81
1649	91
1650	72
1651	73
1652	76
1653	100
1654	87
1655	92
1656	87
1657	75
1658	81
1659	88
1660	82
1661	92
1662	67
1663	66
1664	78
1665	78
1666	69
1667	75
1668	93
1669	68
1670	76
1671	69
1672	74
1673	74
1674	91
1675	68
1676	86
1677	73
1678	80
1679	77
1680	61
1681	84
1682	80
1683	72
1684	85
1685	69
1686	77
1687	86
1688	74
1689	74
1690	74
1691	78
1692	62
1693	70
1694	85
1695	88
1696	74
1697	84
1698	63
1699	71
1700	66
1701	75
1702	77
1703	93
1704	66
1705	75
1706	70
1707	72
1708	85
1709	84
1710	87
1711	77
1712	75
1713	79
1714	84
1715	74
1716	80
1717	67
1718	68
1719	63
1720	83
1721	96
1722	85
1723	80
1724	93
1725	78
1726	74
1727	79
1728	81
1729	77
1730	81
1731	79
1732	87
1733	76
1734	63
1735	81
1736	72
1737	83
1738	76
1739	74
1740	76
1741	72
1742	77
1743	81
1744	83
1745	63
1746	81
1747	91
1748	82
1749	76
1750	70
1751	77
1752	74
1753	72
1754	79
1755	85
1756	91
1757	71
1758	74
1759	70
1760	73
1761	82
1762	70
1763	101
1764	77
1765	78
1766	70
1767	94
1768	69
1769	65
1770	70
1771	76
1772	87
1773	78
1774	59
1775	85
1776	74
1777	89
1778	87
1779	76
1780	76
1781	79
1782	92
1783	79
1784	83
1785	65
1786	78
1787	67
1788	80
1789	81
1790	79
1791	91
1792	67
1793	68
1794	80
1795	76
1796	82
1797	58
1798	88
1799	78
1800	75
1801	68
1802	75
1803	88
1804	89
1805	73
1806	73
1807	77
1808	50
1809	78
1810	91
1811	79
1812	72
1813	73
1814	68
1815	86
1816	84
1817	69
1818	69
1819	75
1820	83
1821	71
1822	65
1823	98
1824	67
1825	64
1826	82
1827	74
1828	45
1829	87
1830	67
1831	71
1832	94
1833	66
1834	67
1835	68
1836	78
1837	73
1838	68
1839	81
1840	74
1841	71
1842	83
1843	71
1844	91
1845	82
1846	74
1847	88
1848	83
1849	80
1850	80
1851	109
1852	76
1853	81
1854	80
1855	82
1856	80
1857	78
1858	77
1859	74
1860	80
1861	67
1862	69
1863	89
1864	74
1865	92
1866	62
1867	80
1868	72
1869	66
1870	77
1871	82
1872	76
1873	67
1874	68
1875	70
1876	73
1877	74
1878	84
1879	78
1880	71
1881	78
1882	73
1883	87
1884	67
1885	81
1886	79
1887	80
1888	83
1889	81
1890	63
1891	73
1892	86
1893	70
1894	77
1895	73
1896	77
1897	65
1898	92
1899	78
1900	73
1901	73
1902	65
1903	71
1904	68
1905	86
1906	82
1907	85
1908	80
1909	78
1910	64
1911	71
1912	78
1913	75
1914	70
1915	83
1916	71
1917	81
1918	85
1919	62
1920	76
1921	58
1922	77
1923	77
1924	70
1925	70
1926	63
1927	71
1928	76
1929	71
1930	69
1931	80
1932	62
1933	76
1934	91
1935	84
1936	79
1937	86
1938	81
1939	84
1940	58
1941	88
1942	66
1943	84
1944	86
1945	68
1946	66
1947	80
1948	78
1949	86
1950	68
1951	78
1952	76
1953	73
1954	77
1955	83
1956	67
1957	82
1958	87
1959	84
1960	69
1961	72
1962	63
1963	64
1964	74
1965	79
1966	65
1967	86
1968	65
1969	82
1970	74
1971	78
1972	82
1973	72
1974	75
1975	75
1976	80
1977	73
1978	75
1979	60
1980	70
1981	78
1982	69
1983	66
1984	73
1985	64
1986	66
1987	85
1988	89
1989	79
1990	65
1991	90
1992	71
1993	90
1994	73
1995	73
1996	65
1997	75
1998	64
1999	68
2000	72
2001	86
2002	77
2003	76
2004	92
2005	66
2006	70
2007	65
2008	78
2009	62
2010	82
2011	75
2012	73
2013	62
2014	73
2015	75
2016	86
2017	63
2018	73
2019	61
2020	62
2021	79
2022	74
2023	69
2024	70
2025	56
2026	57
2027	80
2028	84
2029	84
2030	74
2031	58
2032	76
2033	79
2034	73
2035	85
2036	66
2037	83
2038	71
2039	78
2040	77
2041	71
2042	79
2043	69
2044	71
2045	65
2046	69
2047	71
2048	84
2049	74
2050	80
2051	71
2052	73
2053	62
2054	81
2055	72
2056	62
2057	73
2058	75
2059	56
2060	60
2061	72
2062	79
2063	74
2064	85
2065	75
2066	77
2067	82
2068	57
2069	75
2070	91
2071	66
2072	85
2073	74
2074	73
2075	59
2076	66
2077	61
2078	74
2079	68
2080	74
2081	77
2082	77
2083	85
2084	70
2085	89
2086	71
2087	80
2088	67
2089	82
2090	76
2091	64
2092	82
2093	77
2094	83
2095	72
2096	71
2097	66
2098	66
2099	63
2100	73
2101	72
2102	80
2103	59
2104	78
2105	85
2106	80
2107	81
2108	73
2109	61
2110	75
2111	76
2112	79
2113	64
2114	59
2115	77
2116	63
2117	84
2118	68
2119	71
2120	79
2121	78
2122	77
2123	66
2124	67
2125	58
2126	68
2127	65
2128	98
2129	73
2130	85
2131	70
2132	80
2133	60
2134	67
2135	74
2136	80
2137	69
2138	94
2139	75
2140	91
2141	68
2142	88
2143	64
2144	61
2145	61
2146	67
2147	82
2148	63
2149	67
2150	73
2151	81
2152	73
2153	61
2154	69
2155	74
2156	69
2157	65
2158	84
2159	76
2160	68
2161	63
2162	67
2163	70
2164	81
2165	60
2166	70
2167	74
2168	78
2169	77
2170	77
2171	60
2172	76
2173	71
2174	70
2175	67
2176	78
2177	68
2178	74
2179	86
2180	69
2181	76
2182	56
2183	65
2184	81
2185	88
2186	85
2187	77
2188	79
2189	67
2190	80
2191	87
2192	61
2193	82
2194	70
2195	68
2196	89
2197	80
2198	70
2199	76
2200	83
2201	68
2202	90
2203	79
2204	76
2205	63
2206	85
2207	75
2208	75
2209	76
2210	70
2211	67
2212	79
2213	56
2214	72
2215	64
2216	73
2217	71
2218	89
2219	56
2220	69
2221	75
2222	72
2223	69
2224	78
2225	72
2226	75
2227	78
2228	80
2229	64
2230	75
2231	65
2232	83
2233	72
2234	77
2235	69
2236	60
2237	70
2238	68
2239	63
2240	93
2241	79
2242	72
2243	63
2244	76
2245	69
2246	77
2247	66
2248	86
2249	74
2250	66
2251	80
2252	77
2253	79
2254	63
2255	81
2256	72
2257	72
2258	79
2259	72
2260	78
2261	91
2262	65
2263	56
2264	65
2265	78
2266	75
2267	72
2268	71
2269	75
2270	65
2271	71
2272	76
2273	86
2274	57
2275	78
2276	75
2277	75
2278	77
2279	67
2280	77
2281	82
2282	90
2283	71
2284	80
2285	59
2286	73
2287	66
2288	78
2289	74
2290	58
2291	57
2292	86
2293	67
2294	74
2295	64
2296	74
2297	69
2298	54
2299	82
2300	64
2301	75
2302	78
2303	72
2304	69
2305	80
2306	69
2307	71
2308	66
2309	75
2310	83
2311	65
2312	74
2313	65
2314	50
2315	71
2316	56
2317	68
2318	67
2319	74
2320	79
2321	69
2322	72
2323	84
2324	75
2325	73
2326	73
2327	92
2328	76
2329	70
2330	63
2331	75
2332	89
2333	64
2334	70
2335	68
2336	84
2337	76
2338	70
2339	66
2340	71
2341	84
2342	70
2343	66
2344	64
2345	84
2346	84
2347	70
2348	85
2349	58
2350	69
2351	84
2352	76
2353	77
2354	84
2355	63
2356	80
2357	67
2358	76
2359	63
2360	71
2361	75
2362	65
2363	70
2364	71
2365	68
2366	94
2367	88
2368	83
2369	59
2370	83
2371	60
2372	68
2373	62
2374	64
2375	74
2376	71
2377	63
2378	55
2379	76
2380	87
2381	75
2382	73
2383	92
2384	57
2385	71
2386	77
2387	90
2388	84
2389	66
2390	64
2391	73
2392	65
2393	60
2394	60
2395	78
2396	62
2397	84
2398	79
2399	81
2400	75
2401	73
2402	77
2403	73
2404	77
2405	77
2406	81
2407	74
2408	73
2409	69
2410	58
2411	78
2412	59
2413	68
2414	68
2415	55
2416	79
2417	81
2418	65
2419	65
2420	70
2421	66
2422	69
2423	76
2424	74
2425	73
2426	84
2427	67
2428	70
2429	55
2430	59
2431	83
2432	72
2433	82
2434	76
2435	68
2436	74
2437	73
2438	65
2439	74
2440	77
2441	72
2442	80
2443	80
2444	64
2445	75
2446	62
2447	86
2448	67
2449	81
2450	69
2451	83
2452	76
2453	73
2454	79
2455	78
2456	76
2457	82
2458	80
2459	79
2460	75
2461	76
2462	77
2463	62
2464	69
2465	64
2466	72
2467	86
2468	67
2469	77
2470	77
2471	74
2472	67
2473	73
2474	64
2475	59
2476	63
2477	77
2478	70
2479	61
2480	58
2481	67
2482	75
2483	69
2484	65
2485	67
2486	63
2487	93
2488	53
2489	78
2490	83
2491	73
2492	76
2493	70
2494	66
2495	70
2496	77
2497	84
2498	64
2499	62
2500	67
2501	77
2502	93
2503	87
2504	70
2505	71
2506	73
2507	67
2508	54
2509	85
2510	71
2511	95
2512	63
2513	79
2514	69
2515	77
2516	64
2517	64
2518	71
2519	67
2520	77
2521	69
2522	73
2523	80
2524	64
2525	58
2526	74
2527	76
2528	59
2529	70
2530	83
2531	68
2532	89
2533	63
2534	75
2535	81
2536	78
2537	70
2538	67
2539	82
2540	89
2541	87
2542	83
2543	79
2544	79
2545	65
2546	69
2547	78
2548	81
2549	91
2550	81
2551	108
2552	77
2553	63
2554	67
2555	67
2556	79
2557	70
2558	77
2559	78
2560	75
2561	87
2562	76
2563	75
2564	68
2565	85
2566	59
2567	86
2568	81
2569	69
2570	72
2571	72
2572	68
2573	72
2574	78
2575	82
2576	69
2577	63
2578	82
2579	74
2580	70
2581	70
2582	86
2583	67
2584	75
2585	76
2586	66
2587	69
2588	78
2589	80
2590	79
2591	66
2592	84
2593	78
2594	81
2595	64
2596	77
2597	70
2598	77
2599	79
2600	68
2601	75
2602	77
2603	81
2604	70
2605	78
2606	74
2607	63
2608	67
2609	58
2610	74
2611	72
2612	66
2613	87
2614	54
2615	83
2616	77
2617	82
2618	69
2619	83
2620	82
2621	64
2622	73
2623	78
2624	79
2625	81
2626	75
2627	93
2628	74
2629	75
2630	71
2631	78
2632	87
2633	89
2634	76
2635	75
2636	94
2637	78
2638	80
2639	76
2640	73
2641	77
2642	75
2643	74
2644	75
2645	80
2646	80
2647	72
2648	64
2649	80
2650	81
2651	67
2652	78
2653	87
2654	79
2655	70
2656	72
2657	74
2658	62
2659	74
2660	59
2661	91
2662	64
2663	84
2664	72
2665	85
2666	69
2667	76
2668	83
2669	87
2670	72
2671	71
2672	84
2673	75
2674	76
2675	63
2676	76
2677	67
2678	70
2679	65
2680	66
2681	68
2682	78
2683	69
2684	79
2685	88
2686	69
2687	77
2688	74
2689	95
2690	69
2691	78
2692	77
2693	88
2694	62
2695	63
2696	101
2697	74
2698	79
2699	70
2700	75
2701	71
2702	86
2703	68
2704	86
2705	66
2706	67
2707	83
2708	73
2709	81
2710	66
2711	79
2712	84
2713	77
2714	76
2715	67
2716	96
2717	82
2718	67
2719	82
2720	84
2721	70
2722	74
2723	68
2724	77
2725	81
2726	61
2727	59
2728	76
2729	80
2730	72
2731	76
2732	79
2733	77
2734	63
2735	59
2736	80
2737	81
2738	80
2739	81
2740	92
2741	95
2742	92
2743	90
2744	88
2745	86
2746	87
2747	96
2748	81
2749	88
2750	85
2751	77
2752	73
2753	84
2754	77
2755	88
2756	92
2757	81
2758	77
2759	75
2760	75
2761	83
2762	83
2763	85
2764	85
2765	78
2766	63
2767	95
2768	84
2769	77
2770	95
2771	77
2772	79
2773	73
2774	83
2775	81
2776	80
2777	59
2778	68
2779	88
2780	78
2781	73
2782	93
2783	70
2784	80
2785	69
2786	74
2787	85
2788	72
2789	86
2790	74
2791	82
2792	78
2793	69
2794	75
2795	85
2796	76
2797	81
2798	68
2799	90
2800	87
2801	84
2802	81
2803	68
2804	68
2805	57
2806	76
2807	75
2808	71
2809	74
2810	70
2811	87
2812	76
2813	70
2814	62
2815	63
2816	77
2817	89
2818	73
2819	74
2820	60
2821	89
2822	79
2823	89
2824	86
2825	71
2826	81
2827	74
2828	74
2829	83
2830	81
2831	75
2832	83
2833	96
2834	83
2835	84
2836	72
2837	76
2838	83
2839	73
2840	71
2841	78
2842	58
2843	81
2844	72
2845	90
2846	61
2847	78
2848	62
2849	77
2850	73
2851	79
2852	82
2853	80
2854	74
2855	73
2856	62
2857	59
2858	74
2859	76
2860	71
2861	76
2862	74
2863	65
2864	86
2865	90
2866	70
2867	64
2868	90
2869	76
2870	74
2871	80
2872	88
2873	87
2874	73
2875	60
2876	66
2877	82
2878	67
2879	76
2880	82
2881	67
2882	54
2883	72
2884	47
2885	78
2886	74
2887	77
2888	66
2889	72
2890	89
2891	61
2892	70
2893	88
2894	61
2895	61
2896	67
2897	92
2898	76
2899	78
2900	74
2901	57
2902	70
2903	73
2904	62
2905	64
2906	60
2907	66
2908	65
2909	75
2910	72
2911	48
2912	74
2913	64
2914	64
2915	64
2916	67
2917	64
2918	75
2919	57
2920	79
2921	69
2922	64
2923	83
2924	52
2925	63
2926	68
2927	56
2928	51
2929	72
2930	54
2931	56
2932	55
2933	44
2934	63
2935	62
2936	43
2937	64
2938	63
2939	67
2940	45
2941	67
2942	65
2943	47
2944	47
2945	63
2946	58
2947	60
2948	51
2949	62
2950	61
2951	52
2952	49
2953	55
2954	54
2955	70
2956	49
2957	57
2958	59
2959	54
2960	36
2961	59
2962	57
2963	47
2964	50
2965	54
2966	50
2967	53
2968	61
2969	54
2970	53
2971	47
2972	55
2973	35
2974	56
2975	50
2976	52
2977	66
2978	57
2979	54
2980	40
2981	50
2982	48
2983	65
2984	58
2985	70
2986	42
2987	53
2988	44
2989	56
2990	51
2991	43
2992	59
2993	44
2994	43
2995	47
2996	49
2997	61
2998	50
2999	47
3000	45
3001	36
3002	43
3003	51
3004	56
3005	47
3006	42
3007	55
3008	47
3009	50
3010	51
3011	49
3012	63
3013	53
3014	42
3015	58
3016	33
3017	48
3018	53
3019	34
3020	40
3021	35
3022	30
3023	37
3024	56
3025	39
3026	37
3027	48
3028	50
3029	45
3030	34
3031	53
3032	45
3033	38
3034	38
3035	40
3036	41
3037	41
3038	32
3039	33
3040	28
3041	45
3042	42
3043	36
3044	31
3045	36
3046	41
3047	41
3048	41
3049	41
3050	47
3051	43
3052	41
3053	38
3054	42
3055	35
3056	40
3057	27
3058	30
3059	31
3060	30
3061	40
3062	47
3063	36
3064	28
3065	48
3066	32
3067	38
3068	37
3069	38
3070	28
3071	38
3072	33
3073	34
3074	35
3075	41
3076	35
3077	32
3078	30
3079	31
3080	31
3081	36
3082	33
3083	26
3084	39
3085	29
3086	38
3087	41
3088	42
3089	24
3090	29
3091	35
3092	45
3093	36
3094	26
3095	34
3096	36
3097	28
3098	36
3099	34
3100	30
3101	36
3102	29
3103	39
3104	31
3105	36
3106	45
3107	27
3108	34
3109	31
3110	25
3111	33
3112	33
3113	30
3114	34
3115	25
3116	24
3117	28
3118	29
3119	26
3120	29
3121	29
3122	26
3123	29
3124	36
3125	36
3126	23
3127	24
3128	29
3129	30
3130	30
3131	30
3132	35
3133	27
3134	19
3135	34
3136	33
3137	24
3138	32
3139	19
3140	35
3141	20
3142	28
3143	33
3144	22
3145	28
3146	39
3147	31
3148	26
3149	42
3150	25
3151	33
3152	35
3153	33
3154	38
3155	26
3156	33
3157	38
3158	42
3159	25
3160	33
3161	25
3162	27
3163	26
3164	26
3165	26
3166	27
3167	27
3168	25
3169	35
3170	27
3171	22
3172	33
3173	22
3174	22
3175	28
3176	31
3177	26
3178	30
3179	16
3180	28
3181	26
3182	26
3183	28
3184	25
3185	26
3186	23
3187	27
3188	26
3189	30
3190	32
3191	22
3192	18
3193	23
3194	28
3195	23
3196	27
3197	22
3198	23
3199	23
3200	19
3201	27
3202	29
3203	33
3204	37
3205	20
3206	22
3207	17
3208	24
3209	27
3210	32
3211	25
3212	26
3213	27
3214	28
3215	23
3216	27
3217	30
3218	23
3219	19
3220	23
3221	17
3222	24
3223	38
3224	20
3225	21
3226	31
3227	16
3228	28
3229	18
3230	22
3231	17
3232	15
3233	28
3234	24
3235	18
3236	27
3237	25
3238	23
3239	29
3240	25
3241	24
3242	21
3243	27
3244	35
3245	37
3246	18
3247	29
3248	21
3249	17
3250	19
3251	24
3252	20
3253	22
3254	32
3255	23
3256	28
3257	17
3258	24
3259	22
3260	28
3261	17
3262	20
3263	31
3264	20
3265	28
3266	19
3267	18
3268	23
3269	26
3270	14
3271	20
3272	26
3273	28
3274	23
3275	23
3276	21
3277	23
3278	28
3279	24
3280	19
3281	21
3282	19
3283	28
3284	18
3285	28
3286	26
3287	18
3288	23
3289	30
3290	29
3291	23
3292	15
3293	21
3294	18
3295	22
3296	25
3297	20
3298	14
3299	25
3300	10
3301	21
3302	19
3303	22
3304	25
3305	28
3306	24
3307	16
3308	26
3309	19
3310	19
3311	27
3312	14
3313	19
3314	19
3315	15
3316	20
3317	18
3318	16
3319	21
3320	25
3321	27
3322	16
3323	20
3324	27
3325	32
3326	27
3327	20
3328	23
3329	24
3330	20
3331	21
3332	22
3333	10
3334	21
3335	18
3336	18
3337	20
3338	23
3339	27
3340	19
3341	20
3342	23
3343	19
3344	16
3345	12
3346	19
3347	16
3348	15
3349	24
3350	17
3351	24
3352	18
3353	19
3354	19
3355	16
3356	24
3357	15
3358	22
3359	21
3360	11
3361	22
3362	22
3363	15
3364	17
3365	17
3366	26
3367	27
3368	14
3369	17
3370	18
3371	18
3372	18
3373	18
3374	12
3375	15
3376	16
3377	20
3378	16
3379	32
3380	17
3381	20
3382	14
3383	16
3384	18
3385	17
3386	17
3387	21
3388	18
3389	22
3390	15
3391	26
3392	15
3393	12
3394	10
3395	11
3396	25
3397	14
3398	20
3399	10
3400	24
3401	20
3402	22
3403	19
3404	17
3405	15
3406	16
3407	19
3408	17
3409	8
3410	23
3411	21
3412	22
3413	24
3414	20
3415	21
3416	23
3417	17
3418	19
3419	17
3420	20
3421	20
3422	26
3423	20
3424	13
3425	21
3426	16
3427	14
3428	16
3429	26
3430	22
3431	18
3432	20
3433	24
3434	16
3435	22
3436	13
3437	19
3438	27
3439	13
3440	17
3441	17
3442	19
3443	14
3444	19
3445	20
3446	19
3447	19
3448	16
3449	14
3450	20
3451	11
3452	28
3453	18
3454	20
3455	16
3456	13
3457	14
3458	14
3459	22
3460	27
3461	13
3462	17
3463	23
3464	26
3465	14
3466	15
3467	15
3468	15
3469	37
3470	18
3471	17
3472	13
3473	11
3474	20
3475	19
3476	21
3477	20
3478	12
3479	17
3480	19
3481	20
3482	16
3483	17
3484	14
3485	16
3486	13
3487	13
3488	18
3489	21
3490	16
3491	19
3492	17
3493	25
3494	16
3495	11
3496	14
3497	14
3498	13
3499	27
3500	14
3501	15
3502	19
3503	14
3504	21
3505	15
3506	10
3507	13
3508	21
3509	16
3510	22
3511	17
3512	16
3513	17
3514	20
3515	13
3516	14
3517	14
3518	12
3519	18
3520	18
3521	26
3522	22
3523	14
3524	16
3525	17
3526	18
3527	26
3528	15
3529	21
3530	21
3531	19
3532	13
3533	24
3534	11
3535	24
3536	6
3537	23
3538	17
3539	17
3540	20
3541	24
3542	19
3543	12
3544	14
3545	22
3546	15
3547	13
3548	22
3549	20
3550	22
3551	19
3552	21
3553	18
3554	14
3555	13
3556	28
3557	21
3558	19
3559	25
3560	23
3561	14
3562	23
3563	11
3564	16
3565	15
3566	21
3567	11
3568	22
3569	10
3570	12
3571	21
3572	14
3573	19
3574	10
3575	26
3576	14
3577	23
3578	22
3579	15
3580	15
3581	19
3582	14
3583	13
3584	17
3585	16
3586	16
3587	14
3588	19
3589	12
3590	22
3591	8
3592	18
3593	18
3594	13
3595	18
3596	24
3597	19
3598	19
3599	24
3600	19
3601	20
3602	22
3603	23
3604	9
3605	22
3606	9
3607	18
3608	13
3609	10
3610	18
3611	19
3612	14
3613	16
3614	18
3615	11
3616	22
3617	21
3618	17
3619	13
3620	22
3621	12
3622	21
3623	22
3624	10
3625	15
3626	13
3627	14
3628	12
3629	11
3630	19
3631	17
3632	13
3633	22
3634	15
3635	16
3636	8
3637	14
3638	23
3639	14
3640	21
3641	14
3642	17
3643	12
3644	27
3645	19
3646	13
3647	19
3648	11
3649	14
3650	22
3651	14
3652	17
3653	20
3654	13
3655	15
3656	17
3657	21
3658	20
3659	16
3660	19
3661	21
3662	14
3663	24
3664	19
3665	16
3666	18
3667	23
3668	14
3669	21
3670	17
3671	15
3672	12
3673	9
3674	11
3675	16
3676	16
3677	13
3678	15
3679	14
3680	20
3681	19
3682	22
3683	20
3684	19
3685	18
3686	7
3687	13
3688	15
3689	17
3690	16
3691	21
3692	13
3693	22
3694	13
3695	22
3696	27
3697	17
3698	26
3699	15
3700	15
3701	14
3702	15
3703	25
3704	22
3705	14
3706	12
3707	10
3708	19
3709	22
3710	15
3711	18
3712	23
3713	14
3714	15
3715	14
3716	19
3717	23
3718	19
3719	15
3720	13
3721	15
3722	16
3723	16
3724	13
3725	22
3726	9
3727	26
3728	20
3729	22
3730	16
3731	22
3732	21
3733	21
3734	16
3735	21
3736	22
3737	17
3738	14
3739	20
3740	21
3741	25
3742	12
3743	20
3744	13
3745	19
3746	18
3747	11
3748	21
3749	21
3750	18
3751	22
3752	27
3753	15
3754	19
3755	15
3756	17
3757	21
3758	12
3759	19
3760	20
3761	17
3762	17
3763	19
3764	24
3765	22
3766	31
3767	25
3768	20
3769	30
3770	21
3771	22
3772	31
3773	22
3774	20
3775	29
3776	23
3777	28
3778	20
3779	18
3780	26
3781	20
3782	25
3783	22
3784	34
3785	24
3786	23
3787	20
3788	27
3789	23
3790	21
3791	24
3792	35
3793	23
3794	24
3795	40
3796	28
3797	23
3798	32
3799	29
3800	23
3801	30
3802	19
3803	32
3804	29
3805	22
3806	27
3807	27
3808	25
3809	33
3810	21
3811	35
3812	30
3813	36
3814	16
3815	33
3816	34
3817	31
3818	46
3819	30
3820	29
3821	32
3822	47
3823	30
3824	43
3825	37
3826	30
3827	32
3828	30
3829	34
3830	35
3831	34
3832	31
3833	32
3834	42
3835	40
3836	39
3837	36
3838	37
3839	31
3840	32
3841	37
3842	54
3843	36
3844	31
3845	49
3846	57
3847	39
3848	51
3849	37
3850	45
3851	54
3852	61
3853	38
3854	44
3855	53
3856	44
3857	48
3858	52
3859	33
3860	50
3861	53
3862	58
3863	49
3864	64
3865	51
3866	58
3867	69
3868	56
3869	55
3870	57
3871	63
3872	61
3873	72
3874	77
3875	55
3876	58
3877	64
3878	61
3879	64
3880	67
3881	63
3882	80
3883	73
3884	67
3885	69
3886	74
3887	66
3888	76
3889	83
3890	91
3891	75
3892	80
3893	78
3894	99
3895	99
3896	74
3897	74
3898	83
3899	86
3900	85
3901	79
3902	94
3903	80
3904	85
3905	88
3906	111
3907	87
3908	110
3909	119
3910	109
3911	115
3912	111
3913	120
3914	113
3915	123
3916	125
3917	103
3918	118
3919	124
3920	125
3921	113
3922	105
3923	116
3924	122
3925	157
3926	139
3927	146
3928	127
3929	123
3930	141
3931	158
3932	139
3933	135
3934	153
3935	149
3936	152
3937	158
3938	154
3939	162
3940	162
3941	141
3942	170
3943	160
3944	162
3945	155
3946	175
3947	159
3948	155
3949	171
3950	167
3951	195
3952	187
3953	201
3954	209
3955	195
3956	198
3957	189
3958	169
3959	204
3960	221
3961	207
3962	179
3963	202
3964	209
3965	210
3966	224
3967	222
3968	221
3969	254
3970	220
3971	228
3972	215
3973	279
3974	254
3975	253
3976	261
3977	272
3978	246
3979	273
3980	254
3981	296
3982	257
3983	243
3984	248
3985	273
3986	295
3987	295
3988	264
3989	286
3990	282
3991	296
3992	287
3993	322
3994	293
3995	322
3996	295
3997	310
3998	329
3999	312
4000	316
4001	345
4002	345
4003	311
4004	377
4005	362
4006	334
4007	328
4008	364
4009	394
4010	355
4011	377
4012	367
4013	370
4014	339
4015	341
4016	384
4017	369
4018	371
4019	383
4020	384
4021	383
4022	405
4023	429
4024	443
4025	431
4026	428
4027	395
4028	416
4029	424
4030	426
4031	417
4032	448
4033	459
4034	427
4035	452
4036	435
4037	459
4038	453
4039	431
4040	441
4041	472
4042	432
4043	496
4044	493
4045	505
4046	476
4047	466
4048	496
4049	509
4050	505
4051	513
4052	531
4053	493
4054	526
4055	495
4056	523
4057	521
4058	501
4059	493
4060	521
4061	539
4062	556
4063	538
4064	516
4065	550
4066	549
4067	552
4068	520
4069	556
4070	566
4071	576
4072	597
4073	622
4074	576
4075	552
4076	584
4077	654
4078	614
4079	600
4080	555
4081	607
4082	627
4083	590
4084	610
4085	637
4086	638
4087	611
4088	627
4089	606
4090	629
4091	631
4092	620
4093	651
4094	653
4095	618
4096	615
4097	654
4098	592
4099	692
4100	739
4101	672
4102	603
4103	637
4104	674
4105	665
4106	646
4107	682
4108	701
4109	691
4110	710
4111	702
4112	716
4113	644
4114	733
4115	715
4116	661
4117	725
4118	726
4119	741
4120	704
4121	704
4122	694
4123	734
4124	732
4125	684
4126	716
4127	733
4128	685
4129	741
4130	701
4131	751
4132	705
4133	725
4134	763
4135	707
4136	794
4137	713
4138	702
4139	738
4140	755
4141	737
4142	751
4143	702
4144	748
4145	735
4146	775
4147	757
4148	728
4149	737
4150	778
4151	702
4152	762
4153	695
4154	731
4155	749
4156	724
4157	732
4158	741
4159	789
4160	794
4161	743
4162	707
4163	727
4164	751
4165	802
4166	744
4167	743
4168	739
4169	751
4170	721
4171	785
4172	714
4173	791
4174	775
4175	768
4176	745
4177	778
4178	785
4179	749
4180	758
4181	737
4182	712
4183	705
4184	744
4185	786
4186	769
4187	759
4188	701
4189	739
4190	758
4191	746
4192	770
4193	751
4194	734
4195	757
4196	768
4197	717
4198	746
4199	731
4200	668
4201	688
4202	710
4203	705
4204	679
4205	709
4206	677
4207	693
4208	736
4209	683
4210	683
4211	690
4212	693
4213	748
4214	705
4215	658
4216	702
4217	700
4218	693
4219	641
4220	661
4221	699
4222	679
4223	658
4224	659
4225	634
4226	666
4227	629
4228	619
4229	619
4230	685
4231	642
4232	621
4233	586
4234	599
4235	623
4236	617
4237	637
4238	638
4239	615
4240	626
4241	582
4242	592
4243	603
4244	615
4245	618
4246	592
4247	554
4248	609
4249	590
4250	543
4251	592
4252	591
4253	561
4254	535
4255	559
4256	532
4257	539
4258	584
4259	549
4260	562
4261	527
4262	497
4263	499
4264	566
4265	491
4266	531
4267	507
4268	547
4269	500
4270	517
4271	481
4272	463
4273	499
4274	469
4275	524
4276	445
4277	460
4278	432
4279	473
4280	469
4281	477
4282	474
4283	447
4284	444
4285	444
4286	405
4287	429
4288	425
4289	444
4290	437
4291	415
4292	407
4293	413
4294	397
4295	435
4296	423
4297	425
4298	382
4299	397
4300	407
4301	375
4302	391
4303	386
4304	344
4305	355
4306	353
4307	359
4308	354
4309	348
4310	345
4311	357
4312	318
4313	345
4314	333
4315	321
4316	354
4317	331
4318	324
4319	312
4320	305
4321	321
4322	291
4323	285
4324	279
4325	266
4326	298
4327	284
4328	283
4329	263
4330	264
4331	295
4332	260
4333	265
4334	229
4335	286
4336	249
4337	281
4338	209
4339	226
4340	226
4341	250
4342	240
4343	233
4344	227
4345	200
4346	222
4347	190
4348	213
4349	206
4350	194
4351	209
4352	199
4353	186
4354	215
4355	216
4356	187
4357	192
4358	185
4359	203
4360	194
4361	196
4362	201
4363	192
4364	171
4365	185
4366	178
4367	165
4368	176
4369	165
4370	142
4371	159
4372	168
4373	157
4374	164
4375	157
4376	131
4377	167
4378	126
4379	128
4380	144
4381	112
4382	130
4383	132
4384	131
4385	140
4386	119
4387	117
4388	117
4389	92
4390	136
4391	105
4392	101
4393	98
4394	103
4395	112
4396	129
4397	109
4398	99
4399	106
4400	83
4401	86
4402	116
4403	91
4404	80
4405	83
4406	79
4407	92
4408	94
4409	76
4410	88
4411	90
4412	91
4413	99
4414	80
4415	71
4416	66
4417	76
4418	94
4419	70
4420	79
4421	71
4422	65
4423	64
4424	54
4425	64
4426	76
4427	67
4428	62
4429	60
4430	49
4431	53
4432	59
4433	61
4434	49
4435	50
4436	57
4437	52
4438	41
4439	44
4440	57
4441	53
4442	43
4443	43
4444	50
4445	33
4446	53
4447	39
4448	45
4449	35
4450	34
4451	41
4452	36
4453	43
4454	35
4455	40
4456	35
4457	20
4458	32
4459	34
4460	29
4461	23
4462	33
4463	22
4464	26
4465	33
4466	29
4467	24
4468	28
4469	32
4470	20
4471	27
4472	23
4473	20
4474	24
4475	15
4476	22
4477	32
4478	25
4479	28
4480	13
4481	21
4482	16
4483	12
4484	28
4485	17
4486	12
4487	16
4488	20
4489	19
4490	15
4491	14
4492	11
4493	16
4494	17
4495	17
4496	15
4497	9
4498	9
4499	17
4500	4
4501	14
4502	13
4503	12
4504	16
4505	9
4506	10
4507	7
4508	9
4509	13
4510	12
4511	9
4512	9
4513	19
4514	11
4515	8
4516	10
4517	8
4518	7
4519	9
4520	5
4521	9
4522	6
4523	9
4524	6
4525	10
4526	10
4527	6
4528	8
4529	7
4530	5
4531	2
4532	9
4533	10
4534	4
4535	6
4536	7
4537	4
4538	8
4539	6
4540	4
4541	6
4542	10
4543	6
4544	11
4545	3
4546	7
4547	5
4548	5
4549	3
4550	2
4551	5
4552	3
4553	0
4554	8
4555	4
4556	5
4557	4
4558	6
4559	4
4560	9
4561	5
4562	2
4563	4
4564	3
4565	4
4566	2
4567	3
4568	6
4569	3
4570	5
4571	0
4572	2
4573	6
4574	2
4575	2
4576	2
4577	1
4578	5
4579	1
4580	2
4581	2
4582	5
4583	4
4584	3
4585	2
4586	3
4587	4
4588	1
4589	4
4590	4
4591	4
4592	5
4593	2
4594	3
4595	2
4596	0
4597	5
4598	2
4599	5
4600	2
4601	2
4602	1
4603	1
4604	3
4605	2
4606	5
4607	2
4608	5
4609	2
4610	2
4611	2
4612	2
4613	1
4614	2
4615	2
4616	1
4617	2
4618	2
4619	1
4620	2
4621	0
4622	0
4623	2
4624	3
4625	2
4626	4
4627	0
4628	0
4629	0
4630	4
4631	5
4632	0
4633	5
4634	2
4635	4
4636	1
4637	0
4638	1
4639	2
4640	1
4641	1
4642	2
4643	2
4644	2
4645	0
4646	2
4647	2
4648	3
4649	3
4650	0
4651	1
4652	2
4653	3
4654	1
4655	0
4656	4
4657	3
4658	2
4659	4
4660	3
4661	1
4662	1
4663	1
4664	0
4665	4
4666	2
4667	1
4668	4
4669	4
4670	1
4671	3
4672	1
4673	1
4674	0
4675	1
4676	0
4677	2
4678	0
4679	0
4680	3
4681	1
4682	1
4683	0
4684	0
4685	0
4686	2
4687	2
4688	1
4689	1
4690	3
4691	1
4692	2
4693	0
4694	3
4695	3
4696	1
4697	2
4698	2
4699	3
4700	3
4701	1
4702	1
4703	1
4704	1
4705	2
4706	1
4707	3
4708	2
4709	1
4710	3
4711	2
4712	2
4713	1
4714	2
4715	2
4716	0
4717	1
4718	3
4719	0
4720	1
4721	1
4722	0
4723	0
4724	1
4725	2
4726	1
4727	3
4728	1
4729	1
4730	1
4731	2
4732	0
4733	3
4734	0
4735	1
4736	5
4737	1
4738	3
4739	3
4740	0
4741	1
4742	3
4743	3
4744	2
4745	2
4746	3
4747	0
4748	3
4749	3
4750	0
4751	3
4752	1
4753	1
4754	3
4755	2
4756	2
4757	3
4758	3
4759	3
4760	3
4761	2
4762	3
4763	3
4764	1
4765	1
4766	1
4767	1
4768	1
4769	0
4770	0
4771	0
4772	0
4773	3
4774	1
4775	4
4776	2
4777	0
4778	2
4779	0
4780	2
4781	1
4782	1
4783	1
4784	0
4785	0
4786	3
4787	1
4788	1
4789	1
4790	2
4791	5
4792	2
4793	0
4794	0
4795	1
4796	2
4797	0
4798	1
4799	1
4800	2
4801	3
4802	2
4803	2
4804	3
4805	1
4806	1
4807	1
4808	3
4809	2
4810	1
4811	1
4812	3
4813	1
4814	1
4815	1
4816	2
4817	1
4818	1
4819	1
4820	1
4821	3
4822	1
4823	1
4824	2
4825	2
4826	1
4827	1
4828	2
4829	2
4830	0
4831	2
4832	0
4833	2
4834	1
4835	3
4836	3
4837	0
4838	4
4839	0
4840	4
4841	3
4842	0
4843	0
4844	0
4845	1
4846	0
4847	3
4848	4
4849	1
4850	2
4851	1
4852	0
4853	3
4854	5
4855	0
4856	3
4857	2
4858	0
4859	2
4860	0
4861	0
4862	0
4863	2
4864	4
4865	0
4866	1
4867	2
4868	3
4869	2
4870	0
4871	1
4872	0
4873	0
4874	3
4875	0
4876	1
4877	1
4878	2
4879	2
4880	3
4881	1
4882	1
4883	1
4884	1
4885	2
4886	2
4887	1
4888	0
4889	3
4890	2
4891	0
4892	1
4893	1
4894	0
4895	1
4896	1
4897	0
4898	1
4899	1
4900	1
4901	0
4902	1
4903	0
4904	3
4905	3
4906	3
4907	3
4908	0
4909	0
4910	1
4911	1
4912	2
4913	1
4914	5
4915	4
4916	2
4917	0
4918	3
4919	2
4920	1
4921	1
4922	2
4923	0
4924	2
4925	3
4926	1
4927	0
4928	1
4929	1
4930	2
4931	2
4932	1
4933	2
4934	1
4935	1
4936	0
4937	1
4938	0
4939	1
4940	5
4941	1
4942	1
4943	1
4944	1
4945	3
4946	2
4947	3
4948	1
4949	2
4950	1
4951	0
4952	0
4953	1
4954	0
4955	1
4956	2
4957	1
4958	4
4959	1
4960	1
4961	4
4962	0
4963	5
4964	0
4965	0
4966	2
4967	3
4968	0
4969	2
4970	1
4971	3
4972	3
4973	2
4974	2
4975	2
4976	2
4977	4
4978	1
4979	2
4980	1
4981	2
4982	1
4983	4
4984	0
4985	3
4986	1
4987	0
4988	1
4989	2
4990	4
4991	0
4992	2
4993	2
4994	0
4995	0
4996	0
4997	3
4998	4
4999	2
5000	3
5001	0
5002	1
5003	1
5004	0
5005	3
5006	4
5007	3
5008	3
5009	0
5010	2
5011	4
5012	1
5013	1
5014	0
5015	4
5016	0
5017	1
5018	1
5019	4
5020	0
5021	2
5022	0
5023	0
5024	0
5025	0
5026	4
5027	0
5028	1
5029	3
5030	3
5031	0
5032	1
5033	1
5034	0
5035	3
5036	2
5037	2
5038	2
5039	0
5040	1
5041	1
5042	3
5043	0
5044	1
5045	1
5046	3
5047	0
5048	2
5049	2
5050	1
5051	3
5052	2
5053	1
5054	0
5055	0
5056	0
5057	1
5058	1
5059	1
5060	2
5061	0
5062	2
5063	3
5064	3
5065	1
5066	2
5067	3
5068	0
5069	1
5070	3
5071	1
5072	1
5073	0
5074	0
5075	1
5076	1
5077	1
5078	0
5079	1
5080	2
5081	1
5082	1
5083	0
5084	0
5085	1
5086	2
5087	0
5088	1
5089	0
5090	2
5091	1
5092	0
5093	3
5094	2
5095	3
5096	4
5097	2
5098	1
5099	1
5100	1
5101	1
5102	2
5103	2
5104	0
5105	2
5106	3
5107	1
5108	1
5109	1
5110	2
5111	0
5112	1
5113	2
5114	2
5115	2
5116	2
5117	0
5118	2
5119	2
5120	1
5121	1
5122	0
5123	3
5124	2
5125	1
5126	3
5127	3
5128	1
5129	2
5130	0
5131	2
5132	2
5133	2
5134	0
5135	2
5136	0
5137	4
5138	2
5139	2
5140	3
5141	2
5142	3
5143	0
5144	1
5145	2
5146	0
5147	2
5148	2
5149	1
5150	1
5151	1
5152	1
5153	1
5154	1
5155	1
5156	0
5157	2
5158	5
5159	4
5160	0
5161	1
5162	0
5163	2
5164	3
5165	0
5166	0
5167	0
5168	0
5169	0
5170	2
5171	0
5172	2
5173	0
5174	1
5175	3
5176	1
5177	3
5178	2
5179	1
5180	1
5181	2
5182	2
5183	2
5184	2
5185	2
5186	0
5187	1
5188	2
5189	1
5190	3
5191	1
5192	0
5193	2
5194	0
5195	1
5196	2
5197	2
5198	1
5199	0
5200	2
5201	1
5202	0
5203	0
5204	0
5205	0
5206	2
5207	1
5208	1
5209	1
5210	1
5211	0
5212	3
5213	1
5214	1
5215	1
5216	1
5217	2
5218	0
5219	2
5220	0
5221	2
5222	1
5223	1
5224	0
5225	5
5226	3
5227	2
5228	1
5229	3
5230	0
5231	1
5232	2
5233	3
5234	1
5235	1
5236	0
5237	1
5238	0
5239	2
5240	1
5241	2
5242	1
5243	4
5244	1
5245	0
5246	1
5247	1
5248	1
5249	4
5250	0
5251	0
5252	1
5253	3
5254	0
5255	3
5256	2
5257	1
5258	5
5259	3
5260	2
5261	1
5262	0
5263	1
5264	2
5265	1
5266	5
5267	2
5268	1
5269	1
5270	0
5271	0
5272	1
5273	1
5274	2
5275	3
5276	3
5277	1
5278	1
5279	3
5280	0
5281	1
5282	0
5283	1
5284	2
5285	3
5286	2
5287	2
5288	1
5289	1
5290	3
5291	1
5292	1
5293	1
5294	0
5295	1
5296	3
5297	1
5298	0
5299	2
5300	2
5301	0
5302	2
5303	1
5304	3
5305	0
5306	1
5307	1
5308	1
5309	2
5310	0
5311	3
5312	3
5313	0
5314	1
5315	1
5316	1
5317	0
5318	0
5319	1
5320	1
5321	1
5322	0
5323	1
5324	3
5325	3
5326	3
5327	0
5328	1
5329	1
5330	1
5331	0
5332	2
5333	1
5334	0
5335	1
5336	1
5337	3
5338	0
5339	2
5340	3
5341	1
5342	2
5343	0
5344	0
5345	5
5346	0
5347	2
5348	1
5349	0
5350	1
5351	5
5352	0
5353	1
5354	3
5355	1
5356	1
5357	1
5358	1
5359	3
5360	2
5361	2
5362	3
5363	0
5364	1
5365	1
5366	2
5367	1
5368	2
5369	2
5370	1
5371	4
5372	1
5373	1
5374	2
5375	2
5376	0
5377	1
5378	1
5379	1
5380	0
5381	1
5382	2
5383	4
5384	1
5385	1
5386	0
5387	4
5388	2
5389	0
5390	3
5391	1
5392	3
5393	1
5394	4
5395	0
5396	1
5397	0
5398	0
5399	1
5400	2
5401	2
5402	2
5403	0
5404	1
5405	1
5406	1
5407	1
5408	2
5409	1
5410	1
5411	1
5412	3
5413	1
5414	1
5415	0
5416	4
5417	6
5418	1
5419	0
5420	2
5421	5
5422	2
5423	2
5424	0
5425	2
5426	2
5427	4
5428	0
5429	3
5430	1
5431	2
5432	1
5433	2
5434	3
5435	2
5436	1
5437	0
5438	0
5439	1
5440	1
5441	1
5442	2
5443	1
5444	1
5445	1
5446	2
5447	3
5448	5
5449	3
5450	2
5451	2
5452	0
5453	0
5454	3
5455	1
5456	2
5457	1
5458	0
5459	1
5460	2
5461	1
5462	0
5463	4
5464	3
5465	2
5466	1
5467	0
5468	2
5469	0
5470	1
5471	2
5472	1
5473	2
5474	0
5475	1
5476	2
5477	2
5478	2
5479	0
5480	2
5481	2
5482	2
5483	1
5484	2
5485	2
5486	2
5487	0
5488	1
5489	1
5490	3
5491	1
5492	3
5493	2
5494	1
5495	0
5496	0
5497	0
5498	2
5499	3
5500	5
5501	0
5502	1
5503	1
5504	1
5505	2
5506	0
5507	1
5508	1
5509	1
5510	1
5511	2
5512	0
5513	0
5514	1
5515	3
5516	3
5517	1
5518	1
5519	2
5520	0
5521	5
5522	0
5523	1
5524	2
5525	2
5526	2
5527	0
5528	4
5529	1
5530	2
5531	4
5532	5
5533	2
5534	1
5535	5
5536	1
5537	1
5538	3
5539	2
5540	1
5541	2
5542	2
5543	1
5544	0
5545	0
5546	0
5547	1
5548	1
5549	0
5550	1
5551	2
5552	3
5553	2
5554	0
5555	0
5556	2
5557	2
5558	2
5559	4
5560	0
5561	1
5562	3
5563	3
5564	2
5565	0
5566	1
5567	2
5568	2
5569	3
5570	0
5571	0
5572	1
5573	2
5574	7
5575	1
5576	0
5577	0
5578	0
5579	1
5580	1
5581	2
5582	2
5583	0
5584	0
5585	1
5586	1
5587	0
5588	1
5589	1
5590	2
5591	1
5592	2
5593	2
5594	2
5595	1
5596	1
5597	4
5598	1
5599	2
5600	1
5601	3
5602	0
5603	0
5604	1
5605	2
5606	0
5607	1
5608	2
5609	3
5610	1
5611	1
5612	0
5613	4
5614	1
5615	4
5616	1
5617	4
5618	1
5619	1
5620	1
5621	0
5622	2
5623	1
5624	0
5625	0
5626	3
5627	0
5628	1
5629	1
5630	2
5631	1
5632	1
5633	1
5634	1
5635	2
5636	1
5637	0
5638	0
5639	2
5640	2
5641	1
5642	1
5643	1
5644	1
5645	2
5646	1
5647	2
5648	1
5649	2
5650	0
5651	2
5652	3
5653	0
5654	0
5655	0
5656	2
5657	3
5658	0
5659	0
5660	2
5661	0
5662	1
5663	1
5664	2
5665	1
5666	3
5667	1
5668	0
5669	1
5670	0
5671	4
5672	1
5673	0
5674	3
5675	0
5676	3
5677	1
5678	0
5679	1
5680	1
5681	1
5682	1
5683	1
5684	1
5685	3
5686	0
5687	1
5688	1
5689	5
5690	2
5691	1
5692	3
5693	3
5694	0
5695	3
5696	3
5697	1
5698	4
5699	2
5700	1
5701	3
5702	1
5703	0
5704	1
5705	3
5706	2
5707	0
5708	0
5709	0
5710	1
5711	2
5712	1
5713	2
5714	2
5715	1
5716	1
5717	1
5718	1
5719	0
5720	2
5721	0
5722	1
5723	1
5724	0
5725	2
5726	2
5727	4
5728	0
5729	1
5730	1
5731	0
5732	1
5733	1
5734	2
5735	2
5736	1
5737	0
5738	0
5739	3
5740	1
5741	2
5742	0
5743	1
5744	4
5745	0
5746	1
5747	1
5748	1
5749	3
5750	1
5751	1
5752	2
5753	1
5754	2
5755	2
5756	1
5757	2
5758	2
5759	0
5760	2
5761	0
5762	0
5763	1
5764	1
5765	1
5766	0
5767	0
5768	2
5769	1
5770	2
5771	1
5772	2
5773	2
5774	1
5775	1
5776	2
5777	2
5778	1
5779	3
5780	1
5781	3
5782	2
5783	1
5784	0
5785	5
5786	1
5787	1
5788	0
5789	2
5790	2
5791	2
5792	4
5793	3
5794	2
5795	1
5796	1
5797	1
5798	2
5799	0
5800	1
5801	2
5802	0
5803	3
5804	0
5805	0
5806	0
5807	1
5808	1
5809	2
5810	2
5811	3
5812	2
5813	1
5814	1
5815	3
5816	4
5817	1
5818	4
5819	1
5820	2
5821	0
5822	2
5823	3
5824	1
5825	0
5826	0
5827	1
5828	1
5829	1
5830	2
5831	0
5832	1
5833	1
5834	1
5835	1
5836	2
5837	2
5838	1
5839	0
5840	0
5841	3
5842	2
5843	0
5844	1
5845	3
5846	1
5847	3
5848	3
5849	2
5850	0
5851	3
5852	1
5853	1
5854	0
5855	1
5856	1
5857	2
5858	0
5859	1
5860	3
5861	1
5862	1
5863	0
5864	0
5865	1
5866	2
5867	1
5868	0
5869	0
5870	1
5871	1
5872	2
5873	0
5874	0
5875	1
5876	0
5877	0
5878	0
5879	1
5880	2
5881	1
5882	0
5883	1
5884	2
5885	1
5886	1
5887	3
5888	0
5889	2
5890	0
5891	0
5892	3
5893	3
5894	1
5895	2
5896	1
5897	1
5898	2
5899	1
5900	0
5901	2
5902	3
5903	1
5904	1
5905	0
5906	0
5907	5
5908	4
5909	1
5910	2
5911	2
5912	1
5913	0
5914	2
5915	3
5916	2
5917	2
5918	1
5919	1
5920	1
5921	3
5922	3
5923	0
5924	2
5925	3
5926	0
5927	0
5928	1
5929	1
5930	1
5931	0
5932	1
5933	2
5934	0
5935	3
5936	2
5937	1
5938	0
5939	1
5940	3
5941	0
5942	0
5943	3
5944	2
5945	1
5946	3
5947	0
5948	0
5949	0
5950	4
5951	3
5952	0
5953	0
5954	2
5955	1
5956	0
5957	0
5958	2
5959	1
5960	4
5961	3
5962	2
5963	0
5964	1
5965	0
5966	2
5967	2
5968	1
5969	3
5970	1
5971	2
5972	3
5973	2
5974	3
5975	1
5976	6
5977	2
5978	2
5979	1
5980	0
5981	4
5982	1
5983	1
5984	0
5985	0
5986	1
5987	0
5988	0
5989	0
5990	1
5991	3
5992	1
5993	1
5994	0
5995	1
5996	2
5997	0
5998	1
5999	2
6000	0
6001	3
6002	1
6003	1
6004	2
6005	0
6006	0
6007	4
6008	1
6009	1
6010	0
6011	0
6012	1
6013	0
6014	1
6015	1
6016	0
6017	3
6018	0
6019	1
6020	1
6021	0
6022	1
6023	3
6024	0
6025	1
6026	0
6027	2
6028	0
6029	2
6030	0
6031	2
6032	0
6033	1
6034	2
6035	3
6036	2
6037	1
6038	3
6039	0
6040	0
6041	1
6042	3
6043	2
6044	1
6045	2
6046	0
6047	2
6048	2
6049	1
6050	1
6051	0
6052	0
6053	2
6054	1
6055	1
6056	1
6057	0
6058	3
6059	1
6060	2
6061	1
6062	1
6063	4
6064	2
6065	1
6066	1
6067	2
6068	1
6069	0
6070	1
6071	1
6072	2
6073	0
6074	1
6075	2
6076	0
6077	2
6078	3
6079	0
6080	1
6081	1
6082	0
6083	2
6084	0
6085	0
6086	0
6087	3
6088	1
6089	1
6090	0
6091	0
6092	0
6093	1
6094	1
6095	2
6096	0
6097	1
6098	0
6099	2
6100	1
6101	3
6102	0
6103	0
6104	1
6105	0
6106	1
6107	2
6108	1
6109	0
6110	2
6111	3
6112	1
6113	0
6114	0
6115	2
6116	1
6117	4
6118	2
6119	1
6120	0
6121	2
6122	0
6123	1
6124	3
6125	0
6126	0
6127	2
6128	1
6129	1
6130	2
6131	3
6132	4
6133	2
6134	1
6135	0
6136	4
6137	0
6138	1
6139	1
6140	0
6141	2
6142	1
6143	1
6144	1
6145	1
6146	1
6147	1
6148	1
6149	1
6150	2
6151	2
6152	4
6153	1
6154	1
6155	0
6156	2
6157	1
6158	1
6159	2
6160	1
6161	1
6162	1
6163	1
6164	0
6165	1
6166	0
6167	1
6168	1
6169	1
6170	0
6171	2
6172	3
6173	4
6174	0
6175	1
6176	0
6177	3
6178	2
6179	0
6180	1
6181	2
6182	1
6183	2
6184	1
6185	1
6186	1
6187	1
6188	0
6189	2
6190	0
6191	1
6192	3
6193	2
6194	3
6195	1
6196	0
6197	1
6198	1
6199	0
6200	1
6201	1
6202	1
6203	2
6204	2
6205	0
6206	0
6207	0
6208	1
6209	1
6210	0
6211	1
6212	0
6213	1
6214	2
6215	0
6216	3
6217	1
6218	0
6219	1
6220	0
6221	2
6222	4
6223	1
6224	0
6225	3
6226	2
6227	1
6228	1
6229	1
6230	0
6231	2
6232	0
6233	0
6234	0
6235	2
6236	0
6237	0
6238	2
6239	2
6240	1
6241	2
6242	5
6243	0
6244	0
6245	2
6246	3
6247	1
6248	1
6249	1
6250	2
6251	2
6252	0
6253	3
6254	0
6255	0
6256	1
6257	1
6258	4
6259	1
6260	2
6261	0
6262	1
6263	2
6264	1
6265	1
6266	0
6267	1
6268	1
6269	1
6270	1
6271	0
6272	1
6273	0
6274	2
6275	1
6276	2
6277	1
6278	0
6279	4
6280	1
6281	2
6282	0
6283	0
6284	2
6285	1
6286	0
6287	2
6288	1
6289	0
6290	3
6291	1
6292	1
6293	2
6294	1
6295	1
6296	4
6297	2
6298	2
6299	1
6300	2
6301	0
6302	0
6303	1
6304	1
6305	2
6306	1
6307	0
6308	1
6309	2
6310	0
6311	1
6312	1
6313	0
6314	1
6315	0
6316	0
6317	6
6318	1
6319	2
6320	1
6321	2
6322	0
6323	0
6324	0
6325	1
6326	1
6327	1
6328	2
6329	0
6330	1
6331	0
6332	0
6333	0
6334	0
6335	0
6336	0
6337	2
6338	0
6339	0
6340	0
6341	0
6342	2
6343	0
6344	1
6345	0
6346	0
6347	2
6348	1
6349	1
6350	2
6351	1
6352	0
6353	2
6354	2
6355	0
6356	2
6357	1
6358	1
6359	3
6360	0
6361	3
6362	2
6363	0
6364	2
6365	1
6366	1
6367	2
6368	1
6369	1
6370	1
6371	2
6372	1
6373	0
6374	1
6375	0
6376	3
6377	1
6378	0
6379	0
6380	0
6381	3
6382	1
6383	1
6384	0
6385	1
6386	1
6387	3
6388	0
6389	2
6390	0
6391	1
6392	0
6393	0
6394	1
6395	2
6396	1
6397	1
6398	2
6399	0
6400	1
6401	1
6402	0
6403	0
6404	1
6405	0
6406	2
6407	1
6408	2
6409	0
6410	2
6411	1
6412	0
6413	0
6414	1
6415	2
6416	0
6417	0
6418	0
6419	0
6420	1
6421	3
6422	0
6423	1
6424	0
6425	0
6426	1
6427	1
6428	0
6429	1
6430	1
6431	2
6432	1
6433	1
6434	0
6435	1
6436	1
6437	1
6438	1
6439	0
6440	1
6441	0
6442	0
6443	1
6444	2
6445	2
6446	1
6447	1
6448	1
6449	0
6450	2
6451	0
6452	0
6453	0
6454	0
6455	1
6456	0
6457	1
6458	1
6459	1
6460	0
6461	1
6462	1
6463	1
6464	1
6465	0
6466	1
6467	0
6468	2
6469	4
6470	2
6471	0
6472	1
6473	4
6474	2
6475	1
6476	1
6477	1
6478	2
6479	1
6480	0
6481	4
6482	1
6483	2
6484	2
6485	1
6486	1
6487	0
6488	1
6489	1
6490	0
6491	1
6492	2
6493	1
6494	1
6495	0
6496	1
6497	0
6498	2
6499	2
6500	1
6501	0
6502	0
6503	2
6504	1
6505	0
6506	2
6507	2
6508	3
6509	0
6510	0
6511	0
6512	0
6513	2
6514	1
6515	2
6516	0
6517	1
6518	1
6519	0
6520	1
6521	1
6522	0
6523	1
6524	0
6525	0
6526	0
6527	2
6528	1
6529	1
6530	1
6531	1
6532	0
6533	0
6534	1
6535	0
6536	0
6537	0
6538	2
6539	0
6540	0
6541	0
6542	0
6543	1
6544	0
6545	0
6546	4
6547	1
6548	1
6549	0
6550	1
6551	1
6552	2
6553	0
6554	0
6555	0
6556	0
6557	1
6558	0
6559	0
6560	3
6561	0
6562	0
6563	0
6564	1
6565	1
6566	0
6567	1
6568	0
6569	0
6570	0
6571	0
6572	2
6573	3
6574	0
6575	1
6576	0
6577	0
6578	1
6579	0
6580	0
6581	0
6582	0
6583	3
6584	0
6585	0
6586	0
6587	0
6588	0
6589	1
6590	2
6591	2
6592	1
6593	1
6594	0
6595	2
6596	1
6597	0
6598	0
6599	4
6600	0
6601	1
6602	0
6603	1
6604	0
6605	0
6606	1
6607	1
6608	1
6609	5
6610	1
6611	0
6612	0
6613	1
6614	3
6615	0
6616	0
6617	1
6618	1
6619	0
6620	1
6621	1
6622	1
6623	0
6624	2
6625	1
6626	2
6627	0
6628	1
6629	3
6630	2
6631	0
6632	0
6633	1
6634	0
6635	3
6636	3
6637	2
6638	1
6639	0
6640	0
6641	2
6642	0
6643	0
6644	1
6645	1
6646	0
6647	3
6648	1
6649	0
6650	0
6651	4
6652	1
6653	1
6654	2
6655	2
6656	2
6657	2
6658	2
6659	2
6660	2
6661	2
6662	1
6663	1
6664	1
6665	0
6666	2
6667	0
6668	1
6669	1
6670	1
6671	2
6672	1
6673	1
6674	1
6675	0
6676	0
6677	2
6678	2
6679	0
6680	0
6681	0
6682	1
6683	2
6684	0
6685	1
6686	2
6687	0
6688	0
6689	0
6690	2
6691	1
6692	1
6693	2
6694	1
6695	0
6696	1
6697	1
6698	0
6699	2
6700	0
6701	0
6702	3
6703	0
6704	1
6705	4
6706	1
6707	2
6708	0
6709	0
6710	0
6711	2
6712	3
6713	3
6714	2
6715	1
6716	2
6717	1
6718	0
6719	0
6720	1
6721	1
6722	0
6723	0
6724	0
6725	0
6726	2
6727	0
6728	2
6729	1
6730	2
6731	1
6732	0
6733	1
6734	0
6735	0
6736	2
6737	1
6738	3
6739	0
6740	0
6741	0
6742	0
6743	1
6744	1
6745	2
6746	0
6747	1
6748	0
6749	1
6750	0
6751	0
6752	1
6753	1
6754	0
6755	0
6756	0
6757	1
6758	0
6759	1
6760	1
6761	0
6762	1
6763	0
6764	0
6765	0
6766	1
6767	1
6768	2
6769	0
6770	1
6771	1
6772	0
6773	1
6774	4
6775	0
6776	0
6777	0
6778	0
6779	0
6780	2
6781	2
6782	3
6783	2
6784	0
6785	1
6786	0
6787	0
6788	0
6789	0
6790	1
6791	1
6792	1
6793	0
6794	1
6795	0
6796	1
6797	0
6798	0
6799	2
6800	0
6801	1
6802	0
6803	2
6804	2
6805	4
6806	1
6807	1
6808	2
6809	1
6810	3
6811	0
6812	0
6813	0
6814	0
6815	3
6816	0
6817	4
6818	0
6819	1
6820	1
6821	1
6822	1
6823	2
6824	0
6825	0
6826	1
6827	1
6828	2
6829	2
6830	2
6831	1
6832	0
6833	0
6834	2
6835	2
6836	0
6837	1
6838	0
6839	0
6840	1
6841	2
6842	1
6843	0
6844	3
6845	1
6846	1
6847	0
6848	0
6849	1
6850	1
6851	2
6852	2
6853	0
6854	1
6855	2
6856	3
6857	0
6858	0
6859	0
6860	1
6861	2
6862	0
6863	0
6864	0
6865	0
6866	2
6867	2
6868	2
6869	2
6870	1
6871	2
6872	1
6873	2
6874	0
6875	2
6876	1
6877	2
6878	2
6879	0
6880	1
6881	2
6882	1
6883	1
6884	1
6885	1
6886	1
6887	0
6888	1
6889	2
6890	0
6891	0
6892	0
6893	0
6894	3
6895	0
6896	2
6897	2
6898	2
6899	1
6900	0
6901	1
6902	1
6903	1
6904	2
6905	0
6906	1
6907	1
6908	0
6909	1
6910	1
6911	0
6912	1
6913	0
6914	1
6915	2
6916	4
6917	2
6918	3
6919	0
6920	3
6921	2
6922	0
6923	5
6924	0
6925	0
6926	0
6927	1
6928	1
6929	1
6930	0
6931	0
6932	2
6933	2
6934	1
6935	1
6936	3
6937	2
6938	3
6939	2
6940	2
6941	2
6942	2
6943	0
6944	2
6945	1
6946	2
6947	0
6948	2
6949	1
6950	0
6951	1
6952	1
6953	0
6954	0
6955	1
6956	0
6957	0
6958	0
6959	1
6960	2
6961	1
6962	0
6963	1
6964	0
6965	0
6966	1
6967	0
6968	0
6969	1
6970	2
6971	3
6972	2
6973	0
6974	1
6975	0
6976	0
6977	3
6978	0
6979	2
6980	3
6981	0
6982	2
6983	0
6984	2
6985	0
6986	1
6987	2
6988	4
6989	3
6990	2
6991	2
6992	2
6993	0
6994	0
6995	0
6996	2
6997	1
6998	0
6999	2
7000	2
7001	2
7002	1
7003	0
7004	0
7005	2
7006	1
7007	1
7008	0
7009	0
7010	2
7011	2
7012	1
7013	3
7014	1
7015	1
7016	1
7017	1
7018	2
7019	0
7020	0
7021	2
7022	3
7023	0
7024	0
7025	1
7026	3
7027	0
7028	2
7029	0
7030	3
7031	1
7032	1
7033	4
7034	0
7035	1
7036	0
7037	2
7038	0
7039	1
7040	1
7041	1
7042	3
7043	0
7044	1
7045	0
7046	0
7047	3
7048	0
7049	2
7050	0
7051	1
7052	0
7053	1
7054	1
7055	1
7056	4
7057	1
7058	1
7059	2
7060	2
7061	0
7062	1
7063	3
7064	1
7065	0
7066	0
7067	1
7068	1
7069	1
7070	0
7071	0
7072	0
7073	1
7074	0
7075	2
7076	1
7077	0
7078	1
7079	3
7080	1
7081	1
7082	1
7083	2
7084	3
7085	2
7086	0
7087	0
7088	1
7089	1
7090	2
7091	0
7092	0
7093	0
7094	0
7095	1
7096	2
7097	0
7098	2
7099	0
7100	0
7101	1
7102	1
7103	0
7104	0
7105	0
7106	0
7107	4
7108	3
7109	1
7110	0
7111	3
7112	2
7113	1
7114	1
7115	2
7116	0
7117	1
7118	1
7119	1
7120	0
7121	0
7122	1
7123	1
7124	0
7125	1
7126	1
7127	1
7128	1
7129	0
7130	3
7131	0
7132	1
7133	1
7134	1
7135	0
7136	2
7137	0
7138	0
7139	0
7140	0
7141	2
7142	0
7143	1
7144	0
7145	1
7146	1
7147	1
7148	1
7149	0
7150	0
7151	1
7152	0
7153	1
7154	1
7155	2
7156	2
7157	1
7158	1
7159	0
7160	1
7161	0
7162	1
7163	2
7164	1
7165	1
7166	0
7167	0
7168	1
7169	1
7170	1
7171	1
7172	1
7173	1
7174	1
7175	0
7176	1
7177	1
7178	1
7179	0
7180	2
7181	1
7182	0
7183	0
7184	1
7185	0
7186	1
7187	2
7188	1
7189	0
7190	1
7191	1
7192	1
7193	0
7194	0
7195	3
7196	1
7197	0
7198	0
7199	2
7200	0
7201	0
7202	0
7203	1
7204	0
7205	2
7206	2
7207	1
7208	5
7209	0
7210	4
7211	0
7212	3
7213	1
7214	0
7215	0
7216	1
7217	1
7218	1
7219	0
7220	1
7221	0
7222	5
7223	4
7224	1
7225	1
7226	1
7227	2
7228	0
7229	0
7230	0
7231	2
7232	1
7233	2
7234	0
7235	2
7236	1
7237	0
7238	2
7239	0
7240	2
7241	2
7242	0
7243	0
7244	0
7245	3
7246	2
7247	2
7248	1
7249	0
7250	0
7251	0
7252	1
7253	0
7254	1
7255	0
7256	2
7257	0
7258	0
7259	2
7260	1
7261	2
7262	2
7263	0
7264	0
7265	1
7266	1
7267	0
7268	3
7269	1
7270	2
7271	0
7272	2
7273	1
7274	1
7275	1
7276	2
7277	0
7278	0
7279	1
7280	0
7281	0
7282	2
7283	1
7284	2
7285	0
7286	2
7287	2
7288	3
7289	1
7290	0
7291	2
7292	1
7293	0
7294	1
7295	1
7296	0
7297	0
7298	0
7299	2
7300	2
7301	1
7302	1
7303	2
7304	1
7305	1
7306	0
7307	1
7308	2
7309	1
7310	3
7311	2
7312	1
7313	3
7314	0
7315	0
7316	1
7317	0
7318	0
7319	0
7320	0
7321	1
7322	1
7323	1
7324	0
7325	2
7326	0
7327	0
7328	0
7329	0
7330	1
7331	2
7332	0
7333	0
7334	1
7335	0
7336	1
7337	2
7338	1
7339	2
7340	0
7341	2
7342	1
7343	2
7344	1
7345	0
7346	1
7347	0
7348	0
7349	1
7350	0
7351	1
7352	2
7353	0
7354	1
7355	0
7356	0
7357	0
7358	0
7359	3
7360	2
7361	0
7362	1
7363	0
7364	2
7365	0
7366	1
7367	0
7368	1
7369	0
7370	0
7371	0
7372	1
7373	3
7374	1
7375	1
7376	1
7377	1
7378	0
7379	0
7380	1
7381	1
7382	0
7383	1
7384	2
7385	1
7386	0
7387	0
7388	1
7389	2
7390	0
7391	2
7392	0
7393	2
7394	2
7395	0
7396	1
7397	2
7398	0
7399	0
7400	0
7401	0
7402	2
7403	0
7404	1
7405	0
7406	1
7407	2
7408	1
7409	0
7410	1
7411	1
7412	0
7413	0
7414	1
7415	1
7416	1
7417	0
7418	0
7419	1
7420	1
7421	0
7422	0
7423	0
7424	1
7425	0
7426	2
7427	3
7428	0
7429	2
7430	0
7431	0
7432	0
7433	0
7434	1
7435	0
7436	2
7437	0
7438	2
7439	0
7440	1
7441	1
7442	0
7443	1
7444	2
7445	0
7446	1
7447	0
7448	0
7449	0
7450	1
7451	1
7452	2
7453	0
7454	0
7455	0
7456	0
7457	2
7458	0
7459	1
7460	0
7461	0
7462	1
7463	2
7464	0
7465	0
7466	0
7467	2
7468	1
7469	1
7470	0
7471	1
7472	1
7473	0
7474	2
7475	0
7476	0
7477	2
7478	0
7479	0
7480	1
7481	2
7482	0
7483	0
7484	1
7485	2
7486	0
7487	1
7488	0
7489	2
7490	0
7491	0
7492	0
7493	3
7494	1
7495	0
7496	0
7497	0
7498	0
7499	0
7500	1
7501	2
7502	0
7503	0
7504	2
7505	0
7506	1
7507	0
7508	0
7509	1
7510	1
7511	1
7512	3
7513	1
7514	0
7515	0
7516	0
7517	1
7518	0
7519	0
7520	0
7521	2
7522	0
7523	1
7524	2
7525	0
7526	2
7527	0
7528	0
7529	0
7530	1
7531	0
7532	0
7533	1
7534	1
7535	0
7536	1
7537	1
7538	1
7539	0
7540	0
7541	0
7542	1
7543	0
7544	0
7545	1
7546	1
7547	0
7548	1
7549	0
7550	0
7551	0
7552	1
7553	1
7554	0
7555	0
7556	1
7557	3
7558	2
7559	1
7560	0
7561	1
7562	0
7563	0
7564	0
7565	1
7566	0
7567	1
7568	0
7569	1
7570	0
7571	1
7572	1
7573	0
7574	1
7575	0
7576	3
7577	0
7578	0
7579	0
7580	0
7581	0
7582	2
7583	2
7584	0
7585	1
7586	0
7587	1
7588	1
7589	0
7590	0
7591	0
7592	0
7593	2
7594	1
7595	1
7596	0
7597	0
7598	4
7599	1
7600	0
7601	0
7602	2
7603	0
7604	1
7605	0
7606	0
7607	0
7608	0
7609	0
7610	1
7611	2
7612	0
7613	1
7614	0
7615	1
7616	1
7617	0
7618	1
7619	0
7620	1
7621	1
7622	0
7623	0
7624	0
7625	0
7626	0
7627	0
7628	0
7629	0
7630	0
7631	0
7632	0
7633	1
7634	1
7635	1
7636	0
7637	0
7638	0
7639	0
7640	1
7641	0
7642	0
7643	0
7644	0
7645	0
7646	1
7647	0
7648	1
7649	1
7650	0
7651	1
7652	0
7653	2
7654	1
7655	0
7656	1
7657	0
7658	1
7659	0
7660	0
7661	0
7662	1
7663	0
7664	0
7665	2
7666	0
7667	2
7668	1
7669	0
7670	1
7671	2
7672	2
7673	0
7674	0
7675	0
7676	2
7677	0
7678	1
7679	2
7680	0
7681	0
7682	0
7683	0
7684	1
7685	1
7686	0
7687	0
7688	0
7689	0
7690	1
7691	0
7692	1
7693	0
7694	1
7695	1
7696	1
7697	0
7698	0
7699	1
7700	0
7701	0
7702	0
7703	0
7704	0
7705	1
7706	0
7707	0
7708	1
7709	0
7710	1
7711	0
7712	1
7713	0
7714	1
7715	1
7716	0
7717	0
7718	1
7719	0
7720	0
7721	2
7722	1
7723	0
7724	0
7725	0
7726	1
7727	2
7728	1
7729	0
7730	0
7731	0
7732	0
7733	1
7734	0
7735	1
7736	0
7737	0
7738	0
7739	0
7740	0
7741	1
7742	1
7743	2
7744	0
7745	0
7746	1
7747	0
7748	0
7749	0
7750	0
7751	1
7752	0
7753	0
7754	0
7755	0
7756	0
7757	0
7758	0
7759	1
7760	1
7761	3
7762	1
7763	1
7764	0
7765	1
7766	0
7767	0
7768	1
7769	0
7770	0
7771	0
7772	2
7773	0
7774	1
7775	0
7776	0
7777	1
7778	0
7779	0
7780	1
7781	0
7782	1
7783	0
7784	1
7785	1
7786	0
7787	1
7788	1
7789	1
7790	0
7791	1
7792	0
7793	0
7794	3
7795	0
7796	0
7797	0
7798	0
7799	0
7800	0
7801	0
7802	0
7803	0
7804	0
7805	2
7806	0
7807	1
7808	0
7809	0
7810	0
7811	0
7812	1
7813	1
7814	0
7815	1
7816	1
7817	0
7818	0
7819	1
7820	1
7821	0
7822	1
7823	0
7824	0
7825	1
7826	2
7827	0
7828	0
7829	0
7830	0
7831	0
7832	4
7833	2
7834	1
7835	1
7836	0
7837	0
7838	0
7839	1
7840	1
7841	1
7842	1
7843	0
7844	1
7845	2
7846	0
7847	0
7848	0
7849	1
7850	0
7851	1
7852	0
7853	1
7854	1
7855	0
7856	0
7857	2
7858	2
7859	0
7860	0
7861	0
7862	1
7863	1
7864	0
7865	0
7866	2
7867	0
7868	2
7869	0
7870	1
7871	0
7872	0
7873	0
7874	1
7875	0
7876	1
7877	1
7878	0
7879	0
7880	0
7881	0
7882	1
7883	2
7884	0
7885	1
7886	3
7887	0
7888	0
7889	0
7890	1
7891	1
7892	0
7893	0
7894	0
7895	0
7896	0
7897	1
7898	0
7899	1
7900	1
7901	1
7902	0
7903	0
7904	0
7905	1
7906	0
7907	0
7908	0
7909	0
7910	0
7911	0
7912	0
7913	0
7914	0
7915	0
7916	0
7917	0
7918	0
7919	0
7920	0
7921	0
7922	0
7923	0
7924	0
7925	0
7926	0
7927	0
7928	0
7929	0
7930	0
7931	0
7932	0
7933	0
7934	0
7935	0
7936	0
7937	0
7938	0
7939	0
7940	0
7941	0
7942	0
7943	0
7944	0
7945	0
7946	0
7947	0
7948	0
7949	0
7950	0
7951	0
7952	0
7953	0
7954	0
7955	0
7956	0
7957	0
7958	0
7959	0
7960	0
7961	0
7962	0
7963	0
7964	0
7965	0
7966	0
7967	0
7968	0
7969	0
7970	0
7971	0
7972	0
7973	0
7974	0
7975	0
7976	0
7977	0
7978	0
7979	0
7980	0
7981	0
7982	0
7983	0
7984	0
7985	0
7986	0
7987	0
7988	0
7989	0
7990	0
7991	0
7992	0
7993	0
7994	0
7995	0
7996	0
7997	0
7998	0
7999	0
8000	0
8001	0
8002	0
8003	0
8004	0
8005	0
8006	0
8007	0
8008	0
8009	0
8010	0
8011	0
8012	0
8013	0
8014	0
8015	0
8016	0
8017	0
8018	0
8019	0
8020	0
8021	0
8022	0
8023	0
8024	0
8025	0
8026	0
8027	0
8028	0
8029	0
8030	0
8031	0
8032	0
8033	0
8034	0
8035	0
8036	0
8037	0
8038	0
8039	0
8040	0
8041	0
8042	0
8043	0
8044	0
8045	0
8046	0
8047	0
8048	0
8049	0
8050	0
8051	0
8052	0
8053	0
8054	0
8055	0
8056	0
8057	0
8058	0
8059	0
8060	0
8061	0
8062	0
8063	0
8064	0
8065	0
8066	0
8067	0
8068	0
8069	0
8070	0
8071	0
8072	0
8073	0
8074	0
8075	0
8076	0
8077	0
8078	0
8079	0
8080	0
8081	0
8082	0
8083	0
8084	0
8085	0
8086	0
8087	0
8088	0
8089	0
8090	0
8091	0
8092	0
8093	0
8094	0
8095	0
8096	0
8097	0
8098	0
8099	0
8100	0
8101	0
8102	0
8103	0
8104	0
8105	0
8106	0
8107	0
8108	0
8109	0
8110	0
8111	0
8112	0
8113	0
8114	0
8115	0
8116	0
8117	0
8118	0
8119	0
8120	0
8121	0
8122	0
8123	0
8124	0
8125	0
8126	0
8127	0
8128	0
8129	0
8130	0
8131	0
8132	0
8133	0
8134	0
8135	0
8136	0
8137	0
8138	0
8139	0
8140	0
8141	0
8142	0
8143	0
8144	0
8145	0
8146	0
8147	0
8148	0
8149	0
8150	0
8151	0
8152	0
8153	0
8154	0
8155	0
8156	0
8157	0
8158	0
8159	0
8160	0
8161	0
8162	0
8163	0
8164	0
8165	0
8166	0
8167	0
8168	0
8169	0
8170	0
8171	0
8172	0
8173	0
8174	0
8175	0
8176	0
8177	0
8178	0
8179	0
8180	0
8181	0
8182	0
8183	0
8184	0
8185	0
8186	0
8187	0
8188	0
8189	0
8190	0
8191	0
