0	0
1	0
2	0
3	0
4	0
5	0
6	0
7	0
8	0
9	0
10	0
11	0
12	0
13	0
14	0
15	0
16	0
17	0
18	0
19	0
20	0
21	0
22	0
23	0
24	0
25	0
26	0
27	0
28	0
29	0
30	0
31	0
32	0
33	0
34	0
35	0
36	0
37	0
38	0
39	0
40	0
41	0
42	0
43	0
44	0
45	0
46	0
47	0
48	0
49	0
50	0
51	0
52	0
53	0
54	0
55	0
56	0
57	0
58	0
59	0
60	0
61	0
62	0
63	0
64	0
65	0
66	0
67	0
68	0
69	0
70	0
71	0
72	0
73	0
74	0
75	0
76	0
77	0
78	0
79	0
80	0
81	0
82	0
83	0
84	1
85	18
86	34
87	57
88	72
89	64
90	82
91	65
92	64
93	82
94	80
95	66
96	73
97	62
98	81
99	72
100	71
101	79
102	72
103	70
104	69
105	85
106	76
107	65
108	83
109	83
110	72
111	61
112	76
113	65
114	56
115	75
116	71
117	63
118	76
119	77
120	78
121	64
122	73
123	85
124	80
125	57
126	70
127	78
128	60
129	79
130	72
131	73
132	73
133	79
134	74
135	59
136	76
137	81
138	92
139	72
140	84
141	49
142	68
143	72
144	72
145	69
146	69
147	70
148	65
149	87
150	68
151	76
152	65
153	70
154	81
155	58
156	68
157	86
158	59
159	76
160	70
161	70
162	84
163	58
164	87
165	87
166	73
167	85
168	72
169	76
170	69
171	72
172	70
173	59
174	64
175	78
176	84
177	68
178	69
179	78
180	63
181	91
182	89
183	75
184	90
185	78
186	72
187	79
188	56
189	94
190	72
191	67
192	62
193	81
194	90
195	82
196	78
197	87
198	73
199	69
200	88
201	69
202	67
203	77
204	75
205	65
206	69
207	69
208	67
209	74
210	91
211	75
212	62
213	64
214	84
215	84
216	91
217	67
218	69
219	68
220	82
221	86
222	82
223	75
224	80
225	64
226	80
227	68
228	60
229	87
230	69
231	86
232	85
233	80
234	71
235	77
236	81
237	77
238	85
239	74
240	86
241	76
242	82
243	74
244	68
245	84
246	86
247	65
248	62
249	81
250	68
251	75
252	83
253	78
254	77
255	90
256	71
257	76
258	75
259	68
260	95
261	81
262	87
263	79
264	87
265	63
266	67
267	93
268	61
269	71
270	81
271	96
272	77
273	88
274	78
275	72
276	68
277	71
278	67
279	81
280	69
281	71
282	80
283	84
284	77
285	70
286	65
287	63
288	72
289	83
290	80
291	75
292	86
293	81
294	85
295	78
296	90
297	90
298	88
299	67
300	82
301	92
302	84
303	91
304	83
305	68
306	91
307	81
308	96
309	76
310	91
311	77
312	80
313	87
314	81
315	85
316	57
317	74
318	61
319	83
320	78
321	82
322	74
323	81
324	74
325	72
326	93
327	72
328	93
329	84
330	94
331	83
332	57
333	82
334	83
335	99
336	77
337	103
338	72
339	69
340	79
341	90
342	80
343	84
344	92
345	86
346	67
347	75
348	81
349	74
350	75
351	68
352	82
353	80
354	73
355	96
356	82
357	71
358	78
359	81
360	97
361	84
362	66
363	88
364	76
365	76
366	74
367	67
368	94
369	79
370	81
371	79
372	89
373	75
374	75
375	77
376	100
377	98
378	77
379	81
380	80
381	84
382	90
383	72
384	85
385	64
386	84
387	79
388	80
389	73
390	88
391	78
392	94
393	90
394	90
395	78
396	80
397	83
398	94
399	76
400	80
401	83
402	76
403	73
404	85
405	99
406	92
407	84
408	79
409	85
410	88
411	80
412	94
413	83
414	64
415	78
416	90
417	98
418	83
419	86
420	73
421	92
422	65
423	82
424	88
425	79
426	82
427	90
428	66
429	69
430	78
431	75
432	80
433	86
434	78
435	81
436	89
437	88
438	84
439	89
440	62
441	89
442	86
443	89
444	77
445	82
446	102
447	75
448	91
449	91
450	90
451	84
452	85
453	92
454	64
455	91
456	78
457	87
458	86
459	95
460	90
461	89
462	91
463	113
464	80
465	92
466	109
467	71
468	95
469	75
470	90
471	101
472	99
473	113
474	84
475	94
476	85
477	81
478	87
479	107
480	110
481	87
482	93
483	79
484	94
485	90
486	105
487	90
488	97
489	79
490	83
491	96
492	72
493	82
494	74
495	94
496	106
497	96
498	90
499	85
500	93
501	107
502	113
503	108
504	101
505	106
506	82
507	114
508	100
509	80
510	89
511	106
512	111
513	107
514	94
515	101
516	88
517	101
518	89
519	105
520	91
521	119
522	81
523	96
524	78
525	89
526	94
527	99
528	89
529	86
530	100
531	83
532	93
533	99
534	104
535	95
536	90
537	87
538	89
539	90
540	101
541	86
542	92
543	95
544	103
545	103
546	95
547	89
548	90
549	97
550	111
551	97
552	72
553	81
554	79
555	87
556	79
557	84
558	93
559	92
560	96
561	67
562	79
563	96
564	84
565	86
566	90
567	103
568	100
569	87
570	93
571	92
572	65
573	80
574	103
575	90
576	92
577	69
578	90
579	102
580	89
581	70
582	90
583	65
584	82
585	104
586	87
587	85
588	104
589	89
590	94
591	97
592	81
593	93
594	104
595	88
596	93
597	84
598	71
599	105
600	83
601	108
602	88
603	88
604	95
605	99
606	105
607	93
608	102
609	88
610	90
611	74
612	78
613	77
614	102
615	88
616	94
617	61
618	90
619	85
620	82
621	69
622	104
623	81
624	82
625	105
626	83
627	99
628	91
629	90
630	85
631	99
632	83
633	91
634	103
635	99
636	91
637	91
638	86
639	107
640	92
641	79
642	83
643	88
644	80
645	90
646	81
647	81
648	103
649	104
650	82
651	91
652	98
653	88
654	82
655	75
656	96
657	104
658	98
659	110
660	97
661	91
662	96
663	95
664	104
665	94
666	83
667	76
668	88
669	80
670	94
671	90
672	85
673	89
674	119
675	79
676	97
677	87
678	89
679	90
680	95
681	101
682	94
683	84
684	89
685	94
686	93
687	101
688	74
689	97
690	101
691	95
692	85
693	90
694	86
695	98
696	81
697	92
698	93
699	77
700	76
701	99
702	85
703	85
704	88
705	90
706	92
707	108
708	87
709	88
710	96
711	91
712	92
713	78
714	92
715	81
716	94
717	102
718	78
719	110
720	108
721	91
722	93
723	75
724	95
725	97
726	83
727	106
728	85
729	93
730	105
731	109
732	97
733	80
734	103
735	91
736	88
737	98
738	99
739	101
740	87
741	93
742	91
743	89
744	96
745	97
746	94
747	87
748	88
749	100
750	76
751	99
752	82
753	89
754	107
755	96
756	72
757	73
758	81
759	84
760	85
761	90
762	96
763	95
764	76
765	84
766	108
767	106
768	92
769	103
770	101
771	97
772	86
773	103
774	94
775	100
776	93
777	110
778	106
779	96
780	90
781	93
782	86
783	93
784	87
785	114
786	94
787	97
788	97
789	108
790	94
791	108
792	92
793	91
794	92
795	102
796	104
797	108
798	105
799	90
800	88
801	102
802	98
803	117
804	95
805	98
806	107
807	99
808	101
809	101
810	98
811	101
812	90
813	96
814	93
815	94
816	95
817	113
818	80
819	96
820	97
821	121
822	93
823	90
824	87
825	89
826	101
827	91
828	86
829	89
830	91
831	104
832	93
833	109
834	110
835	111
836	91
837	92
838	86
839	106
840	113
841	102
842	98
843	86
844	99
845	80
846	98
847	90
848	98
849	103
850	110
851	105
852	79
853	93
854	96
855	90
856	97
857	75
858	97
859	111
860	76
861	102
862	85
863	93
864	87
865	94
866	82
867	85
868	100
869	114
870	96
871	84
872	82
873	84
874	96
875	97
876	79
877	105
878	104
879	92
880	112
881	119
882	94
883	98
884	101
885	94
886	89
887	80
888	91
889	92
890	104
891	78
892	92
893	92
894	87
895	95
896	95
897	95
898	105
899	94
900	85
901	102
902	105
903	100
904	100
905	89
906	96
907	98
908	100
909	96
910	86
911	93
912	94
913	81
914	112
915	82
916	115
917	102
918	84
919	78
920	102
921	98
922	100
923	96
924	84
925	88
926	87
927	96
928	95
929	101
930	92
931	90
932	104
933	93
934	89
935	96
936	91
937	87
938	78
939	98
940	108
941	103
942	81
943	101
944	77
945	102
946	103
947	92
948	109
949	105
950	102
951	92
952	95
953	100
954	91
955	86
956	110
957	103
958	103
959	93
960	98
961	112
962	92
963	87
964	91
965	94
966	98
967	87
968	94
969	112
970	114
971	100
972	100
973	102
974	110
975	89
976	129
977	85
978	115
979	97
980	103
981	114
982	106
983	100
984	98
985	95
986	95
987	81
988	115
989	99
990	101
991	111
992	107
993	80
994	84
995	96
996	99
997	104
998	104
999	89
1000	112
1001	90
1002	113
1003	121
1004	96
1005	106
1006	106
1007	111
1008	96
1009	88
1010	120
1011	81
1012	111
1013	105
1014	121
1015	107
1016	93
1017	123
1018	90
1019	105
1020	97
1021	105
1022	100
1023	107
1024	86
1025	102
1026	91
1027	103
1028	98
1029	99
1030	99
1031	110
1032	102
1033	96
1034	93
1035	92
1036	94
1037	114
1038	101
1039	85
1040	93
1041	84
1042	97
1043	103
1044	90
1045	108
1046	88
1047	100
1048	97
1049	90
1050	111
1051	95
1052	100
1053	109
1054	109
1055	106
1056	104
1057	91
1058	125
1059	111
1060	112
1061	97
1062	117
1063	107
1064	94
1065	94
1066	112
1067	96
1068	98
1069	101
1070	103
1071	110
1072	108
1073	105
1074	103
1075	109
1076	103
1077	96
1078	106
1079	102
1080	100
1081	98
1082	91
1083	104
1084	115
1085	97
1086	111
1087	113
1088	119
1089	111
1090	118
1091	105
1092	123
1093	109
1094	107
1095	107
1096	93
1097	98
1098	113
1099	110
1100	94
1101	94
1102	99
1103	88
1104	90
1105	123
1106	111
1107	99
1108	98
1109	113
1110	115
1111	120
1112	116
1113	92
1114	121
1115	103
1116	107
1117	116
1118	92
1119	102
1120	107
1121	113
1122	92
1123	99
1124	110
1125	107
1126	110
1127	93
1128	94
1129	94
1130	104
1131	111
1132	107
1133	101
1134	102
1135	116
1136	108
1137	115
1138	102
1139	110
1140	117
1141	105
1142	115
1143	106
1144	109
1145	124
1146	102
1147	120
1148	94
1149	126
1150	114
1151	121
1152	115
1153	108
1154	92
1155	126
1156	114
1157	102
1158	113
1159	107
1160	103
1161	124
1162	121
1163	116
1164	113
1165	111
1166	103
1167	114
1168	105
1169	103
1170	109
1171	102
1172	106
1173	104
1174	89
1175	122
1176	117
1177	99
1178	124
1179	106
1180	108
1181	108
1182	109
1183	108
1184	107
1185	93
1186	126
1187	114
1188	107
1189	101
1190	123
1191	105
1192	101
1193	126
1194	117
1195	97
1196	129
1197	112
1198	107
1199	93
1200	115
1201	118
1202	99
1203	123
1204	103
1205	102
1206	124
1207	122
1208	124
1209	128
1210	113
1211	109
1212	104
1213	116
1214	102
1215	129
1216	124
1217	124
1218	119
1219	112
1220	107
1221	123
1222	112
1223	133
1224	123
1225	124
1226	109
1227	117
1228	120
1229	102
1230	105
1231	112
1232	117
1233	105
1234	113
1235	97
1236	127
1237	122
1238	104
1239	107
1240	134
1241	109
1242	129
1243	105
1244	119
1245	119
1246	118
1247	99
1248	119
1249	111
1250	97
1251	116
1252	106
1253	106
1254	108
1255	117
1256	113
1257	125
1258	133
1259	108
1260	117
1261	106
1262	106
1263	118
1264	123
1265	123
1266	108
1267	123
1268	108
1269	128
1270	124
1271	108
1272	125
1273	123
1274	98
1275	132
1276	106
1277	114
1278	136
1279	116
1280	127
1281	105
1282	114
1283	125
1284	102
1285	121
1286	94
1287	99
1288	117
1289	138
1290	107
1291	107
1292	118
1293	100
1294	99
1295	95
1296	108
1297	101
1298	125
1299	117
1300	128
1301	120
1302	98
1303	93
1304	114
1305	97
1306	115
1307	122
1308	108
1309	128
1310	111
1311	129
1312	105
1313	99
1314	102
1315	128
1316	97
1317	111
1318	103
1319	95
1320	116
1321	94
1322	133
1323	99
1324	107
1325	89
1326	119
1327	93
1328	117
1329	100
1330	117
1331	92
1332	108
1333	100
1334	109
1335	108
1336	95
1337	86
1338	102
1339	130
1340	117
1341	103
1342	105
1343	130
1344	105
1345	102
1346	109
1347	112
1348	100
1349	109
1350	95
1351	119
1352	104
1353	99
1354	98
1355	98
1356	101
1357	115
1358	115
1359	104
1360	118
1361	89
1362	111
1363	111
1364	113
1365	102
1366	97
1367	96
1368	108
1369	119
1370	110
1371	124
1372	108
1373	75
1374	111
1375	95
1376	98
1377	94
1378	103
1379	114
1380	117
1381	93
1382	90
1383	108
1384	78
1385	100
1386	108
1387	96
1388	111
1389	101
1390	98
1391	110
1392	92
1393	85
1394	93
1395	89
1396	98
1397	97
1398	99
1399	99
1400	102
1401	115
1402	96
1403	101
1404	93
1405	97
1406	94
1407	81
1408	81
1409	105
1410	102
1411	89
1412	110
1413	87
1414	78
1415	105
1416	106
1417	111
1418	95
1419	101
1420	100
1421	101
1422	95
1423	81
1424	107
1425	96
1426	115
1427	108
1428	101
1429	101
1430	101
1431	88
1432	95
1433	103
1434	101
1435	105
1436	100
1437	97
1438	89
1439	98
1440	88
1441	97
1442	107
1443	84
1444	109
1445	112
1446	97
1447	103
1448	96
1449	110
1450	125
1451	108
1452	113
1453	114
1454	110
1455	73
1456	105
1457	98
1458	110
1459	95
1460	105
1461	104
1462	95
1463	99
1464	102
1465	109
1466	92
1467	90
1468	105
1469	105
1470	92
1471	124
1472	110
1473	101
1474	105
1475	94
1476	91
1477	95
1478	94
1479	102
1480	90
1481	104
1482	98
1483	108
1484	85
1485	107
1486	99
1487	99
1488	111
1489	85
1490	103
1491	92
1492	95
1493	90
1494	110
1495	81
1496	104
1497	95
1498	85
1499	95
1500	100
1501	116
1502	126
1503	107
1504	89
1505	94
1506	95
1507	108
1508	105
1509	103
1510	96
1511	82
1512	85
1513	98
1514	83
1515	114
1516	78
1517	120
1518	103
1519	108
1520	106
1521	108
1522	103
1523	106
1524	101
1525	98
1526	99
1527	85
1528	112
1529	96
1530	100
1531	94
1532	93
1533	91
1534	86
1535	88
1536	105
1537	87
1538	108
1539	77
1540	78
1541	103
1542	90
1543	98
1544	104
1545	94
1546	101
1547	96
1548	91
1549	107
1550	102
1551	84
1552	84
1553	85
1554	99
1555	89
1556	117
1557	104
1558	111
1559	111
1560	100
1561	89
1562	99
1563	103
1564	98
1565	97
1566	97
1567	89
1568	77
1569	83
1570	85
1571	90
1572	75
1573	101
1574	95
1575	113
1576	96
1577	92
1578	93
1579	83
1580	86
1581	93
1582	96
1583	104
1584	75
1585	99
1586	86
1587	96
1588	96
1589	101
1590	73
1591	91
1592	79
1593	103
1594	88
1595	98
1596	97
1597	107
1598	96
1599	118
1600	97
1601	83
1602	93
1603	111
1604	85
1605	97
1606	102
1607	79
1608	89
1609	94
1610	84
1611	87
1612	85
1613	93
1614	102
1615	116
1616	89
1617	98
1618	99
1619	89
1620	99
1621	87
1622	97
1623	98
1624	78
1625	98
1626	93
1627	70
1628	99
1629	112
1630	91
1631	105
1632	99
1633	100
1634	100
1635	99
1636	86
1637	90
1638	86
1639	77
1640	92
1641	115
1642	92
1643	102
1644	92
1645	87
1646	101
1647	76
1648	90
1649	65
1650	92
1651	85
1652	97
1653	101
1654	99
1655	98
1656	102
1657	82
1658	99
1659	96
1660	99
1661	89
1662	93
1663	95
1664	90
1665	95
1666	73
1667	90
1668	90
1669	101
1670	118
1671	102
1672	85
1673	88
1674	101
1675	96
1676	101
1677	99
1678	98
1679	65
1680	95
1681	71
1682	103
1683	82
1684	100
1685	103
1686	92
1687	71
1688	83
1689	85
1690	87
1691	105
1692	94
1693	76
1694	81
1695	111
1696	87
1697	91
1698	84
1699	104
1700	99
1701	87
1702	100
1703	90
1704	93
1705	89
1706	98
1707	85
1708	97
1709	105
1710	102
1711	77
1712	90
1713	99
1714	80
1715	76
1716	79
1717	91
1718	97
1719	91
1720	100
1721	74
1722	93
1723	94
1724	83
1725	86
1726	103
1727	89
1728	105
1729	88
1730	87
1731	84
1732	92
1733	98
1734	109
1735	101
1736	89
1737	86
1738	86
1739	74
1740	81
1741	88
1742	89
1743	112
1744	91
1745	113
1746	91
1747	77
1748	96
1749	92
1750	82
1751	112
1752	76
1753	69
1754	84
1755	93
1756	76
1757	90
1758	93
1759	100
1760	97
1761	97
1762	94
1763	94
1764	108
1765	94
1766	81
1767	98
1768	102
1769	85
1770	95
1771	92
1772	94
1773	84
1774	79
1775	90
1776	99
1777	85
1778	80
1779	94
1780	92
1781	81
1782	92
1783	88
1784	73
1785	73
1786	92
1787	83
1788	79
1789	73
1790	76
1791	99
1792	96
1793	80
1794	82
1795	97
1796	88
1797	78
1798	96
1799	79
1800	78
1801	91
1802	74
1803	83
1804	96
1805	101
1806	85
1807	95
1808	100
1809	81
1810	108
1811	82
1812	97
1813	89
1814	91
1815	83
1816	77
1817	79
1818	92
1819	81
1820	99
1821	92
1822	84
1823	80
1824	84
1825	75
1826	95
1827	88
1828	86
1829	108
1830	83
1831	85
1832	93
1833	106
1834	85
1835	99
1836	96
1837	101
1838	70
1839	84
1840	89
1841	77
1842	87
1843	87
1844	95
1845	76
1846	83
1847	84
1848	92
1849	90
1850	86
1851	101
1852	88
1853	88
1854	91
1855	84
1856	88
1857	73
1858	87
1859	76
1860	72
1861	83
1862	88
1863	84
1864	86
1865	90
1866	108
1867	87
1868	96
1869	88
1870	104
1871	69
1872	88
1873	86
1874	78
1875	96
1876	96
1877	95
1878	77
1879	104
1880	92
1881	72
1882	77
1883	71
1884	87
1885	89
1886	83
1887	83
1888	99
1889	90
1890	106
1891	80
1892	77
1893	112
1894	81
1895	84
1896	87
1897	83
1898	74
1899	83
1900	85
1901	86
1902	101
1903	102
1904	95
1905	88
1906	78
1907	66
1908	85
1909	93
1910	76
1911	84
1912	84
1913	94
1914	96
1915	74
1916	87
1917	81
1918	82
1919	102
1920	78
1921	67
1922	75
1923	103
1924	68
1925	97
1926	72
1927	90
1928	83
1929	91
1930	86
1931	96
1932	90
1933	112
1934	85
1935	69
1936	97
1937	98
1938	83
1939	77
1940	88
1941	99
1942	81
1943	80
1944	90
1945	74
1946	82
1947	76
1948	72
1949	90
1950	79
1951	88
1952	92
1953	107
1954	104
1955	90
1956	85
1957	91
1958	88
1959	102
1960	79
1961	106
1962	82
1963	82
1964	95
1965	83
1966	100
1967	77
1968	79
1969	93
1970	88
1971	84
1972	84
1973	93
1974	103
1975	65
1976	105
1977	95
1978	84
1979	101
1980	83
1981	72
1982	100
1983	87
1984	94
1985	89
1986	86
1987	93
1988	104
1989	81
1990	75
1991	85
1992	98
1993	95
1994	90
1995	93
1996	83
1997	99
1998	81
1999	88
2000	97
2001	84
2002	81
2003	94
2004	98
2005	88
2006	86
2007	88
2008	77
2009	78
2010	83
2011	84
2012	88
2013	84
2014	71
2015	80
2016	86
2017	92
2018	90
2019	101
2020	96
2021	78
2022	86
2023	107
2024	99
2025	66
2026	80
2027	85
2028	86
2029	79
2030	70
2031	77
2032	82
2033	73
2034	85
2035	101
2036	92
2037	72
2038	82
2039	78
2040	84
2041	81
2042	89
2043	83
2044	76
2045	87
2046	71
2047	86
2048	89
2049	85
2050	77
2051	94
2052	78
2053	88
2054	94
2055	87
2056	74
2057	86
2058	77
2059	85
2060	84
2061	105
2062	74
2063	90
2064	86
2065	74
2066	74
2067	92
2068	83
2069	79
2070	95
2071	79
2072	89
2073	77
2074	84
2075	85
2076	88
2077	91
2078	71
2079	70
2080	80
2081	95
2082	75
2083	94
2084	79
2085	81
2086	79
2087	98
2088	88
2089	85
2090	70
2091	93
2092	68
2093	83
2094	84
2095	86
2096	81
2097	97
2098	81
2099	94
2100	79
2101	89
2102	76
2103	88
2104	90
2105	97
2106	71
2107	95
2108	85
2109	88
2110	80
2111	87
2112	83
2113	96
2114	94
2115	69
2116	91
2117	89
2118	100
2119	80
2120	101
2121	74
2122	95
2123	102
2124	86
2125	90
2126	84
2127	95
2128	90
2129	72
2130	82
2131	76
2132	84
2133	75
2134	90
2135	80
2136	94
2137	87
2138	100
2139	89
2140	95
2141	85
2142	84
2143	80
2144	86
2145	90
2146	85
2147	72
2148	81
2149	80
2150	83
2151	79
2152	101
2153	88
2154	76
2155	88
2156	96
2157	97
2158	99
2159	120
2160	92
2161	88
2162	84
2163	88
2164	83
2165	101
2166	80
2167	83
2168	75
2169	98
2170	84
2171	85
2172	95
2173	79
2174	91
2175	94
2176	81
2177	83
2178	105
2179	79
2180	71
2181	78
2182	98
2183	92
2184	104
2185	95
2186	91
2187	97
2188	81
2189	88
2190	85
2191	65
2192	84
2193	82
2194	94
2195	71
2196	71
2197	71
2198	71
2199	89
2200	73
2201	84
2202	101
2203	89
2204	98
2205	80
2206	84
2207	92
2208	90
2209	82
2210	87
2211	83
2212	93
2213	70
2214	88
2215	105
2216	93
2217	79
2218	78
2219	85
2220	91
2221	77
2222	82
2223	84
2224	92
2225	71
2226	97
2227	89
2228	85
2229	87
2230	77
2231	93
2232	89
2233	100
2234	71
2235	80
2236	93
2237	84
2238	94
2239	83
2240	99
2241	95
2242	77
2243	87
2244	76
2245	93
2246	86
2247	90
2248	70
2249	89
2250	106
2251	95
2252	93
2253	87
2254	88
2255	87
2256	96
2257	89
2258	80
2259	77
2260	87
2261	88
2262	89
2263	92
2264	90
2265	88
2266	86
2267	77
2268	66
2269	79
2270	83
2271	89
2272	82
2273	73
2274	93
2275	85
2276	95
2277	75
2278	83
2279	80
2280	102
2281	92
2282	79
2283	80
2284	89
2285	78
2286	84
2287	82
2288	78
2289	83
2290	94
2291	80
2292	95
2293	105
2294	96
2295	71
2296	86
2297	90
2298	88
2299	87
2300	94
2301	92
2302	76
2303	78
2304	85
2305	73
2306	65
2307	89
2308	71
2309	80
2310	97
2311	75
2312	85
2313	82
2314	85
2315	80
2316	79
2317	80
2318	80
2319	70
2320	76
2321	112
2322	79
2323	90
2324	94
2325	72
2326	90
2327	85
2328	76
2329	85
2330	97
2331	91
2332	100
2333	83
2334	78
2335	58
2336	91
2337	73
2338	84
2339	71
2340	75
2341	77
2342	74
2343	68
2344	79
2345	84
2346	75
2347	87
2348	90
2349	115
2350	87
2351	78
2352	99
2353	93
2354	74
2355	99
2356	73
2357	86
2358	81
2359	80
2360	84
2361	69
2362	68
2363	84
2364	93
2365	78
2366	75
2367	82
2368	81
2369	96
2370	103
2371	90
2372	89
2373	72
2374	79
2375	91
2376	95
2377	91
2378	99
2379	75
2380	75
2381	98
2382	68
2383	87
2384	79
2385	92
2386	94
2387	91
2388	86
2389	88
2390	76
2391	95
2392	75
2393	85
2394	66
2395	91
2396	84
2397	99
2398	96
2399	81
2400	106
2401	89
2402	96
2403	84
2404	93
2405	84
2406	78
2407	106
2408	84
2409	83
2410	90
2411	89
2412	91
2413	102
2414	81
2415	93
2416	71
2417	82
2418	72
2419	86
2420	104
2421	81
2422	101
2423	84
2424	74
2425	95
2426	85
2427	64
2428	94
2429	80
2430	81
2431	107
2432	82
2433	93
2434	82
2435	78
2436	89
2437	77
2438	89
2439	77
2440	87
2441	87
2442	81
2443	89
2444	105
2445	100
2446	82
2447	99
2448	90
2449	77
2450	85
2451	85
2452	80
2453	90
2454	97
2455	77
2456	77
2457	94
2458	69
2459	81
2460	75
2461	112
2462	95
2463	84
2464	90
2465	93
2466	77
2467	82
2468	88
2469	78
2470	76
2471	87
2472	83
2473	75
2474	82
2475	73
2476	95
2477	80
2478	75
2479	98
2480	87
2481	95
2482	95
2483	95
2484	70
2485	95
2486	92
2487	89
2488	81
2489	84
2490	88
2491	92
2492	78
2493	81
2494	90
2495	100
2496	89
2497	95
2498	76
2499	82
2500	70
2501	81
2502	99
2503	80
2504	90
2505	102
2506	82
2507	103
2508	90
2509	97
2510	89
2511	78
2512	94
2513	89
2514	115
2515	85
2516	68
2517	86
2518	102
2519	75
2520	86
2521	106
2522	93
2523	90
2524	96
2525	71
2526	95
2527	93
2528	70
2529	101
2530	93
2531	83
2532	95
2533	101
2534	111
2535	98
2536	84
2537	96
2538	73
2539	108
2540	81
2541	79
2542	81
2543	92
2544	89
2545	85
2546	97
2547	75
2548	83
2549	109
2550	95
2551	99
2552	84
2553	94
2554	117
2555	81
2556	79
2557	98
2558	87
2559	85
2560	89
2561	70
2562	76
2563	75
2564	87
2565	78
2566	89
2567	84
2568	93
2569	81
2570	92
2571	86
2572	94
2573	91
2574	82
2575	84
2576	85
2577	91
2578	116
2579	93
2580	67
2581	90
2582	84
2583	87
2584	84
2585	94
2586	88
2587	93
2588	80
2589	88
2590	91
2591	88
2592	78
2593	102
2594	84
2595	96
2596	98
2597	114
2598	95
2599	104
2600	75
2601	92
2602	84
2603	90
2604	75
2605	84
2606	74
2607	95
2608	96
2609	84
2610	79
2611	99
2612	102
2613	78
2614	83
2615	77
2616	91
2617	72
2618	95
2619	103
2620	89
2621	94
2622	86
2623	75
2624	97
2625	108
2626	85
2627	77
2628	77
2629	76
2630	87
2631	81
2632	84
2633	65
2634	95
2635	93
2636	96
2637	88
2638	80
2639	90
2640	66
2641	98
2642	90
2643	102
2644	87
2645	88
2646	93
2647	111
2648	90
2649	94
2650	103
2651	97
2652	92
2653	107
2654	90
2655	80
2656	86
2657	85
2658	106
2659	86
2660	84
2661	89
2662	95
2663	89
2664	72
2665	94
2666	93
2667	94
2668	91
2669	72
2670	98
2671	97
2672	97
2673	89
2674	85
2675	81
2676	88
2677	94
2678	104
2679	87
2680	77
2681	84
2682	96
2683	86
2684	101
2685	113
2686	96
2687	86
2688	97
2689	94
2690	88
2691	102
2692	102
2693	85
2694	85
2695	83
2696	97
2697	88
2698	100
2699	89
2700	73
2701	95
2702	88
2703	94
2704	91
2705	97
2706	106
2707	103
2708	92
2709	83
2710	89
2711	101
2712	106
2713	94
2714	93
2715	85
2716	88
2717	98
2718	80
2719	94
2720	85
2721	104
2722	92
2723	111
2724	83
2725	101
2726	92
2727	84
2728	98
2729	99
2730	102
2731	86
2732	91
2733	93
2734	103
2735	99
2736	108
2737	101
2738	106
2739	95
2740	95
2741	80
2742	101
2743	96
2744	108
2745	96
2746	84
2747	94
2748	94
2749	73
2750	78
2751	103
2752	92
2753	99
2754	90
2755	84
2756	85
2757	99
2758	104
2759	65
2760	94
2761	88
2762	93
2763	94
2764	103
2765	110
2766	79
2767	87
2768	72
2769	99
2770	101
2771	100
2772	87
2773	97
2774	105
2775	78
2776	100
2777	109
2778	106
2779	101
2780	100
2781	108
2782	91
2783	97
2784	85
2785	84
2786	106
2787	101
2788	83
2789	68
2790	89
2791	85
2792	81
2793	117
2794	94
2795	86
2796	87
2797	85
2798	100
2799	107
2800	93
2801	95
2802	87
2803	96
2804	101
2805	97
2806	98
2807	99
2808	91
2809	74
2810	123
2811	99
2812	81
2813	89
2814	87
2815	86
2816	104
2817	83
2818	98
2819	84
2820	90
2821	85
2822	81
2823	82
2824	105
2825	100
2826	91
2827	95
2828	109
2829	86
2830	95
2831	85
2832	89
2833	74
2834	97
2835	88
2836	90
2837	85
2838	101
2839	84
2840	91
2841	90
2842	95
2843	105
2844	93
2845	69
2846	98
2847	86
2848	80
2849	88
2850	90
2851	84
2852	75
2853	84
2854	73
2855	95
2856	76
2857	98
2858	106
2859	93
2860	85
2861	78
2862	78
2863	81
2864	93
2865	82
2866	112
2867	69
2868	82
2869	97
2870	80
2871	89
2872	75
2873	85
2874	75
2875	79
2876	79
2877	90
2878	66
2879	97
2880	73
2881	84
2882	88
2883	81
2884	96
2885	85
2886	77
2887	68
2888	84
2889	81
2890	75
2891	76
2892	88
2893	83
2894	89
2895	86
2896	73
2897	53
2898	90
2899	93
2900	79
2901	79
2902	89
2903	88
2904	79
2905	87
2906	85
2907	75
2908	68
2909	82
2910	57
2911	72
2912	72
2913	91
2914	66
2915	68
2916	96
2917	61
2918	70
2919	82
2920	87
2921	75
2922	66
2923	69
2924	69
2925	74
2926	70
2927	56
2928	74
2929	86
2930	78
2931	62
2932	71
2933	70
2934	70
2935	80
2936	69
2937	78
2938	82
2939	75
2940	70
2941	66
2942	67
2943	81
2944	67
2945	66
2946	68
2947	75
2948	64
2949	69
2950	54
2951	74
2952	73
2953	56
2954	69
2955	66
2956	75
2957	64
2958	58
2959	70
2960	75
2961	56
2962	79
2963	70
2964	65
2965	69
2966	82
2967	58
2968	66
2969	67
2970	68
2971	69
2972	67
2973	70
2974	71
2975	66
2976	61
2977	69
2978	51
2979	57
2980	63
2981	60
2982	48
2983	60
2984	78
2985	56
2986	65
2987	59
2988	56
2989	55
2990	42
2991	74
2992	58
2993	71
2994	45
2995	47
2996	46
2997	61
2998	53
2999	49
3000	54
3001	57
3002	68
3003	52
3004	58
3005	46
3006	46
3007	53
3008	67
3009	67
3010	69
3011	59
3012	41
3013	48
3014	58
3015	53
3016	53
3017	61
3018	56
3019	54
3020	53
3021	45
3022	44
3023	56
3024	70
3025	38
3026	56
3027	55
3028	43
3029	48
3030	65
3031	45
3032	54
3033	52
3034	46
3035	54
3036	51
3037	54
3038	34
3039	53
3040	42
3041	52
3042	52
3043	57
3044	39
3045	54
3046	44
3047	45
3048	50
3049	45
3050	52
3051	46
3052	44
3053	47
3054	33
3055	47
3056	49
3057	48
3058	50
3059	56
3060	43
3061	49
3062	45
3063	38
3064	55
3065	36
3066	47
3067	34
3068	39
3069	48
3070	40
3071	47
3072	52
3073	35
3074	42
3075	35
3076	47
3077	36
3078	42
3079	48
3080	50
3081	31
3082	39
3083	51
3084	36
3085	52
3086	43
3087	36
3088	41
3089	44
3090	51
3091	47
3092	39
3093	39
3094	47
3095	38
3096	42
3097	69
3098	44
3099	43
3100	44
3101	52
3102	38
3103	29
3104	37
3105	30
3106	39
3107	44
3108	45
3109	43
3110	38
3111	50
3112	32
3113	35
3114	42
3115	34
3116	32
3117	37
3118	44
3119	44
3120	37
3121	34
3122	32
3123	41
3124	38
3125	38
3126	40
3127	41
3128	35
3129	42
3130	48
3131	40
3132	36
3133	54
3134	44
3135	31
3136	34
3137	32
3138	42
3139	35
3140	43
3141	41
3142	36
3143	36
3144	32
3145	29
3146	33
3147	48
3148	40
3149	28
3150	30
3151	27
3152	36
3153	25
3154	33
3155	32
3156	27
3157	37
3158	27
3159	25
3160	35
3161	29
3162	36
3163	29
3164	29
3165	26
3166	27
3167	29
3168	35
3169	34
3170	36
3171	42
3172	35
3173	21
3174	27
3175	35
3176	27
3177	31
3178	41
3179	35
3180	21
3181	27
3182	33
3183	23
3184	45
3185	28
3186	43
3187	36
3188	30
3189	31
3190	28
3191	32
3192	30
3193	27
3194	40
3195	25
3196	23
3197	30
3198	30
3199	38
3200	34
3201	35
3202	36
3203	29
3204	46
3205	33
3206	17
3207	38
3208	24
3209	30
3210	29
3211	30
3212	30
3213	34
3214	30
3215	27
3216	42
3217	26
3218	29
3219	36
3220	41
3221	20
3222	26
3223	17
3224	28
3225	34
3226	28
3227	35
3228	28
3229	27
3230	27
3231	31
3232	39
3233	32
3234	26
3235	34
3236	30
3237	34
3238	27
3239	32
3240	35
3241	27
3242	37
3243	33
3244	37
3245	16
3246	21
3247	29
3248	25
3249	36
3250	24
3251	24
3252	25
3253	27
3254	35
3255	25
3256	34
3257	34
3258	31
3259	26
3260	25
3261	17
3262	28
3263	32
3264	23
3265	34
3266	27
3267	22
3268	24
3269	23
3270	30
3271	23
3272	28
3273	33
3274	22
3275	20
3276	28
3277	27
3278	24
3279	24
3280	30
3281	26
3282	26
3283	21
3284	17
3285	26
3286	21
3287	21
3288	28
3289	19
3290	26
3291	30
3292	19
3293	25
3294	29
3295	27
3296	31
3297	24
3298	31
3299	21
3300	43
3301	26
3302	27
3303	30
3304	24
3305	27
3306	25
3307	18
3308	18
3309	22
3310	21
3311	35
3312	20
3313	23
3314	22
3315	19
3316	18
3317	15
3318	27
3319	25
3320	16
3321	28
3322	25
3323	26
3324	19
3325	22
3326	28
3327	20
3328	23
3329	33
3330	22
3331	31
3332	26
3333	26
3334	21
3335	22
3336	13
3337	15
3338	38
3339	31
3340	32
3341	27
3342	18
3343	25
3344	23
3345	28
3346	12
3347	25
3348	28
3349	24
3350	20
3351	22
3352	21
3353	29
3354	28
3355	26
3356	21
3357	16
3358	22
3359	31
3360	23
3361	25
3362	26
3363	27
3364	26
3365	17
3366	24
3367	27
3368	17
3369	17
3370	17
3371	24
3372	18
3373	15
3374	29
3375	30
3376	28
3377	25
3378	30
3379	16
3380	20
3381	21
3382	17
3383	18
3384	22
3385	20
3386	25
3387	20
3388	18
3389	19
3390	28
3391	21
3392	20
3393	25
3394	26
3395	24
3396	22
3397	23
3398	22
3399	26
3400	17
3401	20
3402	23
3403	18
3404	29
3405	26
3406	18
3407	14
3408	22
3409	19
3410	12
3411	28
3412	21
3413	21
3414	19
3415	18
3416	24
3417	25
3418	17
3419	17
3420	16
3421	17
3422	20
3423	16
3424	27
3425	19
3426	18
3427	20
3428	16
3429	22
3430	22
3431	20
3432	21
3433	21
3434	21
3435	19
3436	18
3437	21
3438	20
3439	25
3440	21
3441	21
3442	21
3443	17
3444	21
3445	13
3446	25
3447	25
3448	27
3449	18
3450	23
3451	26
3452	21
3453	29
3454	19
3455	21
3456	19
3457	18
3458	16
3459	25
3460	20
3461	27
3462	20
3463	19
3464	30
3465	23
3466	27
3467	15
3468	22
3469	17
3470	21
3471	25
3472	21
3473	23
3474	13
3475	17
3476	17
3477	20
3478	22
3479	22
3480	23
3481	17
3482	19
3483	15
3484	18
3485	20
3486	23
3487	19
3488	19
3489	17
3490	23
3491	27
3492	21
3493	26
3494	24
3495	28
3496	26
3497	21
3498	25
3499	23
3500	18
3501	12
3502	19
3503	13
3504	23
3505	19
3506	29
3507	23
3508	21
3509	28
3510	14
3511	30
3512	18
3513	12
3514	19
3515	13
3516	19
3517	18
3518	23
3519	22
3520	26
3521	21
3522	21
3523	18
3524	15
3525	23
3526	23
3527	21
3528	17
3529	21
3530	21
3531	20
3532	23
3533	22
3534	25
3535	19
3536	14
3537	17
3538	19
3539	16
3540	25
3541	21
3542	17
3543	27
3544	25
3545	24
3546	26
3547	11
3548	23
3549	20
3550	13
3551	14
3552	12
3553	18
3554	15
3555	15
3556	24
3557	18
3558	14
3559	16
3560	26
3561	24
3562	16
3563	16
3564	16
3565	10
3566	25
3567	18
3568	21
3569	21
3570	13
3571	15
3572	23
3573	27
3574	25
3575	22
3576	25
3577	19
3578	17
3579	18
3580	17
3581	14
3582	19
3583	18
3584	19
3585	12
3586	20
3587	28
3588	21
3589	16
3590	20
3591	19
3592	23
3593	17
3594	24
3595	21
3596	18
3597	28
3598	17
3599	25
3600	22
3601	16
3602	18
3603	18
3604	24
3605	17
3606	25
3607	16
3608	13
3609	32
3610	25
3611	22
3612	21
3613	21
3614	14
3615	18
3616	26
3617	17
3618	16
3619	13
3620	18
3621	14
3622	20
3623	18
3624	22
3625	21
3626	17
3627	15
3628	17
3629	15
3630	20
3631	17
3632	18
3633	26
3634	15
3635	17
3636	19
3637	23
3638	16
3639	18
3640	21
3641	14
3642	20
3643	13
3644	19
3645	14
3646	13
3647	19
3648	17
3649	16
3650	20
3651	23
3652	20
3653	19
3654	15
3655	14
3656	23
3657	22
3658	25
3659	26
3660	21
3661	19
3662	22
3663	14
3664	20
3665	24
3666	22
3667	26
3668	18
3669	13
3670	26
3671	26
3672	21
3673	20
3674	24
3675	18
3676	23
3677	23
3678	17
3679	12
3680	25
3681	15
3682	18
3683	15
3684	10
3685	27
3686	19
3687	10
3688	17
3689	14
3690	26
3691	18
3692	21
3693	20
3694	18
3695	22
3696	16
3697	17
3698	24
3699	16
3700	17
3701	14
3702	30
3703	30
3704	22
3705	18
3706	25
3707	19
3708	15
3709	23
3710	19
3711	17
3712	20
3713	22
3714	17
3715	19
3716	19
3717	20
3718	14
3719	15
3720	17
3721	29
3722	11
3723	22
3724	19
3725	10
3726	23
3727	23
3728	19
3729	22
3730	20
3731	27
3732	13
3733	20
3734	16
3735	20
3736	19
3737	24
3738	19
3739	25
3740	17
3741	28
3742	24
3743	19
3744	28
3745	26
3746	18
3747	14
3748	21
3749	20
3750	23
3751	22
3752	21
3753	20
3754	17
3755	22
3756	20
3757	25
3758	28
3759	28
3760	25
3761	25
3762	27
3763	28
3764	19
3765	20
3766	12
3767	28
3768	18
3769	28
3770	18
3771	18
3772	28
3773	28
3774	23
3775	25
3776	19
3777	19
3778	23
3779	29
3780	24
3781	21
3782	34
3783	19
3784	25
3785	29
3786	38
3787	25
3788	36
3789	23
3790	27
3791	25
3792	19
3793	22
3794	23
3795	39
3796	31
3797	24
3798	24
3799	21
3800	27
3801	21
3802	30
3803	35
3804	33
3805	30
3806	32
3807	29
3808	32
3809	29
3810	32
3811	34
3812	28
3813	31
3814	41
3815	30
3816	32
3817	25
3818	30
3819	37
3820	36
3821	47
3822	39
3823	36
3824	34
3825	31
3826	34
3827	33
3828	27
3829	41
3830	31
3831	43
3832	39
3833	44
3834	38
3835	43
3836	45
3837	39
3838	42
3839	36
3840	42
3841	49
3842	43
3843	59
3844	52
3845	48
3846	46
3847	38
3848	48
3849	51
3850	52
3851	58
3852	49
3853	65
3854	48
3855	55
3856	55
3857	43
3858	50
3859	48
3860	55
3861	44
3862	51
3863	63
3864	67
3865	57
3866	59
3867	70
3868	61
3869	65
3870	51
3871	53
3872	48
3873	71
3874	59
3875	85
3876	72
3877	72
3878	71
3879	71
3880	58
3881	78
3882	72
3883	93
3884	90
3885	73
3886	72
3887	86
3888	87
3889	77
3890	84
3891	92
3892	77
3893	84
3894	104
3895	94
3896	93
3897	93
3898	102
3899	94
3900	91
3901	99
3902	93
3903	118
3904	98
3905	92
3906	88
3907	126
3908	101
3909	114
3910	134
3911	105
3912	118
3913	145
3914	109
3915	120
3916	127
3917	118
3918	139
3919	102
3920	127
3921	140
3922	131
3923	150
3924	139
3925	142
3926	164
3927	160
3928	161
3929	113
3930	143
3931	158
3932	184
3933	148
3934	165
3935	148
3936	142
3937	169
3938	166
3939	153
3940	146
3941	168
3942	178
3943	162
3944	183
3945	172
3946	200
3947	178
3948	195
3949	190
3950	197
3951	195
3952	199
3953	193
3954	201
3955	202
3956	217
3957	206
3958	214
3959	195
3960	244
3961	207
3962	215
3963	229
3964	206
3965	256
3966	246
3967	230
3968	218
3969	252
3970	250
3971	297
3972	262
3973	238
3974	261
3975	269
3976	254
3977	301
3978	253
3979	268
3980	286
3981	302
3982	285
3983	297
3984	276
3985	314
3986	290
3987	282
3988	297
3989	303
3990	317
3991	294
3992	345
3993	328
3994	321
3995	346
3996	352
3997	322
3998	343
3999	330
4000	360
4001	381
4002	330
4003	352
4004	380
4005	373
4006	385
4007	370
4008	392
4009	383
4010	404
4011	361
4012	421
4013	422
4014	413
4015	377
4016	399
4017	414
4018	408
4019	424
4020	430
4021	428
4022	440
4023	453
4024	462
4025	469
4026	431
4027	473
4028	475
4029	473
4030	516
4031	509
4032	460
4033	483
4034	517
4035	491
4036	492
4037	445
4038	481
4039	507
4040	521
4041	516
4042	540
4043	486
4044	540
4045	554
4046	562
4047	509
4048	546
4049	617
4050	549
4051	597
4052	580
4053	544
4054	540
4055	536
4056	563
4057	589
4058	605
4059	579
4060	574
4061	623
4062	625
4063	595
4064	634
4065	629
4066	658
4067	635
4068	612
4069	606
4070	680
4071	620
4072	619
4073	657
4074	686
4075	696
4076	658
4077	700
4078	715
4079	660
4080	645
4081	674
4082	680
4083	740
4084	666
4085	706
4086	678
4087	702
4088	732
4089	709
4090	707
4091	728
4092	756
4093	725
4094	740
4095	739
4096	754
4097	692
4098	746
4099	793
4100	790
4101	787
4102	822
4103	728
4104	777
4105	789
4106	760
4107	815
4108	803
4109	747
4110	808
4111	785
4112	782
4113	804
4114	866
4115	799
4116	824
4117	834
4118	780
4119	811
4120	841
4121	833
4122	758
4123	819
4124	857
4125	882
4126	848
4127	848
4128	878
4129	837
4130	838
4131	844
4132	867
4133	859
4134	851
4135	844
4136	837
4137	847
4138	847
4139	885
4140	861
4141	878
4142	901
4143	899
4144	899
4145	896
4146	837
4147	890
4148	873
4149	871
4150	894
4151	867
4152	910
4153	916
4154	879
4155	858
4156	881
4157	894
4158	893
4159	905
4160	864
4161	913
4162	917
4163	902
4164	908
4165	935
4166	906
4167	907
4168	859
4169	920
4170	903
4171	923
4172	944
4173	879
4174	901
4175	936
4176	903
4177	929
4178	878
4179	897
4180	869
4181	864
4182	874
4183	932
4184	910
4185	909
4186	937
4187	869
4188	834
4189	957
4190	855
4191	864
4192	928
4193	919
4194	860
4195	905
4196	935
4197	849
4198	867
4199	894
4200	887
4201	881
4202	891
4203	868
4204	805
4205	873
4206	872
4207	831
4208	800
4209	856
4210	840
4211	847
4212	883
4213	825
4214	818
4215	844
4216	831
4217	808
4218	857
4219	863
4220	808
4221	799
4222	867
4223	823
4224	807
4225	824
4226	864
4227	805
4228	838
4229	786
4230	780
4231	805
4232	744
4233	778
4234	851
4235	792
4236	736
4237	783
4238	801
4239	745
4240	735
4241	764
4242	812
4243	766
4244	774
4245	747
4246	761
4247	717
4248	709
4249	759
4250	780
4251	708
4252	720
4253	727
4254	687
4255	699
4256	660
4257	675
4258	703
4259	708
4260	611
4261	668
4262	612
4263	714
4264	670
4265	622
4266	621
4267	643
4268	626
4269	659
4270	657
4271	668
4272	621
4273	604
4274	665
4275	622
4276	569
4277	608
4278	649
4279	605
4280	617
4281	591
4282	592
4283	620
4284	560
4285	566
4286	578
4287	540
4288	506
4289	568
4290	499
4291	537
4292	522
4293	536
4294	535
4295	506
4296	542
4297	522
4298	486
4299	435
4300	479
4301	482
4302	476
4303	528
4304	478
4305	484
4306	470
4307	492
4308	483
4309	471
4310	482
4311	458
4312	436
4313	418
4314	451
4315	402
4316	420
4317	400
4318	448
4319	405
4320	419
4321	393
4322	418
4323	403
4324	365
4325	399
4326	368
4327	392
4328	356
4329	406
4330	379
4331	381
4332	382
4333	352
4334	317
4335	359
4336	350
4337	341
4338	321
4339	313
4340	299
4341	343
4342	285
4343	323
4344	318
4345	306
4346	289
4347	311
4348	338
4349	276
4350	312
4351	243
4352	252
4353	260
4354	261
4355	269
4356	274
4357	248
4358	251
4359	220
4360	247
4361	270
4362	242
4363	219
4364	235
4365	264
4366	218
4367	240
4368	215
4369	209
4370	230
4371	236
4372	192
4373	208
4374	194
4375	188
4376	199
4377	215
4378	191
4379	186
4380	228
4381	194
4382	171
4383	187
4384	202
4385	184
4386	156
4387	190
4388	163
4389	144
4390	164
4391	157
4392	161
4393	168
4394	148
4395	153
4396	140
4397	148
4398	132
4399	139
4400	162
4401	140
4402	127
4403	118
4404	117
4405	130
4406	101
4407	127
4408	117
4409	116
4410	129
4411	102
4412	122
4413	104
4414	95
4415	101
4416	98
4417	122
4418	98
4419	111
4420	105
4421	92
4422	89
4423	94
4424	86
4425	85
4426	89
4427	76
4428	81
4429	87
4430	74
4431	83
4432	78
4433	82
4434	75
4435	92
4436	70
4437	74
4438	57
4439	74
4440	60
4441	66
4442	60
4443	60
4444	76
4445	53
4446	62
4447	48
4448	62
4449	52
4450	54
4451	44
4452	60
4453	67
4454	50
4455	43
4456	45
4457	38
4458	63
4459	43
4460	54
4461	32
4462	49
4463	51
4464	50
4465	46
4466	36
4467	36
4468	35
4469	28
4470	37
4471	35
4472	43
4473	30
4474	43
4475	22
4476	31
4477	33
4478	34
4479	31
4480	33
4481	25
4482	14
4483	28
4484	31
4485	24
4486	23
4487	22
4488	25
4489	26
4490	17
4491	32
4492	21
4493	20
4494	24
4495	31
4496	11
4497	20
4498	16
4499	19
4500	13
4501	19
4502	21
4503	17
4504	26
4505	13
4506	18
4507	20
4508	13
4509	13
4510	17
4511	16
4512	11
4513	17
4514	21
4515	21
4516	11
4517	12
4518	14
4519	9
4520	8
4521	9
4522	10
4523	11
4524	5
4525	12
4526	8
4527	8
4528	13
4529	15
4530	6
4531	11
4532	9
4533	6
4534	11
4535	4
4536	11
4537	8
4538	4
4539	8
4540	7
4541	6
4542	1
4543	10
4544	10
4545	10
4546	15
4547	9
4548	7
4549	6
4550	2
4551	6
4552	3
4553	3
4554	5
4555	3
4556	3
4557	7
4558	5
4559	5
4560	1
4561	5
4562	7
4563	2
4564	3
4565	3
4566	6
4567	1
4568	5
4569	5
4570	3
4571	9
4572	4
4573	6
4574	4
4575	4
4576	5
4577	2
4578	4
4579	3
4580	3
4581	7
4582	2
4583	2
4584	4
4585	5
4586	5
4587	2
4588	4
4589	3
4590	5
4591	3
4592	2
4593	4
4594	2
4595	1
4596	2
4597	5
4598	0
4599	2
4600	2
4601	1
4602	3
4603	0
4604	0
4605	1
4606	2
4607	3
4608	1
4609	2
4610	4
4611	4
4612	2
4613	1
4614	2
4615	3
4616	1
4617	1
4618	3
4619	0
4620	3
4621	3
4622	1
4623	1
4624	4
4625	4
4626	3
4627	1
4628	4
4629	1
4630	1
4631	4
4632	3
4633	7
4634	2
4635	0
4636	2
4637	2
4638	2
4639	1
4640	0
4641	1
4642	0
4643	4
4644	4
4645	2
4646	5
4647	1
4648	1
4649	3
4650	1
4651	3
4652	2
4653	4
4654	2
4655	2
4656	0
4657	2
4658	1
4659	3
4660	2
4661	0
4662	3
4663	4
4664	2
4665	3
4666	3
4667	1
4668	1
4669	2
4670	2
4671	2
4672	2
4673	1
4674	2
4675	1
4676	2
4677	2
4678	2
4679	2
4680	1
4681	1
4682	0
4683	1
4684	3
4685	4
4686	0
4687	1
4688	3
4689	2
4690	4
4691	5
4692	2
4693	0
4694	1
4695	6
4696	2
4697	2
4698	1
4699	2
4700	2
4701	2
4702	2
4703	4
4704	1
4705	2
4706	4
4707	1
4708	3
4709	0
4710	0
4711	4
4712	0
4713	4
4714	1
4715	0
4716	3
4717	2
4718	2
4719	1
4720	1
4721	0
4722	1
4723	2
4724	2
4725	2
4726	0
4727	0
4728	0
4729	1
4730	5
4731	2
4732	3
4733	2
4734	1
4735	1
4736	1
4737	1
4738	2
4739	0
4740	2
4741	0
4742	1
4743	3
4744	1
4745	0
4746	2
4747	2
4748	1
4749	1
4750	1
4751	1
4752	1
4753	3
4754	3
4755	2
4756	0
4757	1
4758	0
4759	0
4760	1
4761	1
4762	1
4763	3
4764	1
4765	4
4766	1
4767	2
4768	2
4769	1
4770	4
4771	2
4772	4
4773	0
4774	2
4775	0
4776	2
4777	1
4778	2
4779	2
4780	2
4781	2
4782	5
4783	0
4784	2
4785	4
4786	2
4787	2
4788	1
4789	2
4790	4
4791	1
4792	5
4793	3
4794	1
4795	1
4796	0
4797	5
4798	1
4799	1
4800	2
4801	1
4802	0
4803	3
4804	2
4805	3
4806	0
4807	2
4808	2
4809	2
4810	1
4811	2
4812	2
4813	2
4814	4
4815	2
4816	2
4817	1
4818	2
4819	1
4820	0
4821	1
4822	1
4823	2
4824	3
4825	2
4826	2
4827	4
4828	1
4829	1
4830	0
4831	6
4832	1
4833	0
4834	4
4835	0
4836	3
4837	1
4838	3
4839	1
4840	2
4841	0
4842	2
4843	0
4844	1
4845	0
4846	0
4847	3
4848	1
4849	1
4850	0
4851	2
4852	1
4853	2
4854	2
4855	2
4856	0
4857	0
4858	1
4859	3
4860	2
4861	2
4862	0
4863	3
4864	2
4865	4
4866	2
4867	2
4868	4
4869	1
4870	1
4871	1
4872	4
4873	3
4874	3
4875	3
4876	2
4877	0
4878	3
4879	4
4880	2
4881	2
4882	3
4883	4
4884	2
4885	1
4886	2
4887	0
4888	5
4889	2
4890	0
4891	0
4892	3
4893	2
4894	4
4895	2
4896	2
4897	0
4898	2
4899	2
4900	2
4901	1
4902	1
4903	2
4904	3
4905	1
4906	2
4907	0
4908	1
4909	1
4910	4
4911	2
4912	2
4913	0
4914	0
4915	0
4916	1
4917	5
4918	1
4919	2
4920	1
4921	0
4922	1
4923	1
4924	3
4925	1
4926	2
4927	0
4928	0
4929	0
4930	2
4931	1
4932	4
4933	2
4934	1
4935	1
4936	1
4937	2
4938	3
4939	1
4940	1
4941	2
4942	3
4943	2
4944	1
4945	3
4946	0
4947	2
4948	3
4949	0
4950	0
4951	1
4952	1
4953	4
4954	2
4955	1
4956	1
4957	0
4958	2
4959	1
4960	0
4961	1
4962	2
4963	1
4964	2
4965	1
4966	2
4967	1
4968	3
4969	0
4970	2
4971	1
4972	2
4973	6
4974	4
4975	2
4976	1
4977	1
4978	2
4979	0
4980	1
4981	3
4982	1
4983	2
4984	1
4985	0
4986	0
4987	1
4988	1
4989	2
4990	3
4991	0
4992	0
4993	1
4994	1
4995	3
4996	1
4997	3
4998	1
4999	1
5000	2
5001	0
5002	2
5003	3
5004	0
5005	0
5006	3
5007	1
5008	0
5009	0
5010	0
5011	0
5012	4
5013	1
5014	2
5015	1
5016	3
5017	0
5018	2
5019	4
5020	0
5021	1
5022	1
5023	0
5024	2
5025	2
5026	2
5027	1
5028	7
5029	1
5030	2
5031	1
5032	3
5033	1
5034	1
5035	0
5036	1
5037	1
5038	2
5039	1
5040	1
5041	1
5042	0
5043	0
5044	0
5045	1
5046	1
5047	3
5048	1
5049	2
5050	2
5051	1
5052	2
5053	1
5054	3
5055	1
5056	1
5057	3
5058	1
5059	1
5060	1
5061	4
5062	0
5063	0
5064	2
5065	1
5066	1
5067	2
5068	0
5069	1
5070	2
5071	1
5072	1
5073	2
5074	2
5075	2
5076	1
5077	0
5078	2
5079	0
5080	1
5081	1
5082	2
5083	0
5084	2
5085	2
5086	3
5087	0
5088	1
5089	1
5090	0
5091	0
5092	3
5093	0
5094	2
5095	1
5096	1
5097	2
5098	0
5099	1
5100	1
5101	2
5102	1
5103	1
5104	2
5105	2
5106	2
5107	1
5108	2
5109	2
5110	0
5111	5
5112	1
5113	1
5114	0
5115	2
5116	1
5117	3
5118	2
5119	2
5120	0
5121	3
5122	1
5123	2
5124	1
5125	1
5126	2
5127	1
5128	1
5129	2
5130	0
5131	1
5132	1
5133	1
5134	0
5135	2
5136	3
5137	2
5138	4
5139	2
5140	2
5141	1
5142	1
5143	1
5144	2
5145	1
5146	0
5147	2
5148	1
5149	2
5150	2
5151	1
5152	1
5153	3
5154	5
5155	2
5156	2
5157	0
5158	1
5159	1
5160	4
5161	1
5162	1
5163	0
5164	0
5165	3
5166	3
5167	2
5168	1
5169	2
5170	1
5171	0
5172	1
5173	1
5174	1
5175	1
5176	0
5177	1
5178	0
5179	1
5180	3
5181	1
5182	3
5183	0
5184	1
5185	1
5186	1
5187	1
5188	1
5189	2
5190	0
5191	1
5192	1
5193	1
5194	3
5195	1
5196	2
5197	4
5198	0
5199	0
5200	1
5201	1
5202	0
5203	4
5204	2
5205	3
5206	0
5207	1
5208	0
5209	0
5210	0
5211	1
5212	0
5213	2
5214	3
5215	0
5216	0
5217	1
5218	0
5219	0
5220	3
5221	1
5222	4
5223	0
5224	2
5225	2
5226	0
5227	3
5228	2
5229	2
5230	2
5231	1
5232	2
5233	2
5234	1
5235	1
5236	1
5237	1
5238	1
5239	0
5240	4
5241	0
5242	2
5243	3
5244	0
5245	3
5246	3
5247	3
5248	1
5249	0
5250	2
5251	0
5252	1
5253	4
5254	1
5255	1
5256	0
5257	3
5258	0
5259	3
5260	1
5261	0
5262	2
5263	0
5264	3
5265	3
5266	3
5267	2
5268	1
5269	1
5270	0
5271	0
5272	3
5273	0
5274	1
5275	0
5276	1
5277	1
5278	1
5279	2
5280	2
5281	1
5282	3
5283	4
5284	4
5285	1
5286	1
5287	1
5288	3
5289	4
5290	2
5291	1
5292	2
5293	2
5294	0
5295	3
5296	2
5297	2
5298	2
5299	0
5300	3
5301	0
5302	2
5303	0
5304	0
5305	3
5306	4
5307	0
5308	1
5309	1
5310	0
5311	0
5312	2
5313	2
5314	0
5315	1
5316	2
5317	6
5318	3
5319	1
5320	0
5321	3
5322	1
5323	1
5324	0
5325	2
5326	1
5327	0
5328	1
5329	1
5330	1
5331	0
5332	1
5333	0
5334	0
5335	2
5336	2
5337	1
5338	1
5339	1
5340	0
5341	3
5342	0
5343	4
5344	2
5345	0
5346	0
5347	1
5348	5
5349	2
5350	2
5351	1
5352	2
5353	1
5354	2
5355	2
5356	1
5357	0
5358	1
5359	1
5360	1
5361	1
5362	0
5363	2
5364	4
5365	1
5366	1
5367	1
5368	2
5369	3
5370	0
5371	0
5372	1
5373	1
5374	0
5375	0
5376	1
5377	1
5378	1
5379	1
5380	1
5381	1
5382	0
5383	4
5384	1
5385	4
5386	1
5387	0
5388	1
5389	0
5390	1
5391	1
5392	2
5393	1
5394	0
5395	5
5396	0
5397	2
5398	1
5399	1
5400	2
5401	1
5402	2
5403	2
5404	1
5405	2
5406	0
5407	5
5408	3
5409	2
5410	1
5411	2
5412	4
5413	1
5414	2
5415	1
5416	2
5417	3
5418	2
5419	2
5420	2
5421	0
5422	0
5423	1
5424	5
5425	2
5426	0
5427	3
5428	3
5429	1
5430	1
5431	3
5432	3
5433	3
5434	3
5435	3
5436	0
5437	2
5438	1
5439	3
5440	2
5441	1
5442	2
5443	3
5444	0
5445	1
5446	1
5447	2
5448	1
5449	0
5450	0
5451	1
5452	0
5453	1
5454	0
5455	2
5456	5
5457	1
5458	1
5459	0
5460	0
5461	1
5462	1
5463	0
5464	3
5465	3
5466	1
5467	1
5468	1
5469	2
5470	2
5471	1
5472	2
5473	1
5474	0
5475	3
5476	1
5477	0
5478	1
5479	2
5480	1
5481	2
5482	3
5483	0
5484	0
5485	2
5486	0
5487	1
5488	2
5489	1
5490	2
5491	2
5492	4
5493	0
5494	3
5495	1
5496	1
5497	2
5498	2
5499	0
5500	2
5501	1
5502	3
5503	0
5504	3
5505	1
5506	2
5507	3
5508	2
5509	2
5510	1
5511	1
5512	0
5513	0
5514	1
5515	1
5516	1
5517	1
5518	2
5519	2
5520	2
5521	3
5522	1
5523	1
5524	1
5525	0
5526	1
5527	1
5528	1
5529	3
5530	1
5531	1
5532	2
5533	0
5534	1
5535	2
5536	1
5537	2
5538	1
5539	0
5540	2
5541	2
5542	1
5543	4
5544	0
5545	0
5546	1
5547	1
5548	0
5549	2
5550	0
5551	3
5552	4
5553	3
5554	2
5555	1
5556	2
5557	1
5558	1
5559	2
5560	2
5561	2
5562	1
5563	0
5564	1
5565	2
5566	3
5567	2
5568	1
5569	2
5570	1
5571	4
5572	1
5573	1
5574	1
5575	2
5576	1
5577	0
5578	2
5579	2
5580	1
5581	2
5582	1
5583	3
5584	1
5585	3
5586	0
5587	0
5588	1
5589	2
5590	1
5591	0
5592	4
5593	2
5594	2
5595	2
5596	1
5597	0
5598	1
5599	0
5600	1
5601	2
5602	2
5603	1
5604	1
5605	2
5606	2
5607	3
5608	2
5609	3
5610	1
5611	1
5612	2
5613	3
5614	2
5615	2
5616	0
5617	2
5618	0
5619	0
5620	0
5621	3
5622	1
5623	1
5624	2
5625	0
5626	0
5627	2
5628	1
5629	0
5630	1
5631	0
5632	2
5633	1
5634	1
5635	1
5636	0
5637	1
5638	1
5639	0
5640	5
5641	1
5642	0
5643	0
5644	2
5645	1
5646	1
5647	4
5648	1
5649	1
5650	3
5651	0
5652	2
5653	0
5654	4
5655	1
5656	0
5657	1
5658	1
5659	3
5660	2
5661	3
5662	3
5663	2
5664	2
5665	0
5666	0
5667	0
5668	0
5669	1
5670	4
5671	0
5672	1
5673	0
5674	2
5675	2
5676	2
5677	1
5678	2
5679	2
5680	2
5681	1
5682	1
5683	2
5684	3
5685	0
5686	0
5687	2
5688	4
5689	0
5690	0
5691	4
5692	1
5693	0
5694	2
5695	1
5696	1
5697	3
5698	0
5699	2
5700	4
5701	1
5702	1
5703	2
5704	2
5705	4
5706	0
5707	1
5708	1
5709	0
5710	3
5711	1
5712	0
5713	2
5714	2
5715	2
5716	3
5717	2
5718	0
5719	2
5720	0
5721	2
5722	2
5723	1
5724	1
5725	0
5726	1
5727	0
5728	1
5729	2
5730	0
5731	2
5732	1
5733	2
5734	1
5735	1
5736	1
5737	1
5738	0
5739	1
5740	0
5741	2
5742	1
5743	3
5744	0
5745	1
5746	2
5747	0
5748	2
5749	0
5750	1
5751	1
5752	0
5753	2
5754	0
5755	2
5756	1
5757	4
5758	2
5759	0
5760	3
5761	2
5762	1
5763	0
5764	1
5765	0
5766	2
5767	1
5768	0
5769	0
5770	1
5771	3
5772	1
5773	4
5774	3
5775	3
5776	2
5777	1
5778	0
5779	2
5780	3
5781	3
5782	0
5783	2
5784	0
5785	0
5786	0
5787	4
5788	0
5789	2
5790	1
5791	4
5792	0
5793	1
5794	2
5795	0
5796	0
5797	0
5798	1
5799	1
5800	4
5801	0
5802	3
5803	0
5804	3
5805	1
5806	2
5807	1
5808	2
5809	2
5810	0
5811	0
5812	0
5813	0
5814	1
5815	0
5816	2
5817	1
5818	1
5819	0
5820	0
5821	2
5822	2
5823	2
5824	1
5825	1
5826	0
5827	1
5828	0
5829	1
5830	1
5831	2
5832	5
5833	0
5834	0
5835	1
5836	1
5837	2
5838	3
5839	0
5840	2
5841	1
5842	0
5843	2
5844	1
5845	2
5846	0
5847	1
5848	0
5849	0
5850	3
5851	3
5852	3
5853	1
5854	5
5855	3
5856	2
5857	3
5858	0
5859	1
5860	3
5861	0
5862	2
5863	2
5864	2
5865	0
5866	2
5867	2
5868	2
5869	0
5870	1
5871	1
5872	3
5873	3
5874	1
5875	2
5876	3
5877	1
5878	1
5879	1
5880	3
5881	1
5882	0
5883	0
5884	1
5885	4
5886	2
5887	1
5888	1
5889	1
5890	4
5891	0
5892	0
5893	0
5894	2
5895	1
5896	0
5897	2
5898	0
5899	1
5900	1
5901	2
5902	2
5903	4
5904	0
5905	2
5906	1
5907	0
5908	1
5909	2
5910	1
5911	1
5912	2
5913	2
5914	3
5915	0
5916	1
5917	1
5918	3
5919	3
5920	4
5921	3
5922	2
5923	0
5924	1
5925	1
5926	0
5927	2
5928	4
5929	0
5930	0
5931	2
5932	3
5933	3
5934	1
5935	2
5936	1
5937	0
5938	2
5939	1
5940	1
5941	2
5942	2
5943	2
5944	2
5945	3
5946	1
5947	1
5948	0
5949	0
5950	0
5951	2
5952	2
5953	1
5954	4
5955	3
5956	2
5957	1
5958	5
5959	3
5960	0
5961	1
5962	4
5963	2
5964	0
5965	3
5966	1
5967	2
5968	1
5969	3
5970	0
5971	2
5972	1
5973	2
5974	2
5975	0
5976	1
5977	1
5978	0
5979	2
5980	0
5981	0
5982	2
5983	0
5984	0
5985	2
5986	1
5987	1
5988	3
5989	2
5990	3
5991	0
5992	1
5993	2
5994	0
5995	1
5996	0
5997	0
5998	1
5999	0
6000	3
6001	1
6002	2
6003	0
6004	4
6005	1
6006	0
6007	1
6008	1
6009	0
6010	2
6011	0
6012	1
6013	0
6014	0
6015	2
6016	1
6017	2
6018	2
6019	2
6020	2
6021	1
6022	1
6023	1
6024	2
6025	0
6026	1
6027	4
6028	1
6029	2
6030	2
6031	2
6032	0
6033	2
6034	0
6035	0
6036	1
6037	2
6038	3
6039	1
6040	2
6041	1
6042	1
6043	0
6044	1
6045	2
6046	1
6047	3
6048	0
6049	3
6050	3
6051	0
6052	1
6053	2
6054	1
6055	1
6056	2
6057	1
6058	2
6059	1
6060	1
6061	1
6062	0
6063	3
6064	0
6065	0
6066	2
6067	1
6068	1
6069	1
6070	3
6071	1
6072	1
6073	1
6074	3
6075	2
6076	2
6077	2
6078	3
6079	0
6080	0
6081	1
6082	3
6083	4
6084	4
6085	0
6086	0
6087	2
6088	0
6089	0
6090	1
6091	2
6092	0
6093	0
6094	0
6095	3
6096	0
6097	2
6098	1
6099	2
6100	1
6101	1
6102	3
6103	1
6104	3
6105	3
6106	2
6107	1
6108	1
6109	1
6110	3
6111	1
6112	1
6113	1
6114	1
6115	0
6116	0
6117	0
6118	3
6119	1
6120	1
6121	0
6122	0
6123	0
6124	2
6125	1
6126	2
6127	2
6128	0
6129	1
6130	2
6131	1
6132	1
6133	1
6134	2
6135	0
6136	3
6137	1
6138	1
6139	0
6140	1
6141	1
6142	0
6143	1
6144	1
6145	1
6146	1
6147	2
6148	2
6149	2
6150	2
6151	1
6152	0
6153	0
6154	1
6155	3
6156	3
6157	0
6158	1
6159	0
6160	2
6161	1
6162	1
6163	1
6164	1
6165	0
6166	1
6167	4
6168	0
6169	1
6170	0
6171	0
6172	1
6173	0
6174	3
6175	2
6176	2
6177	0
6178	2
6179	1
6180	0
6181	1
6182	0
6183	1
6184	0
6185	1
6186	1
6187	2
6188	0
6189	0
6190	1
6191	3
6192	0
6193	2
6194	0
6195	1
6196	0
6197	1
6198	1
6199	1
6200	3
6201	1
6202	3
6203	1
6204	1
6205	0
6206	5
6207	3
6208	1
6209	2
6210	0
6211	1
6212	4
6213	1
6214	1
6215	1
6216	1
6217	1
6218	3
6219	0
6220	0
6221	0
6222	0
6223	2
6224	1
6225	0
6226	2
6227	2
6228	1
6229	1
6230	1
6231	1
6232	0
6233	2
6234	3
6235	2
6236	1
6237	0
6238	2
6239	1
6240	0
6241	0
6242	0
6243	0
6244	1
6245	1
6246	2
6247	0
6248	0
6249	4
6250	0
6251	0
6252	0
6253	3
6254	2
6255	1
6256	0
6257	3
6258	1
6259	0
6260	2
6261	2
6262	0
6263	0
6264	2
6265	3
6266	0
6267	1
6268	2
6269	1
6270	3
6271	0
6272	1
6273	1
6274	1
6275	0
6276	1
6277	0
6278	0
6279	0
6280	0
6281	0
6282	1
6283	2
6284	2
6285	0
6286	1
6287	2
6288	2
6289	2
6290	4
6291	1
6292	2
6293	1
6294	2
6295	2
6296	0
6297	1
6298	0
6299	2
6300	2
6301	1
6302	0
6303	0
6304	5
6305	3
6306	1
6307	0
6308	0
6309	1
6310	0
6311	0
6312	0
6313	3
6314	1
6315	1
6316	1
6317	1
6318	2
6319	0
6320	0
6321	1
6322	0
6323	0
6324	1
6325	0
6326	0
6327	0
6328	1
6329	2
6330	2
6331	1
6332	1
6333	1
6334	1
6335	2
6336	1
6337	1
6338	2
6339	0
6340	1
6341	1
6342	2
6343	1
6344	1
6345	0
6346	1
6347	0
6348	1
6349	2
6350	0
6351	0
6352	1
6353	2
6354	1
6355	3
6356	1
6357	1
6358	1
6359	0
6360	1
6361	0
6362	2
6363	1
6364	0
6365	1
6366	1
6367	1
6368	2
6369	2
6370	3
6371	1
6372	4
6373	2
6374	1
6375	2
6376	0
6377	0
6378	1
6379	0
6380	1
6381	1
6382	4
6383	1
6384	2
6385	1
6386	3
6387	0
6388	0
6389	1
6390	0
6391	2
6392	1
6393	0
6394	0
6395	0
6396	0
6397	0
6398	1
6399	0
6400	0
6401	1
6402	0
6403	1
6404	1
6405	0
6406	2
6407	1
6408	0
6409	1
6410	4
6411	3
6412	1
6413	1
6414	0
6415	2
6416	0
6417	2
6418	2
6419	0
6420	0
6421	0
6422	0
6423	1
6424	0
6425	0
6426	2
6427	2
6428	0
6429	0
6430	1
6431	0
6432	1
6433	1
6434	3
6435	0
6436	2
6437	1
6438	3
6439	0
6440	0
6441	1
6442	1
6443	0
6444	1
6445	0
6446	0
6447	1
6448	1
6449	1
6450	1
6451	1
6452	2
6453	2
6454	0
6455	1
6456	3
6457	2
6458	4
6459	0
6460	0
6461	0
6462	0
6463	0
6464	1
6465	1
6466	1
6467	0
6468	3
6469	0
6470	2
6471	0
6472	1
6473	0
6474	0
6475	1
6476	1
6477	1
6478	0
6479	2
6480	2
6481	2
6482	1
6483	0
6484	2
6485	1
6486	1
6487	1
6488	1
6489	2
6490	0
6491	0
6492	2
6493	0
6494	0
6495	2
6496	0
6497	0
6498	0
6499	0
6500	0
6501	1
6502	1
6503	1
6504	2
6505	0
6506	0
6507	0
6508	0
6509	1
6510	2
6511	0
6512	0
6513	0
6514	0
6515	1
6516	1
6517	1
6518	3
6519	3
6520	0
6521	0
6522	2
6523	0
6524	1
6525	0
6526	2
6527	1
6528	1
6529	2
6530	0
6531	1
6532	1
6533	2
6534	1
6535	1
6536	1
6537	1
6538	1
6539	2
6540	1
6541	2
6542	1
6543	1
6544	0
6545	0
6546	2
6547	1
6548	1
6549	1
6550	1
6551	2
6552	1
6553	0
6554	0
6555	2
6556	2
6557	0
6558	2
6559	0
6560	0
6561	2
6562	1
6563	0
6564	0
6565	0
6566	0
6567	0
6568	2
6569	1
6570	0
6571	0
6572	0
6573	1
6574	3
6575	1
6576	1
6577	1
6578	1
6579	1
6580	2
6581	0
6582	2
6583	0
6584	3
6585	1
6586	1
6587	0
6588	2
6589	0
6590	3
6591	0
6592	3
6593	1
6594	2
6595	0
6596	1
6597	2
6598	1
6599	4
6600	2
6601	2
6602	1
6603	0
6604	2
6605	1
6606	0
6607	2
6608	0
6609	4
6610	1
6611	0
6612	0
6613	1
6614	1
6615	2
6616	1
6617	0
6618	1
6619	0
6620	0
6621	2
6622	0
6623	0
6624	0
6625	0
6626	1
6627	1
6628	1
6629	1
6630	1
6631	2
6632	1
6633	1
6634	1
6635	0
6636	1
6637	1
6638	0
6639	2
6640	1
6641	2
6642	0
6643	0
6644	1
6645	0
6646	0
6647	2
6648	0
6649	0
6650	2
6651	1
6652	4
6653	2
6654	0
6655	1
6656	0
6657	0
6658	2
6659	1
6660	0
6661	1
6662	2
6663	1
6664	0
6665	3
6666	2
6667	1
6668	1
6669	0
6670	1
6671	0
6672	1
6673	1
6674	0
6675	0
6676	0
6677	0
6678	1
6679	0
6680	0
6681	0
6682	0
6683	1
6684	2
6685	1
6686	0
6687	2
6688	1
6689	0
6690	1
6691	0
6692	1
6693	1
6694	0
6695	0
6696	1
6697	0
6698	0
6699	1
6700	1
6701	2
6702	0
6703	1
6704	0
6705	1
6706	2
6707	1
6708	1
6709	1
6710	2
6711	2
6712	3
6713	0
6714	1
6715	3
6716	3
6717	0
6718	2
6719	1
6720	0
6721	3
6722	1
6723	3
6724	1
6725	0
6726	0
6727	1
6728	0
6729	0
6730	1
6731	2
6732	1
6733	1
6734	1
6735	1
6736	1
6737	2
6738	0
6739	1
6740	1
6741	0
6742	3
6743	1
6744	1
6745	2
6746	0
6747	0
6748	2
6749	0
6750	0
6751	3
6752	1
6753	1
6754	0
6755	1
6756	2
6757	2
6758	0
6759	0
6760	1
6761	2
6762	0
6763	0
6764	2
6765	2
6766	0
6767	0
6768	1
6769	1
6770	2
6771	3
6772	1
6773	1
6774	0
6775	0
6776	2
6777	0
6778	0
6779	0
6780	1
6781	2
6782	2
6783	1
6784	1
6785	2
6786	1
6787	0
6788	2
6789	1
6790	0
6791	0
6792	1
6793	0
6794	1
6795	2
6796	1
6797	1
6798	0
6799	0
6800	1
6801	0
6802	0
6803	0
6804	1
6805	0
6806	0
6807	1
6808	1
6809	3
6810	0
6811	2
6812	0
6813	1
6814	2
6815	1
6816	1
6817	1
6818	1
6819	0
6820	0
6821	1
6822	2
6823	1
6824	1
6825	0
6826	0
6827	1
6828	1
6829	0
6830	0
6831	1
6832	0
6833	0
6834	1
6835	0
6836	0
6837	2
6838	1
6839	1
6840	1
6841	1
6842	0
6843	3
6844	0
6845	0
6846	1
6847	0
6848	0
6849	1
6850	0
6851	2
6852	3
6853	0
6854	2
6855	0
6856	1
6857	0
6858	0
6859	1
6860	1
6861	0
6862	3
6863	2
6864	1
6865	2
6866	1
6867	1
6868	3
6869	3
6870	0
6871	0
6872	1
6873	2
6874	0
6875	1
6876	0
6877	0
6878	0
6879	4
6880	1
6881	0
6882	1
6883	0
6884	0
6885	2
6886	2
6887	0
6888	2
6889	2
6890	2
6891	0
6892	1
6893	1
6894	0
6895	1
6896	1
6897	1
6898	0
6899	1
6900	4
6901	1
6902	0
6903	1
6904	1
6905	1
6906	3
6907	0
6908	1
6909	0
6910	1
6911	1
6912	3
6913	0
6914	1
6915	2
6916	1
6917	0
6918	2
6919	0
6920	2
6921	1
6922	2
6923	0
6924	0
6925	0
6926	0
6927	3
6928	1
6929	0
6930	0
6931	0
6932	0
6933	0
6934	1
6935	0
6936	1
6937	2
6938	2
6939	0
6940	0
6941	1
6942	2
6943	1
6944	0
6945	1
6946	1
6947	3
6948	1
6949	0
6950	2
6951	0
6952	1
6953	0
6954	2
6955	3
6956	0
6957	2
6958	3
6959	2
6960	0
6961	0
6962	1
6963	1
6964	1
6965	2
6966	0
6967	4
6968	2
6969	2
6970	0
6971	0
6972	2
6973	0
6974	1
6975	0
6976	0
6977	0
6978	1
6979	2
6980	1
6981	1
6982	2
6983	1
6984	2
6985	1
6986	0
6987	1
6988	0
6989	3
6990	1
6991	0
6992	2
6993	0
6994	1
6995	0
6996	0
6997	3
6998	2
6999	1
7000	0
7001	1
7002	1
7003	1
7004	0
7005	1
7006	1
7007	1
7008	1
7009	1
7010	2
7011	1
7012	1
7013	0
7014	1
7015	1
7016	3
7017	0
7018	3
7019	0
7020	2
7021	3
7022	1
7023	0
7024	0
7025	0
7026	1
7027	1
7028	1
7029	1
7030	0
7031	0
7032	2
7033	2
7034	1
7035	0
7036	1
7037	3
7038	0
7039	1
7040	1
7041	0
7042	1
7043	1
7044	2
7045	2
7046	1
7047	2
7048	0
7049	1
7050	0
7051	1
7052	0
7053	0
7054	2
7055	0
7056	1
7057	0
7058	1
7059	0
7060	1
7061	4
7062	1
7063	1
7064	1
7065	0
7066	1
7067	0
7068	1
7069	0
7070	1
7071	1
7072	1
7073	2
7074	2
7075	0
7076	1
7077	3
7078	1
7079	1
7080	0
7081	0
7082	0
7083	1
7084	2
7085	3
7086	1
7087	0
7088	1
7089	2
7090	0
7091	1
7092	0
7093	2
7094	2
7095	1
7096	0
7097	1
7098	0
7099	3
7100	3
7101	4
7102	2
7103	0
7104	2
7105	0
7106	1
7107	0
7108	0
7109	1
7110	0
7111	0
7112	1
7113	1
7114	3
7115	1
7116	2
7117	2
7118	1
7119	1
7120	0
7121	1
7122	0
7123	0
7124	0
7125	2
7126	1
7127	1
7128	1
7129	0
7130	1
7131	1
7132	0
7133	1
7134	5
7135	3
7136	0
7137	2
7138	1
7139	1
7140	2
7141	1
7142	0
7143	1
7144	0
7145	1
7146	1
7147	2
7148	1
7149	2
7150	3
7151	1
7152	1
7153	2
7154	2
7155	2
7156	0
7157	1
7158	1
7159	3
7160	0
7161	1
7162	1
7163	1
7164	1
7165	0
7166	2
7167	1
7168	2
7169	1
7170	0
7171	0
7172	2
7173	1
7174	0
7175	0
7176	0
7177	1
7178	2
7179	0
7180	1
7181	1
7182	1
7183	0
7184	4
7185	0
7186	0
7187	1
7188	1
7189	5
7190	3
7191	2
7192	1
7193	1
7194	1
7195	1
7196	1
7197	4
7198	0
7199	1
7200	2
7201	0
7202	0
7203	0
7204	0
7205	1
7206	1
7207	1
7208	1
7209	2
7210	1
7211	1
7212	0
7213	3
7214	1
7215	0
7216	0
7217	4
7218	1
7219	1
7220	1
7221	0
7222	1
7223	2
7224	1
7225	1
7226	1
7227	1
7228	1
7229	1
7230	0
7231	0
7232	0
7233	0
7234	0
7235	2
7236	0
7237	1
7238	4
7239	1
7240	1
7241	2
7242	2
7243	1
7244	2
7245	1
7246	1
7247	1
7248	0
7249	1
7250	2
7251	1
7252	1
7253	2
7254	3
7255	3
7256	1
7257	1
7258	0
7259	1
7260	0
7261	1
7262	0
7263	2
7264	1
7265	0
7266	0
7267	1
7268	0
7269	1
7270	1
7271	0
7272	2
7273	0
7274	0
7275	0
7276	0
7277	1
7278	0
7279	3
7280	1
7281	1
7282	1
7283	1
7284	2
7285	2
7286	0
7287	1
7288	1
7289	1
7290	1
7291	3
7292	2
7293	0
7294	2
7295	2
7296	1
7297	1
7298	0
7299	0
7300	3
7301	2
7302	0
7303	0
7304	0
7305	4
7306	1
7307	0
7308	2
7309	0
7310	1
7311	0
7312	2
7313	2
7314	1
7315	3
7316	2
7317	0
7318	1
7319	0
7320	2
7321	1
7322	1
7323	2
7324	1
7325	1
7326	0
7327	1
7328	0
7329	3
7330	1
7331	0
7332	0
7333	2
7334	1
7335	4
7336	1
7337	1
7338	0
7339	1
7340	1
7341	0
7342	0
7343	0
7344	1
7345	1
7346	2
7347	0
7348	1
7349	1
7350	0
7351	0
7352	0
7353	1
7354	0
7355	1
7356	0
7357	4
7358	1
7359	1
7360	2
7361	0
7362	0
7363	1
7364	1
7365	1
7366	4
7367	0
7368	0
7369	2
7370	1
7371	0
7372	1
7373	0
7374	2
7375	0
7376	0
7377	1
7378	0
7379	1
7380	3
7381	0
7382	1
7383	0
7384	0
7385	2
7386	0
7387	0
7388	0
7389	2
7390	0
7391	0
7392	0
7393	2
7394	0
7395	1
7396	1
7397	1
7398	1
7399	1
7400	2
7401	1
7402	0
7403	0
7404	0
7405	1
7406	0
7407	1
7408	3
7409	1
7410	0
7411	0
7412	2
7413	0
7414	2
7415	0
7416	1
7417	0
7418	0
7419	1
7420	0
7421	2
7422	1
7423	2
7424	1
7425	0
7426	1
7427	0
7428	2
7429	1
7430	1
7431	1
7432	0
7433	0
7434	0
7435	1
7436	1
7437	0
7438	0
7439	0
7440	1
7441	2
7442	0
7443	0
7444	1
7445	0
7446	0
7447	0
7448	0
7449	1
7450	1
7451	1
7452	1
7453	0
7454	0
7455	0
7456	1
7457	0
7458	0
7459	1
7460	0
7461	0
7462	0
7463	1
7464	2
7465	1
7466	0
7467	2
7468	1
7469	0
7470	0
7471	2
7472	1
7473	1
7474	0
7475	0
7476	2
7477	0
7478	1
7479	0
7480	0
7481	0
7482	3
7483	2
7484	1
7485	1
7486	2
7487	1
7488	3
7489	0
7490	1
7491	0
7492	0
7493	0
7494	0
7495	2
7496	0
7497	1
7498	0
7499	0
7500	0
7501	0
7502	0
7503	0
7504	1
7505	1
7506	1
7507	0
7508	0
7509	1
7510	0
7511	1
7512	0
7513	0
7514	0
7515	0
7516	0
7517	1
7518	1
7519	0
7520	1
7521	0
7522	0
7523	0
7524	0
7525	0
7526	0
7527	2
7528	0
7529	0
7530	1
7531	0
7532	0
7533	0
7534	1
7535	0
7536	1
7537	0
7538	2
7539	2
7540	0
7541	0
7542	0
7543	0
7544	1
7545	0
7546	0
7547	1
7548	1
7549	1
7550	0
7551	0
7552	0
7553	0
7554	0
7555	2
7556	0
7557	0
7558	0
7559	0
7560	1
7561	2
7562	1
7563	0
7564	0
7565	0
7566	0
7567	0
7568	0
7569	1
7570	0
7571	2
7572	0
7573	1
7574	2
7575	0
7576	2
7577	0
7578	1
7579	0
7580	0
7581	0
7582	2
7583	1
7584	0
7585	0
7586	0
7587	2
7588	0
7589	0
7590	1
7591	0
7592	1
7593	2
7594	0
7595	0
7596	1
7597	1
7598	2
7599	1
7600	3
7601	0
7602	1
7603	2
7604	2
7605	0
7606	1
7607	1
7608	0
7609	0
7610	1
7611	0
7612	3
7613	0
7614	1
7615	0
7616	0
7617	0
7618	0
7619	0
7620	0
7621	0
7622	1
7623	1
7624	0
7625	0
7626	0
7627	2
7628	2
7629	3
7630	1
7631	0
7632	0
7633	3
7634	0
7635	0
7636	2
7637	0
7638	2
7639	2
7640	1
7641	0
7642	0
7643	0
7644	2
7645	0
7646	0
7647	1
7648	1
7649	0
7650	3
7651	1
7652	0
7653	2
7654	0
7655	2
7656	2
7657	0
7658	1
7659	0
7660	1
7661	0
7662	0
7663	0
7664	0
7665	0
7666	1
7667	1
7668	2
7669	0
7670	0
7671	0
7672	1
7673	1
7674	1
7675	2
7676	0
7677	1
7678	1
7679	2
7680	1
7681	1
7682	0
7683	0
7684	0
7685	1
7686	1
7687	1
7688	0
7689	0
7690	0
7691	2
7692	0
7693	1
7694	1
7695	0
7696	0
7697	0
7698	0
7699	1
7700	0
7701	1
7702	0
7703	1
7704	0
7705	1
7706	0
7707	0
7708	1
7709	2
7710	0
7711	1
7712	1
7713	0
7714	1
7715	1
7716	1
7717	1
7718	1
7719	0
7720	1
7721	0
7722	0
7723	1
7724	1
7725	0
7726	1
7727	0
7728	1
7729	0
7730	1
7731	0
7732	1
7733	0
7734	1
7735	1
7736	1
7737	0
7738	0
7739	1
7740	0
7741	1
7742	1
7743	0
7744	2
7745	0
7746	2
7747	1
7748	1
7749	0
7750	0
7751	1
7752	0
7753	0
7754	0
7755	0
7756	2
7757	0
7758	0
7759	2
7760	0
7761	0
7762	0
7763	0
7764	1
7765	0
7766	1
7767	0
7768	0
7769	1
7770	0
7771	1
7772	0
7773	0
7774	1
7775	0
7776	0
7777	2
7778	0
7779	0
7780	1
7781	1
7782	0
7783	0
7784	0
7785	1
7786	1
7787	1
7788	1
7789	2
7790	1
7791	2
7792	0
7793	1
7794	1
7795	2
7796	1
7797	1
7798	1
7799	1
7800	1
7801	1
7802	0
7803	1
7804	0
7805	0
7806	0
7807	2
7808	0
7809	2
7810	0
7811	0
7812	1
7813	0
7814	1
7815	1
7816	0
7817	1
7818	0
7819	1
7820	0
7821	0
7822	3
7823	0
7824	0
7825	1
7826	2
7827	1
7828	2
7829	0
7830	2
7831	0
7832	0
7833	1
7834	0
7835	2
7836	0
7837	0
7838	0
7839	1
7840	0
7841	2
7842	0
7843	1
7844	0
7845	1
7846	0
7847	1
7848	1
7849	0
7850	1
7851	0
7852	1
7853	1
7854	0
7855	1
7856	2
7857	1
7858	1
7859	1
7860	1
7861	1
7862	1
7863	0
7864	0
7865	1
7866	1
7867	2
7868	0
7869	1
7870	1
7871	0
7872	0
7873	0
7874	0
7875	1
7876	0
7877	0
7878	1
7879	0
7880	0
7881	0
7882	0
7883	2
7884	0
7885	0
7886	2
7887	1
7888	2
7889	1
7890	0
7891	2
7892	2
7893	0
7894	1
7895	1
7896	0
7897	0
7898	1
7899	1
7900	2
7901	1
7902	1
7903	0
7904	0
7905	0
7906	1
7907	0
7908	0
7909	0
7910	0
7911	0
7912	0
7913	0
7914	0
7915	0
7916	0
7917	0
7918	0
7919	0
7920	0
7921	0
7922	0
7923	0
7924	0
7925	0
7926	1
7927	0
7928	0
7929	0
7930	0
7931	0
7932	0
7933	0
7934	0
7935	0
7936	0
7937	0
7938	0
7939	0
7940	0
7941	0
7942	0
7943	0
7944	0
7945	0
7946	0
7947	0
7948	0
7949	0
7950	0
7951	0
7952	0
7953	0
7954	0
7955	0
7956	0
7957	0
7958	0
7959	0
7960	0
7961	0
7962	0
7963	0
7964	0
7965	0
7966	0
7967	0
7968	0
7969	0
7970	0
7971	0
7972	0
7973	0
7974	0
7975	0
7976	0
7977	0
7978	0
7979	0
7980	0
7981	0
7982	0
7983	0
7984	0
7985	0
7986	0
7987	0
7988	0
7989	0
7990	0
7991	0
7992	0
7993	0
7994	0
7995	0
7996	0
7997	0
7998	0
7999	0
8000	0
8001	0
8002	0
8003	0
8004	0
8005	0
8006	0
8007	0
8008	0
8009	0
8010	0
8011	0
8012	0
8013	0
8014	0
8015	0
8016	0
8017	0
8018	0
8019	0
8020	0
8021	0
8022	0
8023	0
8024	0
8025	0
8026	0
8027	0
8028	0
8029	0
8030	0
8031	0
8032	0
8033	0
8034	0
8035	0
8036	0
8037	0
8038	0
8039	0
8040	0
8041	0
8042	0
8043	0
8044	0
8045	0
8046	0
8047	0
8048	0
8049	0
8050	0
8051	0
8052	0
8053	0
8054	0
8055	0
8056	0
8057	0
8058	0
8059	0
8060	0
8061	0
8062	0
8063	0
8064	0
8065	0
8066	0
8067	0
8068	0
8069	0
8070	0
8071	0
8072	0
8073	0
8074	0
8075	0
8076	0
8077	0
8078	0
8079	0
8080	0
8081	0
8082	0
8083	0
8084	0
8085	0
8086	0
8087	0
8088	0
8089	0
8090	0
8091	0
8092	0
8093	0
8094	0
8095	0
8096	0
8097	0
8098	0
8099	0
8100	0
8101	0
8102	0
8103	0
8104	0
8105	0
8106	0
8107	0
8108	0
8109	0
8110	0
8111	0
8112	0
8113	0
8114	0
8115	0
8116	0
8117	0
8118	0
8119	0
8120	0
8121	0
8122	0
8123	0
8124	0
8125	0
8126	0
8127	0
8128	0
8129	0
8130	0
8131	0
8132	0
8133	0
8134	0
8135	0
8136	0
8137	0
8138	0
8139	0
8140	0
8141	0
8142	0
8143	0
8144	0
8145	0
8146	0
8147	0
8148	0
8149	0
8150	0
8151	0
8152	0
8153	0
8154	0
8155	0
8156	0
8157	0
8158	0
8159	0
8160	0
8161	0
8162	0
8163	0
8164	0
8165	0
8166	0
8167	0
8168	0
8169	0
8170	0
8171	0
8172	0
8173	0
8174	0
8175	0
8176	0
8177	0
8178	0
8179	0
8180	0
8181	0
8182	0
8183	0
8184	0
8185	0
8186	0
8187	0
8188	0
8189	0
8190	0
8191	0
