0	0
1	0
2	0
3	0
4	0
5	0
6	0
7	0
8	0
9	0
10	0
11	0
12	0
13	0
14	0
15	0
16	0
17	0
18	0
19	0
20	0
21	0
22	0
23	0
24	0
25	0
26	0
27	0
28	0
29	0
30	0
31	0
32	0
33	0
34	0
35	0
36	0
37	0
38	0
39	0
40	0
41	0
42	0
43	0
44	0
45	0
46	0
47	0
48	0
49	0
50	0
51	0
52	0
53	0
54	0
55	0
56	0
57	0
58	0
59	0
60	0
61	0
62	0
63	0
64	0
65	0
66	0
67	0
68	0
69	0
70	0
71	0
72	0
73	0
74	0
75	0
76	0
77	0
78	0
79	0
80	0
81	0
82	0
83	0
84	0
85	6
86	29
87	50
88	46
89	60
90	36
91	55
92	61
93	59
94	46
95	59
96	38
97	52
98	40
99	52
100	57
101	46
102	48
103	66
104	57
105	50
106	48
107	57
108	54
109	50
110	61
111	51
112	64
113	40
114	65
115	47
116	52
117	47
118	51
119	55
120	51
121	53
122	55
123	41
124	36
125	50
126	43
127	57
128	56
129	51
130	65
131	49
132	46
133	54
134	42
135	59
136	56
137	48
138	56
139	51
140	53
141	61
142	37
143	55
144	51
145	51
146	50
147	57
148	57
149	58
150	51
151	51
152	54
153	50
154	58
155	54
156	59
157	52
158	55
159	47
160	57
161	56
162	57
163	58
164	61
165	51
166	44
167	58
168	42
169	35
170	53
171	63
172	59
173	49
174	57
175	41
176	47
177	52
178	63
179	67
180	72
181	59
182	62
183	59
184	52
185	56
186	50
187	47
188	54
189	55
190	51
191	42
192	50
193	68
194	55
195	63
196	53
197	59
198	49
199	43
200	54
201	54
202	52
203	60
204	55
205	69
206	41
207	69
208	71
209	42
210	48
211	60
212	48
213	64
214	40
215	46
216	58
217	55
218	61
219	60
220	49
221	62
222	52
223	42
224	60
225	62
226	52
227	64
228	45
229	53
230	60
231	53
232	67
233	68
234	52
235	56
236	53
237	42
238	60
239	44
240	70
241	62
242	55
243	54
244	67
245	51
246	61
247	76
248	63
249	51
250	55
251	55
252	60
253	60
254	50
255	54
256	45
257	53
258	56
259	51
260	50
261	47
262	70
263	45
264	46
265	63
266	49
267	58
268	59
269	61
270	68
271	50
272	48
273	62
274	54
275	50
276	62
277	46
278	59
279	61
280	83
281	53
282	49
283	60
284	54
285	55
286	60
287	75
288	58
289	62
290	64
291	56
292	60
293	46
294	57
295	42
296	72
297	60
298	52
299	51
300	58
301	55
302	62
303	62
304	58
305	60
306	72
307	67
308	61
309	44
310	49
311	57
312	64
313	53
314	61
315	68
316	57
317	66
318	49
319	75
320	74
321	73
322	57
323	56
324	53
325	49
326	49
327	57
328	60
329	51
330	52
331	74
332	62
333	58
334	62
335	66
336	51
337	62
338	48
339	53
340	63
341	66
342	56
343	71
344	45
345	53
346	62
347	53
348	65
349	67
350	65
351	71
352	68
353	52
354	53
355	47
356	53
357	52
358	76
359	58
360	55
361	55
362	75
363	55
364	64
365	48
366	67
367	68
368	60
369	46
370	48
371	56
372	58
373	54
374	60
375	59
376	55
377	57
378	57
379	53
380	60
381	62
382	54
383	55
384	63
385	68
386	75
387	60
388	63
389	64
390	64
391	67
392	61
393	52
394	58
395	46
396	63
397	58
398	64
399	52
400	71
401	64
402	67
403	54
404	65
405	56
406	74
407	73
408	64
409	67
410	68
411	72
412	69
413	53
414	61
415	77
416	69
417	58
418	62
419	65
420	63
421	53
422	67
423	69
424	53
425	62
426	58
427	64
428	56
429	61
430	74
431	55
432	66
433	69
434	62
435	73
436	57
437	70
438	77
439	57
440	62
441	64
442	64
443	59
444	71
445	83
446	53
447	50
448	66
449	57
450	65
451	60
452	69
453	67
454	48
455	83
456	58
457	71
458	80
459	53
460	69
461	65
462	78
463	67
464	58
465	52
466	61
467	56
468	56
469	63
470	66
471	68
472	62
473	65
474	69
475	54
476	66
477	63
478	69
479	77
480	71
481	82
482	76
483	65
484	85
485	70
486	60
487	75
488	76
489	75
490	60
491	87
492	67
493	77
494	73
495	57
496	74
497	73
498	76
499	80
500	77
501	66
502	82
503	82
504	78
505	67
506	73
507	71
508	71
509	78
510	59
511	73
512	93
513	70
514	69
515	76
516	74
517	65
518	68
519	82
520	77
521	72
522	73
523	67
524	73
525	70
526	77
527	75
528	71
529	72
530	82
531	67
532	71
533	68
534	76
535	72
536	89
537	81
538	72
539	81
540	64
541	68
542	63
543	67
544	76
545	66
546	83
547	74
548	72
549	75
550	86
551	69
552	77
553	82
554	77
555	83
556	59
557	83
558	77
559	75
560	73
561	70
562	72
563	87
564	54
565	58
566	64
567	76
568	81
569	92
570	73
571	71
572	53
573	71
574	66
575	73
576	68
577	77
578	65
579	58
580	65
581	68
582	86
583	78
584	68
585	73
586	87
587	64
588	60
589	72
590	65
591	77
592	80
593	61
594	59
595	68
596	74
597	84
598	68
599	79
600	62
601	72
602	60
603	65
604	65
605	81
606	50
607	73
608	95
609	80
610	80
611	68
612	80
613	79
614	75
615	70
616	68
617	72
618	68
619	73
620	65
621	72
622	80
623	67
624	71
625	72
626	70
627	67
628	82
629	75
630	60
631	60
632	79
633	100
634	70
635	70
636	61
637	72
638	90
639	70
640	74
641	61
642	73
643	77
644	79
645	75
646	72
647	67
648	70
649	84
650	72
651	76
652	73
653	78
654	71
655	79
656	61
657	59
658	70
659	71
660	70
661	84
662	74
663	67
664	76
665	68
666	80
667	65
668	75
669	71
670	66
671	66
672	81
673	65
674	77
675	70
676	63
677	67
678	74
679	93
680	71
681	72
682	70
683	78
684	72
685	83
686	82
687	71
688	68
689	79
690	58
691	80
692	75
693	75
694	61
695	75
696	71
697	83
698	78
699	88
700	82
701	76
702	71
703	76
704	70
705	69
706	54
707	74
708	62
709	89
710	76
711	60
712	63
713	72
714	76
715	84
716	64
717	84
718	74
719	75
720	65
721	63
722	68
723	82
724	77
725	82
726	92
727	69
728	84
729	87
730	76
731	86
732	77
733	70
734	78
735	72
736	73
737	77
738	76
739	83
740	73
741	67
742	84
743	64
744	81
745	70
746	89
747	65
748	69
749	77
750	70
751	83
752	70
753	82
754	92
755	65
756	86
757	80
758	71
759	67
760	79
761	74
762	79
763	70
764	67
765	71
766	76
767	74
768	78
769	72
770	70
771	74
772	84
773	88
774	83
775	54
776	78
777	77
778	72
779	89
780	74
781	91
782	80
783	92
784	70
785	74
786	79
787	75
788	80
789	93
790	86
791	80
792	81
793	80
794	72
795	71
796	67
797	85
798	84
799	73
800	74
801	73
802	76
803	81
804	75
805	80
806	64
807	66
808	67
809	79
810	96
811	68
812	92
813	78
814	77
815	68
816	68
817	73
818	62
819	63
820	80
821	78
822	76
823	64
824	70
825	86
826	83
827	84
828	64
829	75
830	79
831	81
832	86
833	81
834	73
835	85
836	83
837	56
838	81
839	76
840	72
841	80
842	71
843	70
844	84
845	70
846	71
847	77
848	68
849	102
850	84
851	82
852	86
853	72
854	78
855	66
856	70
857	86
858	81
859	66
860	78
861	74
862	94
863	76
864	82
865	92
866	95
867	91
868	91
869	73
870	90
871	89
872	88
873	84
874	87
875	83
876	80
877	66
878	72
879	69
880	90
881	65
882	84
883	84
884	90
885	80
886	93
887	83
888	96
889	83
890	78
891	69
892	79
893	94
894	83
895	89
896	85
897	79
898	71
899	82
900	79
901	98
902	82
903	85
904	66
905	86
906	64
907	88
908	73
909	78
910	100
911	81
912	59
913	81
914	80
915	72
916	88
917	89
918	83
919	80
920	62
921	87
922	95
923	75
924	83
925	72
926	80
927	78
928	101
929	89
930	82
931	80
932	78
933	103
934	107
935	72
936	77
937	98
938	106
939	82
940	96
941	78
942	73
943	101
944	96
945	102
946	78
947	78
948	84
949	84
950	93
951	85
952	77
953	87
954	84
955	70
956	76
957	79
958	87
959	74
960	86
961	71
962	94
963	67
964	97
965	98
966	81
967	84
968	91
969	77
970	82
971	82
972	84
973	95
974	77
975	85
976	78
977	76
978	77
979	84
980	77
981	96
982	81
983	89
984	80
985	90
986	67
987	73
988	84
989	104
990	81
991	78
992	94
993	90
994	98
995	91
996	95
997	79
998	75
999	79
1000	92
1001	91
1002	79
1003	93
1004	72
1005	89
1006	72
1007	73
1008	94
1009	97
1010	84
1011	89
1012	83
1013	78
1014	85
1015	89
1016	88
1017	99
1018	88
1019	71
1020	97
1021	78
1022	76
1023	87
1024	86
1025	87
1026	71
1027	82
1028	85
1029	89
1030	77
1031	83
1032	90
1033	95
1034	90
1035	86
1036	102
1037	69
1038	90
1039	103
1040	70
1041	79
1042	91
1043	84
1044	108
1045	77
1046	97
1047	83
1048	73
1049	85
1050	82
1051	96
1052	91
1053	89
1054	74
1055	85
1056	73
1057	92
1058	105
1059	95
1060	84
1061	110
1062	100
1063	88
1064	94
1065	85
1066	83
1067	84
1068	78
1069	85
1070	94
1071	75
1072	92
1073	91
1074	93
1075	87
1076	106
1077	84
1078	81
1079	93
1080	93
1081	91
1082	88
1083	77
1084	103
1085	92
1086	86
1087	100
1088	81
1089	97
1090	78
1091	104
1092	77
1093	89
1094	84
1095	82
1096	96
1097	84
1098	97
1099	91
1100	102
1101	107
1102	90
1103	99
1104	100
1105	97
1106	89
1107	109
1108	97
1109	101
1110	85
1111	109
1112	106
1113	87
1114	98
1115	102
1116	81
1117	83
1118	88
1119	99
1120	74
1121	93
1122	91
1123	91
1124	95
1125	91
1126	91
1127	105
1128	84
1129	84
1130	105
1131	98
1132	84
1133	96
1134	104
1135	90
1136	96
1137	92
1138	117
1139	94
1140	103
1141	85
1142	91
1143	105
1144	94
1145	75
1146	81
1147	85
1148	86
1149	88
1150	110
1151	89
1152	90
1153	92
1154	105
1155	85
1156	84
1157	92
1158	92
1159	97
1160	104
1161	88
1162	87
1163	103
1164	98
1165	91
1166	98
1167	99
1168	91
1169	99
1170	103
1171	74
1172	95
1173	90
1174	79
1175	98
1176	77
1177	82
1178	88
1179	89
1180	104
1181	98
1182	104
1183	81
1184	102
1185	75
1186	107
1187	100
1188	91
1189	106
1190	84
1191	115
1192	89
1193	106
1194	112
1195	103
1196	83
1197	91
1198	92
1199	73
1200	93
1201	83
1202	104
1203	94
1204	91
1205	84
1206	101
1207	119
1208	94
1209	100
1210	109
1211	88
1212	102
1213	100
1214	93
1215	91
1216	93
1217	80
1218	92
1219	92
1220	95
1221	97
1222	98
1223	84
1224	100
1225	103
1226	85
1227	84
1228	87
1229	88
1230	90
1231	93
1232	75
1233	75
1234	83
1235	85
1236	91
1237	104
1238	87
1239	71
1240	93
1241	83
1242	84
1243	82
1244	75
1245	74
1246	88
1247	94
1248	77
1249	80
1250	97
1251	96
1252	99
1253	81
1254	96
1255	89
1256	98
1257	98
1258	77
1259	92
1260	80
1261	82
1262	78
1263	75
1264	89
1265	93
1266	94
1267	89
1268	98
1269	96
1270	65
1271	77
1272	88
1273	93
1274	77
1275	81
1276	93
1277	85
1278	82
1279	81
1280	71
1281	87
1282	83
1283	91
1284	99
1285	81
1286	94
1287	107
1288	83
1289	91
1290	85
1291	81
1292	82
1293	84
1294	96
1295	81
1296	68
1297	73
1298	83
1299	95
1300	88
1301	90
1302	92
1303	64
1304	70
1305	86
1306	67
1307	86
1308	90
1309	93
1310	86
1311	73
1312	82
1313	88
1314	80
1315	88
1316	80
1317	61
1318	95
1319	75
1320	85
1321	75
1322	74
1323	77
1324	73
1325	89
1326	83
1327	80
1328	85
1329	81
1330	71
1331	86
1332	80
1333	62
1334	78
1335	74
1336	85
1337	97
1338	80
1339	92
1340	81
1341	82
1342	89
1343	96
1344	82
1345	84
1346	77
1347	63
1348	101
1349	108
1350	84
1351	81
1352	82
1353	72
1354	72
1355	81
1356	73
1357	84
1358	75
1359	80
1360	82
1361	74
1362	73
1363	80
1364	70
1365	86
1366	86
1367	71
1368	84
1369	84
1370	70
1371	65
1372	93
1373	87
1374	70
1375	85
1376	79
1377	69
1378	86
1379	83
1380	73
1381	84
1382	78
1383	92
1384	87
1385	92
1386	98
1387	81
1388	66
1389	98
1390	83
1391	85
1392	76
1393	83
1394	59
1395	74
1396	73
1397	70
1398	81
1399	65
1400	70
1401	78
1402	73
1403	56
1404	75
1405	81
1406	89
1407	86
1408	101
1409	65
1410	89
1411	65
1412	83
1413	73
1414	79
1415	75
1416	84
1417	78
1418	70
1419	78
1420	79
1421	77
1422	69
1423	72
1424	73
1425	95
1426	81
1427	91
1428	81
1429	80
1430	76
1431	68
1432	62
1433	83
1434	92
1435	106
1436	69
1437	79
1438	71
1439	64
1440	65
1441	75
1442	91
1443	59
1444	73
1445	72
1446	88
1447	88
1448	63
1449	89
1450	80
1451	84
1452	87
1453	71
1454	73
1455	80
1456	78
1457	74
1458	71
1459	76
1460	95
1461	66
1462	70
1463	85
1464	62
1465	64
1466	66
1467	68
1468	75
1469	75
1470	77
1471	71
1472	73
1473	84
1474	81
1475	86
1476	87
1477	68
1478	78
1479	85
1480	75
1481	71
1482	85
1483	80
1484	72
1485	81
1486	69
1487	77
1488	66
1489	59
1490	82
1491	75
1492	72
1493	69
1494	74
1495	79
1496	56
1497	55
1498	56
1499	54
1500	68
1501	79
1502	65
1503	87
1504	82
1505	91
1506	70
1507	63
1508	87
1509	62
1510	74
1511	74
1512	70
1513	86
1514	68
1515	61
1516	63
1517	41
1518	59
1519	89
1520	70
1521	74
1522	77
1523	68
1524	73
1525	71
1526	88
1527	69
1528	70
1529	70
1530	71
1531	84
1532	78
1533	81
1534	75
1535	68
1536	50
1537	76
1538	69
1539	70
1540	82
1541	72
1542	66
1543	65
1544	63
1545	91
1546	73
1547	77
1548	68
1549	72
1550	78
1551	65
1552	69
1553	82
1554	76
1555	57
1556	70
1557	62
1558	68
1559	69
1560	64
1561	70
1562	72
1563	62
1564	82
1565	71
1566	54
1567	65
1568	56
1569	75
1570	72
1571	65
1572	61
1573	90
1574	73
1575	78
1576	80
1577	75
1578	67
1579	82
1580	61
1581	63
1582	66
1583	83
1584	71
1585	66
1586	77
1587	83
1588	74
1589	61
1590	65
1591	70
1592	67
1593	78
1594	73
1595	73
1596	84
1597	67
1598	79
1599	64
1600	72
1601	69
1602	76
1603	77
1604	76
1605	61
1606	74
1607	63
1608	66
1609	78
1610	80
1611	64
1612	62
1613	65
1614	89
1615	68
1616	66
1617	50
1618	78
1619	76
1620	73
1621	82
1622	60
1623	59
1624	76
1625	58
1626	56
1627	67
1628	64
1629	62
1630	65
1631	88
1632	63
1633	58
1634	78
1635	72
1636	57
1637	63
1638	73
1639	86
1640	67
1641	72
1642	57
1643	84
1644	73
1645	58
1646	59
1647	45
1648	71
1649	65
1650	80
1651	66
1652	71
1653	78
1654	65
1655	77
1656	81
1657	60
1658	56
1659	65
1660	82
1661	63
1662	79
1663	61
1664	64
1665	64
1666	87
1667	81
1668	68
1669	62
1670	60
1671	66
1672	66
1673	68
1674	54
1675	58
1676	62
1677	66
1678	77
1679	60
1680	67
1681	60
1682	66
1683	72
1684	71
1685	78
1686	61
1687	49
1688	62
1689	73
1690	57
1691	82
1692	66
1693	69
1694	77
1695	70
1696	69
1697	63
1698	56
1699	70
1700	69
1701	60
1702	49
1703	65
1704	47
1705	65
1706	50
1707	61
1708	68
1709	61
1710	64
1711	76
1712	66
1713	61
1714	76
1715	60
1716	79
1717	74
1718	74
1719	55
1720	71
1721	77
1722	61
1723	58
1724	66
1725	57
1726	48
1727	64
1728	66
1729	57
1730	61
1731	54
1732	60
1733	62
1734	62
1735	57
1736	80
1737	81
1738	76
1739	54
1740	65
1741	54
1742	59
1743	58
1744	57
1745	62
1746	66
1747	71
1748	60
1749	71
1750	64
1751	71
1752	75
1753	73
1754	57
1755	61
1756	61
1757	60
1758	66
1759	56
1760	65
1761	82
1762	68
1763	68
1764	59
1765	50
1766	67
1767	55
1768	65
1769	59
1770	68
1771	69
1772	66
1773	73
1774	49
1775	62
1776	72
1777	76
1778	52
1779	59
1780	82
1781	66
1782	63
1783	61
1784	59
1785	60
1786	58
1787	63
1788	60
1789	61
1790	72
1791	67
1792	76
1793	65
1794	71
1795	64
1796	73
1797	55
1798	56
1799	61
1800	71
1801	69
1802	65
1803	56
1804	64
1805	52
1806	65
1807	57
1808	72
1809	57
1810	70
1811	72
1812	49
1813	61
1814	73
1815	57
1816	58
1817	74
1818	72
1819	65
1820	59
1821	65
1822	66
1823	57
1824	59
1825	62
1826	63
1827	82
1828	69
1829	65
1830	72
1831	72
1832	51
1833	68
1834	56
1835	68
1836	68
1837	68
1838	67
1839	66
1840	49
1841	73
1842	69
1843	72
1844	68
1845	59
1846	89
1847	73
1848	70
1849	60
1850	65
1851	74
1852	71
1853	71
1854	69
1855	53
1856	61
1857	54
1858	59
1859	61
1860	58
1861	67
1862	77
1863	55
1864	53
1865	63
1866	68
1867	60
1868	76
1869	72
1870	64
1871	57
1872	49
1873	61
1874	57
1875	59
1876	72
1877	70
1878	59
1879	60
1880	72
1881	58
1882	65
1883	69
1884	60
1885	67
1886	59
1887	44
1888	56
1889	58
1890	59
1891	67
1892	60
1893	66
1894	64
1895	52
1896	66
1897	62
1898	66
1899	74
1900	73
1901	56
1902	65
1903	61
1904	73
1905	63
1906	62
1907	67
1908	67
1909	62
1910	74
1911	51
1912	54
1913	62
1914	53
1915	71
1916	67
1917	62
1918	64
1919	74
1920	76
1921	73
1922	55
1923	58
1924	63
1925	65
1926	59
1927	54
1928	53
1929	52
1930	68
1931	57
1932	54
1933	70
1934	65
1935	63
1936	61
1937	70
1938	69
1939	76
1940	51
1941	51
1942	80
1943	66
1944	57
1945	74
1946	58
1947	62
1948	59
1949	61
1950	74
1951	64
1952	56
1953	58
1954	65
1955	59
1956	77
1957	71
1958	64
1959	67
1960	68
1961	65
1962	68
1963	79
1964	51
1965	77
1966	62
1967	66
1968	74
1969	57
1970	60
1971	65
1972	69
1973	72
1974	62
1975	55
1976	62
1977	63
1978	50
1979	59
1980	51
1981	72
1982	51
1983	60
1984	57
1985	64
1986	59
1987	52
1988	71
1989	67
1990	49
1991	63
1992	46
1993	59
1994	54
1995	70
1996	68
1997	78
1998	59
1999	47
2000	81
2001	66
2002	78
2003	53
2004	64
2005	57
2006	68
2007	66
2008	65
2009	63
2010	67
2011	73
2012	59
2013	61
2014	60
2015	65
2016	54
2017	82
2018	59
2019	57
2020	63
2021	62
2022	58
2023	59
2024	76
2025	57
2026	43
2027	52
2028	51
2029	70
2030	60
2031	67
2032	70
2033	72
2034	60
2035	69
2036	61
2037	53
2038	56
2039	68
2040	64
2041	71
2042	78
2043	57
2044	71
2045	75
2046	64
2047	69
2048	53
2049	65
2050	61
2051	81
2052	67
2053	50
2054	64
2055	72
2056	66
2057	67
2058	69
2059	64
2060	54
2061	61
2062	65
2063	61
2064	49
2065	67
2066	65
2067	55
2068	55
2069	59
2070	62
2071	57
2072	61
2073	68
2074	65
2075	66
2076	48
2077	85
2078	62
2079	44
2080	79
2081	61
2082	66
2083	53
2084	77
2085	64
2086	63
2087	60
2088	65
2089	69
2090	50
2091	72
2092	64
2093	54
2094	63
2095	61
2096	61
2097	66
2098	52
2099	61
2100	51
2101	62
2102	55
2103	61
2104	72
2105	72
2106	57
2107	80
2108	47
2109	51
2110	50
2111	59
2112	47
2113	48
2114	53
2115	57
2116	66
2117	65
2118	61
2119	74
2120	61
2121	54
2122	52
2123	51
2124	48
2125	82
2126	67
2127	74
2128	77
2129	65
2130	62
2131	43
2132	60
2133	63
2134	65
2135	58
2136	68
2137	59
2138	49
2139	55
2140	44
2141	66
2142	64
2143	49
2144	56
2145	57
2146	61
2147	65
2148	61
2149	40
2150	59
2151	62
2152	57
2153	78
2154	60
2155	46
2156	70
2157	56
2158	47
2159	56
2160	70
2161	55
2162	57
2163	62
2164	54
2165	65
2166	58
2167	55
2168	74
2169	63
2170	65
2171	60
2172	63
2173	54
2174	67
2175	65
2176	80
2177	46
2178	63
2179	65
2180	64
2181	59
2182	59
2183	50
2184	82
2185	54
2186	73
2187	49
2188	74
2189	64
2190	70
2191	56
2192	64
2193	64
2194	58
2195	68
2196	61
2197	58
2198	59
2199	68
2200	54
2201	52
2202	62
2203	63
2204	67
2205	50
2206	76
2207	69
2208	57
2209	55
2210	64
2211	64
2212	59
2213	60
2214	71
2215	38
2216	54
2217	57
2218	62
2219	66
2220	63
2221	70
2222	75
2223	63
2224	70
2225	52
2226	57
2227	87
2228	66
2229	56
2230	64
2231	65
2232	50
2233	49
2234	49
2235	73
2236	67
2237	68
2238	54
2239	71
2240	59
2241	74
2242	59
2243	53
2244	67
2245	67
2246	65
2247	61
2248	50
2249	60
2250	65
2251	67
2252	61
2253	61
2254	55
2255	66
2256	74
2257	58
2258	63
2259	61
2260	55
2261	62
2262	56
2263	47
2264	59
2265	65
2266	63
2267	45
2268	63
2269	53
2270	69
2271	59
2272	62
2273	64
2274	66
2275	51
2276	54
2277	57
2278	56
2279	48
2280	57
2281	64
2282	70
2283	73
2284	56
2285	48
2286	48
2287	52
2288	47
2289	57
2290	68
2291	66
2292	74
2293	68
2294	65
2295	43
2296	60
2297	58
2298	63
2299	58
2300	59
2301	55
2302	59
2303	44
2304	64
2305	61
2306	64
2307	62
2308	58
2309	61
2310	59
2311	62
2312	68
2313	44
2314	52
2315	56
2316	59
2317	54
2318	65
2319	76
2320	69
2321	71
2322	57
2323	66
2324	56
2325	56
2326	57
2327	63
2328	49
2329	48
2330	56
2331	49
2332	52
2333	58
2334	52
2335	88
2336	53
2337	66
2338	62
2339	68
2340	66
2341	65
2342	62
2343	54
2344	63
2345	75
2346	69
2347	63
2348	52
2349	65
2350	63
2351	62
2352	64
2353	63
2354	61
2355	54
2356	57
2357	63
2358	52
2359	56
2360	60
2361	61
2362	57
2363	50
2364	66
2365	63
2366	66
2367	66
2368	66
2369	60
2370	59
2371	61
2372	53
2373	70
2374	74
2375	70
2376	58
2377	70
2378	53
2379	68
2380	52
2381	59
2382	68
2383	59
2384	62
2385	54
2386	63
2387	60
2388	64
2389	59
2390	64
2391	60
2392	61
2393	64
2394	58
2395	53
2396	67
2397	50
2398	45
2399	61
2400	62
2401	74
2402	54
2403	67
2404	68
2405	55
2406	55
2407	67
2408	68
2409	55
2410	61
2411	54
2412	53
2413	52
2414	58
2415	73
2416	56
2417	52
2418	66
2419	64
2420	69
2421	65
2422	57
2423	68
2424	60
2425	66
2426	71
2427	52
2428	50
2429	68
2430	67
2431	62
2432	67
2433	59
2434	58
2435	59
2436	58
2437	62
2438	71
2439	55
2440	62
2441	56
2442	50
2443	69
2444	69
2445	53
2446	64
2447	52
2448	68
2449	72
2450	71
2451	65
2452	78
2453	73
2454	52
2455	55
2456	65
2457	59
2458	62
2459	61
2460	61
2461	80
2462	62
2463	67
2464	64
2465	70
2466	54
2467	63
2468	52
2469	51
2470	59
2471	46
2472	49
2473	62
2474	66
2475	52
2476	64
2477	72
2478	71
2479	60
2480	64
2481	69
2482	54
2483	74
2484	54
2485	69
2486	72
2487	65
2488	63
2489	55
2490	64
2491	63
2492	66
2493	54
2494	69
2495	62
2496	83
2497	66
2498	71
2499	74
2500	49
2501	62
2502	44
2503	64
2504	60
2505	63
2506	62
2507	50
2508	60
2509	64
2510	65
2511	66
2512	48
2513	71
2514	64
2515	64
2516	65
2517	57
2518	66
2519	71
2520	48
2521	72
2522	66
2523	53
2524	49
2525	55
2526	62
2527	60
2528	63
2529	63
2530	67
2531	53
2532	57
2533	73
2534	68
2535	59
2536	69
2537	56
2538	58
2539	70
2540	61
2541	64
2542	52
2543	58
2544	66
2545	61
2546	75
2547	58
2548	54
2549	58
2550	62
2551	72
2552	61
2553	60
2554	71
2555	57
2556	61
2557	63
2558	61
2559	74
2560	50
2561	59
2562	68
2563	64
2564	60
2565	53
2566	61
2567	65
2568	60
2569	53
2570	58
2571	58
2572	67
2573	62
2574	58
2575	71
2576	69
2577	53
2578	60
2579	57
2580	65
2581	65
2582	58
2583	60
2584	51
2585	79
2586	49
2587	60
2588	55
2589	69
2590	56
2591	62
2592	57
2593	82
2594	77
2595	62
2596	65
2597	62
2598	49
2599	52
2600	70
2601	57
2602	61
2603	76
2604	71
2605	53
2606	68
2607	48
2608	69
2609	75
2610	57
2611	79
2612	60
2613	57
2614	63
2615	73
2616	71
2617	51
2618	55
2619	49
2620	54
2621	69
2622	69
2623	52
2624	65
2625	59
2626	73
2627	79
2628	61
2629	80
2630	72
2631	66
2632	57
2633	58
2634	54
2635	65
2636	65
2637	69
2638	62
2639	59
2640	59
2641	56
2642	61
2643	64
2644	55
2645	83
2646	68
2647	63
2648	60
2649	57
2650	76
2651	65
2652	58
2653	53
2654	57
2655	69
2656	66
2657	51
2658	55
2659	79
2660	81
2661	72
2662	75
2663	61
2664	76
2665	55
2666	50
2667	68
2668	54
2669	67
2670	74
2671	64
2672	61
2673	71
2674	68
2675	59
2676	57
2677	51
2678	79
2679	65
2680	54
2681	65
2682	74
2683	73
2684	68
2685	69
2686	77
2687	61
2688	68
2689	62
2690	63
2691	78
2692	65
2693	64
2694	55
2695	86
2696	57
2697	71
2698	70
2699	57
2700	64
2701	58
2702	60
2703	70
2704	70
2705	66
2706	79
2707	69
2708	70
2709	66
2710	58
2711	64
2712	62
2713	55
2714	75
2715	60
2716	63
2717	76
2718	79
2719	69
2720	63
2721	56
2722	66
2723	66
2724	71
2725	76
2726	71
2727	86
2728	69
2729	63
2730	66
2731	65
2732	75
2733	50
2734	63
2735	53
2736	52
2737	81
2738	61
2739	67
2740	62
2741	65
2742	58
2743	62
2744	58
2745	66
2746	56
2747	59
2748	79
2749	78
2750	65
2751	60
2752	56
2753	60
2754	59
2755	67
2756	49
2757	70
2758	76
2759	73
2760	61
2761	49
2762	69
2763	60
2764	67
2765	53
2766	71
2767	78
2768	82
2769	71
2770	73
2771	70
2772	62
2773	69
2774	50
2775	65
2776	88
2777	65
2778	68
2779	73
2780	58
2781	55
2782	59
2783	70
2784	95
2785	53
2786	73
2787	47
2788	75
2789	64
2790	71
2791	64
2792	66
2793	52
2794	65
2795	74
2796	66
2797	61
2798	57
2799	72
2800	66
2801	73
2802	61
2803	70
2804	62
2805	45
2806	81
2807	48
2808	51
2809	71
2810	76
2811	54
2812	58
2813	68
2814	70
2815	78
2816	73
2817	55
2818	61
2819	61
2820	63
2821	46
2822	73
2823	71
2824	65
2825	58
2826	73
2827	54
2828	56
2829	60
2830	59
2831	60
2832	52
2833	58
2834	57
2835	59
2836	38
2837	62
2838	53
2839	61
2840	69
2841	75
2842	68
2843	58
2844	52
2845	70
2846	59
2847	57
2848	71
2849	60
2850	60
2851	68
2852	70
2853	66
2854	70
2855	50
2856	65
2857	62
2858	77
2859	67
2860	45
2861	51
2862	62
2863	54
2864	70
2865	56
2866	52
2867	63
2868	58
2869	63
2870	55
2871	50
2872	64
2873	46
2874	59
2875	48
2876	65
2877	54
2878	62
2879	39
2880	49
2881	60
2882	53
2883	57
2884	54
2885	74
2886	89
2887	52
2888	64
2889	64
2890	41
2891	71
2892	62
2893	63
2894	61
2895	49
2896	66
2897	47
2898	56
2899	55
2900	59
2901	64
2902	55
2903	58
2904	63
2905	50
2906	60
2907	52
2908	56
2909	46
2910	47
2911	62
2912	46
2913	63
2914	51
2915	55
2916	50
2917	59
2918	60
2919	36
2920	46
2921	56
2922	52
2923	58
2924	52
2925	58
2926	58
2927	52
2928	54
2929	54
2930	60
2931	51
2932	68
2933	50
2934	62
2935	62
2936	56
2937	48
2938	50
2939	45
2940	44
2941	51
2942	49
2943	36
2944	49
2945	60
2946	52
2947	58
2948	55
2949	49
2950	58
2951	61
2952	47
2953	60
2954	44
2955	54
2956	44
2957	42
2958	50
2959	40
2960	36
2961	37
2962	34
2963	36
2964	53
2965	46
2966	47
2967	40
2968	51
2969	42
2970	49
2971	44
2972	50
2973	48
2974	49
2975	37
2976	47
2977	44
2978	41
2979	48
2980	47
2981	33
2982	42
2983	38
2984	50
2985	46
2986	45
2987	46
2988	53
2989	37
2990	49
2991	40
2992	45
2993	32
2994	44
2995	44
2996	37
2997	44
2998	41
2999	38
3000	47
3001	45
3002	27
3003	40
3004	34
3005	39
3006	35
3007	37
3008	39
3009	43
3010	43
3011	32
3012	37
3013	37
3014	36
3015	45
3016	40
3017	36
3018	42
3019	36
3020	39
3021	35
3022	50
3023	43
3024	27
3025	33
3026	45
3027	35
3028	37
3029	31
3030	49
3031	35
3032	43
3033	39
3034	37
3035	36
3036	36
3037	40
3038	44
3039	27
3040	48
3041	39
3042	31
3043	36
3044	35
3045	40
3046	28
3047	37
3048	43
3049	29
3050	48
3051	37
3052	27
3053	30
3054	35
3055	30
3056	32
3057	23
3058	29
3059	34
3060	22
3061	31
3062	27
3063	33
3064	38
3065	28
3066	30
3067	40
3068	28
3069	42
3070	21
3071	37
3072	38
3073	27
3074	32
3075	37
3076	17
3077	28
3078	34
3079	28
3080	29
3081	27
3082	21
3083	27
3084	39
3085	33
3086	24
3087	28
3088	17
3089	31
3090	24
3091	30
3092	30
3093	24
3094	28
3095	24
3096	22
3097	32
3098	27
3099	22
3100	26
3101	29
3102	37
3103	34
3104	29
3105	30
3106	26
3107	30
3108	21
3109	25
3110	29
3111	27
3112	20
3113	22
3114	16
3115	33
3116	18
3117	26
3118	25
3119	21
3120	15
3121	17
3122	31
3123	26
3124	28
3125	32
3126	24
3127	26
3128	27
3129	24
3130	25
3131	32
3132	25
3133	23
3134	25
3135	24
3136	26
3137	24
3138	25
3139	13
3140	22
3141	19
3142	24
3143	26
3144	29
3145	17
3146	22
3147	20
3148	26
3149	27
3150	21
3151	20
3152	24
3153	31
3154	28
3155	21
3156	19
3157	27
3158	30
3159	21
3160	20
3161	29
3162	27
3163	17
3164	19
3165	21
3166	18
3167	17
3168	29
3169	21
3170	17
3171	26
3172	22
3173	26
3174	23
3175	23
3176	25
3177	23
3178	20
3179	28
3180	30
3181	23
3182	17
3183	29
3184	18
3185	31
3186	22
3187	28
3188	24
3189	19
3190	24
3191	17
3192	24
3193	18
3194	20
3195	22
3196	27
3197	21
3198	23
3199	29
3200	21
3201	22
3202	20
3203	23
3204	22
3205	19
3206	19
3207	27
3208	25
3209	22
3210	16
3211	17
3212	17
3213	29
3214	21
3215	28
3216	24
3217	17
3218	19
3219	25
3220	19
3221	17
3222	14
3223	18
3224	20
3225	18
3226	18
3227	15
3228	26
3229	16
3230	27
3231	21
3232	24
3233	18
3234	16
3235	20
3236	12
3237	23
3238	23
3239	18
3240	19
3241	22
3242	20
3243	17
3244	27
3245	22
3246	19
3247	18
3248	19
3249	15
3250	20
3251	19
3252	15
3253	27
3254	16
3255	17
3256	19
3257	18
3258	18
3259	17
3260	14
3261	17
3262	19
3263	16
3264	20
3265	11
3266	32
3267	23
3268	23
3269	25
3270	17
3271	16
3272	24
3273	17
3274	19
3275	17
3276	19
3277	20
3278	22
3279	26
3280	18
3281	18
3282	18
3283	25
3284	15
3285	25
3286	24
3287	15
3288	11
3289	17
3290	17
3291	21
3292	21
3293	16
3294	22
3295	21
3296	22
3297	17
3298	14
3299	15
3300	19
3301	18
3302	22
3303	19
3304	17
3305	16
3306	13
3307	18
3308	11
3309	17
3310	18
3311	8
3312	21
3313	21
3314	10
3315	12
3316	14
3317	8
3318	18
3319	15
3320	22
3321	21
3322	16
3323	22
3324	7
3325	24
3326	14
3327	14
3328	16
3329	14
3330	23
3331	13
3332	19
3333	15
3334	12
3335	23
3336	25
3337	16
3338	9
3339	21
3340	20
3341	24
3342	25
3343	18
3344	14
3345	17
3346	16
3347	18
3348	12
3349	21
3350	14
3351	17
3352	20
3353	13
3354	18
3355	15
3356	10
3357	19
3358	13
3359	20
3360	19
3361	25
3362	10
3363	17
3364	16
3365	14
3366	15
3367	20
3368	20
3369	25
3370	17
3371	15
3372	8
3373	13
3374	18
3375	15
3376	24
3377	17
3378	21
3379	14
3380	12
3381	15
3382	7
3383	16
3384	20
3385	12
3386	22
3387	14
3388	14
3389	17
3390	9
3391	14
3392	11
3393	14
3394	15
3395	16
3396	19
3397	18
3398	11
3399	13
3400	14
3401	21
3402	13
3403	7
3404	8
3405	19
3406	16
3407	13
3408	17
3409	22
3410	11
3411	13
3412	17
3413	11
3414	13
3415	18
3416	23
3417	22
3418	17
3419	19
3420	10
3421	13
3422	12
3423	12
3424	16
3425	19
3426	15
3427	21
3428	15
3429	20
3430	21
3431	21
3432	15
3433	9
3434	18
3435	14
3436	12
3437	8
3438	20
3439	11
3440	17
3441	12
3442	18
3443	13
3444	12
3445	14
3446	13
3447	10
3448	12
3449	15
3450	12
3451	24
3452	21
3453	14
3454	18
3455	19
3456	15
3457	16
3458	15
3459	20
3460	14
3461	12
3462	19
3463	22
3464	11
3465	17
3466	17
3467	17
3468	11
3469	17
3470	14
3471	10
3472	14
3473	14
3474	13
3475	18
3476	14
3477	17
3478	19
3479	10
3480	15
3481	21
3482	21
3483	16
3484	14
3485	7
3486	18
3487	14
3488	18
3489	14
3490	10
3491	4
3492	12
3493	18
3494	23
3495	12
3496	15
3497	12
3498	11
3499	14
3500	16
3501	13
3502	19
3503	11
3504	16
3505	18
3506	17
3507	18
3508	15
3509	14
3510	7
3511	15
3512	15
3513	18
3514	11
3515	16
3516	16
3517	19
3518	19
3519	9
3520	21
3521	18
3522	18
3523	16
3524	15
3525	17
3526	19
3527	15
3528	22
3529	12
3530	20
3531	7
3532	10
3533	12
3534	20
3535	19
3536	6
3537	10
3538	11
3539	16
3540	13
3541	10
3542	10
3543	16
3544	15
3545	13
3546	18
3547	10
3548	9
3549	17
3550	17
3551	13
3552	11
3553	18
3554	12
3555	14
3556	20
3557	14
3558	12
3559	12
3560	20
3561	11
3562	13
3563	25
3564	13
3565	17
3566	13
3567	13
3568	18
3569	15
3570	13
3571	16
3572	12
3573	10
3574	10
3575	26
3576	22
3577	7
3578	12
3579	14
3580	10
3581	14
3582	16
3583	15
3584	18
3585	16
3586	17
3587	16
3588	11
3589	19
3590	23
3591	13
3592	14
3593	11
3594	15
3595	7
3596	16
3597	19
3598	15
3599	13
3600	17
3601	20
3602	18
3603	16
3604	19
3605	18
3606	14
3607	13
3608	12
3609	14
3610	13
3611	15
3612	13
3613	14
3614	16
3615	14
3616	15
3617	11
3618	10
3619	9
3620	22
3621	11
3622	12
3623	13
3624	10
3625	16
3626	13
3627	14
3628	10
3629	10
3630	11
3631	17
3632	14
3633	21
3634	17
3635	12
3636	22
3637	13
3638	20
3639	14
3640	10
3641	8
3642	6
3643	10
3644	14
3645	19
3646	10
3647	9
3648	13
3649	15
3650	13
3651	13
3652	8
3653	14
3654	15
3655	9
3656	13
3657	15
3658	11
3659	16
3660	17
3661	13
3662	17
3663	13
3664	13
3665	16
3666	18
3667	11
3668	17
3669	25
3670	21
3671	9
3672	15
3673	17
3674	12
3675	13
3676	12
3677	12
3678	10
3679	16
3680	18
3681	10
3682	12
3683	20
3684	8
3685	12
3686	12
3687	14
3688	15
3689	16
3690	16
3691	20
3692	19
3693	12
3694	16
3695	19
3696	23
3697	14
3698	23
3699	23
3700	18
3701	14
3702	15
3703	9
3704	12
3705	10
3706	15
3707	12
3708	9
3709	11
3710	15
3711	18
3712	15
3713	11
3714	11
3715	17
3716	15
3717	12
3718	19
3719	19
3720	15
3721	15
3722	15
3723	25
3724	20
3725	12
3726	20
3727	17
3728	21
3729	13
3730	15
3731	16
3732	10
3733	15
3734	17
3735	18
3736	13
3737	20
3738	7
3739	21
3740	16
3741	18
3742	11
3743	14
3744	18
3745	14
3746	13
3747	20
3748	10
3749	22
3750	20
3751	9
3752	20
3753	12
3754	20
3755	15
3756	16
3757	17
3758	20
3759	19
3760	17
3761	19
3762	14
3763	20
3764	22
3765	18
3766	11
3767	17
3768	22
3769	13
3770	13
3771	15
3772	15
3773	14
3774	17
3775	21
3776	12
3777	19
3778	21
3779	14
3780	19
3781	22
3782	23
3783	18
3784	25
3785	18
3786	28
3787	19
3788	19
3789	21
3790	16
3791	23
3792	17
3793	18
3794	20
3795	19
3796	21
3797	23
3798	30
3799	21
3800	23
3801	30
3802	18
3803	18
3804	18
3805	25
3806	24
3807	24
3808	27
3809	32
3810	31
3811	24
3812	19
3813	28
3814	23
3815	33
3816	29
3817	23
3818	27
3819	25
3820	25
3821	29
3822	26
3823	19
3824	36
3825	28
3826	35
3827	24
3828	23
3829	28
3830	22
3831	29
3832	21
3833	36
3834	35
3835	32
3836	23
3837	43
3838	29
3839	45
3840	33
3841	37
3842	45
3843	35
3844	37
3845	38
3846	32
3847	40
3848	41
3849	40
3850	33
3851	42
3852	31
3853	53
3854	47
3855	45
3856	51
3857	42
3858	42
3859	66
3860	42
3861	53
3862	45
3863	50
3864	55
3865	57
3866	60
3867	64
3868	39
3869	42
3870	42
3871	50
3872	47
3873	57
3874	63
3875	48
3876	45
3877	56
3878	57
3879	63
3880	52
3881	48
3882	63
3883	57
3884	63
3885	67
3886	66
3887	67
3888	64
3889	84
3890	67
3891	74
3892	64
3893	79
3894	83
3895	72
3896	67
3897	65
3898	74
3899	70
3900	72
3901	98
3902	72
3903	93
3904	81
3905	70
3906	72
3907	71
3908	91
3909	95
3910	86
3911	108
3912	85
3913	83
3914	87
3915	86
3916	68
3917	104
3918	88
3919	92
3920	93
3921	107
3922	99
3923	92
3924	124
3925	123
3926	107
3927	109
3928	100
3929	110
3930	150
3931	121
3932	129
3933	112
3934	140
3935	130
3936	141
3937	128
3938	127
3939	130
3940	114
3941	134
3942	128
3943	138
3944	156
3945	168
3946	132
3947	141
3948	153
3949	148
3950	170
3951	165
3952	172
3953	160
3954	158
3955	164
3956	159
3957	164
3958	179
3959	163
3960	184
3961	177
3962	175
3963	189
3964	200
3965	198
3966	184
3967	203
3968	175
3969	214
3970	190
3971	179
3972	202
3973	200
3974	204
3975	184
3976	208
3977	190
3978	216
3979	212
3980	218
3981	213
3982	186
3983	223
3984	226
3985	221
3986	215
3987	225
3988	250
3989	239
3990	223
3991	243
3992	263
3993	244
3994	263
3995	261
3996	266
3997	281
3998	272
3999	261
4000	246
4001	282
4002	262
4003	296
4004	277
4005	279
4006	241
4007	284
4008	326
4009	300
4010	324
4011	325
4012	315
4013	307
4014	317
4015	309
4016	288
4017	305
4018	309
4019	331
4020	311
4021	315
4022	345
4023	316
4024	336
4025	339
4026	326
4027	331
4028	321
4029	363
4030	334
4031	369
4032	345
4033	366
4034	378
4035	397
4036	383
4037	355
4038	345
4039	386
4040	391
4041	395
4042	405
4043	404
4044	382
4045	377
4046	372
4047	378
4048	423
4049	425
4050	393
4051	444
4052	461
4053	413
4054	417
4055	422
4056	419
4057	458
4058	410
4059	447
4060	439
4061	464
4062	480
4063	440
4064	487
4065	452
4066	465
4067	470
4068	476
4069	446
4070	458
4071	479
4072	476
4073	485
4074	466
4075	449
4076	480
4077	465
4078	539
4079	470
4080	512
4081	500
4082	506
4083	483
4084	508
4085	527
4086	512
4087	503
4088	554
4089	567
4090	548
4091	503
4092	532
4093	510
4094	526
4095	574
4096	549
4097	566
4098	568
4099	553
4100	572
4101	551
4102	538
4103	534
4104	556
4105	569
4106	582
4107	549
4108	548
4109	536
4110	565
4111	538
4112	617
4113	572
4114	561
4115	575
4116	615
4117	595
4118	584
4119	600
4120	580
4121	595
4122	550
4123	563
4124	560
4125	586
4126	585
4127	621
4128	645
4129	634
4130	588
4131	593
4132	613
4133	613
4134	569
4135	621
4136	642
4137	605
4138	663
4139	582
4140	609
4141	629
4142	597
4143	634
4144	627
4145	661
4146	645
4147	560
4148	590
4149	627
4150	596
4151	592
4152	564
4153	610
4154	616
4155	676
4156	576
4157	634
4158	565
4159	633
4160	592
4161	611
4162	580
4163	671
4164	615
4165	601
4166	673
4167	634
4168	598
4169	610
4170	633
4171	618
4172	612
4173	611
4174	643
4175	617
4176	646
4177	655
4178	656
4179	613
4180	602
4181	632
4182	622
4183	606
4184	592
4185	596
4186	631
4187	602
4188	598
4189	642
4190	653
4191	639
4192	592
4193	602
4194	583
4195	625
4196	639
4197	558
4198	617
4199	605
4200	604
4201	585
4202	597
4203	586
4204	568
4205	559
4206	623
4207	627
4208	582
4209	585
4210	556
4211	532
4212	578
4213	605
4214	578
4215	549
4216	618
4217	561
4218	548
4219	554
4220	577
4221	514
4222	592
4223	553
4224	517
4225	548
4226	539
4227	522
4228	586
4229	529
4230	547
4231	530
4232	510
4233	561
4234	540
4235	532
4236	510
4237	526
4238	494
4239	467
4240	464
4241	509
4242	467
4243	519
4244	443
4245	494
4246	509
4247	516
4248	415
4249	484
4250	460
4251	457
4252	461
4253	416
4254	474
4255	461
4256	427
4257	465
4258	417
4259	443
4260	462
4261	439
4262	435
4263	439
4264	450
4265	401
4266	406
4267	386
4268	413
4269	424
4270	399
4271	409
4272	421
4273	401
4274	407
4275	403
4276	392
4277	380
4278	360
4279	375
4280	351
4281	383
4282	364
4283	325
4284	393
4285	373
4286	372
4287	381
4288	348
4289	361
4290	346
4291	339
4292	373
4293	328
4294	322
4295	333
4296	331
4297	283
4298	316
4299	319
4300	292
4301	285
4302	321
4303	315
4304	299
4305	334
4306	322
4307	295
4308	312
4309	280
4310	304
4311	259
4312	235
4313	295
4314	257
4315	249
4316	290
4317	292
4318	295
4319	273
4320	257
4321	244
4322	261
4323	258
4324	226
4325	232
4326	224
4327	227
4328	256
4329	248
4330	238
4331	222
4332	240
4333	204
4334	214
4335	225
4336	222
4337	201
4338	188
4339	200
4340	203
4341	222
4342	199
4343	185
4344	188
4345	193
4346	158
4347	180
4348	173
4349	148
4350	198
4351	196
4352	166
4353	146
4354	181
4355	160
4356	149
4357	166
4358	147
4359	156
4360	147
4361	163
4362	150
4363	141
4364	119
4365	126
4366	133
4367	130
4368	145
4369	149
4370	143
4371	143
4372	142
4373	121
4374	119
4375	108
4376	111
4377	121
4378	114
4379	109
4380	130
4381	121
4382	108
4383	98
4384	107
4385	101
4386	90
4387	91
4388	97
4389	96
4390	97
4391	112
4392	109
4393	85
4394	84
4395	78
4396	72
4397	68
4398	84
4399	77
4400	71
4401	86
4402	75
4403	71
4404	90
4405	66
4406	64
4407	68
4408	54
4409	66
4410	65
4411	48
4412	72
4413	63
4414	67
4415	55
4416	64
4417	55
4418	65
4419	52
4420	56
4421	62
4422	52
4423	62
4424	50
4425	45
4426	58
4427	47
4428	50
4429	56
4430	46
4431	45
4432	43
4433	42
4434	51
4435	37
4436	61
4437	36
4438	35
4439	30
4440	37
4441	43
4442	42
4443	33
4444	49
4445	25
4446	33
4447	29
4448	32
4449	41
4450	36
4451	41
4452	37
4453	23
4454	27
4455	31
4456	30
4457	21
4458	32
4459	25
4460	28
4461	24
4462	22
4463	19
4464	22
4465	18
4466	24
4467	26
4468	21
4469	18
4470	20
4471	20
4472	20
4473	14
4474	16
4475	14
4476	10
4477	16
4478	18
4479	8
4480	23
4481	10
4482	21
4483	13
4484	19
4485	22
4486	14
4487	12
4488	14
4489	7
4490	12
4491	8
4492	14
4493	12
4494	11
4495	11
4496	17
4497	9
4498	14
4499	13
4500	17
4501	6
4502	10
4503	10
4504	5
4505	11
4506	7
4507	13
4508	10
4509	9
4510	11
4511	9
4512	9
4513	13
4514	10
4515	7
4516	4
4517	7
4518	10
4519	5
4520	6
4521	9
4522	6
4523	7
4524	3
4525	11
4526	9
4527	8
4528	5
4529	5
4530	4
4531	3
4532	4
4533	3
4534	1
4535	6
4536	3
4537	5
4538	5
4539	1
4540	8
4541	5
4542	4
4543	3
4544	4
4545	5
4546	4
4547	5
4548	4
4549	8
4550	1
4551	5
4552	4
4553	5
4554	5
4555	2
4556	3
4557	3
4558	2
4559	1
4560	3
4561	2
4562	1
4563	2
4564	1
4565	3
4566	5
4567	4
4568	1
4569	2
4570	4
4571	3
4572	3
4573	4
4574	4
4575	2
4576	1
4577	2
4578	3
4579	2
4580	4
4581	2
4582	1
4583	2
4584	1
4585	3
4586	4
4587	1
4588	1
4589	1
4590	0
4591	2
4592	2
4593	0
4594	3
4595	3
4596	4
4597	3
4598	3
4599	3
4600	2
4601	1
4602	1
4603	2
4604	1
4605	0
4606	2
4607	2
4608	4
4609	2
4610	2
4611	0
4612	3
4613	1
4614	2
4615	4
4616	2
4617	1
4618	3
4619	2
4620	1
4621	1
4622	1
4623	4
4624	1
4625	1
4626	3
4627	3
4628	4
4629	2
4630	1
4631	2
4632	2
4633	5
4634	2
4635	1
4636	3
4637	1
4638	1
4639	5
4640	0
4641	1
4642	3
4643	3
4644	3
4645	1
4646	3
4647	2
4648	1
4649	3
4650	2
4651	3
4652	1
4653	1
4654	2
4655	2
4656	2
4657	1
4658	3
4659	3
4660	0
4661	0
4662	1
4663	1
4664	3
4665	5
4666	0
4667	1
4668	3
4669	0
4670	3
4671	0
4672	5
4673	2
4674	4
4675	3
4676	1
4677	0
4678	2
4679	0
4680	0
4681	1
4682	1
4683	0
4684	2
4685	1
4686	0
4687	2
4688	1
4689	1
4690	2
4691	2
4692	4
4693	4
4694	3
4695	3
4696	2
4697	2
4698	3
4699	3
4700	2
4701	3
4702	0
4703	1
4704	3
4705	0
4706	4
4707	4
4708	2
4709	3
4710	2
4711	2
4712	0
4713	1
4714	2
4715	4
4716	1
4717	1
4718	2
4719	2
4720	1
4721	0
4722	0
4723	1
4724	1
4725	1
4726	3
4727	1
4728	2
4729	0
4730	1
4731	1
4732	1
4733	0
4734	1
4735	1
4736	5
4737	4
4738	0
4739	1
4740	3
4741	0
4742	1
4743	4
4744	0
4745	3
4746	1
4747	0
4748	2
4749	1
4750	1
4751	1
4752	0
4753	0
4754	4
4755	1
4756	1
4757	1
4758	3
4759	0
4760	4
4761	0
4762	0
4763	0
4764	2
4765	1
4766	0
4767	1
4768	3
4769	0
4770	0
4771	3
4772	1
4773	2
4774	1
4775	2
4776	1
4777	0
4778	1
4779	1
4780	1
4781	1
4782	0
4783	2
4784	1
4785	2
4786	0
4787	1
4788	1
4789	2
4790	2
4791	1
4792	2
4793	1
4794	2
4795	2
4796	1
4797	1
4798	2
4799	3
4800	2
4801	1
4802	4
4803	2
4804	1
4805	1
4806	2
4807	2
4808	1
4809	0
4810	2
4811	1
4812	1
4813	3
4814	3
4815	2
4816	2
4817	0
4818	3
4819	0
4820	1
4821	1
4822	5
4823	1
4824	1
4825	1
4826	2
4827	0
4828	2
4829	0
4830	1
4831	1
4832	0
4833	2
4834	3
4835	5
4836	0
4837	0
4838	1
4839	0
4840	2
4841	0
4842	1
4843	1
4844	1
4845	1
4846	1
4847	2
4848	0
4849	0
4850	1
4851	1
4852	2
4853	1
4854	1
4855	2
4856	1
4857	1
4858	2
4859	3
4860	2
4861	4
4862	1
4863	3
4864	1
4865	1
4866	0
4867	3
4868	0
4869	3
4870	3
4871	2
4872	4
4873	1
4874	0
4875	4
4876	2
4877	3
4878	1
4879	1
4880	0
4881	0
4882	3
4883	1
4884	1
4885	1
4886	1
4887	1
4888	1
4889	3
4890	2
4891	3
4892	2
4893	6
4894	2
4895	3
4896	0
4897	1
4898	3
4899	1
4900	3
4901	2
4902	2
4903	1
4904	2
4905	1
4906	4
4907	4
4908	3
4909	0
4910	1
4911	1
4912	3
4913	3
4914	1
4915	2
4916	2
4917	4
4918	1
4919	0
4920	1
4921	0
4922	1
4923	1
4924	3
4925	1
4926	2
4927	2
4928	2
4929	4
4930	5
4931	1
4932	0
4933	2
4934	3
4935	0
4936	1
4937	2
4938	0
4939	0
4940	2
4941	3
4942	3
4943	1
4944	1
4945	0
4946	3
4947	1
4948	1
4949	2
4950	2
4951	2
4952	2
4953	1
4954	0
4955	1
4956	1
4957	0
4958	2
4959	1
4960	3
4961	4
4962	2
4963	1
4964	5
4965	2
4966	1
4967	2
4968	2
4969	1
4970	3
4971	0
4972	0
4973	2
4974	4
4975	1
4976	1
4977	0
4978	2
4979	4
4980	2
4981	0
4982	0
4983	2
4984	1
4985	1
4986	2
4987	1
4988	0
4989	1
4990	1
4991	0
4992	2
4993	4
4994	1
4995	1
4996	3
4997	1
4998	0
4999	1
5000	0
5001	2
5002	0
5003	0
5004	2
5005	1
5006	2
5007	2
5008	0
5009	1
5010	1
5011	2
5012	0
5013	1
5014	1
5015	2
5016	2
5017	1
5018	1
5019	1
5020	0
5021	2
5022	2
5023	2
5024	1
5025	0
5026	1
5027	3
5028	2
5029	3
5030	4
5031	5
5032	1
5033	3
5034	1
5035	1
5036	0
5037	4
5038	2
5039	1
5040	0
5041	0
5042	3
5043	0
5044	2
5045	0
5046	1
5047	0
5048	1
5049	1
5050	1
5051	3
5052	0
5053	3
5054	1
5055	3
5056	2
5057	2
5058	0
5059	2
5060	3
5061	0
5062	2
5063	0
5064	1
5065	1
5066	0
5067	1
5068	1
5069	0
5070	2
5071	1
5072	2
5073	1
5074	0
5075	2
5076	0
5077	1
5078	4
5079	2
5080	0
5081	0
5082	0
5083	0
5084	0
5085	3
5086	1
5087	2
5088	1
5089	1
5090	1
5091	2
5092	2
5093	3
5094	2
5095	3
5096	0
5097	1
5098	0
5099	1
5100	0
5101	3
5102	0
5103	3
5104	0
5105	1
5106	1
5107	1
5108	0
5109	2
5110	0
5111	1
5112	1
5113	4
5114	0
5115	0
5116	1
5117	1
5118	1
5119	0
5120	1
5121	2
5122	1
5123	1
5124	0
5125	2
5126	2
5127	2
5128	3
5129	2
5130	1
5131	2
5132	2
5133	2
5134	1
5135	1
5136	1
5137	1
5138	4
5139	1
5140	3
5141	3
5142	3
5143	2
5144	0
5145	3
5146	1
5147	1
5148	0
5149	1
5150	2
5151	2
5152	1
5153	0
5154	1
5155	1
5156	0
5157	2
5158	0
5159	2
5160	1
5161	0
5162	1
5163	0
5164	0
5165	0
5166	2
5167	4
5168	1
5169	2
5170	3
5171	2
5172	1
5173	1
5174	2
5175	0
5176	1
5177	1
5178	2
5179	2
5180	2
5181	2
5182	2
5183	1
5184	1
5185	0
5186	3
5187	1
5188	4
5189	1
5190	2
5191	1
5192	2
5193	2
5194	0
5195	2
5196	3
5197	6
5198	1
5199	1
5200	3
5201	3
5202	3
5203	1
5204	0
5205	3
5206	3
5207	2
5208	0
5209	1
5210	3
5211	1
5212	2
5213	0
5214	1
5215	0
5216	0
5217	1
5218	3
5219	1
5220	0
5221	2
5222	5
5223	0
5224	1
5225	0
5226	3
5227	2
5228	0
5229	1
5230	2
5231	0
5232	0
5233	0
5234	3
5235	0
5236	1
5237	1
5238	0
5239	1
5240	0
5241	0
5242	1
5243	1
5244	2
5245	4
5246	1
5247	1
5248	2
5249	1
5250	0
5251	0
5252	0
5253	1
5254	3
5255	1
5256	1
5257	1
5258	5
5259	4
5260	2
5261	0
5262	0
5263	1
5264	2
5265	2
5266	0
5267	0
5268	0
5269	3
5270	0
5271	2
5272	0
5273	2
5274	1
5275	3
5276	1
5277	1
5278	4
5279	2
5280	1
5281	1
5282	3
5283	3
5284	0
5285	2
5286	1
5287	1
5288	0
5289	1
5290	0
5291	2
5292	3
5293	0
5294	0
5295	1
5296	0
5297	1
5298	4
5299	0
5300	2
5301	0
5302	1
5303	1
5304	2
5305	2
5306	2
5307	1
5308	1
5309	2
5310	0
5311	3
5312	1
5313	1
5314	4
5315	4
5316	0
5317	1
5318	2
5319	1
5320	1
5321	0
5322	5
5323	6
5324	0
5325	0
5326	2
5327	0
5328	3
5329	2
5330	1
5331	1
5332	0
5333	1
5334	0
5335	0
5336	1
5337	3
5338	2
5339	0
5340	2
5341	2
5342	0
5343	3
5344	3
5345	2
5346	2
5347	1
5348	1
5349	0
5350	0
5351	4
5352	0
5353	5
5354	3
5355	0
5356	0
5357	0
5358	1
5359	0
5360	2
5361	1
5362	2
5363	3
5364	1
5365	0
5366	2
5367	2
5368	0
5369	1
5370	3
5371	1
5372	4
5373	1
5374	1
5375	1
5376	2
5377	1
5378	1
5379	2
5380	1
5381	4
5382	1
5383	2
5384	2
5385	3
5386	0
5387	6
5388	4
5389	0
5390	2
5391	2
5392	0
5393	1
5394	2
5395	0
5396	2
5397	2
5398	0
5399	1
5400	2
5401	1
5402	1
5403	0
5404	4
5405	3
5406	1
5407	1
5408	0
5409	0
5410	4
5411	0
5412	2
5413	1
5414	2
5415	1
5416	0
5417	2
5418	1
5419	0
5420	2
5421	0
5422	2
5423	2
5424	0
5425	3
5426	2
5427	1
5428	1
5429	2
5430	0
5431	1
5432	1
5433	4
5434	1
5435	5
5436	4
5437	5
5438	0
5439	4
5440	0
5441	2
5442	0
5443	1
5444	2
5445	5
5446	1
5447	1
5448	1
5449	0
5450	1
5451	1
5452	1
5453	1
5454	2
5455	3
5456	2
5457	3
5458	2
5459	3
5460	1
5461	1
5462	0
5463	2
5464	1
5465	0
5466	1
5467	2
5468	1
5469	1
5470	1
5471	3
5472	2
5473	1
5474	1
5475	2
5476	2
5477	1
5478	1
5479	1
5480	2
5481	3
5482	2
5483	3
5484	2
5485	0
5486	0
5487	1
5488	2
5489	1
5490	1
5491	4
5492	0
5493	0
5494	1
5495	1
5496	2
5497	0
5498	2
5499	2
5500	1
5501	1
5502	2
5503	4
5504	4
5505	0
5506	0
5507	0
5508	3
5509	1
5510	1
5511	3
5512	1
5513	0
5514	1
5515	0
5516	0
5517	0
5518	0
5519	1
5520	2
5521	0
5522	0
5523	0
5524	5
5525	3
5526	1
5527	1
5528	0
5529	1
5530	1
5531	1
5532	3
5533	0
5534	2
5535	2
5536	0
5537	3
5538	0
5539	3
5540	2
5541	0
5542	0
5543	0
5544	0
5545	1
5546	1
5547	1
5548	1
5549	2
5550	2
5551	2
5552	3
5553	0
5554	0
5555	0
5556	1
5557	0
5558	3
5559	2
5560	2
5561	2
5562	1
5563	2
5564	0
5565	3
5566	0
5567	1
5568	1
5569	0
5570	1
5571	2
5572	2
5573	1
5574	2
5575	0
5576	2
5577	2
5578	1
5579	1
5580	5
5581	1
5582	2
5583	2
5584	0
5585	1
5586	1
5587	0
5588	4
5589	1
5590	0
5591	2
5592	1
5593	2
5594	1
5595	1
5596	1
5597	3
5598	2
5599	3
5600	0
5601	1
5602	1
5603	1
5604	2
5605	1
5606	0
5607	0
5608	2
5609	3
5610	3
5611	0
5612	2
5613	3
5614	3
5615	1
5616	3
5617	2
5618	2
5619	0
5620	1
5621	3
5622	1
5623	1
5624	1
5625	0
5626	2
5627	1
5628	3
5629	5
5630	1
5631	2
5632	2
5633	1
5634	2
5635	1
5636	1
5637	2
5638	2
5639	2
5640	0
5641	1
5642	3
5643	0
5644	2
5645	2
5646	0
5647	2
5648	3
5649	4
5650	1
5651	0
5652	1
5653	0
5654	2
5655	2
5656	0
5657	2
5658	2
5659	1
5660	1
5661	3
5662	2
5663	0
5664	1
5665	2
5666	0
5667	0
5668	0
5669	0
5670	3
5671	1
5672	2
5673	2
5674	2
5675	2
5676	1
5677	0
5678	2
5679	3
5680	1
5681	2
5682	2
5683	0
5684	0
5685	0
5686	0
5687	2
5688	1
5689	2
5690	1
5691	1
5692	2
5693	1
5694	0
5695	1
5696	0
5697	2
5698	0
5699	3
5700	1
5701	1
5702	0
5703	3
5704	2
5705	2
5706	0
5707	1
5708	1
5709	2
5710	2
5711	0
5712	1
5713	1
5714	1
5715	0
5716	0
5717	2
5718	2
5719	1
5720	1
5721	3
5722	0
5723	3
5724	1
5725	5
5726	1
5727	2
5728	0
5729	1
5730	1
5731	3
5732	0
5733	5
5734	4
5735	2
5736	2
5737	0
5738	1
5739	2
5740	2
5741	0
5742	2
5743	0
5744	0
5745	1
5746	0
5747	0
5748	1
5749	1
5750	1
5751	0
5752	3
5753	1
5754	1
5755	2
5756	3
5757	2
5758	1
5759	1
5760	0
5761	1
5762	1
5763	1
5764	1
5765	4
5766	2
5767	3
5768	1
5769	1
5770	0
5771	0
5772	4
5773	1
5774	1
5775	2
5776	3
5777	1
5778	1
5779	1
5780	2
5781	3
5782	1
5783	1
5784	3
5785	1
5786	1
5787	2
5788	2
5789	0
5790	2
5791	2
5792	1
5793	0
5794	1
5795	0
5796	1
5797	2
5798	2
5799	1
5800	3
5801	1
5802	1
5803	1
5804	0
5805	2
5806	3
5807	0
5808	2
5809	2
5810	3
5811	2
5812	0
5813	2
5814	0
5815	2
5816	0
5817	1
5818	2
5819	2
5820	3
5821	1
5822	1
5823	2
5824	1
5825	3
5826	1
5827	1
5828	2
5829	2
5830	2
5831	1
5832	1
5833	1
5834	1
5835	0
5836	0
5837	1
5838	1
5839	2
5840	1
5841	1
5842	0
5843	1
5844	2
5845	1
5846	2
5847	1
5848	2
5849	0
5850	3
5851	0
5852	0
5853	1
5854	0
5855	2
5856	1
5857	2
5858	4
5859	1
5860	1
5861	1
5862	1
5863	0
5864	5
5865	4
5866	1
5867	0
5868	0
5869	0
5870	0
5871	1
5872	2
5873	2
5874	1
5875	2
5876	0
5877	1
5878	1
5879	1
5880	1
5881	1
5882	2
5883	2
5884	1
5885	4
5886	1
5887	2
5888	1
5889	3
5890	1
5891	2
5892	3
5893	0
5894	1
5895	0
5896	2
5897	1
5898	2
5899	0
5900	2
5901	0
5902	0
5903	0
5904	3
5905	0
5906	1
5907	1
5908	2
5909	0
5910	1
5911	2
5912	1
5913	1
5914	3
5915	0
5916	0
5917	0
5918	0
5919	1
5920	1
5921	0
5922	2
5923	1
5924	1
5925	3
5926	0
5927	1
5928	2
5929	0
5930	1
5931	2
5932	2
5933	3
5934	2
5935	1
5936	0
5937	0
5938	0
5939	2
5940	2
5941	4
5942	2
5943	2
5944	3
5945	2
5946	1
5947	3
5948	1
5949	1
5950	3
5951	1
5952	2
5953	2
5954	1
5955	0
5956	1
5957	0
5958	0
5959	2
5960	1
5961	2
5962	1
5963	1
5964	0
5965	0
5966	2
5967	0
5968	4
5969	1
5970	3
5971	0
5972	1
5973	2
5974	2
5975	1
5976	2
5977	1
5978	3
5979	0
5980	3
5981	1
5982	2
5983	1
5984	0
5985	0
5986	1
5987	2
5988	2
5989	1
5990	2
5991	0
5992	0
5993	6
5994	2
5995	2
5996	2
5997	1
5998	1
5999	0
6000	2
6001	0
6002	2
6003	1
6004	1
6005	3
6006	1
6007	0
6008	1
6009	3
6010	0
6011	1
6012	2
6013	0
6014	1
6015	1
6016	0
6017	2
6018	1
6019	0
6020	3
6021	2
6022	2
6023	0
6024	1
6025	1
6026	2
6027	1
6028	1
6029	1
6030	0
6031	1
6032	1
6033	1
6034	0
6035	1
6036	0
6037	1
6038	0
6039	1
6040	3
6041	4
6042	1
6043	2
6044	1
6045	5
6046	1
6047	2
6048	4
6049	0
6050	0
6051	1
6052	2
6053	1
6054	2
6055	2
6056	3
6057	1
6058	1
6059	0
6060	2
6061	2
6062	2
6063	1
6064	3
6065	2
6066	2
6067	1
6068	1
6069	0
6070	0
6071	0
6072	0
6073	0
6074	0
6075	2
6076	0
6077	1
6078	1
6079	1
6080	0
6081	2
6082	1
6083	1
6084	1
6085	1
6086	1
6087	1
6088	4
6089	1
6090	0
6091	2
6092	1
6093	0
6094	0
6095	1
6096	2
6097	0
6098	2
6099	1
6100	1
6101	1
6102	0
6103	1
6104	0
6105	1
6106	0
6107	2
6108	0
6109	0
6110	1
6111	0
6112	0
6113	1
6114	0
6115	0
6116	0
6117	2
6118	1
6119	0
6120	0
6121	0
6122	2
6123	3
6124	1
6125	1
6126	1
6127	2
6128	3
6129	0
6130	0
6131	1
6132	1
6133	1
6134	0
6135	0
6136	1
6137	1
6138	0
6139	1
6140	0
6141	0
6142	0
6143	0
6144	1
6145	2
6146	1
6147	1
6148	0
6149	0
6150	1
6151	2
6152	0
6153	3
6154	0
6155	1
6156	1
6157	0
6158	0
6159	0
6160	1
6161	4
6162	1
6163	0
6164	0
6165	2
6166	3
6167	1
6168	1
6169	3
6170	2
6171	1
6172	0
6173	1
6174	1
6175	2
6176	2
6177	2
6178	0
6179	0
6180	2
6181	0
6182	0
6183	1
6184	0
6185	0
6186	4
6187	1
6188	0
6189	2
6190	3
6191	1
6192	1
6193	1
6194	0
6195	0
6196	0
6197	4
6198	0
6199	1
6200	1
6201	1
6202	1
6203	0
6204	0
6205	0
6206	1
6207	0
6208	0
6209	1
6210	2
6211	2
6212	2
6213	1
6214	2
6215	0
6216	1
6217	2
6218	0
6219	2
6220	1
6221	1
6222	1
6223	0
6224	0
6225	1
6226	2
6227	1
6228	0
6229	2
6230	2
6231	1
6232	1
6233	1
6234	2
6235	2
6236	0
6237	1
6238	0
6239	2
6240	2
6241	1
6242	1
6243	2
6244	1
6245	2
6246	0
6247	0
6248	2
6249	1
6250	0
6251	0
6252	1
6253	2
6254	0
6255	0
6256	0
6257	0
6258	0
6259	0
6260	1
6261	2
6262	2
6263	1
6264	0
6265	0
6266	2
6267	1
6268	2
6269	0
6270	1
6271	1
6272	1
6273	1
6274	0
6275	1
6276	3
6277	1
6278	1
6279	3
6280	1
6281	1
6282	4
6283	1
6284	1
6285	0
6286	2
6287	1
6288	0
6289	3
6290	1
6291	1
6292	0
6293	1
6294	0
6295	1
6296	2
6297	0
6298	1
6299	1
6300	1
6301	0
6302	1
6303	0
6304	0
6305	0
6306	1
6307	0
6308	1
6309	1
6310	1
6311	1
6312	0
6313	1
6314	0
6315	1
6316	1
6317	0
6318	2
6319	1
6320	0
6321	0
6322	2
6323	0
6324	0
6325	1
6326	1
6327	1
6328	0
6329	1
6330	2
6331	2
6332	1
6333	0
6334	0
6335	2
6336	1
6337	1
6338	1
6339	0
6340	2
6341	4
6342	1
6343	0
6344	0
6345	2
6346	0
6347	1
6348	2
6349	0
6350	0
6351	0
6352	0
6353	1
6354	1
6355	3
6356	1
6357	0
6358	0
6359	1
6360	0
6361	0
6362	1
6363	1
6364	1
6365	0
6366	0
6367	1
6368	0
6369	2
6370	2
6371	2
6372	1
6373	1
6374	1
6375	1
6376	0
6377	0
6378	0
6379	1
6380	1
6381	1
6382	1
6383	1
6384	0
6385	0
6386	0
6387	1
6388	1
6389	3
6390	1
6391	0
6392	3
6393	1
6394	2
6395	1
6396	1
6397	2
6398	1
6399	1
6400	2
6401	0
6402	0
6403	3
6404	0
6405	1
6406	0
6407	1
6408	2
6409	0
6410	1
6411	1
6412	2
6413	0
6414	2
6415	1
6416	2
6417	0
6418	1
6419	2
6420	1
6421	1
6422	0
6423	2
6424	2
6425	0
6426	0
6427	2
6428	1
6429	0
6430	0
6431	0
6432	0
6433	1
6434	1
6435	1
6436	2
6437	0
6438	0
6439	2
6440	0
6441	3
6442	2
6443	1
6444	1
6445	1
6446	1
6447	1
6448	0
6449	1
6450	2
6451	0
6452	1
6453	3
6454	2
6455	0
6456	2
6457	3
6458	0
6459	1
6460	4
6461	2
6462	0
6463	1
6464	1
6465	2
6466	2
6467	0
6468	1
6469	0
6470	0
6471	1
6472	2
6473	1
6474	1
6475	0
6476	1
6477	0
6478	1
6479	2
6480	0
6481	3
6482	2
6483	2
6484	1
6485	1
6486	1
6487	0
6488	0
6489	0
6490	3
6491	0
6492	1
6493	3
6494	3
6495	0
6496	1
6497	1
6498	0
6499	0
6500	0
6501	2
6502	1
6503	2
6504	2
6505	1
6506	2
6507	1
6508	0
6509	0
6510	1
6511	0
6512	1
6513	2
6514	3
6515	0
6516	1
6517	0
6518	1
6519	1
6520	1
6521	0
6522	0
6523	1
6524	1
6525	1
6526	0
6527	1
6528	0
6529	0
6530	0
6531	0
6532	0
6533	1
6534	1
6535	1
6536	1
6537	0
6538	2
6539	0
6540	0
6541	1
6542	1
6543	2
6544	1
6545	1
6546	0
6547	1
6548	1
6549	0
6550	1
6551	1
6552	0
6553	3
6554	1
6555	1
6556	1
6557	1
6558	0
6559	0
6560	1
6561	0
6562	2
6563	0
6564	2
6565	2
6566	3
6567	1
6568	3
6569	1
6570	1
6571	1
6572	1
6573	0
6574	1
6575	0
6576	2
6577	1
6578	1
6579	1
6580	0
6581	1
6582	2
6583	2
6584	0
6585	0
6586	1
6587	2
6588	1
6589	1
6590	0
6591	0
6592	0
6593	0
6594	0
6595	2
6596	1
6597	2
6598	0
6599	1
6600	1
6601	0
6602	2
6603	2
6604	1
6605	0
6606	2
6607	2
6608	0
6609	2
6610	0
6611	0
6612	1
6613	0
6614	1
6615	1
6616	1
6617	3
6618	0
6619	2
6620	1
6621	1
6622	1
6623	0
6624	3
6625	0
6626	0
6627	1
6628	1
6629	0
6630	2
6631	1
6632	0
6633	0
6634	2
6635	2
6636	4
6637	0
6638	2
6639	1
6640	2
6641	0
6642	1
6643	1
6644	0
6645	1
6646	2
6647	3
6648	0
6649	2
6650	0
6651	1
6652	2
6653	0
6654	0
6655	1
6656	1
6657	2
6658	1
6659	0
6660	0
6661	0
6662	0
6663	1
6664	0
6665	3
6666	3
6667	0
6668	0
6669	1
6670	2
6671	0
6672	0
6673	0
6674	0
6675	2
6676	1
6677	2
6678	1
6679	2
6680	1
6681	1
6682	1
6683	0
6684	1
6685	1
6686	0
6687	1
6688	0
6689	1
6690	0
6691	1
6692	1
6693	0
6694	1
6695	0
6696	0
6697	0
6698	2
6699	2
6700	0
6701	1
6702	1
6703	0
6704	1
6705	0
6706	0
6707	0
6708	0
6709	0
6710	3
6711	1
6712	3
6713	1
6714	2
6715	1
6716	0
6717	0
6718	0
6719	0
6720	2
6721	0
6722	0
6723	1
6724	2
6725	1
6726	1
6727	1
6728	0
6729	2
6730	1
6731	3
6732	1
6733	0
6734	0
6735	0
6736	4
6737	0
6738	2
6739	0
6740	0
6741	2
6742	1
6743	1
6744	1
6745	0
6746	1
6747	1
6748	0
6749	0
6750	2
6751	0
6752	0
6753	1
6754	2
6755	1
6756	3
6757	0
6758	1
6759	1
6760	1
6761	2
6762	0
6763	0
6764	3
6765	1
6766	1
6767	2
6768	2
6769	1
6770	1
6771	0
6772	1
6773	2
6774	2
6775	1
6776	1
6777	1
6778	1
6779	1
6780	0
6781	2
6782	0
6783	1
6784	2
6785	0
6786	0
6787	1
6788	0
6789	2
6790	0
6791	0
6792	1
6793	2
6794	0
6795	2
6796	0
6797	0
6798	1
6799	1
6800	1
6801	0
6802	1
6803	1
6804	0
6805	1
6806	0
6807	2
6808	1
6809	0
6810	2
6811	0
6812	2
6813	1
6814	3
6815	0
6816	1
6817	0
6818	3
6819	0
6820	0
6821	3
6822	1
6823	0
6824	0
6825	0
6826	2
6827	2
6828	0
6829	0
6830	0
6831	1
6832	4
6833	1
6834	3
6835	2
6836	0
6837	0
6838	1
6839	1
6840	0
6841	0
6842	2
6843	1
6844	1
6845	2
6846	2
6847	0
6848	1
6849	1
6850	1
6851	0
6852	2
6853	0
6854	3
6855	0
6856	0
6857	2
6858	2
6859	2
6860	1
6861	1
6862	0
6863	0
6864	1
6865	2
6866	1
6867	5
6868	2
6869	0
6870	2
6871	1
6872	0
6873	0
6874	0
6875	3
6876	0
6877	1
6878	2
6879	1
6880	1
6881	0
6882	0
6883	1
6884	0
6885	3
6886	2
6887	1
6888	1
6889	0
6890	1
6891	0
6892	0
6893	3
6894	0
6895	1
6896	1
6897	0
6898	1
6899	1
6900	0
6901	1
6902	0
6903	3
6904	0
6905	0
6906	3
6907	0
6908	1
6909	2
6910	1
6911	1
6912	2
6913	4
6914	2
6915	1
6916	1
6917	0
6918	0
6919	1
6920	0
6921	2
6922	1
6923	0
6924	0
6925	2
6926	3
6927	0
6928	0
6929	0
6930	1
6931	1
6932	4
6933	1
6934	0
6935	2
6936	1
6937	1
6938	0
6939	1
6940	0
6941	0
6942	0
6943	3
6944	0
6945	1
6946	3
6947	1
6948	0
6949	1
6950	0
6951	2
6952	1
6953	0
6954	0
6955	2
6956	0
6957	0
6958	0
6959	1
6960	1
6961	3
6962	0
6963	0
6964	0
6965	2
6966	1
6967	0
6968	1
6969	0
6970	1
6971	1
6972	0
6973	0
6974	2
6975	2
6976	0
6977	1
6978	2
6979	2
6980	1
6981	0
6982	0
6983	2
6984	0
6985	0
6986	1
6987	2
6988	0
6989	0
6990	1
6991	0
6992	2
6993	1
6994	0
6995	1
6996	0
6997	1
6998	1
6999	0
7000	1
7001	0
7002	1
7003	1
7004	1
7005	0
7006	0
7007	1
7008	0
7009	2
7010	0
7011	0
7012	0
7013	0
7014	2
7015	3
7016	0
7017	3
7018	0
7019	0
7020	1
7021	3
7022	0
7023	1
7024	2
7025	0
7026	0
7027	3
7028	2
7029	2
7030	1
7031	1
7032	1
7033	0
7034	4
7035	3
7036	1
7037	0
7038	0
7039	1
7040	1
7041	0
7042	0
7043	1
7044	1
7045	2
7046	1
7047	2
7048	1
7049	1
7050	2
7051	1
7052	0
7053	1
7054	5
7055	0
7056	3
7057	3
7058	1
7059	0
7060	1
7061	0
7062	0
7063	1
7064	2
7065	0
7066	3
7067	0
7068	3
7069	0
7070	1
7071	2
7072	1
7073	0
7074	0
7075	2
7076	0
7077	1
7078	0
7079	2
7080	1
7081	0
7082	1
7083	1
7084	0
7085	1
7086	1
7087	1
7088	0
7089	1
7090	1
7091	1
7092	4
7093	0
7094	1
7095	2
7096	2
7097	0
7098	3
7099	0
7100	0
7101	1
7102	0
7103	2
7104	0
7105	0
7106	2
7107	3
7108	0
7109	2
7110	0
7111	1
7112	0
7113	0
7114	0
7115	1
7116	2
7117	2
7118	2
7119	0
7120	0
7121	1
7122	2
7123	1
7124	0
7125	0
7126	1
7127	1
7128	0
7129	2
7130	0
7131	2
7132	0
7133	1
7134	0
7135	1
7136	1
7137	0
7138	0
7139	0
7140	1
7141	0
7142	0
7143	1
7144	2
7145	1
7146	1
7147	1
7148	2
7149	0
7150	1
7151	2
7152	3
7153	0
7154	0
7155	2
7156	1
7157	1
7158	1
7159	0
7160	3
7161	2
7162	0
7163	1
7164	0
7165	1
7166	0
7167	0
7168	1
7169	2
7170	1
7171	1
7172	0
7173	0
7174	0
7175	0
7176	0
7177	1
7178	2
7179	0
7180	2
7181	2
7182	3
7183	1
7184	0
7185	3
7186	0
7187	1
7188	1
7189	0
7190	0
7191	2
7192	1
7193	1
7194	1
7195	2
7196	1
7197	1
7198	0
7199	0
7200	0
7201	0
7202	2
7203	1
7204	1
7205	0
7206	1
7207	2
7208	1
7209	1
7210	3
7211	0
7212	1
7213	0
7214	1
7215	0
7216	2
7217	0
7218	1
7219	1
7220	1
7221	2
7222	2
7223	0
7224	0
7225	1
7226	1
7227	1
7228	2
7229	4
7230	1
7231	0
7232	2
7233	2
7234	3
7235	1
7236	1
7237	1
7238	0
7239	1
7240	2
7241	0
7242	0
7243	2
7244	3
7245	1
7246	0
7247	0
7248	0
7249	1
7250	0
7251	0
7252	1
7253	4
7254	1
7255	2
7256	1
7257	2
7258	2
7259	0
7260	1
7261	1
7262	0
7263	0
7264	0
7265	2
7266	0
7267	2
7268	1
7269	1
7270	0
7271	0
7272	1
7273	0
7274	1
7275	1
7276	1
7277	1
7278	0
7279	1
7280	1
7281	1
7282	1
7283	1
7284	0
7285	0
7286	0
7287	0
7288	0
7289	1
7290	0
7291	0
7292	0
7293	0
7294	2
7295	0
7296	1
7297	1
7298	0
7299	1
7300	0
7301	1
7302	0
7303	1
7304	0
7305	1
7306	3
7307	2
7308	1
7309	1
7310	1
7311	1
7312	2
7313	2
7314	1
7315	1
7316	0
7317	0
7318	1
7319	1
7320	0
7321	1
7322	2
7323	1
7324	1
7325	0
7326	2
7327	2
7328	1
7329	1
7330	1
7331	0
7332	0
7333	0
7334	0
7335	0
7336	1
7337	0
7338	2
7339	0
7340	0
7341	1
7342	1
7343	0
7344	0
7345	1
7346	0
7347	3
7348	1
7349	0
7350	2
7351	1
7352	1
7353	1
7354	2
7355	1
7356	0
7357	0
7358	0
7359	0
7360	3
7361	0
7362	3
7363	2
7364	1
7365	0
7366	0
7367	0
7368	1
7369	1
7370	2
7371	1
7372	1
7373	0
7374	1
7375	1
7376	1
7377	0
7378	1
7379	1
7380	0
7381	1
7382	0
7383	0
7384	0
7385	0
7386	1
7387	1
7388	0
7389	1
7390	1
7391	1
7392	1
7393	1
7394	1
7395	0
7396	0
7397	0
7398	0
7399	2
7400	0
7401	0
7402	0
7403	0
7404	1
7405	1
7406	0
7407	1
7408	2
7409	0
7410	1
7411	0
7412	0
7413	1
7414	1
7415	0
7416	0
7417	1
7418	1
7419	1
7420	0
7421	0
7422	0
7423	0
7424	1
7425	0
7426	0
7427	0
7428	1
7429	0
7430	1
7431	0
7432	0
7433	2
7434	1
7435	1
7436	3
7437	0
7438	0
7439	1
7440	1
7441	0
7442	0
7443	0
7444	0
7445	0
7446	0
7447	0
7448	3
7449	0
7450	1
7451	1
7452	2
7453	0
7454	0
7455	0
7456	0
7457	0
7458	1
7459	0
7460	0
7461	0
7462	0
7463	0
7464	0
7465	0
7466	0
7467	1
7468	0
7469	2
7470	0
7471	0
7472	0
7473	0
7474	0
7475	1
7476	0
7477	0
7478	0
7479	0
7480	0
7481	0
7482	0
7483	0
7484	1
7485	0
7486	0
7487	0
7488	0
7489	0
7490	2
7491	1
7492	0
7493	1
7494	1
7495	0
7496	0
7497	0
7498	0
7499	0
7500	1
7501	0
7502	2
7503	0
7504	0
7505	2
7506	0
7507	2
7508	1
7509	1
7510	0
7511	2
7512	0
7513	0
7514	1
7515	1
7516	0
7517	0
7518	1
7519	0
7520	1
7521	0
7522	2
7523	0
7524	0
7525	0
7526	0
7527	0
7528	0
7529	0
7530	0
7531	0
7532	0
7533	1
7534	0
7535	0
7536	2
7537	1
7538	1
7539	0
7540	0
7541	1
7542	0
7543	0
7544	0
7545	0
7546	2
7547	0
7548	0
7549	2
7550	1
7551	1
7552	0
7553	1
7554	0
7555	0
7556	0
7557	0
7558	0
7559	0
7560	2
7561	0
7562	1
7563	1
7564	1
7565	1
7566	0
7567	0
7568	1
7569	2
7570	0
7571	0
7572	0
7573	0
7574	0
7575	0
7576	0
7577	0
7578	0
7579	0
7580	1
7581	0
7582	0
7583	0
7584	0
7585	0
7586	1
7587	1
7588	0
7589	0
7590	0
7591	1
7592	1
7593	0
7594	1
7595	3
7596	0
7597	1
7598	0
7599	1
7600	0
7601	0
7602	0
7603	2
7604	0
7605	1
7606	1
7607	0
7608	2
7609	0
7610	1
7611	0
7612	0
7613	0
7614	0
7615	0
7616	0
7617	0
7618	0
7619	0
7620	0
7621	1
7622	0
7623	1
7624	2
7625	0
7626	2
7627	1
7628	0
7629	0
7630	1
7631	1
7632	2
7633	0
7634	0
7635	1
7636	0
7637	0
7638	2
7639	1
7640	0
7641	1
7642	1
7643	1
7644	0
7645	1
7646	0
7647	0
7648	0
7649	0
7650	1
7651	1
7652	2
7653	0
7654	0
7655	0
7656	0
7657	0
7658	1
7659	2
7660	1
7661	0
7662	1
7663	0
7664	3
7665	0
7666	0
7667	0
7668	0
7669	2
7670	0
7671	1
7672	0
7673	0
7674	0
7675	0
7676	2
7677	3
7678	2
7679	0
7680	1
7681	1
7682	0
7683	1
7684	3
7685	0
7686	0
7687	0
7688	0
7689	1
7690	1
7691	1
7692	0
7693	1
7694	0
7695	1
7696	0
7697	0
7698	0
7699	0
7700	0
7701	0
7702	0
7703	1
7704	2
7705	1
7706	0
7707	0
7708	0
7709	0
7710	0
7711	0
7712	0
7713	1
7714	0
7715	0
7716	3
7717	1
7718	2
7719	0
7720	3
7721	0
7722	0
7723	0
7724	0
7725	0
7726	2
7727	2
7728	0
7729	1
7730	1
7731	1
7732	0
7733	0
7734	0
7735	0
7736	0
7737	0
7738	1
7739	0
7740	1
7741	1
7742	0
7743	1
7744	0
7745	1
7746	0
7747	0
7748	1
7749	0
7750	1
7751	0
7752	0
7753	1
7754	0
7755	1
7756	1
7757	0
7758	0
7759	0
7760	1
7761	1
7762	1
7763	0
7764	0
7765	0
7766	0
7767	1
7768	0
7769	1
7770	0
7771	3
7772	0
7773	0
7774	0
7775	0
7776	1
7777	0
7778	0
7779	1
7780	1
7781	0
7782	0
7783	0
7784	2
7785	0
7786	1
7787	0
7788	0
7789	0
7790	0
7791	0
7792	0
7793	4
7794	0
7795	1
7796	2
7797	0
7798	0
7799	0
7800	1
7801	0
7802	0
7803	0
7804	1
7805	0
7806	0
7807	1
7808	0
7809	0
7810	1
7811	1
7812	0
7813	0
7814	1
7815	0
7816	0
7817	1
7818	1
7819	0
7820	0
7821	0
7822	0
7823	2
7824	0
7825	0
7826	1
7827	0
7828	1
7829	2
7830	0
7831	2
7832	0
7833	0
7834	0
7835	0
7836	1
7837	0
7838	0
7839	0
7840	0
7841	0
7842	2
7843	1
7844	0
7845	0
7846	1
7847	0
7848	0
7849	0
7850	3
7851	1
7852	0
7853	0
7854	0
7855	0
7856	0
7857	0
7858	1
7859	0
7860	0
7861	0
7862	0
7863	1
7864	1
7865	0
7866	0
7867	1
7868	0
7869	0
7870	0
7871	3
7872	1
7873	1
7874	0
7875	0
7876	2
7877	0
7878	2
7879	1
7880	1
7881	1
7882	0
7883	0
7884	0
7885	0
7886	0
7887	1
7888	0
7889	0
7890	1
7891	4
7892	1
7893	2
7894	1
7895	1
7896	1
7897	1
7898	1
7899	0
7900	0
7901	1
7902	1
7903	1
7904	0
7905	2
7906	1
7907	0
7908	0
7909	0
7910	0
7911	0
7912	0
7913	0
7914	0
7915	0
7916	0
7917	0
7918	0
7919	0
7920	0
7921	0
7922	0
7923	0
7924	0
7925	0
7926	0
7927	0
7928	0
7929	0
7930	0
7931	0
7932	0
7933	0
7934	0
7935	0
7936	0
7937	0
7938	0
7939	0
7940	0
7941	0
7942	0
7943	0
7944	0
7945	0
7946	0
7947	0
7948	0
7949	0
7950	0
7951	0
7952	0
7953	0
7954	0
7955	0
7956	0
7957	0
7958	0
7959	0
7960	0
7961	0
7962	0
7963	0
7964	0
7965	0
7966	0
7967	0
7968	0
7969	0
7970	0
7971	0
7972	0
7973	0
7974	0
7975	0
7976	0
7977	0
7978	0
7979	0
7980	0
7981	0
7982	0
7983	0
7984	0
7985	0
7986	0
7987	0
7988	0
7989	0
7990	0
7991	0
7992	0
7993	0
7994	0
7995	0
7996	0
7997	0
7998	0
7999	0
8000	0
8001	0
8002	0
8003	0
8004	0
8005	0
8006	0
8007	0
8008	0
8009	0
8010	0
8011	0
8012	0
8013	0
8014	0
8015	0
8016	0
8017	0
8018	0
8019	0
8020	0
8021	0
8022	0
8023	0
8024	0
8025	0
8026	0
8027	0
8028	0
8029	0
8030	0
8031	0
8032	0
8033	0
8034	0
8035	0
8036	0
8037	0
8038	0
8039	0
8040	0
8041	0
8042	0
8043	0
8044	0
8045	0
8046	0
8047	0
8048	0
8049	0
8050	0
8051	0
8052	0
8053	0
8054	0
8055	0
8056	0
8057	0
8058	0
8059	0
8060	0
8061	0
8062	0
8063	0
8064	0
8065	0
8066	0
8067	0
8068	0
8069	0
8070	0
8071	0
8072	0
8073	0
8074	0
8075	0
8076	0
8077	0
8078	0
8079	0
8080	0
8081	0
8082	0
8083	0
8084	0
8085	0
8086	0
8087	0
8088	0
8089	0
8090	0
8091	0
8092	0
8093	0
8094	0
8095	0
8096	0
8097	0
8098	0
8099	0
8100	0
8101	0
8102	0
8103	0
8104	0
8105	0
8106	0
8107	0
8108	0
8109	0
8110	0
8111	0
8112	0
8113	0
8114	0
8115	0
8116	0
8117	0
8118	0
8119	0
8120	0
8121	0
8122	0
8123	0
8124	0
8125	0
8126	0
8127	0
8128	0
8129	0
8130	0
8131	0
8132	0
8133	0
8134	0
8135	0
8136	0
8137	0
8138	0
8139	0
8140	0
8141	0
8142	0
8143	0
8144	0
8145	0
8146	0
8147	0
8148	0
8149	0
8150	0
8151	0
8152	0
8153	0
8154	0
8155	0
8156	0
8157	0
8158	0
8159	0
8160	0
8161	0
8162	0
8163	0
8164	0
8165	0
8166	0
8167	0
8168	0
8169	0
8170	0
8171	0
8172	0
8173	0
8174	0
8175	0
8176	0
8177	0
8178	0
8179	0
8180	0
8181	0
8182	0
8183	0
8184	0
8185	0
8186	0
8187	0
8188	0
8189	0
8190	0
8191	0
