0	0
1	0
2	0
3	0
4	0
5	0
6	0
7	0
8	0
9	0
10	0
11	0
12	0
13	0
14	0
15	0
16	0
17	0
18	0
19	0
20	0
21	0
22	0
23	0
24	0
25	0
26	0
27	0
28	0
29	0
30	0
31	0
32	0
33	0
34	0
35	0
36	0
37	0
38	0
39	0
40	0
41	0
42	0
43	0
44	0
45	0
46	0
47	0
48	0
49	0
50	0
51	0
52	0
53	0
54	0
55	0
56	0
57	0
58	0
59	0
60	0
61	0
62	0
63	0
64	0
65	0
66	0
67	0
68	0
69	0
70	0
71	0
72	0
73	0
74	0
75	0
76	0
77	1
78	1
79	0
80	0
81	0
82	0
83	0
84	0
85	9
86	35
87	64
88	74
89	71
90	78
91	54
92	76
93	69
94	64
95	75
96	65
97	59
98	57
99	71
100	64
101	70
102	75
103	64
104	60
105	67
106	73
107	67
108	70
109	55
110	64
111	71
112	70
113	71
114	66
115	64
116	64
117	90
118	50
119	65
120	76
121	71
122	88
123	86
124	79
125	77
126	67
127	75
128	73
129	71
130	83
131	60
132	78
133	70
134	77
135	62
136	61
137	61
138	60
139	63
140	76
141	64
142	76
143	64
144	72
145	70
146	65
147	68
148	75
149	83
150	71
151	78
152	75
153	77
154	62
155	64
156	70
157	71
158	68
159	76
160	55
161	76
162	68
163	67
164	73
165	70
166	81
167	69
168	71
169	69
170	68
171	67
172	74
173	69
174	76
175	70
176	65
177	70
178	79
179	65
180	69
181	60
182	56
183	78
184	55
185	66
186	73
187	72
188	85
189	75
190	80
191	64
192	71
193	82
194	68
195	83
196	66
197	75
198	76
199	58
200	58
201	73
202	61
203	70
204	70
205	66
206	80
207	74
208	71
209	76
210	67
211	73
212	76
213	75
214	75
215	69
216	81
217	87
218	89
219	77
220	79
221	57
222	68
223	75
224	73
225	73
226	81
227	79
228	60
229	80
230	64
231	66
232	74
233	56
234	81
235	59
236	84
237	64
238	66
239	73
240	67
241	78
242	64
243	83
244	89
245	79
246	86
247	69
248	67
249	79
250	69
251	67
252	78
253	82
254	72
255	86
256	71
257	61
258	68
259	80
260	73
261	69
262	88
263	65
264	77
265	75
266	81
267	72
268	75
269	73
270	69
271	82
272	84
273	63
274	71
275	64
276	88
277	64
278	70
279	71
280	75
281	76
282	81
283	72
284	82
285	55
286	75
287	72
288	87
289	86
290	65
291	81
292	70
293	76
294	66
295	81
296	74
297	81
298	77
299	78
300	83
301	69
302	70
303	79
304	72
305	89
306	74
307	76
308	75
309	74
310	67
311	73
312	59
313	62
314	88
315	85
316	64
317	71
318	74
319	65
320	74
321	75
322	79
323	82
324	78
325	85
326	74
327	64
328	73
329	81
330	72
331	81
332	83
333	102
334	69
335	71
336	80
337	75
338	79
339	83
340	69
341	87
342	87
343	74
344	75
345	63
346	88
347	69
348	69
349	83
350	69
351	79
352	70
353	77
354	78
355	74
356	70
357	74
358	79
359	66
360	87
361	66
362	92
363	83
364	70
365	74
366	61
367	65
368	59
369	73
370	90
371	88
372	82
373	82
374	86
375	64
376	67
377	68
378	76
379	63
380	82
381	58
382	69
383	70
384	67
385	99
386	81
387	71
388	82
389	65
390	67
391	84
392	76
393	85
394	63
395	77
396	88
397	67
398	80
399	74
400	80
401	89
402	86
403	69
404	69
405	82
406	72
407	75
408	84
409	83
410	68
411	56
412	81
413	64
414	72
415	67
416	80
417	85
418	66
419	65
420	64
421	81
422	87
423	70
424	70
425	77
426	66
427	67
428	69
429	78
430	82
431	86
432	62
433	66
434	91
435	78
436	71
437	82
438	71
439	85
440	73
441	76
442	71
443	65
444	90
445	81
446	80
447	84
448	93
449	77
450	78
451	79
452	64
453	88
454	84
455	87
456	77
457	76
458	77
459	69
460	85
461	80
462	83
463	86
464	98
465	80
466	76
467	62
468	76
469	77
470	84
471	78
472	84
473	82
474	79
475	87
476	89
477	87
478	100
479	82
480	102
481	76
482	89
483	88
484	83
485	87
486	81
487	87
488	92
489	101
490	82
491	70
492	102
493	101
494	79
495	67
496	103
497	96
498	92
499	90
500	90
501	90
502	88
503	94
504	90
505	91
506	111
507	78
508	81
509	110
510	85
511	93
512	90
513	92
514	93
515	82
516	90
517	91
518	97
519	88
520	107
521	78
522	90
523	91
524	83
525	91
526	97
527	108
528	80
529	92
530	90
531	97
532	81
533	104
534	87
535	84
536	81
537	90
538	105
539	69
540	71
541	92
542	84
543	106
544	88
545	95
546	104
547	78
548	95
549	89
550	93
551	93
552	75
553	81
554	87
555	84
556	98
557	84
558	87
559	112
560	84
561	89
562	91
563	84
564	96
565	98
566	95
567	102
568	79
569	67
570	75
571	95
572	91
573	109
574	74
575	80
576	96
577	67
578	93
579	83
580	84
581	93
582	96
583	89
584	76
585	97
586	81
587	101
588	84
589	80
590	82
591	105
592	89
593	87
594	101
595	91
596	90
597	88
598	91
599	89
600	86
601	91
602	79
603	95
604	83
605	74
606	91
607	91
608	73
609	88
610	90
611	93
612	86
613	76
614	99
615	81
616	88
617	74
618	87
619	85
620	95
621	94
622	102
623	81
624	88
625	84
626	74
627	78
628	104
629	98
630	79
631	89
632	103
633	69
634	71
635	86
636	86
637	94
638	86
639	92
640	94
641	74
642	80
643	92
644	86
645	99
646	96
647	72
648	89
649	85
650	84
651	100
652	83
653	62
654	71
655	97
656	82
657	89
658	87
659	71
660	76
661	79
662	73
663	84
664	104
665	86
666	100
667	83
668	99
669	89
670	81
671	101
672	97
673	69
674	71
675	88
676	86
677	88
678	95
679	100
680	109
681	72
682	72
683	92
684	97
685	74
686	73
687	96
688	66
689	93
690	74
691	89
692	102
693	67
694	91
695	86
696	102
697	96
698	74
699	84
700	98
701	96
702	78
703	79
704	59
705	85
706	93
707	93
708	102
709	88
710	81
711	92
712	77
713	82
714	61
715	90
716	86
717	86
718	91
719	83
720	85
721	95
722	95
723	86
724	85
725	83
726	75
727	84
728	86
729	91
730	97
731	65
732	88
733	76
734	83
735	83
736	96
737	76
738	89
739	84
740	103
741	90
742	80
743	70
744	85
745	86
746	77
747	84
748	95
749	95
750	95
751	91
752	87
753	79
754	83
755	103
756	83
757	104
758	84
759	102
760	84
761	100
762	91
763	89
764	82
765	95
766	79
767	102
768	74
769	80
770	89
771	88
772	90
773	92
774	84
775	101
776	98
777	93
778	93
779	90
780	86
781	86
782	83
783	102
784	84
785	84
786	88
787	87
788	96
789	88
790	89
791	77
792	97
793	83
794	99
795	100
796	88
797	111
798	87
799	99
800	95
801	91
802	82
803	85
804	75
805	86
806	83
807	77
808	100
809	105
810	105
811	98
812	90
813	88
814	103
815	98
816	80
817	96
818	91
819	98
820	82
821	96
822	90
823	106
824	105
825	97
826	96
827	77
828	92
829	89
830	94
831	100
832	86
833	101
834	94
835	90
836	96
837	86
838	83
839	101
840	87
841	84
842	74
843	92
844	90
845	86
846	90
847	94
848	92
849	94
850	79
851	73
852	85
853	96
854	102
855	101
856	107
857	81
858	99
859	93
860	100
861	80
862	92
863	96
864	94
865	83
866	91
867	86
868	75
869	110
870	84
871	85
872	89
873	108
874	85
875	94
876	99
877	98
878	81
879	93
880	83
881	77
882	100
883	87
884	96
885	108
886	80
887	95
888	92
889	101
890	95
891	101
892	95
893	111
894	85
895	89
896	90
897	102
898	81
899	92
900	97
901	101
902	94
903	100
904	107
905	94
906	92
907	88
908	101
909	95
910	103
911	95
912	81
913	98
914	112
915	94
916	107
917	93
918	98
919	76
920	114
921	92
922	100
923	90
924	94
925	93
926	102
927	96
928	92
929	101
930	105
931	97
932	97
933	88
934	82
935	127
936	95
937	97
938	105
939	96
940	115
941	111
942	91
943	99
944	86
945	79
946	90
947	111
948	78
949	75
950	108
951	89
952	90
953	101
954	90
955	106
956	81
957	80
958	98
959	87
960	95
961	124
962	103
963	83
964	92
965	100
966	102
967	102
968	100
969	89
970	94
971	96
972	85
973	87
974	106
975	108
976	94
977	96
978	91
979	100
980	87
981	93
982	100
983	85
984	85
985	99
986	103
987	94
988	103
989	72
990	111
991	100
992	92
993	104
994	111
995	78
996	116
997	101
998	101
999	104
1000	93
1001	108
1002	107
1003	108
1004	87
1005	85
1006	105
1007	88
1008	111
1009	89
1010	98
1011	87
1012	103
1013	105
1014	125
1015	105
1016	112
1017	85
1018	99
1019	112
1020	86
1021	84
1022	79
1023	109
1024	109
1025	100
1026	99
1027	101
1028	117
1029	80
1030	92
1031	96
1032	95
1033	98
1034	93
1035	88
1036	92
1037	100
1038	111
1039	85
1040	90
1041	102
1042	117
1043	100
1044	93
1045	87
1046	99
1047	100
1048	96
1049	100
1050	99
1051	94
1052	89
1053	96
1054	101
1055	101
1056	112
1057	87
1058	105
1059	96
1060	115
1061	114
1062	103
1063	101
1064	97
1065	82
1066	90
1067	98
1068	98
1069	94
1070	94
1071	110
1072	80
1073	116
1074	107
1075	108
1076	111
1077	96
1078	103
1079	88
1080	85
1081	93
1082	103
1083	95
1084	95
1085	113
1086	102
1087	103
1088	104
1089	120
1090	116
1091	78
1092	88
1093	100
1094	75
1095	123
1096	88
1097	109
1098	95
1099	87
1100	86
1101	113
1102	85
1103	116
1104	114
1105	92
1106	103
1107	102
1108	112
1109	99
1110	118
1111	109
1112	110
1113	105
1114	100
1115	119
1116	98
1117	89
1118	92
1119	110
1120	82
1121	84
1122	110
1123	95
1124	102
1125	105
1126	116
1127	100
1128	82
1129	100
1130	99
1131	119
1132	108
1133	113
1134	117
1135	120
1136	99
1137	114
1138	102
1139	114
1140	110
1141	91
1142	112
1143	88
1144	113
1145	107
1146	98
1147	115
1148	109
1149	110
1150	119
1151	101
1152	108
1153	101
1154	114
1155	106
1156	101
1157	106
1158	108
1159	99
1160	112
1161	104
1162	102
1163	113
1164	108
1165	107
1166	113
1167	123
1168	86
1169	103
1170	112
1171	114
1172	108
1173	125
1174	108
1175	90
1176	102
1177	103
1178	119
1179	98
1180	94
1181	113
1182	119
1183	106
1184	111
1185	113
1186	103
1187	125
1188	92
1189	117
1190	108
1191	122
1192	92
1193	94
1194	105
1195	104
1196	92
1197	112
1198	110
1199	120
1200	109
1201	110
1202	109
1203	115
1204	107
1205	109
1206	119
1207	111
1208	104
1209	115
1210	95
1211	105
1212	113
1213	114
1214	102
1215	106
1216	102
1217	106
1218	105
1219	103
1220	104
1221	102
1222	111
1223	108
1224	115
1225	105
1226	108
1227	118
1228	99
1229	96
1230	113
1231	116
1232	130
1233	118
1234	128
1235	96
1236	98
1237	104
1238	110
1239	99
1240	120
1241	109
1242	104
1243	84
1244	132
1245	109
1246	96
1247	125
1248	114
1249	118
1250	131
1251	100
1252	126
1253	119
1254	101
1255	95
1256	120
1257	123
1258	117
1259	95
1260	113
1261	108
1262	108
1263	104
1264	111
1265	110
1266	111
1267	112
1268	122
1269	119
1270	116
1271	106
1272	111
1273	103
1274	106
1275	90
1276	100
1277	107
1278	107
1279	116
1280	113
1281	85
1282	115
1283	112
1284	100
1285	110
1286	101
1287	97
1288	106
1289	95
1290	96
1291	94
1292	97
1293	113
1294	107
1295	109
1296	107
1297	108
1298	92
1299	81
1300	117
1301	77
1302	105
1303	120
1304	110
1305	100
1306	86
1307	116
1308	113
1309	112
1310	101
1311	73
1312	98
1313	109
1314	107
1315	88
1316	81
1317	109
1318	112
1319	97
1320	103
1321	85
1322	98
1323	117
1324	125
1325	106
1326	87
1327	104
1328	95
1329	99
1330	102
1331	112
1332	110
1333	91
1334	101
1335	97
1336	96
1337	100
1338	92
1339	108
1340	91
1341	94
1342	111
1343	110
1344	95
1345	104
1346	105
1347	103
1348	100
1349	92
1350	101
1351	94
1352	85
1353	110
1354	91
1355	113
1356	95
1357	97
1358	106
1359	116
1360	88
1361	84
1362	106
1363	108
1364	81
1365	77
1366	103
1367	91
1368	98
1369	94
1370	96
1371	108
1372	88
1373	91
1374	96
1375	118
1376	112
1377	89
1378	93
1379	104
1380	103
1381	96
1382	96
1383	97
1384	91
1385	106
1386	95
1387	97
1388	94
1389	91
1390	92
1391	98
1392	93
1393	93
1394	103
1395	100
1396	96
1397	92
1398	85
1399	95
1400	85
1401	81
1402	94
1403	90
1404	89
1405	77
1406	85
1407	83
1408	85
1409	104
1410	88
1411	74
1412	91
1413	112
1414	96
1415	115
1416	102
1417	80
1418	93
1419	93
1420	125
1421	92
1422	109
1423	76
1424	100
1425	114
1426	93
1427	114
1428	103
1429	104
1430	97
1431	99
1432	84
1433	102
1434	91
1435	94
1436	88
1437	103
1438	109
1439	101
1440	88
1441	93
1442	93
1443	86
1444	80
1445	99
1446	83
1447	81
1448	105
1449	93
1450	97
1451	75
1452	85
1453	92
1454	87
1455	81
1456	104
1457	81
1458	109
1459	91
1460	97
1461	101
1462	92
1463	112
1464	98
1465	101
1466	87
1467	100
1468	88
1469	91
1470	100
1471	84
1472	92
1473	74
1474	111
1475	103
1476	82
1477	101
1478	93
1479	96
1480	103
1481	110
1482	96
1483	87
1484	92
1485	94
1486	105
1487	95
1488	93
1489	84
1490	82
1491	85
1492	72
1493	85
1494	98
1495	96
1496	108
1497	90
1498	95
1499	103
1500	91
1501	88
1502	84
1503	92
1504	96
1505	80
1506	90
1507	80
1508	91
1509	76
1510	82
1511	95
1512	96
1513	69
1514	77
1515	102
1516	86
1517	96
1518	94
1519	100
1520	99
1521	86
1522	88
1523	87
1524	80
1525	80
1526	100
1527	97
1528	90
1529	83
1530	86
1531	96
1532	97
1533	103
1534	87
1535	84
1536	87
1537	99
1538	116
1539	104
1540	104
1541	77
1542	90
1543	83
1544	95
1545	85
1546	84
1547	80
1548	84
1549	90
1550	86
1551	81
1552	90
1553	96
1554	108
1555	107
1556	107
1557	97
1558	78
1559	97
1560	97
1561	93
1562	89
1563	75
1564	94
1565	92
1566	113
1567	87
1568	97
1569	94
1570	96
1571	67
1572	76
1573	78
1574	100
1575	99
1576	91
1577	77
1578	106
1579	85
1580	90
1581	76
1582	92
1583	98
1584	108
1585	91
1586	86
1587	98
1588	86
1589	90
1590	95
1591	81
1592	87
1593	86
1594	83
1595	89
1596	83
1597	98
1598	97
1599	100
1600	98
1601	82
1602	85
1603	82
1604	96
1605	76
1606	88
1607	105
1608	81
1609	116
1610	88
1611	98
1612	93
1613	86
1614	92
1615	86
1616	73
1617	75
1618	82
1619	103
1620	83
1621	86
1622	91
1623	91
1624	95
1625	91
1626	102
1627	75
1628	81
1629	81
1630	90
1631	96
1632	109
1633	84
1634	81
1635	93
1636	90
1637	63
1638	97
1639	60
1640	90
1641	70
1642	82
1643	87
1644	76
1645	92
1646	87
1647	78
1648	76
1649	82
1650	92
1651	104
1652	84
1653	70
1654	92
1655	84
1656	83
1657	88
1658	100
1659	80
1660	102
1661	78
1662	84
1663	73
1664	77
1665	89
1666	84
1667	80
1668	105
1669	80
1670	92
1671	62
1672	84
1673	81
1674	86
1675	70
1676	82
1677	81
1678	84
1679	97
1680	87
1681	67
1682	76
1683	95
1684	69
1685	88
1686	85
1687	88
1688	101
1689	90
1690	97
1691	85
1692	87
1693	80
1694	68
1695	78
1696	83
1697	73
1698	83
1699	71
1700	82
1701	104
1702	83
1703	74
1704	92
1705	83
1706	61
1707	84
1708	103
1709	89
1710	82
1711	89
1712	84
1713	74
1714	91
1715	75
1716	79
1717	90
1718	92
1719	91
1720	84
1721	74
1722	90
1723	87
1724	101
1725	87
1726	79
1727	97
1728	84
1729	88
1730	88
1731	81
1732	87
1733	78
1734	86
1735	76
1736	90
1737	79
1738	63
1739	87
1740	86
1741	82
1742	84
1743	88
1744	83
1745	111
1746	86
1747	66
1748	108
1749	84
1750	93
1751	90
1752	91
1753	86
1754	85
1755	82
1756	80
1757	63
1758	87
1759	89
1760	68
1761	92
1762	88
1763	79
1764	74
1765	91
1766	78
1767	95
1768	88
1769	71
1770	97
1771	71
1772	100
1773	79
1774	83
1775	101
1776	88
1777	72
1778	69
1779	87
1780	69
1781	74
1782	72
1783	73
1784	80
1785	90
1786	79
1787	93
1788	93
1789	100
1790	84
1791	82
1792	84
1793	82
1794	83
1795	77
1796	93
1797	94
1798	86
1799	82
1800	69
1801	81
1802	79
1803	85
1804	87
1805	60
1806	98
1807	78
1808	84
1809	92
1810	97
1811	85
1812	85
1813	82
1814	79
1815	94
1816	86
1817	89
1818	77
1819	82
1820	86
1821	75
1822	81
1823	86
1824	79
1825	76
1826	91
1827	94
1828	88
1829	92
1830	81
1831	86
1832	75
1833	69
1834	89
1835	84
1836	83
1837	81
1838	64
1839	78
1840	82
1841	88
1842	76
1843	73
1844	87
1845	85
1846	78
1847	86
1848	87
1849	66
1850	88
1851	104
1852	78
1853	77
1854	86
1855	75
1856	90
1857	76
1858	88
1859	86
1860	95
1861	78
1862	70
1863	76
1864	88
1865	68
1866	71
1867	88
1868	84
1869	93
1870	82
1871	88
1872	85
1873	79
1874	83
1875	76
1876	80
1877	77
1878	82
1879	89
1880	77
1881	74
1882	79
1883	86
1884	80
1885	92
1886	69
1887	85
1888	90
1889	85
1890	100
1891	73
1892	77
1893	88
1894	96
1895	81
1896	79
1897	82
1898	80
1899	78
1900	84
1901	69
1902	71
1903	77
1904	93
1905	103
1906	90
1907	89
1908	84
1909	85
1910	79
1911	86
1912	84
1913	88
1914	82
1915	88
1916	85
1917	76
1918	79
1919	93
1920	74
1921	85
1922	78
1923	91
1924	73
1925	66
1926	74
1927	88
1928	71
1929	97
1930	91
1931	76
1932	84
1933	78
1934	78
1935	82
1936	84
1937	75
1938	98
1939	94
1940	76
1941	72
1942	87
1943	67
1944	97
1945	80
1946	85
1947	63
1948	73
1949	81
1950	81
1951	69
1952	91
1953	71
1954	79
1955	103
1956	90
1957	82
1958	100
1959	81
1960	70
1961	75
1962	80
1963	81
1964	90
1965	74
1966	88
1967	82
1968	86
1969	84
1970	81
1971	90
1972	96
1973	90
1974	85
1975	75
1976	84
1977	82
1978	74
1979	88
1980	82
1981	79
1982	89
1983	75
1984	73
1985	69
1986	86
1987	99
1988	73
1989	91
1990	79
1991	94
1992	80
1993	75
1994	87
1995	89
1996	68
1997	77
1998	84
1999	67
2000	71
2001	73
2002	71
2003	87
2004	86
2005	71
2006	85
2007	82
2008	82
2009	75
2010	78
2011	86
2012	82
2013	83
2014	86
2015	96
2016	83
2017	65
2018	81
2019	61
2020	91
2021	84
2022	71
2023	95
2024	77
2025	65
2026	82
2027	64
2028	91
2029	101
2030	94
2031	87
2032	93
2033	81
2034	73
2035	75
2036	83
2037	81
2038	80
2039	75
2040	96
2041	79
2042	84
2043	84
2044	79
2045	73
2046	80
2047	86
2048	73
2049	100
2050	78
2051	56
2052	87
2053	81
2054	87
2055	83
2056	78
2057	79
2058	76
2059	80
2060	81
2061	62
2062	74
2063	72
2064	70
2065	74
2066	85
2067	86
2068	81
2069	91
2070	76
2071	78
2072	64
2073	76
2074	72
2075	81
2076	82
2077	69
2078	99
2079	80
2080	95
2081	80
2082	84
2083	77
2084	85
2085	78
2086	93
2087	69
2088	93
2089	83
2090	90
2091	76
2092	70
2093	59
2094	79
2095	81
2096	90
2097	78
2098	81
2099	76
2100	98
2101	78
2102	67
2103	102
2104	91
2105	92
2106	81
2107	66
2108	83
2109	73
2110	80
2111	88
2112	85
2113	80
2114	106
2115	82
2116	77
2117	83
2118	83
2119	85
2120	64
2121	75
2122	74
2123	96
2124	77
2125	74
2126	82
2127	65
2128	71
2129	91
2130	81
2131	78
2132	78
2133	81
2134	88
2135	98
2136	79
2137	78
2138	104
2139	69
2140	83
2141	88
2142	90
2143	87
2144	77
2145	74
2146	69
2147	74
2148	78
2149	92
2150	87
2151	89
2152	72
2153	82
2154	73
2155	76
2156	68
2157	83
2158	101
2159	71
2160	88
2161	73
2162	81
2163	90
2164	89
2165	89
2166	82
2167	71
2168	95
2169	82
2170	65
2171	76
2172	78
2173	86
2174	92
2175	69
2176	89
2177	67
2178	74
2179	85
2180	64
2181	71
2182	57
2183	74
2184	70
2185	99
2186	72
2187	81
2188	84
2189	78
2190	63
2191	63
2192	85
2193	75
2194	84
2195	69
2196	87
2197	81
2198	88
2199	74
2200	74
2201	73
2202	78
2203	61
2204	92
2205	90
2206	83
2207	77
2208	104
2209	76
2210	81
2211	99
2212	88
2213	93
2214	73
2215	87
2216	86
2217	89
2218	61
2219	96
2220	82
2221	83
2222	73
2223	77
2224	91
2225	79
2226	66
2227	88
2228	85
2229	64
2230	82
2231	83
2232	58
2233	91
2234	94
2235	82
2236	78
2237	81
2238	73
2239	77
2240	83
2241	86
2242	74
2243	79
2244	82
2245	66
2246	81
2247	91
2248	73
2249	79
2250	74
2251	75
2252	86
2253	71
2254	97
2255	73
2256	79
2257	77
2258	63
2259	67
2260	67
2261	77
2262	92
2263	64
2264	74
2265	82
2266	77
2267	82
2268	84
2269	86
2270	81
2271	73
2272	73
2273	75
2274	98
2275	78
2276	94
2277	87
2278	56
2279	76
2280	64
2281	75
2282	77
2283	85
2284	80
2285	87
2286	65
2287	92
2288	78
2289	74
2290	77
2291	74
2292	81
2293	76
2294	72
2295	81
2296	76
2297	72
2298	98
2299	83
2300	68
2301	80
2302	70
2303	85
2304	82
2305	89
2306	80
2307	93
2308	72
2309	63
2310	86
2311	84
2312	92
2313	96
2314	90
2315	70
2316	81
2317	65
2318	86
2319	86
2320	73
2321	81
2322	71
2323	85
2324	83
2325	87
2326	78
2327	73
2328	67
2329	79
2330	91
2331	91
2332	67
2333	82
2334	58
2335	92
2336	71
2337	86
2338	74
2339	72
2340	76
2341	91
2342	66
2343	70
2344	75
2345	76
2346	82
2347	98
2348	72
2349	80
2350	74
2351	77
2352	82
2353	76
2354	65
2355	84
2356	81
2357	74
2358	84
2359	93
2360	88
2361	82
2362	85
2363	86
2364	72
2365	87
2366	81
2367	73
2368	84
2369	66
2370	77
2371	68
2372	86
2373	80
2374	68
2375	79
2376	87
2377	85
2378	77
2379	82
2380	70
2381	79
2382	73
2383	81
2384	77
2385	75
2386	94
2387	79
2388	78
2389	73
2390	85
2391	92
2392	81
2393	77
2394	76
2395	58
2396	85
2397	86
2398	70
2399	65
2400	81
2401	67
2402	86
2403	74
2404	69
2405	72
2406	84
2407	75
2408	74
2409	89
2410	94
2411	104
2412	94
2413	86
2414	76
2415	82
2416	81
2417	87
2418	82
2419	76
2420	90
2421	94
2422	84
2423	81
2424	103
2425	85
2426	81
2427	83
2428	100
2429	82
2430	93
2431	87
2432	73
2433	88
2434	77
2435	86
2436	63
2437	68
2438	61
2439	78
2440	72
2441	76
2442	82
2443	98
2444	79
2445	77
2446	58
2447	81
2448	73
2449	80
2450	90
2451	69
2452	73
2453	77
2454	79
2455	87
2456	68
2457	85
2458	88
2459	83
2460	78
2461	81
2462	88
2463	87
2464	71
2465	95
2466	83
2467	74
2468	93
2469	77
2470	80
2471	85
2472	74
2473	77
2474	83
2475	74
2476	81
2477	95
2478	65
2479	77
2480	81
2481	78
2482	81
2483	86
2484	101
2485	63
2486	74
2487	89
2488	76
2489	70
2490	74
2491	75
2492	87
2493	74
2494	79
2495	83
2496	83
2497	86
2498	83
2499	83
2500	80
2501	89
2502	88
2503	77
2504	78
2505	66
2506	99
2507	93
2508	76
2509	85
2510	94
2511	73
2512	96
2513	78
2514	80
2515	77
2516	94
2517	71
2518	85
2519	93
2520	73
2521	76
2522	85
2523	80
2524	82
2525	75
2526	78
2527	96
2528	69
2529	82
2530	72
2531	84
2532	82
2533	71
2534	74
2535	87
2536	91
2537	76
2538	84
2539	83
2540	89
2541	90
2542	72
2543	99
2544	76
2545	76
2546	85
2547	89
2548	90
2549	86
2550	82
2551	87
2552	90
2553	85
2554	81
2555	88
2556	85
2557	92
2558	88
2559	83
2560	77
2561	72
2562	99
2563	87
2564	71
2565	79
2566	69
2567	80
2568	73
2569	98
2570	86
2571	102
2572	91
2573	101
2574	79
2575	73
2576	78
2577	87
2578	79
2579	74
2580	84
2581	80
2582	61
2583	72
2584	76
2585	95
2586	90
2587	81
2588	91
2589	83
2590	72
2591	87
2592	101
2593	83
2594	84
2595	83
2596	77
2597	92
2598	88
2599	85
2600	79
2601	81
2602	87
2603	97
2604	85
2605	82
2606	90
2607	110
2608	91
2609	81
2610	79
2611	76
2612	75
2613	87
2614	85
2615	71
2616	79
2617	79
2618	84
2619	96
2620	78
2621	79
2622	84
2623	98
2624	80
2625	88
2626	85
2627	84
2628	87
2629	81
2630	93
2631	84
2632	83
2633	79
2634	94
2635	81
2636	89
2637	80
2638	91
2639	86
2640	81
2641	98
2642	78
2643	84
2644	86
2645	78
2646	87
2647	88
2648	80
2649	65
2650	84
2651	69
2652	90
2653	96
2654	69
2655	86
2656	86
2657	83
2658	105
2659	81
2660	97
2661	79
2662	73
2663	79
2664	86
2665	90
2666	99
2667	89
2668	98
2669	94
2670	84
2671	85
2672	80
2673	87
2674	82
2675	88
2676	91
2677	97
2678	97
2679	83
2680	82
2681	101
2682	78
2683	77
2684	86
2685	89
2686	83
2687	96
2688	77
2689	88
2690	95
2691	78
2692	81
2693	85
2694	81
2695	90
2696	100
2697	90
2698	77
2699	79
2700	90
2701	87
2702	78
2703	80
2704	82
2705	80
2706	89
2707	87
2708	91
2709	78
2710	91
2711	94
2712	79
2713	87
2714	82
2715	85
2716	84
2717	75
2718	94
2719	87
2720	99
2721	91
2722	91
2723	75
2724	76
2725	99
2726	99
2727	90
2728	86
2729	92
2730	89
2731	83
2732	83
2733	82
2734	75
2735	81
2736	89
2737	91
2738	93
2739	89
2740	88
2741	89
2742	79
2743	88
2744	68
2745	100
2746	81
2747	83
2748	70
2749	78
2750	87
2751	75
2752	81
2753	103
2754	107
2755	98
2756	78
2757	88
2758	91
2759	92
2760	81
2761	83
2762	100
2763	89
2764	94
2765	80
2766	83
2767	110
2768	88
2769	78
2770	87
2771	84
2772	85
2773	77
2774	92
2775	79
2776	79
2777	76
2778	92
2779	82
2780	81
2781	79
2782	77
2783	91
2784	93
2785	91
2786	87
2787	93
2788	77
2789	67
2790	95
2791	86
2792	79
2793	101
2794	102
2795	82
2796	97
2797	81
2798	73
2799	90
2800	84
2801	87
2802	93
2803	87
2804	99
2805	107
2806	85
2807	90
2808	103
2809	87
2810	87
2811	72
2812	87
2813	81
2814	76
2815	78
2816	86
2817	78
2818	85
2819	73
2820	65
2821	104
2822	87
2823	77
2824	83
2825	81
2826	79
2827	87
2828	86
2829	80
2830	87
2831	98
2832	78
2833	71
2834	96
2835	85
2836	73
2837	91
2838	88
2839	90
2840	87
2841	67
2842	90
2843	74
2844	83
2845	73
2846	88
2847	98
2848	77
2849	97
2850	82
2851	86
2852	81
2853	79
2854	86
2855	70
2856	102
2857	86
2858	65
2859	84
2860	103
2861	93
2862	92
2863	69
2864	75
2865	70
2866	90
2867	79
2868	81
2869	80
2870	77
2871	84
2872	65
2873	75
2874	70
2875	89
2876	66
2877	95
2878	86
2879	64
2880	77
2881	80
2882	79
2883	87
2884	81
2885	71
2886	72
2887	80
2888	82
2889	80
2890	92
2891	75
2892	77
2893	88
2894	72
2895	81
2896	67
2897	88
2898	81
2899	97
2900	75
2901	58
2902	85
2903	62
2904	70
2905	83
2906	66
2907	56
2908	72
2909	76
2910	73
2911	78
2912	67
2913	72
2914	80
2915	69
2916	76
2917	73
2918	66
2919	57
2920	70
2921	54
2922	84
2923	81
2924	57
2925	71
2926	62
2927	46
2928	62
2929	66
2930	81
2931	73
2932	77
2933	72
2934	67
2935	73
2936	75
2937	70
2938	74
2939	78
2940	78
2941	74
2942	78
2943	70
2944	75
2945	55
2946	73
2947	58
2948	59
2949	62
2950	64
2951	53
2952	64
2953	68
2954	55
2955	53
2956	58
2957	73
2958	67
2959	67
2960	57
2961	70
2962	63
2963	66
2964	49
2965	52
2966	50
2967	53
2968	73
2969	60
2970	63
2971	59
2972	59
2973	52
2974	57
2975	48
2976	67
2977	58
2978	52
2979	66
2980	60
2981	61
2982	57
2983	54
2984	51
2985	64
2986	61
2987	40
2988	51
2989	46
2990	53
2991	60
2992	52
2993	47
2994	59
2995	56
2996	46
2997	52
2998	55
2999	58
3000	57
3001	50
3002	52
3003	41
3004	46
3005	49
3006	51
3007	50
3008	37
3009	58
3010	51
3011	47
3012	48
3013	57
3014	48
3015	54
3016	52
3017	40
3018	41
3019	57
3020	54
3021	54
3022	53
3023	33
3024	52
3025	42
3026	53
3027	47
3028	52
3029	42
3030	46
3031	56
3032	47
3033	42
3034	42
3035	64
3036	57
3037	40
3038	35
3039	43
3040	52
3041	41
3042	40
3043	50
3044	48
3045	34
3046	33
3047	55
3048	52
3049	46
3050	39
3051	36
3052	38
3053	46
3054	45
3055	40
3056	35
3057	40
3058	45
3059	53
3060	37
3061	53
3062	46
3063	30
3064	48
3065	34
3066	47
3067	42
3068	46
3069	34
3070	52
3071	27
3072	44
3073	34
3074	41
3075	33
3076	36
3077	41
3078	50
3079	39
3080	41
3081	39
3082	37
3083	37
3084	37
3085	43
3086	34
3087	33
3088	32
3089	32
3090	34
3091	34
3092	37
3093	34
3094	38
3095	40
3096	34
3097	42
3098	38
3099	31
3100	37
3101	30
3102	36
3103	32
3104	27
3105	30
3106	38
3107	41
3108	41
3109	35
3110	40
3111	41
3112	42
3113	35
3114	41
3115	34
3116	33
3117	37
3118	34
3119	34
3120	45
3121	33
3122	33
3123	40
3124	36
3125	38
3126	22
3127	27
3128	23
3129	39
3130	26
3131	33
3132	33
3133	43
3134	29
3135	30
3136	32
3137	34
3138	35
3139	30
3140	35
3141	33
3142	40
3143	29
3144	30
3145	39
3146	33
3147	34
3148	33
3149	29
3150	35
3151	25
3152	32
3153	33
3154	26
3155	33
3156	33
3157	27
3158	44
3159	36
3160	34
3161	30
3162	25
3163	28
3164	34
3165	33
3166	37
3167	40
3168	20
3169	27
3170	26
3171	38
3172	39
3173	32
3174	29
3175	31
3176	26
3177	31
3178	28
3179	31
3180	30
3181	28
3182	33
3183	35
3184	35
3185	30
3186	17
3187	37
3188	31
3189	31
3190	26
3191	29
3192	36
3193	37
3194	34
3195	32
3196	31
3197	27
3198	26
3199	27
3200	22
3201	29
3202	20
3203	29
3204	25
3205	23
3206	35
3207	36
3208	35
3209	27
3210	27
3211	32
3212	25
3213	23
3214	19
3215	29
3216	33
3217	27
3218	32
3219	25
3220	26
3221	35
3222	37
3223	33
3224	20
3225	25
3226	30
3227	23
3228	24
3229	21
3230	25
3231	29
3232	30
3233	18
3234	20
3235	24
3236	26
3237	29
3238	34
3239	22
3240	35
3241	32
3242	23
3243	31
3244	22
3245	23
3246	17
3247	26
3248	21
3249	26
3250	24
3251	14
3252	16
3253	28
3254	10
3255	23
3256	26
3257	20
3258	20
3259	28
3260	37
3261	28
3262	30
3263	20
3264	24
3265	22
3266	18
3267	31
3268	22
3269	24
3270	38
3271	23
3272	14
3273	27
3274	38
3275	26
3276	28
3277	18
3278	22
3279	21
3280	14
3281	23
3282	28
3283	25
3284	36
3285	16
3286	28
3287	25
3288	24
3289	31
3290	28
3291	32
3292	17
3293	16
3294	29
3295	20
3296	23
3297	25
3298	25
3299	29
3300	21
3301	20
3302	17
3303	10
3304	29
3305	26
3306	24
3307	18
3308	27
3309	24
3310	22
3311	19
3312	30
3313	23
3314	31
3315	29
3316	22
3317	24
3318	20
3319	18
3320	16
3321	13
3322	12
3323	28
3324	32
3325	26
3326	21
3327	10
3328	25
3329	21
3330	30
3331	28
3332	21
3333	21
3334	25
3335	22
3336	20
3337	18
3338	22
3339	30
3340	23
3341	25
3342	22
3343	27
3344	22
3345	22
3346	20
3347	22
3348	23
3349	23
3350	15
3351	21
3352	23
3353	17
3354	18
3355	21
3356	12
3357	28
3358	28
3359	14
3360	15
3361	24
3362	21
3363	17
3364	18
3365	20
3366	17
3367	12
3368	20
3369	22
3370	25
3371	21
3372	26
3373	13
3374	23
3375	13
3376	15
3377	26
3378	21
3379	24
3380	16
3381	22
3382	18
3383	24
3384	20
3385	21
3386	20
3387	33
3388	16
3389	21
3390	26
3391	24
3392	24
3393	23
3394	24
3395	21
3396	19
3397	23
3398	22
3399	25
3400	27
3401	14
3402	21
3403	15
3404	21
3405	25
3406	28
3407	19
3408	18
3409	22
3410	28
3411	19
3412	21
3413	13
3414	21
3415	15
3416	15
3417	30
3418	27
3419	23
3420	16
3421	21
3422	21
3423	25
3424	25
3425	16
3426	15
3427	18
3428	28
3429	15
3430	16
3431	20
3432	27
3433	16
3434	22
3435	19
3436	12
3437	22
3438	10
3439	12
3440	11
3441	18
3442	15
3443	21
3444	23
3445	19
3446	21
3447	20
3448	22
3449	15
3450	17
3451	19
3452	23
3453	24
3454	20
3455	17
3456	16
3457	16
3458	7
3459	18
3460	25
3461	14
3462	15
3463	13
3464	22
3465	19
3466	22
3467	21
3468	23
3469	20
3470	17
3471	21
3472	15
3473	20
3474	25
3475	18
3476	17
3477	22
3478	26
3479	15
3480	24
3481	25
3482	21
3483	23
3484	19
3485	17
3486	18
3487	17
3488	16
3489	14
3490	13
3491	10
3492	13
3493	16
3494	18
3495	22
3496	20
3497	18
3498	11
3499	16
3500	16
3501	20
3502	17
3503	12
3504	22
3505	13
3506	24
3507	14
3508	22
3509	21
3510	13
3511	17
3512	23
3513	15
3514	21
3515	25
3516	22
3517	18
3518	21
3519	14
3520	25
3521	19
3522	18
3523	14
3524	19
3525	14
3526	19
3527	22
3528	16
3529	27
3530	11
3531	18
3532	19
3533	18
3534	19
3535	17
3536	17
3537	16
3538	18
3539	25
3540	19
3541	17
3542	24
3543	25
3544	23
3545	16
3546	22
3547	17
3548	16
3549	16
3550	26
3551	24
3552	17
3553	18
3554	19
3555	24
3556	19
3557	15
3558	15
3559	18
3560	8
3561	16
3562	21
3563	14
3564	13
3565	11
3566	21
3567	22
3568	23
3569	16
3570	21
3571	18
3572	26
3573	24
3574	21
3575	23
3576	22
3577	13
3578	15
3579	16
3580	17
3581	21
3582	15
3583	17
3584	24
3585	12
3586	22
3587	12
3588	17
3589	14
3590	16
3591	20
3592	26
3593	9
3594	11
3595	20
3596	21
3597	18
3598	22
3599	27
3600	13
3601	15
3602	19
3603	17
3604	16
3605	21
3606	17
3607	20
3608	16
3609	10
3610	17
3611	15
3612	25
3613	19
3614	28
3615	15
3616	13
3617	10
3618	13
3619	15
3620	14
3621	14
3622	16
3623	13
3624	22
3625	16
3626	13
3627	29
3628	10
3629	18
3630	19
3631	16
3632	21
3633	18
3634	17
3635	21
3636	14
3637	11
3638	20
3639	21
3640	12
3641	22
3642	17
3643	17
3644	24
3645	19
3646	13
3647	21
3648	33
3649	19
3650	19
3651	21
3652	20
3653	25
3654	11
3655	18
3656	25
3657	24
3658	20
3659	25
3660	24
3661	17
3662	16
3663	16
3664	14
3665	16
3666	11
3667	18
3668	13
3669	16
3670	13
3671	28
3672	18
3673	15
3674	19
3675	19
3676	23
3677	21
3678	14
3679	11
3680	13
3681	14
3682	17
3683	9
3684	18
3685	13
3686	15
3687	24
3688	20
3689	18
3690	16
3691	15
3692	11
3693	16
3694	16
3695	11
3696	18
3697	13
3698	18
3699	16
3700	16
3701	7
3702	22
3703	21
3704	20
3705	19
3706	21
3707	24
3708	21
3709	11
3710	24
3711	15
3712	21
3713	21
3714	21
3715	10
3716	16
3717	20
3718	24
3719	20
3720	18
3721	25
3722	27
3723	16
3724	15
3725	12
3726	20
3727	18
3728	22
3729	22
3730	13
3731	21
3732	16
3733	15
3734	19
3735	21
3736	20
3737	13
3738	10
3739	19
3740	25
3741	22
3742	23
3743	13
3744	26
3745	15
3746	12
3747	18
3748	22
3749	16
3750	26
3751	25
3752	31
3753	25
3754	19
3755	27
3756	20
3757	24
3758	23
3759	15
3760	15
3761	20
3762	16
3763	20
3764	15
3765	23
3766	20
3767	22
3768	22
3769	21
3770	25
3771	30
3772	29
3773	26
3774	24
3775	22
3776	28
3777	22
3778	15
3779	27
3780	24
3781	20
3782	28
3783	27
3784	26
3785	35
3786	26
3787	32
3788	21
3789	25
3790	25
3791	20
3792	35
3793	24
3794	17
3795	27
3796	33
3797	22
3798	26
3799	20
3800	24
3801	28
3802	32
3803	21
3804	25
3805	25
3806	31
3807	30
3808	31
3809	29
3810	46
3811	29
3812	34
3813	30
3814	34
3815	33
3816	35
3817	33
3818	31
3819	27
3820	38
3821	28
3822	32
3823	30
3824	32
3825	27
3826	36
3827	38
3828	35
3829	39
3830	34
3831	36
3832	33
3833	33
3834	35
3835	33
3836	40
3837	49
3838	49
3839	36
3840	33
3841	43
3842	48
3843	43
3844	49
3845	41
3846	62
3847	56
3848	66
3849	44
3850	44
3851	51
3852	50
3853	55
3854	62
3855	57
3856	50
3857	50
3858	49
3859	56
3860	50
3861	61
3862	47
3863	63
3864	53
3865	65
3866	65
3867	67
3868	57
3869	61
3870	67
3871	71
3872	64
3873	62
3874	79
3875	79
3876	72
3877	74
3878	63
3879	71
3880	67
3881	79
3882	64
3883	61
3884	60
3885	71
3886	80
3887	98
3888	79
3889	82
3890	81
3891	69
3892	80
3893	90
3894	83
3895	80
3896	103
3897	93
3898	97
3899	109
3900	97
3901	87
3902	96
3903	116
3904	107
3905	117
3906	95
3907	100
3908	113
3909	98
3910	112
3911	90
3912	112
3913	124
3914	106
3915	113
3916	129
3917	126
3918	135
3919	132
3920	138
3921	141
3922	130
3923	125
3924	131
3925	115
3926	136
3927	132
3928	142
3929	126
3930	159
3931	130
3932	146
3933	157
3934	152
3935	151
3936	144
3937	178
3938	171
3939	168
3940	168
3941	134
3942	193
3943	191
3944	167
3945	205
3946	182
3947	177
3948	172
3949	201
3950	196
3951	194
3952	190
3953	199
3954	193
3955	175
3956	211
3957	214
3958	208
3959	208
3960	232
3961	215
3962	194
3963	217
3964	238
3965	242
3966	211
3967	235
3968	287
3969	256
3970	226
3971	248
3972	231
3973	259
3974	254
3975	269
3976	303
3977	279
3978	274
3979	301
3980	281
3981	295
3982	284
3983	290
3984	281
3985	279
3986	266
3987	317
3988	267
3989	293
3990	318
3991	292
3992	329
3993	306
3994	314
3995	333
3996	332
3997	326
3998	335
3999	330
4000	355
4001	356
4002	350
4003	363
4004	353
4005	352
4006	369
4007	345
4008	364
4009	356
4010	389
4011	398
4012	367
4013	413
4014	373
4015	417
4016	388
4017	388
4018	422
4019	449
4020	419
4021	407
4022	456
4023	429
4024	455
4025	447
4026	416
4027	485
4028	434
4029	455
4030	478
4031	472
4032	474
4033	414
4034	462
4035	472
4036	499
4037	476
4038	474
4039	495
4040	495
4041	487
4042	477
4043	525
4044	507
4045	513
4046	489
4047	554
4048	554
4049	507
4050	545
4051	550
4052	523
4053	531
4054	541
4055	514
4056	556
4057	565
4058	539
4059	523
4060	546
4061	559
4062	552
4063	638
4064	566
4065	573
4066	600
4067	642
4068	611
4069	608
4070	655
4071	603
4072	614
4073	616
4074	616
4075	630
4076	623
4077	657
4078	637
4079	687
4080	670
4081	693
4082	606
4083	657
4084	640
4085	665
4086	690
4087	685
4088	701
4089	672
4090	667
4091	672
4092	718
4093	689
4094	711
4095	724
4096	676
4097	718
4098	687
4099	753
4100	688
4101	729
4102	739
4103	723
4104	739
4105	747
4106	700
4107	740
4108	667
4109	792
4110	801
4111	785
4112	804
4113	758
4114	722
4115	753
4116	763
4117	750
4118	781
4119	802
4120	786
4121	798
4122	798
4123	795
4124	805
4125	785
4126	863
4127	838
4128	800
4129	833
4130	762
4131	760
4132	860
4133	806
4134	801
4135	809
4136	801
4137	817
4138	824
4139	789
4140	823
4141	757
4142	825
4143	825
4144	845
4145	814
4146	857
4147	833
4148	799
4149	859
4150	819
4151	819
4152	785
4153	827
4154	879
4155	881
4156	846
4157	818
4158	825
4159	839
4160	849
4161	865
4162	858
4163	842
4164	829
4165	832
4166	783
4167	843
4168	817
4169	797
4170	831
4171	823
4172	809
4173	811
4174	884
4175	844
4176	785
4177	807
4178	765
4179	838
4180	878
4181	836
4182	804
4183	841
4184	821
4185	832
4186	821
4187	791
4188	783
4189	822
4190	830
4191	820
4192	841
4193	826
4194	780
4195	766
4196	814
4197	819
4198	801
4199	830
4200	796
4201	771
4202	807
4203	806
4204	786
4205	775
4206	752
4207	805
4208	764
4209	778
4210	801
4211	758
4212	778
4213	759
4214	760
4215	732
4216	758
4217	785
4218	768
4219	782
4220	773
4221	752
4222	730
4223	740
4224	761
4225	764
4226	687
4227	718
4228	692
4229	706
4230	687
4231	729
4232	769
4233	730
4234	718
4235	681
4236	707
4237	714
4238	678
4239	736
4240	672
4241	700
4242	696
4243	674
4244	665
4245	685
4246	701
4247	644
4248	690
4249	658
4250	680
4251	606
4252	639
4253	654
4254	656
4255	641
4256	674
4257	603
4258	651
4259	627
4260	612
4261	607
4262	540
4263	568
4264	618
4265	619
4266	608
4267	596
4268	585
4269	587
4270	558
4271	592
4272	577
4273	538
4274	553
4275	522
4276	521
4277	543
4278	527
4279	526
4280	505
4281	541
4282	534
4283	480
4284	513
4285	509
4286	493
4287	508
4288	490
4289	483
4290	480
4291	462
4292	505
4293	517
4294	453
4295	472
4296	503
4297	430
4298	452
4299	455
4300	434
4301	457
4302	433
4303	417
4304	410
4305	405
4306	429
4307	393
4308	435
4309	439
4310	391
4311	376
4312	391
4313	383
4314	389
4315	383
4316	407
4317	393
4318	332
4319	366
4320	352
4321	367
4322	352
4323	360
4324	346
4325	336
4326	343
4327	332
4328	334
4329	288
4330	339
4331	286
4332	309
4333	310
4334	297
4335	333
4336	305
4337	288
4338	291
4339	300
4340	297
4341	258
4342	288
4343	272
4344	251
4345	272
4346	259
4347	259
4348	284
4349	228
4350	241
4351	235
4352	230
4353	247
4354	240
4355	222
4356	235
4357	193
4358	205
4359	217
4360	227
4361	206
4362	230
4363	220
4364	192
4365	229
4366	212
4367	188
4368	189
4369	198
4370	220
4371	173
4372	178
4373	195
4374	189
4375	164
4376	146
4377	166
4378	177
4379	170
4380	166
4381	167
4382	168
4383	141
4384	159
4385	143
4386	147
4387	171
4388	154
4389	144
4390	134
4391	116
4392	144
4393	116
4394	132
4395	137
4396	125
4397	113
4398	119
4399	121
4400	122
4401	122
4402	114
4403	131
4404	113
4405	92
4406	108
4407	107
4408	110
4409	102
4410	86
4411	101
4412	86
4413	99
4414	101
4415	84
4416	80
4417	108
4418	90
4419	95
4420	66
4421	83
4422	88
4423	81
4424	77
4425	87
4426	76
4427	72
4428	72
4429	63
4430	81
4431	62
4432	59
4433	63
4434	62
4435	66
4436	55
4437	71
4438	64
4439	58
4440	61
4441	49
4442	56
4443	59
4444	56
4445	41
4446	54
4447	49
4448	46
4449	46
4450	40
4451	41
4452	47
4453	40
4454	44
4455	46
4456	52
4457	41
4458	35
4459	36
4460	44
4461	31
4462	34
4463	28
4464	34
4465	35
4466	42
4467	30
4468	38
4469	32
4470	28
4471	31
4472	27
4473	36
4474	17
4475	16
4476	35
4477	18
4478	20
4479	27
4480	21
4481	16
4482	19
4483	32
4484	26
4485	22
4486	15
4487	12
4488	13
4489	22
4490	16
4491	21
4492	21
4493	17
4494	13
4495	13
4496	21
4497	16
4498	14
4499	16
4500	12
4501	19
4502	13
4503	5
4504	19
4505	9
4506	17
4507	11
4508	14
4509	15
4510	13
4511	15
4512	14
4513	13
4514	12
4515	14
4516	8
4517	23
4518	11
4519	13
4520	10
4521	6
4522	8
4523	8
4524	11
4525	5
4526	15
4527	10
4528	12
4529	6
4530	5
4531	3
4532	7
4533	9
4534	8
4535	6
4536	6
4537	4
4538	6
4539	7
4540	8
4541	7
4542	1
4543	6
4544	4
4545	2
4546	4
4547	3
4548	5
4549	6
4550	7
4551	5
4552	4
4553	1
4554	6
4555	2
4556	4
4557	3
4558	7
4559	4
4560	2
4561	6
4562	2
4563	6
4564	2
4565	3
4566	0
4567	12
4568	1
4569	3
4570	0
4571	3
4572	6
4573	4
4574	0
4575	6
4576	6
4577	5
4578	3
4579	4
4580	4
4581	1
4582	4
4583	6
4584	2
4585	3
4586	1
4587	3
4588	5
4589	2
4590	2
4591	1
4592	3
4593	2
4594	2
4595	0
4596	2
4597	3
4598	0
4599	3
4600	2
4601	4
4602	4
4603	5
4604	5
4605	1
4606	5
4607	0
4608	1
4609	2
4610	3
4611	1
4612	0
4613	2
4614	0
4615	1
4616	2
4617	2
4618	2
4619	2
4620	3
4621	3
4622	0
4623	1
4624	2
4625	2
4626	2
4627	2
4628	0
4629	2
4630	0
4631	2
4632	3
4633	1
4634	0
4635	2
4636	3
4637	3
4638	3
4639	2
4640	1
4641	0
4642	5
4643	2
4644	2
4645	3
4646	4
4647	1
4648	1
4649	2
4650	1
4651	2
4652	0
4653	2
4654	4
4655	3
4656	2
4657	3
4658	0
4659	2
4660	1
4661	5
4662	1
4663	4
4664	2
4665	2
4666	1
4667	3
4668	0
4669	2
4670	2
4671	0
4672	0
4673	1
4674	2
4675	1
4676	4
4677	3
4678	2
4679	7
4680	2
4681	0
4682	2
4683	3
4684	4
4685	0
4686	1
4687	0
4688	0
4689	2
4690	2
4691	1
4692	3
4693	1
4694	3
4695	0
4696	2
4697	2
4698	1
4699	4
4700	2
4701	1
4702	0
4703	3
4704	2
4705	4
4706	1
4707	4
4708	1
4709	0
4710	2
4711	1
4712	1
4713	4
4714	2
4715	0
4716	1
4717	0
4718	0
4719	0
4720	0
4721	2
4722	2
4723	2
4724	0
4725	2
4726	2
4727	2
4728	1
4729	5
4730	2
4731	3
4732	2
4733	1
4734	2
4735	3
4736	1
4737	0
4738	1
4739	0
4740	2
4741	4
4742	2
4743	1
4744	1
4745	0
4746	0
4747	1
4748	2
4749	2
4750	0
4751	0
4752	2
4753	2
4754	3
4755	1
4756	5
4757	2
4758	2
4759	2
4760	3
4761	0
4762	1
4763	2
4764	2
4765	1
4766	0
4767	0
4768	1
4769	1
4770	3
4771	2
4772	1
4773	1
4774	2
4775	2
4776	5
4777	2
4778	2
4779	1
4780	2
4781	3
4782	1
4783	0
4784	2
4785	3
4786	1
4787	1
4788	3
4789	2
4790	0
4791	1
4792	1
4793	3
4794	1
4795	5
4796	2
4797	0
4798	1
4799	3
4800	2
4801	3
4802	1
4803	3
4804	1
4805	0
4806	1
4807	1
4808	1
4809	2
4810	0
4811	4
4812	0
4813	1
4814	1
4815	1
4816	2
4817	0
4818	2
4819	3
4820	2
4821	2
4822	0
4823	1
4824	2
4825	2
4826	3
4827	3
4828	0
4829	5
4830	1
4831	2
4832	5
4833	0
4834	0
4835	0
4836	3
4837	0
4838	0
4839	2
4840	2
4841	2
4842	2
4843	2
4844	2
4845	0
4846	3
4847	0
4848	5
4849	1
4850	1
4851	1
4852	2
4853	1
4854	2
4855	3
4856	0
4857	0
4858	3
4859	0
4860	2
4861	0
4862	2
4863	4
4864	3
4865	0
4866	2
4867	1
4868	1
4869	2
4870	0
4871	4
4872	0
4873	4
4874	2
4875	1
4876	0
4877	1
4878	2
4879	2
4880	0
4881	1
4882	0
4883	2
4884	2
4885	1
4886	2
4887	1
4888	2
4889	2
4890	1
4891	2
4892	2
4893	0
4894	3
4895	5
4896	0
4897	5
4898	1
4899	1
4900	1
4901	1
4902	1
4903	3
4904	4
4905	5
4906	1
4907	1
4908	2
4909	4
4910	0
4911	3
4912	1
4913	0
4914	3
4915	0
4916	0
4917	3
4918	2
4919	4
4920	2
4921	0
4922	1
4923	1
4924	5
4925	2
4926	0
4927	1
4928	1
4929	1
4930	3
4931	3
4932	2
4933	0
4934	1
4935	1
4936	2
4937	2
4938	0
4939	3
4940	1
4941	1
4942	1
4943	3
4944	1
4945	3
4946	5
4947	1
4948	2
4949	2
4950	0
4951	4
4952	1
4953	4
4954	3
4955	1
4956	1
4957	1
4958	1
4959	0
4960	2
4961	1
4962	1
4963	0
4964	2
4965	0
4966	1
4967	2
4968	0
4969	1
4970	1
4971	3
4972	1
4973	0
4974	1
4975	2
4976	2
4977	1
4978	3
4979	0
4980	2
4981	1
4982	0
4983	1
4984	2
4985	2
4986	5
4987	0
4988	5
4989	1
4990	1
4991	1
4992	3
4993	0
4994	2
4995	0
4996	1
4997	2
4998	2
4999	1
5000	1
5001	3
5002	0
5003	1
5004	2
5005	2
5006	0
5007	0
5008	1
5009	1
5010	1
5011	5
5012	3
5013	0
5014	1
5015	0
5016	3
5017	3
5018	0
5019	1
5020	1
5021	1
5022	1
5023	2
5024	3
5025	1
5026	1
5027	2
5028	1
5029	3
5030	0
5031	2
5032	0
5033	0
5034	4
5035	0
5036	1
5037	0
5038	2
5039	1
5040	1
5041	2
5042	2
5043	1
5044	4
5045	2
5046	2
5047	2
5048	4
5049	1
5050	0
5051	1
5052	1
5053	2
5054	0
5055	1
5056	1
5057	0
5058	2
5059	4
5060	4
5061	2
5062	1
5063	1
5064	0
5065	0
5066	3
5067	1
5068	2
5069	1
5070	2
5071	2
5072	0
5073	3
5074	1
5075	2
5076	2
5077	0
5078	0
5079	1
5080	3
5081	1
5082	0
5083	5
5084	1
5085	1
5086	0
5087	0
5088	3
5089	1
5090	2
5091	1
5092	2
5093	0
5094	0
5095	5
5096	1
5097	0
5098	2
5099	2
5100	2
5101	2
5102	2
5103	1
5104	2
5105	2
5106	3
5107	3
5108	1
5109	0
5110	2
5111	2
5112	1
5113	0
5114	0
5115	1
5116	0
5117	0
5118	0
5119	0
5120	3
5121	2
5122	0
5123	1
5124	1
5125	4
5126	1
5127	1
5128	2
5129	1
5130	2
5131	1
5132	0
5133	2
5134	4
5135	0
5136	0
5137	0
5138	2
5139	2
5140	2
5141	1
5142	2
5143	3
5144	4
5145	1
5146	2
5147	0
5148	0
5149	1
5150	1
5151	2
5152	1
5153	1
5154	2
5155	1
5156	1
5157	0
5158	2
5159	3
5160	0
5161	2
5162	1
5163	1
5164	2
5165	2
5166	1
5167	2
5168	1
5169	0
5170	1
5171	0
5172	0
5173	2
5174	1
5175	3
5176	0
5177	2
5178	2
5179	1
5180	1
5181	1
5182	2
5183	1
5184	0
5185	0
5186	1
5187	2
5188	3
5189	1
5190	4
5191	4
5192	0
5193	1
5194	0
5195	1
5196	0
5197	2
5198	3
5199	3
5200	1
5201	2
5202	1
5203	3
5204	0
5205	2
5206	0
5207	0
5208	0
5209	0
5210	1
5211	1
5212	1
5213	1
5214	4
5215	0
5216	1
5217	1
5218	0
5219	0
5220	3
5221	0
5222	0
5223	1
5224	2
5225	2
5226	0
5227	0
5228	2
5229	1
5230	0
5231	2
5232	2
5233	1
5234	2
5235	1
5236	0
5237	0
5238	2
5239	2
5240	1
5241	1
5242	4
5243	1
5244	1
5245	1
5246	1
5247	3
5248	0
5249	1
5250	2
5251	0
5252	1
5253	2
5254	0
5255	2
5256	0
5257	1
5258	1
5259	2
5260	3
5261	0
5262	2
5263	2
5264	1
5265	0
5266	2
5267	0
5268	3
5269	1
5270	1
5271	2
5272	2
5273	0
5274	2
5275	3
5276	4
5277	1
5278	1
5279	3
5280	1
5281	1
5282	1
5283	0
5284	2
5285	3
5286	0
5287	3
5288	0
5289	2
5290	2
5291	2
5292	2
5293	1
5294	2
5295	0
5296	1
5297	1
5298	0
5299	2
5300	0
5301	0
5302	0
5303	0
5304	2
5305	0
5306	1
5307	2
5308	2
5309	0
5310	1
5311	4
5312	0
5313	3
5314	1
5315	3
5316	1
5317	2
5318	0
5319	3
5320	0
5321	0
5322	1
5323	2
5324	1
5325	1
5326	0
5327	3
5328	4
5329	3
5330	2
5331	0
5332	1
5333	0
5334	3
5335	1
5336	1
5337	4
5338	2
5339	2
5340	2
5341	2
5342	3
5343	1
5344	2
5345	1
5346	1
5347	0
5348	3
5349	2
5350	1
5351	3
5352	1
5353	1
5354	1
5355	0
5356	1
5357	0
5358	2
5359	4
5360	5
5361	2
5362	1
5363	0
5364	0
5365	1
5366	2
5367	1
5368	2
5369	1
5370	1
5371	1
5372	0
5373	1
5374	1
5375	1
5376	1
5377	1
5378	1
5379	2
5380	1
5381	2
5382	0
5383	0
5384	0
5385	1
5386	2
5387	2
5388	1
5389	0
5390	0
5391	1
5392	0
5393	1
5394	1
5395	0
5396	2
5397	0
5398	1
5399	1
5400	1
5401	0
5402	1
5403	3
5404	1
5405	0
5406	1
5407	2
5408	0
5409	0
5410	0
5411	0
5412	2
5413	2
5414	1
5415	0
5416	0
5417	1
5418	1
5419	2
5420	0
5421	3
5422	2
5423	1
5424	1
5425	2
5426	2
5427	2
5428	2
5429	2
5430	1
5431	4
5432	2
5433	0
5434	1
5435	1
5436	1
5437	1
5438	0
5439	2
5440	0
5441	2
5442	2
5443	2
5444	0
5445	2
5446	0
5447	1
5448	1
5449	2
5450	0
5451	1
5452	1
5453	2
5454	2
5455	3
5456	0
5457	4
5458	1
5459	1
5460	3
5461	2
5462	0
5463	0
5464	2
5465	1
5466	0
5467	0
5468	1
5469	1
5470	1
5471	0
5472	0
5473	0
5474	1
5475	1
5476	1
5477	2
5478	1
5479	0
5480	0
5481	1
5482	1
5483	2
5484	2
5485	0
5486	2
5487	2
5488	1
5489	3
5490	3
5491	3
5492	1
5493	1
5494	3
5495	4
5496	3
5497	2
5498	1
5499	1
5500	0
5501	2
5502	0
5503	1
5504	1
5505	1
5506	2
5507	1
5508	0
5509	3
5510	1
5511	2
5512	1
5513	1
5514	1
5515	1
5516	1
5517	0
5518	1
5519	2
5520	2
5521	0
5522	4
5523	0
5524	1
5525	0
5526	3
5527	4
5528	1
5529	2
5530	1
5531	1
5532	0
5533	5
5534	2
5535	1
5536	1
5537	4
5538	0
5539	1
5540	0
5541	1
5542	1
5543	0
5544	2
5545	1
5546	2
5547	0
5548	1
5549	2
5550	1
5551	1
5552	2
5553	0
5554	3
5555	0
5556	1
5557	2
5558	0
5559	2
5560	1
5561	0
5562	1
5563	2
5564	0
5565	2
5566	0
5567	1
5568	4
5569	0
5570	0
5571	5
5572	1
5573	4
5574	1
5575	0
5576	2
5577	2
5578	3
5579	1
5580	2
5581	3
5582	0
5583	0
5584	1
5585	3
5586	1
5587	1
5588	1
5589	3
5590	1
5591	0
5592	1
5593	2
5594	4
5595	2
5596	1
5597	3
5598	1
5599	5
5600	3
5601	0
5602	2
5603	0
5604	2
5605	0
5606	2
5607	5
5608	1
5609	0
5610	3
5611	2
5612	1
5613	1
5614	0
5615	5
5616	1
5617	3
5618	1
5619	4
5620	0
5621	1
5622	3
5623	3
5624	1
5625	2
5626	2
5627	2
5628	1
5629	1
5630	2
5631	0
5632	1
5633	1
5634	2
5635	1
5636	0
5637	0
5638	3
5639	2
5640	1
5641	2
5642	1
5643	2
5644	6
5645	2
5646	1
5647	1
5648	3
5649	0
5650	1
5651	2
5652	2
5653	1
5654	3
5655	7
5656	2
5657	2
5658	1
5659	0
5660	1
5661	1
5662	1
5663	0
5664	0
5665	3
5666	4
5667	6
5668	1
5669	1
5670	0
5671	1
5672	4
5673	3
5674	3
5675	1
5676	2
5677	3
5678	3
5679	2
5680	2
5681	2
5682	1
5683	3
5684	1
5685	1
5686	2
5687	2
5688	0
5689	2
5690	1
5691	0
5692	2
5693	4
5694	4
5695	1
5696	2
5697	3
5698	1
5699	2
5700	2
5701	1
5702	1
5703	0
5704	4
5705	3
5706	1
5707	2
5708	3
5709	2
5710	2
5711	1
5712	1
5713	2
5714	1
5715	1
5716	3
5717	2
5718	2
5719	1
5720	1
5721	1
5722	0
5723	1
5724	1
5725	3
5726	1
5727	1
5728	2
5729	2
5730	2
5731	1
5732	1
5733	1
5734	0
5735	0
5736	0
5737	1
5738	0
5739	1
5740	1
5741	0
5742	1
5743	1
5744	2
5745	2
5746	0
5747	1
5748	2
5749	4
5750	3
5751	0
5752	2
5753	0
5754	5
5755	0
5756	1
5757	1
5758	4
5759	3
5760	0
5761	2
5762	1
5763	1
5764	1
5765	2
5766	1
5767	3
5768	0
5769	0
5770	2
5771	0
5772	0
5773	2
5774	3
5775	2
5776	0
5777	1
5778	1
5779	0
5780	0
5781	1
5782	0
5783	2
5784	5
5785	2
5786	0
5787	1
5788	1
5789	1
5790	3
5791	1
5792	0
5793	1
5794	2
5795	0
5796	0
5797	2
5798	1
5799	2
5800	1
5801	2
5802	0
5803	1
5804	3
5805	2
5806	1
5807	1
5808	3
5809	2
5810	2
5811	1
5812	0
5813	3
5814	1
5815	1
5816	4
5817	1
5818	2
5819	1
5820	1
5821	1
5822	0
5823	0
5824	1
5825	1
5826	0
5827	2
5828	0
5829	2
5830	4
5831	0
5832	0
5833	0
5834	0
5835	1
5836	1
5837	0
5838	0
5839	1
5840	0
5841	1
5842	1
5843	1
5844	2
5845	1
5846	1
5847	3
5848	1
5849	2
5850	2
5851	2
5852	1
5853	2
5854	3
5855	0
5856	0
5857	3
5858	2
5859	1
5860	4
5861	0
5862	1
5863	0
5864	1
5865	1
5866	0
5867	2
5868	0
5869	2
5870	1
5871	2
5872	0
5873	2
5874	0
5875	2
5876	0
5877	0
5878	0
5879	2
5880	4
5881	2
5882	0
5883	0
5884	0
5885	1
5886	0
5887	1
5888	2
5889	1
5890	2
5891	0
5892	2
5893	3
5894	0
5895	1
5896	3
5897	3
5898	1
5899	3
5900	1
5901	1
5902	0
5903	3
5904	0
5905	1
5906	2
5907	0
5908	2
5909	1
5910	1
5911	3
5912	0
5913	1
5914	2
5915	1
5916	2
5917	1
5918	5
5919	1
5920	2
5921	1
5922	0
5923	1
5924	1
5925	0
5926	1
5927	1
5928	1
5929	0
5930	2
5931	1
5932	1
5933	0
5934	0
5935	2
5936	1
5937	1
5938	2
5939	2
5940	2
5941	2
5942	1
5943	0
5944	2
5945	2
5946	0
5947	1
5948	1
5949	0
5950	1
5951	0
5952	3
5953	3
5954	1
5955	0
5956	4
5957	0
5958	0
5959	2
5960	1
5961	0
5962	1
5963	5
5964	2
5965	0
5966	1
5967	1
5968	1
5969	1
5970	0
5971	1
5972	1
5973	1
5974	0
5975	2
5976	0
5977	1
5978	2
5979	1
5980	2
5981	0
5982	2
5983	1
5984	2
5985	1
5986	0
5987	2
5988	3
5989	2
5990	0
5991	2
5992	2
5993	0
5994	1
5995	0
5996	1
5997	2
5998	1
5999	1
6000	0
6001	3
6002	3
6003	1
6004	0
6005	0
6006	0
6007	1
6008	1
6009	1
6010	1
6011	1
6012	2
6013	0
6014	1
6015	3
6016	1
6017	1
6018	1
6019	3
6020	1
6021	0
6022	1
6023	3
6024	0
6025	3
6026	3
6027	1
6028	1
6029	1
6030	3
6031	3
6032	2
6033	2
6034	2
6035	3
6036	1
6037	0
6038	2
6039	0
6040	2
6041	4
6042	0
6043	0
6044	1
6045	2
6046	0
6047	1
6048	2
6049	1
6050	2
6051	0
6052	2
6053	4
6054	1
6055	2
6056	2
6057	2
6058	3
6059	1
6060	1
6061	1
6062	1
6063	1
6064	1
6065	1
6066	1
6067	0
6068	3
6069	2
6070	0
6071	0
6072	1
6073	0
6074	0
6075	2
6076	0
6077	1
6078	2
6079	2
6080	0
6081	2
6082	2
6083	1
6084	2
6085	0
6086	1
6087	2
6088	2
6089	0
6090	0
6091	1
6092	5
6093	1
6094	2
6095	0
6096	0
6097	2
6098	0
6099	1
6100	2
6101	2
6102	0
6103	1
6104	1
6105	0
6106	3
6107	0
6108	0
6109	1
6110	1
6111	1
6112	1
6113	0
6114	1
6115	0
6116	1
6117	3
6118	1
6119	1
6120	0
6121	1
6122	1
6123	2
6124	1
6125	3
6126	2
6127	0
6128	2
6129	3
6130	0
6131	2
6132	0
6133	0
6134	0
6135	0
6136	2
6137	2
6138	3
6139	2
6140	1
6141	1
6142	1
6143	3
6144	0
6145	0
6146	0
6147	0
6148	1
6149	2
6150	1
6151	2
6152	0
6153	1
6154	1
6155	2
6156	1
6157	0
6158	0
6159	2
6160	0
6161	2
6162	1
6163	1
6164	2
6165	1
6166	1
6167	0
6168	0
6169	1
6170	0
6171	1
6172	0
6173	0
6174	0
6175	3
6176	1
6177	0
6178	4
6179	1
6180	1
6181	0
6182	1
6183	1
6184	0
6185	1
6186	1
6187	2
6188	1
6189	1
6190	0
6191	0
6192	0
6193	2
6194	1
6195	0
6196	1
6197	2
6198	1
6199	1
6200	2
6201	1
6202	1
6203	1
6204	2
6205	0
6206	1
6207	1
6208	0
6209	2
6210	0
6211	1
6212	1
6213	1
6214	1
6215	0
6216	2
6217	0
6218	0
6219	1
6220	1
6221	0
6222	0
6223	1
6224	1
6225	0
6226	0
6227	0
6228	0
6229	1
6230	1
6231	2
6232	0
6233	0
6234	1
6235	0
6236	0
6237	2
6238	1
6239	2
6240	0
6241	1
6242	1
6243	1
6244	2
6245	0
6246	3
6247	2
6248	0
6249	0
6250	0
6251	1
6252	0
6253	2
6254	2
6255	1
6256	2
6257	2
6258	2
6259	1
6260	1
6261	2
6262	1
6263	0
6264	0
6265	1
6266	0
6267	0
6268	0
6269	1
6270	2
6271	1
6272	2
6273	0
6274	1
6275	0
6276	3
6277	0
6278	2
6279	1
6280	1
6281	2
6282	2
6283	2
6284	2
6285	1
6286	0
6287	3
6288	0
6289	1
6290	1
6291	0
6292	2
6293	1
6294	1
6295	1
6296	1
6297	0
6298	0
6299	1
6300	1
6301	2
6302	0
6303	0
6304	0
6305	0
6306	0
6307	2
6308	0
6309	3
6310	1
6311	0
6312	1
6313	2
6314	1
6315	0
6316	0
6317	0
6318	1
6319	1
6320	1
6321	1
6322	0
6323	0
6324	1
6325	1
6326	2
6327	0
6328	2
6329	2
6330	2
6331	0
6332	0
6333	4
6334	2
6335	1
6336	1
6337	0
6338	0
6339	2
6340	0
6341	2
6342	1
6343	1
6344	1
6345	3
6346	1
6347	0
6348	2
6349	1
6350	4
6351	2
6352	2
6353	1
6354	1
6355	3
6356	0
6357	1
6358	1
6359	1
6360	1
6361	0
6362	1
6363	2
6364	2
6365	2
6366	1
6367	3
6368	2
6369	0
6370	1
6371	0
6372	1
6373	0
6374	1
6375	0
6376	1
6377	0
6378	2
6379	0
6380	1
6381	0
6382	0
6383	1
6384	1
6385	3
6386	1
6387	1
6388	2
6389	0
6390	1
6391	0
6392	1
6393	1
6394	2
6395	0
6396	1
6397	1
6398	0
6399	1
6400	0
6401	1
6402	1
6403	1
6404	1
6405	0
6406	1
6407	2
6408	0
6409	2
6410	0
6411	0
6412	2
6413	0
6414	0
6415	0
6416	0
6417	0
6418	1
6419	0
6420	1
6421	5
6422	1
6423	2
6424	1
6425	1
6426	2
6427	1
6428	2
6429	0
6430	1
6431	0
6432	4
6433	1
6434	3
6435	0
6436	2
6437	0
6438	1
6439	1
6440	0
6441	1
6442	1
6443	1
6444	3
6445	0
6446	0
6447	1
6448	0
6449	2
6450	0
6451	1
6452	1
6453	5
6454	0
6455	0
6456	0
6457	1
6458	3
6459	1
6460	2
6461	1
6462	2
6463	2
6464	1
6465	2
6466	0
6467	0
6468	2
6469	0
6470	1
6471	2
6472	0
6473	0
6474	1
6475	0
6476	0
6477	2
6478	1
6479	1
6480	2
6481	1
6482	1
6483	2
6484	1
6485	0
6486	1
6487	3
6488	3
6489	0
6490	1
6491	3
6492	2
6493	3
6494	1
6495	2
6496	1
6497	2
6498	1
6499	0
6500	0
6501	2
6502	1
6503	2
6504	2
6505	0
6506	1
6507	0
6508	1
6509	0
6510	2
6511	1
6512	0
6513	0
6514	2
6515	0
6516	2
6517	1
6518	0
6519	1
6520	0
6521	0
6522	1
6523	1
6524	0
6525	2
6526	2
6527	1
6528	0
6529	0
6530	0
6531	3
6532	1
6533	0
6534	2
6535	0
6536	3
6537	1
6538	2
6539	0
6540	1
6541	1
6542	1
6543	0
6544	0
6545	0
6546	0
6547	2
6548	0
6549	1
6550	0
6551	3
6552	2
6553	0
6554	2
6555	0
6556	2
6557	0
6558	1
6559	1
6560	1
6561	0
6562	2
6563	1
6564	1
6565	2
6566	3
6567	0
6568	0
6569	0
6570	1
6571	0
6572	1
6573	3
6574	2
6575	0
6576	2
6577	1
6578	0
6579	2
6580	2
6581	0
6582	1
6583	2
6584	0
6585	0
6586	0
6587	1
6588	3
6589	0
6590	0
6591	3
6592	2
6593	0
6594	0
6595	0
6596	0
6597	0
6598	0
6599	0
6600	0
6601	0
6602	2
6603	1
6604	1
6605	0
6606	0
6607	1
6608	0
6609	0
6610	0
6611	2
6612	0
6613	2
6614	3
6615	0
6616	1
6617	2
6618	1
6619	0
6620	0
6621	1
6622	0
6623	1
6624	0
6625	1
6626	2
6627	3
6628	0
6629	1
6630	3
6631	0
6632	1
6633	0
6634	3
6635	1
6636	0
6637	3
6638	0
6639	0
6640	0
6641	0
6642	2
6643	0
6644	1
6645	0
6646	3
6647	0
6648	0
6649	1
6650	0
6651	1
6652	0
6653	2
6654	1
6655	1
6656	4
6657	2
6658	1
6659	0
6660	0
6661	0
6662	1
6663	0
6664	0
6665	0
6666	1
6667	0
6668	1
6669	0
6670	0
6671	0
6672	0
6673	3
6674	0
6675	0
6676	0
6677	1
6678	1
6679	3
6680	0
6681	2
6682	4
6683	1
6684	0
6685	0
6686	1
6687	1
6688	1
6689	1
6690	1
6691	1
6692	1
6693	1
6694	1
6695	2
6696	0
6697	2
6698	0
6699	1
6700	1
6701	1
6702	1
6703	1
6704	2
6705	1
6706	2
6707	0
6708	1
6709	2
6710	0
6711	2
6712	2
6713	1
6714	1
6715	0
6716	1
6717	1
6718	1
6719	0
6720	1
6721	0
6722	0
6723	1
6724	2
6725	1
6726	2
6727	1
6728	1
6729	1
6730	0
6731	1
6732	0
6733	2
6734	1
6735	1
6736	1
6737	2
6738	0
6739	1
6740	1
6741	0
6742	1
6743	1
6744	0
6745	1
6746	2
6747	4
6748	2
6749	2
6750	2
6751	0
6752	0
6753	0
6754	0
6755	0
6756	1
6757	0
6758	0
6759	1
6760	3
6761	3
6762	1
6763	0
6764	1
6765	1
6766	2
6767	1
6768	1
6769	0
6770	0
6771	1
6772	2
6773	3
6774	2
6775	3
6776	0
6777	1
6778	0
6779	1
6780	0
6781	0
6782	3
6783	0
6784	0
6785	0
6786	1
6787	3
6788	2
6789	2
6790	1
6791	2
6792	1
6793	0
6794	0
6795	1
6796	0
6797	1
6798	0
6799	1
6800	1
6801	2
6802	1
6803	1
6804	1
6805	0
6806	2
6807	1
6808	1
6809	1
6810	0
6811	1
6812	0
6813	1
6814	2
6815	1
6816	1
6817	1
6818	0
6819	1
6820	0
6821	1
6822	0
6823	0
6824	0
6825	2
6826	1
6827	0
6828	0
6829	1
6830	1
6831	0
6832	1
6833	2
6834	0
6835	2
6836	2
6837	1
6838	1
6839	2
6840	1
6841	2
6842	1
6843	1
6844	1
6845	2
6846	0
6847	0
6848	1
6849	1
6850	3
6851	0
6852	0
6853	0
6854	0
6855	0
6856	1
6857	0
6858	0
6859	1
6860	1
6861	3
6862	0
6863	0
6864	0
6865	0
6866	0
6867	0
6868	0
6869	2
6870	2
6871	1
6872	2
6873	1
6874	0
6875	0
6876	2
6877	0
6878	2
6879	0
6880	0
6881	1
6882	0
6883	1
6884	1
6885	1
6886	0
6887	2
6888	2
6889	0
6890	0
6891	2
6892	0
6893	2
6894	0
6895	1
6896	1
6897	1
6898	2
6899	1
6900	1
6901	0
6902	1
6903	0
6904	1
6905	0
6906	2
6907	2
6908	1
6909	1
6910	1
6911	1
6912	0
6913	0
6914	1
6915	1
6916	1
6917	0
6918	0
6919	1
6920	0
6921	0
6922	2
6923	3
6924	0
6925	1
6926	0
6927	0
6928	0
6929	1
6930	1
6931	4
6932	1
6933	1
6934	2
6935	2
6936	2
6937	0
6938	0
6939	0
6940	2
6941	3
6942	0
6943	1
6944	0
6945	1
6946	2
6947	2
6948	1
6949	0
6950	0
6951	1
6952	2
6953	2
6954	0
6955	0
6956	1
6957	0
6958	0
6959	1
6960	0
6961	0
6962	0
6963	0
6964	3
6965	1
6966	0
6967	0
6968	3
6969	0
6970	1
6971	1
6972	0
6973	2
6974	1
6975	1
6976	1
6977	1
6978	4
6979	0
6980	0
6981	1
6982	1
6983	0
6984	0
6985	1
6986	0
6987	1
6988	2
6989	1
6990	1
6991	1
6992	0
6993	2
6994	0
6995	2
6996	2
6997	1
6998	0
6999	1
7000	2
7001	1
7002	0
7003	2
7004	1
7005	3
7006	1
7007	0
7008	1
7009	0
7010	1
7011	0
7012	4
7013	0
7014	1
7015	0
7016	1
7017	0
7018	1
7019	1
7020	2
7021	1
7022	0
7023	0
7024	2
7025	0
7026	2
7027	1
7028	1
7029	1
7030	1
7031	3
7032	2
7033	2
7034	1
7035	1
7036	1
7037	1
7038	2
7039	2
7040	0
7041	0
7042	1
7043	2
7044	0
7045	4
7046	0
7047	1
7048	1
7049	2
7050	1
7051	1
7052	0
7053	1
7054	1
7055	1
7056	1
7057	1
7058	1
7059	0
7060	2
7061	0
7062	1
7063	1
7064	0
7065	4
7066	0
7067	0
7068	1
7069	1
7070	1
7071	1
7072	1
7073	1
7074	1
7075	1
7076	0
7077	0
7078	0
7079	0
7080	2
7081	1
7082	2
7083	0
7084	0
7085	4
7086	0
7087	2
7088	1
7089	1
7090	1
7091	2
7092	0
7093	1
7094	1
7095	3
7096	1
7097	1
7098	0
7099	2
7100	2
7101	2
7102	1
7103	1
7104	1
7105	2
7106	2
7107	1
7108	1
7109	2
7110	0
7111	3
7112	1
7113	1
7114	0
7115	2
7116	2
7117	1
7118	1
7119	2
7120	0
7121	1
7122	2
7123	0
7124	1
7125	0
7126	2
7127	0
7128	0
7129	1
7130	1
7131	2
7132	1
7133	2
7134	0
7135	1
7136	2
7137	0
7138	1
7139	1
7140	0
7141	3
7142	1
7143	0
7144	0
7145	2
7146	0
7147	2
7148	0
7149	0
7150	4
7151	2
7152	0
7153	2
7154	1
7155	2
7156	3
7157	1
7158	1
7159	1
7160	1
7161	0
7162	1
7163	1
7164	0
7165	1
7166	2
7167	2
7168	0
7169	1
7170	0
7171	2
7172	3
7173	0
7174	0
7175	0
7176	1
7177	3
7178	1
7179	3
7180	2
7181	1
7182	0
7183	1
7184	1
7185	3
7186	1
7187	0
7188	0
7189	2
7190	2
7191	0
7192	1
7193	2
7194	0
7195	1
7196	0
7197	0
7198	1
7199	1
7200	0
7201	4
7202	1
7203	0
7204	1
7205	2
7206	0
7207	2
7208	1
7209	3
7210	2
7211	1
7212	2
7213	3
7214	2
7215	0
7216	1
7217	0
7218	1
7219	2
7220	0
7221	0
7222	1
7223	1
7224	0
7225	0
7226	0
7227	0
7228	0
7229	2
7230	3
7231	1
7232	1
7233	1
7234	0
7235	0
7236	1
7237	1
7238	1
7239	1
7240	1
7241	2
7242	3
7243	1
7244	2
7245	2
7246	0
7247	2
7248	2
7249	0
7250	0
7251	1
7252	1
7253	1
7254	0
7255	1
7256	0
7257	0
7258	0
7259	1
7260	0
7261	1
7262	2
7263	1
7264	1
7265	0
7266	1
7267	1
7268	1
7269	0
7270	4
7271	1
7272	0
7273	0
7274	2
7275	1
7276	0
7277	1
7278	1
7279	1
7280	1
7281	2
7282	3
7283	2
7284	1
7285	1
7286	0
7287	1
7288	1
7289	0
7290	1
7291	3
7292	0
7293	1
7294	1
7295	1
7296	0
7297	3
7298	2
7299	3
7300	1
7301	1
7302	0
7303	1
7304	3
7305	1
7306	0
7307	0
7308	2
7309	0
7310	0
7311	0
7312	0
7313	1
7314	1
7315	0
7316	0
7317	0
7318	4
7319	0
7320	2
7321	0
7322	4
7323	1
7324	1
7325	2
7326	1
7327	1
7328	0
7329	2
7330	2
7331	1
7332	2
7333	1
7334	0
7335	0
7336	2
7337	0
7338	1
7339	1
7340	1
7341	1
7342	0
7343	0
7344	0
7345	0
7346	1
7347	0
7348	2
7349	1
7350	1
7351	1
7352	1
7353	2
7354	0
7355	1
7356	0
7357	1
7358	0
7359	0
7360	1
7361	0
7362	2
7363	1
7364	1
7365	0
7366	1
7367	1
7368	1
7369	0
7370	0
7371	1
7372	0
7373	0
7374	0
7375	0
7376	0
7377	2
7378	0
7379	2
7380	1
7381	1
7382	0
7383	0
7384	0
7385	0
7386	1
7387	1
7388	0
7389	1
7390	0
7391	0
7392	0
7393	1
7394	1
7395	0
7396	0
7397	1
7398	1
7399	0
7400	2
7401	0
7402	1
7403	0
7404	0
7405	3
7406	1
7407	1
7408	1
7409	0
7410	1
7411	0
7412	2
7413	1
7414	0
7415	1
7416	1
7417	2
7418	1
7419	0
7420	1
7421	3
7422	1
7423	0
7424	3
7425	1
7426	1
7427	0
7428	0
7429	2
7430	0
7431	1
7432	0
7433	0
7434	0
7435	1
7436	1
7437	0
7438	0
7439	1
7440	1
7441	3
7442	0
7443	0
7444	0
7445	0
7446	0
7447	0
7448	1
7449	0
7450	1
7451	0
7452	0
7453	0
7454	0
7455	0
7456	2
7457	1
7458	2
7459	0
7460	1
7461	1
7462	0
7463	0
7464	0
7465	1
7466	1
7467	1
7468	3
7469	1
7470	1
7471	1
7472	0
7473	0
7474	0
7475	1
7476	0
7477	0
7478	1
7479	0
7480	1
7481	0
7482	1
7483	1
7484	0
7485	1
7486	1
7487	1
7488	0
7489	0
7490	2
7491	2
7492	2
7493	3
7494	2
7495	1
7496	1
7497	1
7498	2
7499	1
7500	0
7501	0
7502	0
7503	2
7504	0
7505	1
7506	0
7507	0
7508	2
7509	0
7510	0
7511	0
7512	1
7513	0
7514	1
7515	0
7516	0
7517	0
7518	0
7519	1
7520	2
7521	0
7522	0
7523	0
7524	2
7525	0
7526	2
7527	0
7528	1
7529	0
7530	0
7531	1
7532	0
7533	0
7534	1
7535	0
7536	0
7537	0
7538	1
7539	0
7540	1
7541	0
7542	1
7543	3
7544	0
7545	0
7546	0
7547	1
7548	1
7549	0
7550	2
7551	2
7552	2
7553	0
7554	2
7555	0
7556	1
7557	1
7558	3
7559	0
7560	1
7561	1
7562	0
7563	1
7564	0
7565	0
7566	1
7567	0
7568	1
7569	1
7570	1
7571	0
7572	0
7573	0
7574	1
7575	0
7576	2
7577	1
7578	1
7579	0
7580	0
7581	0
7582	0
7583	0
7584	0
7585	1
7586	1
7587	0
7588	0
7589	1
7590	0
7591	0
7592	0
7593	1
7594	1
7595	0
7596	1
7597	0
7598	3
7599	1
7600	0
7601	0
7602	0
7603	1
7604	0
7605	0
7606	0
7607	2
7608	1
7609	0
7610	1
7611	0
7612	0
7613	0
7614	1
7615	0
7616	1
7617	0
7618	0
7619	0
7620	2
7621	0
7622	2
7623	1
7624	0
7625	0
7626	0
7627	1
7628	1
7629	0
7630	1
7631	0
7632	1
7633	1
7634	0
7635	0
7636	3
7637	0
7638	2
7639	2
7640	2
7641	0
7642	3
7643	0
7644	0
7645	2
7646	1
7647	2
7648	0
7649	0
7650	4
7651	0
7652	0
7653	0
7654	0
7655	1
7656	1
7657	0
7658	0
7659	1
7660	1
7661	1
7662	1
7663	2
7664	0
7665	1
7666	0
7667	1
7668	2
7669	0
7670	0
7671	2
7672	0
7673	2
7674	1
7675	2
7676	0
7677	1
7678	0
7679	1
7680	0
7681	0
7682	0
7683	0
7684	3
7685	1
7686	0
7687	1
7688	1
7689	0
7690	2
7691	0
7692	0
7693	0
7694	1
7695	2
7696	0
7697	1
7698	0
7699	1
7700	0
7701	0
7702	0
7703	0
7704	1
7705	1
7706	0
7707	1
7708	0
7709	1
7710	0
7711	0
7712	1
7713	0
7714	0
7715	2
7716	0
7717	0
7718	1
7719	0
7720	0
7721	1
7722	1
7723	1
7724	0
7725	0
7726	2
7727	0
7728	1
7729	0
7730	0
7731	0
7732	0
7733	3
7734	1
7735	1
7736	1
7737	1
7738	1
7739	0
7740	0
7741	2
7742	0
7743	0
7744	2
7745	2
7746	1
7747	0
7748	0
7749	1
7750	0
7751	0
7752	0
7753	0
7754	0
7755	1
7756	0
7757	0
7758	1
7759	0
7760	1
7761	0
7762	0
7763	1
7764	0
7765	2
7766	0
7767	2
7768	0
7769	0
7770	0
7771	0
7772	1
7773	1
7774	0
7775	0
7776	0
7777	1
7778	0
7779	2
7780	1
7781	1
7782	0
7783	0
7784	1
7785	0
7786	2
7787	0
7788	1
7789	0
7790	0
7791	1
7792	0
7793	0
7794	0
7795	0
7796	1
7797	0
7798	1
7799	1
7800	2
7801	0
7802	0
7803	0
7804	0
7805	1
7806	0
7807	1
7808	0
7809	2
7810	0
7811	1
7812	0
7813	2
7814	0
7815	0
7816	1
7817	0
7818	0
7819	0
7820	0
7821	1
7822	0
7823	0
7824	0
7825	1
7826	0
7827	1
7828	1
7829	0
7830	0
7831	0
7832	1
7833	1
7834	0
7835	1
7836	1
7837	0
7838	3
7839	1
7840	0
7841	1
7842	0
7843	0
7844	2
7845	0
7846	0
7847	1
7848	0
7849	0
7850	0
7851	0
7852	1
7853	0
7854	1
7855	0
7856	1
7857	0
7858	2
7859	0
7860	0
7861	0
7862	0
7863	0
7864	0
7865	1
7866	0
7867	0
7868	1
7869	0
7870	0
7871	2
7872	0
7873	1
7874	0
7875	1
7876	0
7877	0
7878	1
7879	0
7880	0
7881	0
7882	0
7883	0
7884	1
7885	0
7886	1
7887	1
7888	0
7889	0
7890	0
7891	0
7892	0
7893	0
7894	0
7895	0
7896	0
7897	2
7898	0
7899	0
7900	2
7901	0
7902	0
7903	0
7904	2
7905	0
7906	0
7907	2
7908	1
7909	0
7910	0
7911	0
7912	1
7913	0
7914	0
7915	0
7916	0
7917	0
7918	0
7919	0
7920	0
7921	0
7922	0
7923	0
7924	0
7925	0
7926	0
7927	0
7928	0
7929	0
7930	0
7931	0
7932	0
7933	0
7934	0
7935	0
7936	0
7937	0
7938	0
7939	0
7940	0
7941	0
7942	0
7943	0
7944	0
7945	0
7946	0
7947	0
7948	0
7949	0
7950	0
7951	0
7952	0
7953	0
7954	0
7955	0
7956	0
7957	0
7958	0
7959	0
7960	0
7961	0
7962	0
7963	0
7964	0
7965	0
7966	0
7967	0
7968	0
7969	0
7970	0
7971	0
7972	0
7973	0
7974	0
7975	0
7976	0
7977	0
7978	0
7979	0
7980	0
7981	0
7982	0
7983	0
7984	0
7985	0
7986	0
7987	0
7988	0
7989	0
7990	0
7991	0
7992	0
7993	0
7994	0
7995	0
7996	0
7997	0
7998	0
7999	0
8000	0
8001	0
8002	0
8003	0
8004	0
8005	0
8006	0
8007	0
8008	0
8009	0
8010	0
8011	0
8012	0
8013	0
8014	0
8015	0
8016	0
8017	0
8018	0
8019	0
8020	0
8021	0
8022	0
8023	0
8024	0
8025	0
8026	0
8027	0
8028	0
8029	0
8030	0
8031	0
8032	0
8033	0
8034	0
8035	0
8036	0
8037	0
8038	0
8039	0
8040	0
8041	0
8042	0
8043	0
8044	0
8045	0
8046	0
8047	0
8048	0
8049	0
8050	0
8051	0
8052	0
8053	0
8054	0
8055	0
8056	0
8057	0
8058	0
8059	0
8060	0
8061	0
8062	0
8063	0
8064	0
8065	0
8066	0
8067	0
8068	0
8069	0
8070	0
8071	0
8072	0
8073	0
8074	0
8075	0
8076	0
8077	0
8078	0
8079	0
8080	0
8081	0
8082	0
8083	0
8084	0
8085	0
8086	0
8087	0
8088	0
8089	0
8090	0
8091	0
8092	0
8093	0
8094	0
8095	0
8096	0
8097	0
8098	0
8099	0
8100	0
8101	0
8102	0
8103	0
8104	0
8105	0
8106	0
8107	0
8108	0
8109	0
8110	0
8111	0
8112	0
8113	0
8114	0
8115	0
8116	0
8117	0
8118	0
8119	0
8120	0
8121	0
8122	0
8123	0
8124	0
8125	0
8126	0
8127	0
8128	0
8129	0
8130	0
8131	0
8132	0
8133	0
8134	0
8135	0
8136	0
8137	0
8138	0
8139	0
8140	0
8141	0
8142	0
8143	0
8144	0
8145	0
8146	0
8147	0
8148	0
8149	0
8150	0
8151	0
8152	0
8153	0
8154	0
8155	0
8156	0
8157	0
8158	0
8159	0
8160	0
8161	0
8162	0
8163	0
8164	0
8165	0
8166	0
8167	0
8168	0
8169	0
8170	0
8171	0
8172	0
8173	0
8174	0
8175	0
8176	0
8177	0
8178	0
8179	0
8180	0
8181	0
8182	0
8183	0
8184	0
8185	0
8186	0
8187	0
8188	0
8189	0
8190	0
8191	0
