0	0
1	0
2	0
3	0
4	0
5	0
6	0
7	0
8	0
9	0
10	0
11	0
12	0
13	0
14	0
15	0
16	0
17	0
18	0
19	0
20	0
21	0
22	0
23	0
24	0
25	0
26	0
27	0
28	0
29	0
30	0
31	0
32	0
33	0
34	0
35	0
36	0
37	0
38	0
39	0
40	0
41	0
42	0
43	0
44	0
45	0
46	0
47	0
48	0
49	0
50	0
51	0
52	0
53	0
54	0
55	0
56	0
57	0
58	0
59	0
60	0
61	0
62	0
63	0
64	0
65	0
66	0
67	0
68	0
69	0
70	0
71	0
72	0
73	0
74	0
75	0
76	0
77	0
78	0
79	0
80	1
81	0
82	0
83	0
84	1
85	10
86	36
87	72
88	60
89	75
90	52
91	79
92	74
93	65
94	73
95	66
96	64
97	58
98	79
99	84
100	54
101	67
102	81
103	79
104	57
105	61
106	69
107	81
108	65
109	77
110	75
111	69
112	77
113	65
114	72
115	82
116	65
117	68
118	71
119	70
120	62
121	58
122	67
123	97
124	67
125	72
126	68
127	74
128	69
129	67
130	82
131	65
132	89
133	89
134	75
135	72
136	73
137	55
138	96
139	82
140	80
141	91
142	76
143	86
144	76
145	75
146	68
147	84
148	63
149	77
150	75
151	61
152	78
153	71
154	73
155	79
156	67
157	64
158	72
159	69
160	86
161	79
162	82
163	71
164	65
165	67
166	80
167	74
168	76
169	79
170	68
171	84
172	67
173	66
174	80
175	68
176	76
177	85
178	76
179	81
180	75
181	77
182	84
183	68
184	81
185	89
186	83
187	94
188	71
189	95
190	92
191	71
192	81
193	81
194	79
195	71
196	89
197	90
198	67
199	79
200	78
201	83
202	74
203	72
204	81
205	72
206	83
207	76
208	80
209	88
210	78
211	86
212	76
213	77
214	87
215	81
216	78
217	69
218	84
219	91
220	75
221	85
222	81
223	75
224	75
225	79
226	68
227	72
228	75
229	90
230	72
231	75
232	73
233	92
234	78
235	76
236	73
237	70
238	72
239	78
240	84
241	82
242	92
243	73
244	77
245	83
246	72
247	67
248	73
249	76
250	95
251	76
252	77
253	86
254	77
255	82
256	85
257	88
258	76
259	71
260	86
261	83
262	89
263	69
264	68
265	81
266	70
267	80
268	72
269	82
270	78
271	74
272	84
273	65
274	85
275	73
276	73
277	67
278	78
279	75
280	80
281	86
282	77
283	82
284	65
285	77
286	90
287	93
288	78
289	94
290	82
291	90
292	73
293	85
294	71
295	78
296	87
297	97
298	86
299	98
300	76
301	69
302	73
303	107
304	78
305	82
306	97
307	92
308	93
309	74
310	71
311	82
312	63
313	73
314	78
315	94
316	92
317	93
318	79
319	98
320	92
321	82
322	83
323	88
324	92
325	77
326	93
327	87
328	79
329	81
330	89
331	83
332	73
333	80
334	80
335	78
336	74
337	83
338	97
339	79
340	77
341	83
342	78
343	75
344	74
345	79
346	77
347	85
348	75
349	79
350	82
351	91
352	84
353	95
354	87
355	92
356	79
357	82
358	74
359	76
360	79
361	80
362	96
363	76
364	69
365	80
366	81
367	78
368	96
369	83
370	80
371	86
372	84
373	72
374	85
375	89
376	95
377	76
378	91
379	85
380	82
381	70
382	79
383	87
384	113
385	97
386	91
387	90
388	75
389	84
390	103
391	73
392	79
393	95
394	75
395	87
396	74
397	98
398	98
399	88
400	84
401	90
402	92
403	82
404	82
405	85
406	90
407	90
408	89
409	89
410	93
411	66
412	85
413	74
414	90
415	67
416	78
417	104
418	97
419	91
420	78
421	63
422	77
423	74
424	98
425	80
426	86
427	102
428	88
429	72
430	85
431	70
432	91
433	80
434	94
435	78
436	74
437	73
438	82
439	97
440	79
441	71
442	84
443	96
444	88
445	98
446	113
447	78
448	89
449	87
450	106
451	80
452	96
453	94
454	93
455	92
456	93
457	95
458	67
459	76
460	89
461	81
462	76
463	78
464	90
465	82
466	87
467	84
468	88
469	109
470	90
471	78
472	94
473	70
474	92
475	69
476	103
477	77
478	87
479	98
480	81
481	86
482	91
483	93
484	94
485	105
486	82
487	74
488	103
489	84
490	102
491	106
492	95
493	97
494	93
495	97
496	77
497	126
498	92
499	102
500	99
501	89
502	84
503	79
504	82
505	90
506	102
507	95
508	98
509	79
510	103
511	97
512	111
513	93
514	94
515	81
516	98
517	93
518	100
519	90
520	103
521	100
522	104
523	94
524	110
525	94
526	91
527	82
528	115
529	107
530	87
531	80
532	104
533	98
534	103
535	80
536	99
537	105
538	89
539	93
540	107
541	89
542	87
543	85
544	103
545	107
546	91
547	88
548	91
549	96
550	87
551	96
552	106
553	107
554	78
555	106
556	71
557	102
558	89
559	108
560	101
561	108
562	98
563	91
564	98
565	95
566	102
567	83
568	99
569	101
570	93
571	112
572	80
573	97
574	109
575	103
576	94
577	104
578	98
579	93
580	90
581	78
582	94
583	77
584	101
585	106
586	90
587	91
588	96
589	94
590	89
591	111
592	110
593	95
594	85
595	85
596	93
597	100
598	87
599	100
600	86
601	95
602	73
603	99
604	92
605	82
606	88
607	98
608	99
609	73
610	92
611	90
612	93
613	104
614	76
615	93
616	99
617	97
618	71
619	98
620	91
621	95
622	102
623	79
624	87
625	89
626	90
627	72
628	90
629	107
630	111
631	97
632	89
633	83
634	93
635	82
636	89
637	84
638	98
639	104
640	92
641	93
642	96
643	81
644	74
645	82
646	103
647	91
648	92
649	84
650	86
651	92
652	80
653	115
654	91
655	90
656	89
657	98
658	82
659	102
660	81
661	101
662	89
663	81
664	98
665	93
666	79
667	89
668	89
669	96
670	90
671	78
672	96
673	102
674	106
675	92
676	85
677	97
678	89
679	72
680	94
681	86
682	90
683	91
684	91
685	102
686	96
687	71
688	92
689	93
690	80
691	99
692	69
693	93
694	79
695	102
696	88
697	90
698	95
699	86
700	95
701	91
702	92
703	87
704	93
705	97
706	84
707	91
708	101
709	97
710	86
711	99
712	87
713	98
714	98
715	103
716	103
717	89
718	113
719	116
720	87
721	95
722	79
723	110
724	85
725	91
726	75
727	113
728	95
729	103
730	90
731	102
732	91
733	87
734	87
735	101
736	81
737	87
738	102
739	111
740	94
741	117
742	91
743	98
744	75
745	101
746	94
747	107
748	89
749	112
750	88
751	97
752	92
753	101
754	101
755	111
756	74
757	97
758	94
759	88
760	96
761	94
762	94
763	90
764	88
765	97
766	108
767	102
768	82
769	82
770	91
771	94
772	80
773	76
774	90
775	110
776	84
777	94
778	83
779	98
780	89
781	93
782	94
783	87
784	99
785	107
786	89
787	104
788	88
789	87
790	95
791	101
792	97
793	84
794	85
795	100
796	98
797	94
798	105
799	97
800	98
801	94
802	114
803	81
804	100
805	90
806	101
807	118
808	95
809	110
810	87
811	93
812	72
813	96
814	102
815	102
816	100
817	95
818	110
819	88
820	92
821	109
822	97
823	98
824	105
825	87
826	93
827	84
828	100
829	98
830	102
831	107
832	83
833	97
834	90
835	111
836	103
837	93
838	87
839	96
840	110
841	94
842	104
843	93
844	103
845	98
846	88
847	112
848	84
849	62
850	86
851	106
852	99
853	100
854	87
855	93
856	103
857	92
858	120
859	84
860	97
861	91
862	82
863	96
864	106
865	109
866	95
867	111
868	110
869	84
870	80
871	98
872	94
873	79
874	100
875	89
876	100
877	86
878	102
879	80
880	103
881	106
882	93
883	108
884	105
885	101
886	96
887	90
888	111
889	82
890	101
891	82
892	85
893	101
894	74
895	82
896	131
897	75
898	100
899	110
900	105
901	95
902	104
903	107
904	97
905	92
906	96
907	111
908	123
909	72
910	99
911	102
912	87
913	106
914	98
915	117
916	93
917	100
918	127
919	87
920	94
921	90
922	104
923	91
924	91
925	97
926	88
927	99
928	96
929	98
930	90
931	97
932	109
933	102
934	108
935	118
936	107
937	90
938	98
939	103
940	87
941	105
942	109
943	106
944	85
945	112
946	88
947	83
948	122
949	96
950	89
951	104
952	115
953	91
954	94
955	97
956	98
957	97
958	94
959	127
960	92
961	115
962	96
963	94
964	105
965	92
966	111
967	106
968	100
969	105
970	99
971	101
972	108
973	90
974	96
975	104
976	99
977	120
978	91
979	99
980	103
981	99
982	110
983	100
984	107
985	87
986	109
987	94
988	125
989	96
990	104
991	98
992	95
993	106
994	99
995	103
996	108
997	105
998	106
999	93
1000	90
1001	99
1002	105
1003	110
1004	110
1005	97
1006	107
1007	98
1008	94
1009	109
1010	110
1011	108
1012	108
1013	116
1014	93
1015	101
1016	122
1017	109
1018	90
1019	109
1020	104
1021	108
1022	82
1023	114
1024	106
1025	98
1026	100
1027	98
1028	109
1029	113
1030	89
1031	133
1032	101
1033	108
1034	112
1035	82
1036	103
1037	98
1038	96
1039	97
1040	106
1041	103
1042	101
1043	113
1044	90
1045	118
1046	100
1047	109
1048	105
1049	94
1050	106
1051	97
1052	95
1053	91
1054	96
1055	102
1056	112
1057	118
1058	90
1059	90
1060	83
1061	120
1062	116
1063	84
1064	113
1065	103
1066	98
1067	104
1068	90
1069	102
1070	128
1071	105
1072	89
1073	98
1074	85
1075	90
1076	95
1077	91
1078	101
1079	112
1080	122
1081	90
1082	102
1083	83
1084	107
1085	89
1086	102
1087	109
1088	101
1089	93
1090	111
1091	106
1092	101
1093	127
1094	107
1095	102
1096	92
1097	108
1098	107
1099	114
1100	95
1101	104
1102	98
1103	104
1104	105
1105	99
1106	98
1107	107
1108	98
1109	103
1110	124
1111	122
1112	107
1113	112
1114	120
1115	94
1116	98
1117	109
1118	113
1119	89
1120	109
1121	120
1122	103
1123	132
1124	97
1125	97
1126	119
1127	111
1128	108
1129	107
1130	113
1131	117
1132	98
1133	105
1134	106
1135	106
1136	106
1137	103
1138	110
1139	102
1140	113
1141	127
1142	112
1143	110
1144	137
1145	117
1146	118
1147	89
1148	111
1149	91
1150	107
1151	93
1152	113
1153	122
1154	127
1155	110
1156	103
1157	94
1158	115
1159	137
1160	106
1161	105
1162	103
1163	117
1164	108
1165	90
1166	107
1167	104
1168	110
1169	121
1170	106
1171	106
1172	100
1173	111
1174	111
1175	130
1176	119
1177	107
1178	126
1179	114
1180	111
1181	127
1182	120
1183	131
1184	114
1185	105
1186	118
1187	103
1188	112
1189	112
1190	100
1191	102
1192	110
1193	118
1194	113
1195	122
1196	131
1197	114
1198	118
1199	108
1200	126
1201	112
1202	115
1203	103
1204	110
1205	114
1206	116
1207	102
1208	126
1209	111
1210	89
1211	97
1212	115
1213	117
1214	137
1215	109
1216	121
1217	109
1218	114
1219	137
1220	119
1221	115
1222	95
1223	115
1224	97
1225	111
1226	118
1227	110
1228	127
1229	119
1230	135
1231	106
1232	95
1233	131
1234	97
1235	130
1236	100
1237	134
1238	123
1239	119
1240	117
1241	138
1242	113
1243	124
1244	116
1245	105
1246	110
1247	126
1248	112
1249	109
1250	111
1251	95
1252	112
1253	92
1254	109
1255	124
1256	128
1257	128
1258	135
1259	128
1260	115
1261	111
1262	127
1263	123
1264	111
1265	121
1266	112
1267	120
1268	95
1269	128
1270	99
1271	126
1272	110
1273	122
1274	116
1275	113
1276	134
1277	101
1278	118
1279	115
1280	107
1281	123
1282	128
1283	115
1284	110
1285	114
1286	108
1287	108
1288	127
1289	94
1290	90
1291	119
1292	119
1293	104
1294	112
1295	109
1296	126
1297	109
1298	123
1299	123
1300	116
1301	126
1302	108
1303	119
1304	100
1305	107
1306	129
1307	103
1308	117
1309	102
1310	102
1311	129
1312	136
1313	111
1314	106
1315	118
1316	96
1317	108
1318	101
1319	117
1320	118
1321	106
1322	95
1323	119
1324	101
1325	108
1326	97
1327	106
1328	112
1329	118
1330	99
1331	102
1332	102
1333	124
1334	103
1335	127
1336	112
1337	113
1338	108
1339	93
1340	109
1341	92
1342	90
1343	117
1344	102
1345	117
1346	111
1347	102
1348	113
1349	116
1350	88
1351	112
1352	127
1353	115
1354	109
1355	91
1356	108
1357	94
1358	111
1359	123
1360	93
1361	109
1362	99
1363	95
1364	106
1365	114
1366	107
1367	102
1368	109
1369	103
1370	120
1371	98
1372	108
1373	97
1374	107
1375	94
1376	88
1377	109
1378	103
1379	102
1380	104
1381	105
1382	96
1383	89
1384	99
1385	100
1386	111
1387	110
1388	86
1389	106
1390	91
1391	107
1392	107
1393	101
1394	87
1395	106
1396	105
1397	101
1398	103
1399	96
1400	120
1401	104
1402	97
1403	125
1404	107
1405	108
1406	115
1407	103
1408	116
1409	119
1410	103
1411	113
1412	107
1413	91
1414	104
1415	104
1416	118
1417	89
1418	104
1419	110
1420	109
1421	92
1422	98
1423	101
1424	103
1425	96
1426	108
1427	110
1428	106
1429	96
1430	78
1431	120
1432	99
1433	102
1434	91
1435	91
1436	124
1437	102
1438	95
1439	106
1440	102
1441	90
1442	94
1443	102
1444	99
1445	120
1446	108
1447	84
1448	111
1449	103
1450	100
1451	108
1452	94
1453	102
1454	110
1455	88
1456	109
1457	105
1458	98
1459	97
1460	98
1461	112
1462	118
1463	108
1464	95
1465	95
1466	108
1467	99
1468	112
1469	96
1470	109
1471	104
1472	91
1473	85
1474	111
1475	105
1476	89
1477	94
1478	80
1479	107
1480	120
1481	103
1482	100
1483	95
1484	111
1485	93
1486	96
1487	92
1488	103
1489	96
1490	106
1491	110
1492	107
1493	91
1494	105
1495	106
1496	114
1497	89
1498	119
1499	87
1500	101
1501	96
1502	88
1503	101
1504	93
1505	101
1506	95
1507	92
1508	114
1509	93
1510	87
1511	104
1512	93
1513	89
1514	95
1515	114
1516	103
1517	90
1518	105
1519	97
1520	121
1521	97
1522	106
1523	96
1524	105
1525	92
1526	98
1527	89
1528	106
1529	98
1530	96
1531	99
1532	81
1533	88
1534	97
1535	102
1536	97
1537	84
1538	115
1539	103
1540	96
1541	80
1542	98
1543	90
1544	109
1545	108
1546	81
1547	79
1548	95
1549	99
1550	96
1551	92
1552	115
1553	89
1554	86
1555	81
1556	103
1557	93
1558	107
1559	111
1560	98
1561	105
1562	92
1563	101
1564	83
1565	97
1566	95
1567	95
1568	105
1569	90
1570	90
1571	100
1572	91
1573	97
1574	103
1575	91
1576	96
1577	90
1578	93
1579	113
1580	81
1581	102
1582	91
1583	94
1584	95
1585	93
1586	75
1587	82
1588	112
1589	101
1590	79
1591	89
1592	104
1593	102
1594	94
1595	100
1596	103
1597	109
1598	99
1599	86
1600	88
1601	93
1602	102
1603	113
1604	99
1605	101
1606	103
1607	115
1608	101
1609	101
1610	101
1611	100
1612	87
1613	95
1614	92
1615	95
1616	105
1617	97
1618	89
1619	88
1620	94
1621	94
1622	110
1623	92
1624	99
1625	98
1626	97
1627	96
1628	77
1629	104
1630	99
1631	92
1632	86
1633	87
1634	99
1635	89
1636	99
1637	97
1638	90
1639	92
1640	77
1641	93
1642	107
1643	113
1644	81
1645	105
1646	95
1647	80
1648	94
1649	76
1650	104
1651	109
1652	107
1653	88
1654	83
1655	78
1656	86
1657	102
1658	87
1659	86
1660	109
1661	96
1662	106
1663	86
1664	89
1665	86
1666	78
1667	85
1668	84
1669	101
1670	112
1671	97
1672	84
1673	89
1674	68
1675	105
1676	108
1677	83
1678	91
1679	89
1680	92
1681	96
1682	104
1683	91
1684	96
1685	66
1686	81
1687	104
1688	83
1689	98
1690	100
1691	83
1692	87
1693	102
1694	94
1695	93
1696	95
1697	77
1698	97
1699	81
1700	71
1701	106
1702	98
1703	79
1704	100
1705	97
1706	87
1707	84
1708	101
1709	94
1710	75
1711	78
1712	101
1713	100
1714	78
1715	69
1716	95
1717	97
1718	86
1719	99
1720	86
1721	86
1722	85
1723	88
1724	103
1725	81
1726	89
1727	97
1728	97
1729	92
1730	85
1731	80
1732	86
1733	93
1734	97
1735	91
1736	101
1737	72
1738	87
1739	85
1740	96
1741	91
1742	93
1743	100
1744	82
1745	103
1746	113
1747	70
1748	100
1749	92
1750	93
1751	86
1752	84
1753	102
1754	98
1755	79
1756	83
1757	90
1758	111
1759	91
1760	86
1761	85
1762	78
1763	98
1764	97
1765	95
1766	104
1767	85
1768	101
1769	96
1770	72
1771	106
1772	93
1773	78
1774	93
1775	95
1776	96
1777	78
1778	89
1779	92
1780	94
1781	84
1782	106
1783	71
1784	96
1785	90
1786	98
1787	106
1788	98
1789	103
1790	93
1791	99
1792	84
1793	80
1794	85
1795	75
1796	92
1797	108
1798	89
1799	93
1800	97
1801	88
1802	111
1803	95
1804	89
1805	109
1806	103
1807	94
1808	71
1809	85
1810	94
1811	95
1812	89
1813	83
1814	82
1815	92
1816	91
1817	73
1818	110
1819	105
1820	101
1821	64
1822	93
1823	90
1824	97
1825	86
1826	93
1827	83
1828	71
1829	102
1830	85
1831	88
1832	98
1833	93
1834	76
1835	91
1836	84
1837	101
1838	93
1839	91
1840	84
1841	112
1842	94
1843	92
1844	90
1845	92
1846	102
1847	77
1848	93
1849	85
1850	92
1851	87
1852	90
1853	94
1854	87
1855	91
1856	90
1857	106
1858	70
1859	83
1860	91
1861	106
1862	87
1863	87
1864	105
1865	87
1866	108
1867	95
1868	92
1869	79
1870	79
1871	101
1872	88
1873	68
1874	85
1875	91
1876	100
1877	99
1878	94
1879	93
1880	88
1881	97
1882	94
1883	86
1884	95
1885	79
1886	92
1887	89
1888	99
1889	93
1890	91
1891	94
1892	110
1893	81
1894	97
1895	82
1896	70
1897	97
1898	97
1899	113
1900	107
1901	100
1902	95
1903	80
1904	86
1905	85
1906	87
1907	79
1908	90
1909	64
1910	81
1911	92
1912	76
1913	80
1914	76
1915	103
1916	69
1917	93
1918	71
1919	96
1920	82
1921	88
1922	84
1923	93
1924	80
1925	80
1926	77
1927	111
1928	102
1929	72
1930	75
1931	88
1932	91
1933	79
1934	73
1935	108
1936	85
1937	110
1938	98
1939	86
1940	98
1941	81
1942	109
1943	97
1944	89
1945	89
1946	106
1947	101
1948	112
1949	68
1950	87
1951	93
1952	86
1953	88
1954	105
1955	72
1956	95
1957	66
1958	82
1959	79
1960	97
1961	104
1962	92
1963	90
1964	108
1965	93
1966	101
1967	84
1968	81
1969	95
1970	105
1971	96
1972	79
1973	78
1974	84
1975	96
1976	105
1977	65
1978	99
1979	108
1980	86
1981	100
1982	97
1983	77
1984	89
1985	82
1986	91
1987	96
1988	96
1989	85
1990	102
1991	87
1992	91
1993	95
1994	90
1995	93
1996	95
1997	87
1998	96
1999	87
2000	82
2001	98
2002	86
2003	89
2004	95
2005	91
2006	90
2007	72
2008	106
2009	94
2010	86
2011	91
2012	102
2013	89
2014	88
2015	89
2016	80
2017	88
2018	87
2019	110
2020	87
2021	96
2022	82
2023	95
2024	72
2025	77
2026	81
2027	77
2028	81
2029	92
2030	92
2031	91
2032	73
2033	101
2034	102
2035	70
2036	97
2037	97
2038	79
2039	96
2040	82
2041	78
2042	86
2043	77
2044	84
2045	73
2046	97
2047	98
2048	88
2049	83
2050	87
2051	80
2052	95
2053	99
2054	97
2055	81
2056	81
2057	97
2058	100
2059	93
2060	109
2061	100
2062	85
2063	91
2064	87
2065	71
2066	79
2067	89
2068	89
2069	85
2070	95
2071	83
2072	90
2073	95
2074	84
2075	87
2076	77
2077	92
2078	83
2079	86
2080	93
2081	82
2082	89
2083	94
2084	91
2085	83
2086	87
2087	77
2088	86
2089	78
2090	87
2091	90
2092	99
2093	94
2094	81
2095	81
2096	83
2097	109
2098	95
2099	106
2100	120
2101	86
2102	102
2103	92
2104	88
2105	98
2106	101
2107	90
2108	94
2109	96
2110	91
2111	79
2112	111
2113	92
2114	84
2115	81
2116	72
2117	86
2118	93
2119	82
2120	87
2121	83
2122	85
2123	77
2124	98
2125	105
2126	71
2127	94
2128	90
2129	89
2130	85
2131	83
2132	82
2133	108
2134	89
2135	110
2136	86
2137	96
2138	90
2139	90
2140	91
2141	73
2142	72
2143	103
2144	96
2145	84
2146	75
2147	94
2148	105
2149	76
2150	76
2151	88
2152	85
2153	91
2154	87
2155	83
2156	91
2157	78
2158	110
2159	84
2160	100
2161	89
2162	75
2163	100
2164	98
2165	81
2166	83
2167	77
2168	81
2169	93
2170	79
2171	73
2172	82
2173	95
2174	74
2175	100
2176	85
2177	86
2178	81
2179	81
2180	87
2181	81
2182	78
2183	100
2184	89
2185	82
2186	80
2187	96
2188	81
2189	76
2190	103
2191	103
2192	91
2193	84
2194	85
2195	88
2196	71
2197	69
2198	89
2199	96
2200	86
2201	90
2202	88
2203	96
2204	84
2205	106
2206	95
2207	100
2208	82
2209	83
2210	88
2211	79
2212	89
2213	72
2214	87
2215	111
2216	79
2217	68
2218	94
2219	78
2220	73
2221	101
2222	96
2223	79
2224	83
2225	85
2226	92
2227	75
2228	97
2229	86
2230	101
2231	80
2232	93
2233	84
2234	101
2235	90
2236	95
2237	83
2238	88
2239	101
2240	87
2241	78
2242	73
2243	86
2244	94
2245	93
2246	84
2247	96
2248	88
2249	93
2250	85
2251	103
2252	87
2253	89
2254	83
2255	76
2256	82
2257	83
2258	85
2259	104
2260	78
2261	84
2262	94
2263	87
2264	99
2265	75
2266	92
2267	90
2268	87
2269	95
2270	97
2271	98
2272	85
2273	95
2274	91
2275	90
2276	83
2277	92
2278	92
2279	85
2280	99
2281	85
2282	96
2283	98
2284	96
2285	91
2286	102
2287	78
2288	72
2289	67
2290	99
2291	80
2292	84
2293	94
2294	79
2295	102
2296	68
2297	81
2298	94
2299	80
2300	76
2301	83
2302	77
2303	94
2304	85
2305	88
2306	89
2307	75
2308	100
2309	79
2310	79
2311	78
2312	82
2313	104
2314	95
2315	93
2316	72
2317	100
2318	94
2319	96
2320	81
2321	74
2322	75
2323	85
2324	90
2325	80
2326	81
2327	90
2328	81
2329	79
2330	70
2331	92
2332	91
2333	93
2334	91
2335	92
2336	115
2337	78
2338	83
2339	86
2340	86
2341	84
2342	76
2343	82
2344	76
2345	86
2346	101
2347	71
2348	76
2349	78
2350	85
2351	93
2352	74
2353	89
2354	83
2355	85
2356	94
2357	95
2358	82
2359	90
2360	78
2361	89
2362	96
2363	78
2364	101
2365	89
2366	73
2367	72
2368	94
2369	86
2370	74
2371	91
2372	82
2373	96
2374	98
2375	87
2376	89
2377	82
2378	106
2379	91
2380	71
2381	86
2382	74
2383	92
2384	83
2385	90
2386	76
2387	81
2388	80
2389	79
2390	78
2391	99
2392	88
2393	105
2394	80
2395	95
2396	83
2397	79
2398	86
2399	86
2400	82
2401	79
2402	100
2403	80
2404	87
2405	97
2406	83
2407	85
2408	108
2409	64
2410	84
2411	98
2412	72
2413	101
2414	80
2415	74
2416	98
2417	114
2418	82
2419	93
2420	102
2421	68
2422	97
2423	91
2424	94
2425	74
2426	79
2427	95
2428	66
2429	74
2430	85
2431	96
2432	97
2433	101
2434	76
2435	84
2436	100
2437	84
2438	98
2439	96
2440	81
2441	102
2442	96
2443	86
2444	91
2445	76
2446	100
2447	78
2448	76
2449	85
2450	64
2451	73
2452	95
2453	90
2454	74
2455	90
2456	93
2457	75
2458	88
2459	80
2460	84
2461	87
2462	83
2463	90
2464	74
2465	70
2466	78
2467	90
2468	84
2469	77
2470	82
2471	96
2472	78
2473	81
2474	87
2475	84
2476	98
2477	87
2478	83
2479	101
2480	98
2481	95
2482	76
2483	109
2484	86
2485	104
2486	87
2487	86
2488	81
2489	99
2490	88
2491	85
2492	81
2493	80
2494	94
2495	79
2496	83
2497	84
2498	82
2499	73
2500	88
2501	93
2502	92
2503	86
2504	100
2505	91
2506	88
2507	85
2508	100
2509	102
2510	80
2511	99
2512	92
2513	91
2514	97
2515	69
2516	85
2517	65
2518	79
2519	86
2520	105
2521	103
2522	92
2523	87
2524	90
2525	89
2526	82
2527	85
2528	94
2529	100
2530	97
2531	82
2532	88
2533	98
2534	92
2535	81
2536	81
2537	82
2538	80
2539	94
2540	96
2541	67
2542	89
2543	79
2544	83
2545	75
2546	76
2547	94
2548	85
2549	93
2550	106
2551	82
2552	64
2553	104
2554	96
2555	94
2556	105
2557	85
2558	100
2559	97
2560	85
2561	91
2562	78
2563	90
2564	119
2565	80
2566	98
2567	98
2568	96
2569	94
2570	96
2571	109
2572	86
2573	89
2574	99
2575	103
2576	95
2577	100
2578	90
2579	88
2580	93
2581	83
2582	87
2583	110
2584	86
2585	96
2586	72
2587	94
2588	85
2589	99
2590	94
2591	84
2592	76
2593	93
2594	100
2595	85
2596	109
2597	86
2598	85
2599	110
2600	94
2601	96
2602	83
2603	88
2604	76
2605	88
2606	91
2607	86
2608	87
2609	84
2610	81
2611	86
2612	76
2613	86
2614	83
2615	87
2616	98
2617	92
2618	89
2619	78
2620	93
2621	99
2622	97
2623	85
2624	92
2625	96
2626	89
2627	89
2628	98
2629	96
2630	80
2631	93
2632	108
2633	83
2634	82
2635	79
2636	96
2637	96
2638	99
2639	94
2640	85
2641	84
2642	97
2643	88
2644	83
2645	87
2646	82
2647	100
2648	99
2649	101
2650	83
2651	102
2652	90
2653	88
2654	84
2655	89
2656	96
2657	93
2658	90
2659	90
2660	100
2661	94
2662	66
2663	90
2664	84
2665	91
2666	95
2667	92
2668	94
2669	83
2670	90
2671	74
2672	102
2673	105
2674	104
2675	94
2676	88
2677	106
2678	96
2679	83
2680	95
2681	97
2682	88
2683	102
2684	97
2685	80
2686	90
2687	82
2688	100
2689	97
2690	93
2691	105
2692	92
2693	111
2694	100
2695	114
2696	90
2697	91
2698	102
2699	95
2700	86
2701	100
2702	93
2703	104
2704	97
2705	106
2706	88
2707	94
2708	100
2709	93
2710	92
2711	106
2712	85
2713	102
2714	90
2715	94
2716	88
2717	105
2718	104
2719	87
2720	85
2721	93
2722	100
2723	100
2724	98
2725	86
2726	81
2727	95
2728	108
2729	70
2730	88
2731	93
2732	94
2733	76
2734	99
2735	110
2736	110
2737	98
2738	114
2739	93
2740	105
2741	94
2742	74
2743	107
2744	92
2745	93
2746	100
2747	93
2748	73
2749	94
2750	93
2751	95
2752	100
2753	103
2754	111
2755	93
2756	95
2757	107
2758	92
2759	98
2760	96
2761	96
2762	101
2763	88
2764	94
2765	107
2766	100
2767	84
2768	98
2769	89
2770	83
2771	96
2772	95
2773	101
2774	106
2775	88
2776	85
2777	80
2778	97
2779	97
2780	80
2781	105
2782	99
2783	82
2784	82
2785	77
2786	91
2787	83
2788	74
2789	104
2790	82
2791	109
2792	102
2793	96
2794	104
2795	106
2796	96
2797	91
2798	91
2799	102
2800	93
2801	97
2802	97
2803	67
2804	91
2805	100
2806	82
2807	100
2808	99
2809	87
2810	108
2811	103
2812	87
2813	91
2814	80
2815	86
2816	95
2817	93
2818	102
2819	84
2820	92
2821	84
2822	101
2823	105
2824	82
2825	112
2826	86
2827	96
2828	98
2829	101
2830	95
2831	91
2832	69
2833	109
2834	101
2835	79
2836	85
2837	96
2838	103
2839	104
2840	105
2841	70
2842	87
2843	100
2844	90
2845	93
2846	105
2847	84
2848	98
2849	90
2850	80
2851	106
2852	79
2853	91
2854	98
2855	70
2856	87
2857	86
2858	77
2859	98
2860	89
2861	90
2862	82
2863	75
2864	94
2865	88
2866	88
2867	79
2868	91
2869	86
2870	88
2871	79
2872	86
2873	82
2874	92
2875	84
2876	85
2877	87
2878	91
2879	81
2880	68
2881	90
2882	97
2883	83
2884	88
2885	83
2886	75
2887	77
2888	67
2889	91
2890	78
2891	73
2892	76
2893	82
2894	63
2895	85
2896	90
2897	76
2898	91
2899	95
2900	89
2901	84
2902	85
2903	95
2904	76
2905	82
2906	68
2907	95
2908	80
2909	80
2910	85
2911	89
2912	73
2913	71
2914	98
2915	80
2916	81
2917	84
2918	73
2919	85
2920	77
2921	69
2922	79
2923	76
2924	63
2925	75
2926	88
2927	83
2928	67
2929	64
2930	83
2931	56
2932	86
2933	68
2934	63
2935	71
2936	69
2937	85
2938	89
2939	75
2940	67
2941	81
2942	73
2943	75
2944	67
2945	83
2946	76
2947	66
2948	78
2949	75
2950	79
2951	72
2952	67
2953	66
2954	68
2955	80
2956	65
2957	66
2958	61
2959	72
2960	69
2961	57
2962	72
2963	71
2964	75
2965	73
2966	78
2967	62
2968	74
2969	79
2970	84
2971	59
2972	71
2973	81
2974	59
2975	60
2976	68
2977	64
2978	66
2979	69
2980	61
2981	75
2982	63
2983	66
2984	75
2985	66
2986	63
2987	82
2988	68
2989	53
2990	63
2991	54
2992	68
2993	49
2994	48
2995	56
2996	47
2997	76
2998	60
2999	63
3000	56
3001	71
3002	52
3003	57
3004	58
3005	39
3006	69
3007	62
3008	55
3009	59
3010	49
3011	51
3012	59
3013	54
3014	60
3015	58
3016	65
3017	70
3018	52
3019	51
3020	50
3021	49
3022	65
3023	53
3024	56
3025	57
3026	46
3027	36
3028	55
3029	59
3030	54
3031	56
3032	53
3033	42
3034	47
3035	55
3036	54
3037	55
3038	60
3039	55
3040	40
3041	55
3042	45
3043	60
3044	68
3045	53
3046	65
3047	50
3048	43
3049	54
3050	42
3051	47
3052	39
3053	55
3054	42
3055	49
3056	51
3057	51
3058	47
3059	47
3060	53
3061	52
3062	45
3063	43
3064	51
3065	54
3066	45
3067	52
3068	42
3069	40
3070	54
3071	35
3072	45
3073	43
3074	45
3075	42
3076	45
3077	38
3078	30
3079	45
3080	38
3081	40
3082	37
3083	54
3084	51
3085	52
3086	37
3087	39
3088	46
3089	43
3090	47
3091	44
3092	43
3093	41
3094	45
3095	40
3096	41
3097	38
3098	51
3099	37
3100	52
3101	28
3102	32
3103	35
3104	34
3105	38
3106	47
3107	54
3108	44
3109	33
3110	45
3111	30
3112	26
3113	32
3114	41
3115	33
3116	31
3117	34
3118	45
3119	39
3120	39
3121	45
3122	36
3123	37
3124	44
3125	39
3126	35
3127	42
3128	44
3129	32
3130	37
3131	46
3132	41
3133	32
3134	41
3135	33
3136	29
3137	42
3138	29
3139	34
3140	29
3141	32
3142	35
3143	28
3144	38
3145	30
3146	37
3147	40
3148	39
3149	43
3150	35
3151	33
3152	28
3153	37
3154	33
3155	40
3156	37
3157	27
3158	28
3159	42
3160	25
3161	40
3162	28
3163	41
3164	50
3165	30
3166	25
3167	40
3168	36
3169	34
3170	28
3171	36
3172	41
3173	30
3174	39
3175	24
3176	28
3177	34
3178	27
3179	40
3180	23
3181	37
3182	36
3183	31
3184	33
3185	28
3186	29
3187	33
3188	22
3189	30
3190	32
3191	30
3192	36
3193	36
3194	33
3195	32
3196	19
3197	31
3198	32
3199	28
3200	23
3201	40
3202	32
3203	39
3204	35
3205	33
3206	37
3207	33
3208	34
3209	29
3210	29
3211	37
3212	36
3213	35
3214	28
3215	24
3216	33
3217	34
3218	22
3219	26
3220	29
3221	27
3222	29
3223	30
3224	32
3225	19
3226	29
3227	32
3228	26
3229	27
3230	32
3231	38
3232	37
3233	27
3234	29
3235	32
3236	32
3237	15
3238	22
3239	25
3240	44
3241	33
3242	29
3243	21
3244	29
3245	30
3246	41
3247	30
3248	20
3249	35
3250	26
3251	31
3252	29
3253	31
3254	20
3255	24
3256	27
3257	36
3258	26
3259	24
3260	35
3261	17
3262	33
3263	33
3264	25
3265	31
3266	32
3267	27
3268	25
3269	25
3270	28
3271	27
3272	22
3273	22
3274	27
3275	23
3276	26
3277	25
3278	23
3279	25
3280	29
3281	24
3282	25
3283	28
3284	28
3285	22
3286	16
3287	25
3288	26
3289	21
3290	36
3291	32
3292	31
3293	30
3294	28
3295	29
3296	31
3297	31
3298	33
3299	21
3300	25
3301	29
3302	23
3303	28
3304	22
3305	16
3306	25
3307	24
3308	17
3309	26
3310	29
3311	29
3312	30
3313	21
3314	30
3315	35
3316	35
3317	36
3318	23
3319	22
3320	26
3321	26
3322	26
3323	20
3324	26
3325	25
3326	33
3327	32
3328	31
3329	36
3330	12
3331	32
3332	11
3333	26
3334	32
3335	32
3336	31
3337	23
3338	23
3339	21
3340	33
3341	23
3342	23
3343	22
3344	30
3345	28
3346	16
3347	21
3348	25
3349	29
3350	24
3351	15
3352	26
3353	21
3354	14
3355	23
3356	26
3357	16
3358	22
3359	22
3360	25
3361	24
3362	24
3363	29
3364	24
3365	24
3366	28
3367	21
3368	30
3369	15
3370	20
3371	19
3372	21
3373	17
3374	24
3375	23
3376	12
3377	23
3378	24
3379	21
3380	28
3381	22
3382	23
3383	18
3384	23
3385	16
3386	22
3387	16
3388	26
3389	31
3390	20
3391	33
3392	27
3393	29
3394	24
3395	22
3396	27
3397	23
3398	23
3399	23
3400	13
3401	30
3402	33
3403	26
3404	22
3405	30
3406	26
3407	24
3408	21
3409	26
3410	23
3411	23
3412	19
3413	21
3414	18
3415	16
3416	21
3417	21
3418	21
3419	27
3420	20
3421	26
3422	21
3423	21
3424	29
3425	19
3426	19
3427	23
3428	18
3429	19
3430	24
3431	30
3432	20
3433	26
3434	21
3435	24
3436	17
3437	22
3438	21
3439	29
3440	24
3441	24
3442	21
3443	20
3444	16
3445	24
3446	28
3447	21
3448	14
3449	20
3450	24
3451	18
3452	20
3453	14
3454	13
3455	19
3456	24
3457	24
3458	27
3459	15
3460	14
3461	19
3462	22
3463	28
3464	17
3465	20
3466	16
3467	19
3468	28
3469	22
3470	23
3471	14
3472	18
3473	24
3474	24
3475	29
3476	21
3477	22
3478	22
3479	15
3480	22
3481	26
3482	19
3483	10
3484	15
3485	15
3486	16
3487	29
3488	21
3489	21
3490	22
3491	19
3492	26
3493	21
3494	22
3495	21
3496	15
3497	26
3498	18
3499	13
3500	16
3501	19
3502	19
3503	28
3504	19
3505	21
3506	15
3507	21
3508	24
3509	19
3510	21
3511	13
3512	15
3513	24
3514	25
3515	21
3516	21
3517	19
3518	15
3519	17
3520	13
3521	23
3522	13
3523	25
3524	15
3525	15
3526	20
3527	18
3528	18
3529	21
3530	18
3531	19
3532	18
3533	24
3534	22
3535	19
3536	18
3537	19
3538	26
3539	17
3540	24
3541	17
3542	25
3543	18
3544	14
3545	13
3546	21
3547	22
3548	19
3549	18
3550	20
3551	21
3552	32
3553	12
3554	15
3555	20
3556	20
3557	19
3558	17
3559	21
3560	21
3561	23
3562	13
3563	20
3564	17
3565	12
3566	18
3567	16
3568	19
3569	14
3570	19
3571	21
3572	18
3573	11
3574	26
3575	25
3576	14
3577	20
3578	23
3579	13
3580	15
3581	20
3582	17
3583	19
3584	23
3585	16
3586	25
3587	18
3588	21
3589	21
3590	27
3591	23
3592	20
3593	17
3594	17
3595	20
3596	23
3597	23
3598	17
3599	16
3600	20
3601	27
3602	21
3603	12
3604	20
3605	13
3606	23
3607	16
3608	24
3609	15
3610	20
3611	17
3612	22
3613	18
3614	17
3615	32
3616	18
3617	11
3618	20
3619	15
3620	27
3621	16
3622	24
3623	19
3624	26
3625	18
3626	25
3627	20
3628	17
3629	21
3630	23
3631	16
3632	19
3633	10
3634	13
3635	11
3636	21
3637	26
3638	20
3639	29
3640	17
3641	24
3642	25
3643	19
3644	22
3645	25
3646	18
3647	20
3648	19
3649	24
3650	21
3651	15
3652	28
3653	12
3654	15
3655	20
3656	24
3657	17
3658	22
3659	18
3660	17
3661	22
3662	23
3663	19
3664	18
3665	24
3666	16
3667	10
3668	20
3669	22
3670	32
3671	20
3672	20
3673	19
3674	21
3675	25
3676	18
3677	23
3678	15
3679	25
3680	17
3681	22
3682	17
3683	16
3684	14
3685	18
3686	22
3687	22
3688	18
3689	24
3690	12
3691	13
3692	17
3693	20
3694	23
3695	16
3696	20
3697	19
3698	22
3699	23
3700	14
3701	18
3702	20
3703	19
3704	23
3705	23
3706	22
3707	18
3708	18
3709	18
3710	10
3711	24
3712	27
3713	14
3714	13
3715	21
3716	20
3717	21
3718	23
3719	24
3720	23
3721	19
3722	20
3723	22
3724	22
3725	19
3726	14
3727	17
3728	20
3729	19
3730	26
3731	18
3732	14
3733	22
3734	27
3735	17
3736	22
3737	24
3738	24
3739	20
3740	17
3741	22
3742	20
3743	19
3744	16
3745	27
3746	20
3747	17
3748	27
3749	18
3750	26
3751	19
3752	19
3753	22
3754	26
3755	25
3756	17
3757	25
3758	26
3759	26
3760	28
3761	27
3762	23
3763	22
3764	19
3765	19
3766	28
3767	32
3768	22
3769	17
3770	16
3771	25
3772	22
3773	29
3774	24
3775	26
3776	28
3777	24
3778	31
3779	32
3780	11
3781	30
3782	29
3783	27
3784	24
3785	37
3786	33
3787	20
3788	30
3789	16
3790	21
3791	24
3792	17
3793	27
3794	24
3795	22
3796	27
3797	19
3798	29
3799	31
3800	26
3801	25
3802	27
3803	34
3804	31
3805	26
3806	19
3807	29
3808	36
3809	36
3810	30
3811	25
3812	36
3813	42
3814	19
3815	33
3816	35
3817	36
3818	33
3819	32
3820	25
3821	34
3822	30
3823	29
3824	24
3825	37
3826	39
3827	39
3828	52
3829	42
3830	40
3831	34
3832	47
3833	43
3834	47
3835	40
3836	45
3837	42
3838	38
3839	30
3840	47
3841	60
3842	34
3843	32
3844	47
3845	41
3846	49
3847	48
3848	49
3849	38
3850	49
3851	49
3852	53
3853	39
3854	58
3855	66
3856	62
3857	57
3858	55
3859	53
3860	50
3861	59
3862	53
3863	57
3864	70
3865	60
3866	49
3867	70
3868	61
3869	54
3870	54
3871	59
3872	65
3873	58
3874	55
3875	63
3876	52
3877	65
3878	87
3879	87
3880	85
3881	67
3882	77
3883	83
3884	92
3885	69
3886	65
3887	85
3888	99
3889	82
3890	87
3891	67
3892	93
3893	90
3894	92
3895	88
3896	108
3897	77
3898	105
3899	82
3900	99
3901	92
3902	96
3903	110
3904	91
3905	100
3906	84
3907	124
3908	97
3909	96
3910	92
3911	103
3912	106
3913	98
3914	118
3915	112
3916	140
3917	104
3918	106
3919	125
3920	101
3921	138
3922	135
3923	140
3924	138
3925	121
3926	150
3927	124
3928	159
3929	139
3930	153
3931	138
3932	160
3933	121
3934	168
3935	140
3936	161
3937	136
3938	154
3939	172
3940	159
3941	159
3942	166
3943	145
3944	184
3945	165
3946	176
3947	212
3948	163
3949	200
3950	188
3951	175
3952	191
3953	202
3954	204
3955	205
3956	189
3957	190
3958	209
3959	205
3960	223
3961	213
3962	229
3963	205
3964	186
3965	201
3966	231
3967	231
3968	238
3969	238
3970	238
3971	239
3972	232
3973	252
3974	272
3975	267
3976	275
3977	253
3978	244
3979	259
3980	293
3981	268
3982	291
3983	272
3984	296
3985	301
3986	271
3987	298
3988	286
3989	250
3990	300
3991	310
3992	285
3993	280
3994	308
3995	319
3996	309
3997	356
3998	344
3999	359
4000	335
4001	344
4002	309
4003	335
4004	347
4005	385
4006	376
4007	345
4008	409
4009	393
4010	367
4011	354
4012	391
4013	396
4014	435
4015	420
4016	361
4017	362
4018	401
4019	436
4020	435
4021	421
4022	433
4023	443
4024	431
4025	425
4026	481
4027	468
4028	450
4029	423
4030	474
4031	420
4032	504
4033	440
4034	453
4035	495
4036	472
4037	475
4038	495
4039	464
4040	566
4041	523
4042	496
4043	497
4044	497
4045	546
4046	493
4047	519
4048	531
4049	549
4050	583
4051	538
4052	515
4053	542
4054	512
4055	557
4056	553
4057	606
4058	562
4059	598
4060	582
4061	598
4062	582
4063	622
4064	634
4065	582
4066	591
4067	635
4068	696
4069	640
4070	599
4071	636
4072	646
4073	652
4074	648
4075	661
4076	650
4077	665
4078	671
4079	626
4080	668
4081	644
4082	682
4083	698
4084	712
4085	748
4086	759
4087	709
4088	718
4089	700
4090	682
4091	734
4092	736
4093	708
4094	807
4095	724
4096	721
4097	756
4098	708
4099	777
4100	769
4101	785
4102	772
4103	784
4104	746
4105	815
4106	816
4107	790
4108	823
4109	819
4110	839
4111	822
4112	817
4113	806
4114	758
4115	773
4116	830
4117	831
4118	825
4119	873
4120	852
4121	795
4122	821
4123	855
4124	875
4125	845
4126	812
4127	891
4128	873
4129	871
4130	823
4131	823
4132	843
4133	844
4134	862
4135	861
4136	844
4137	876
4138	874
4139	840
4140	936
4141	865
4142	903
4143	875
4144	883
4145	881
4146	870
4147	924
4148	874
4149	915
4150	906
4151	876
4152	849
4153	901
4154	847
4155	936
4156	915
4157	976
4158	912
4159	919
4160	933
4161	950
4162	908
4163	995
4164	938
4165	852
4166	958
4167	938
4168	935
4169	905
4170	917
4171	879
4172	955
4173	987
4174	875
4175	916
4176	893
4177	956
4178	955
4179	924
4180	953
4181	945
4182	948
4183	915
4184	924
4185	926
4186	877
4187	926
4188	914
4189	969
4190	903
4191	911
4192	877
4193	885
4194	930
4195	888
4196	855
4197	881
4198	891
4199	911
4200	879
4201	882
4202	917
4203	944
4204	863
4205	912
4206	876
4207	886
4208	913
4209	886
4210	893
4211	885
4212	855
4213	873
4214	863
4215	892
4216	860
4217	881
4218	832
4219	864
4220	854
4221	864
4222	858
4223	853
4224	860
4225	815
4226	821
4227	847
4228	841
4229	803
4230	865
4231	827
4232	838
4233	792
4234	815
4235	810
4236	802
4237	820
4238	860
4239	808
4240	829
4241	774
4242	769
4243	788
4244	785
4245	784
4246	758
4247	736
4248	777
4249	719
4250	737
4251	759
4252	749
4253	783
4254	759
4255	712
4256	673
4257	758
4258	719
4259	699
4260	710
4261	716
4262	726
4263	681
4264	658
4265	647
4266	671
4267	656
4268	703
4269	674
4270	656
4271	658
4272	648
4273	629
4274	644
4275	638
4276	645
4277	640
4278	647
4279	616
4280	633
4281	655
4282	633
4283	633
4284	613
4285	618
4286	599
4287	604
4288	607
4289	530
4290	556
4291	541
4292	545
4293	573
4294	566
4295	536
4296	548
4297	548
4298	520
4299	529
4300	526
4301	534
4302	511
4303	519
4304	531
4305	492
4306	480
4307	547
4308	501
4309	504
4310	507
4311	500
4312	440
4313	472
4314	477
4315	450
4316	467
4317	461
4318	427
4319	436
4320	465
4321	448
4322	427
4323	412
4324	437
4325	415
4326	430
4327	414
4328	407
4329	396
4330	391
4331	418
4332	346
4333	372
4334	386
4335	348
4336	368
4337	397
4338	378
4339	379
4340	353
4341	350
4342	336
4343	324
4344	327
4345	314
4346	319
4347	326
4348	322
4349	334
4350	317
4351	284
4352	298
4353	299
4354	295
4355	304
4356	310
4357	280
4358	298
4359	284
4360	274
4361	261
4362	261
4363	261
4364	250
4365	235
4366	255
4367	265
4368	250
4369	246
4370	236
4371	232
4372	226
4373	209
4374	216
4375	236
4376	202
4377	217
4378	189
4379	224
4380	205
4381	194
4382	168
4383	177
4384	215
4385	208
4386	168
4387	173
4388	179
4389	167
4390	171
4391	165
4392	182
4393	156
4394	159
4395	177
4396	145
4397	168
4398	161
4399	150
4400	141
4401	146
4402	156
4403	149
4404	145
4405	124
4406	133
4407	137
4408	145
4409	136
4410	111
4411	133
4412	129
4413	98
4414	102
4415	142
4416	105
4417	134
4418	106
4419	104
4420	123
4421	105
4422	109
4423	94
4424	101
4425	102
4426	94
4427	77
4428	100
4429	107
4430	98
4431	94
4432	70
4433	106
4434	89
4435	88
4436	78
4437	84
4438	74
4439	80
4440	72
4441	79
4442	69
4443	84
4444	71
4445	73
4446	70
4447	74
4448	75
4449	53
4450	70
4451	71
4452	61
4453	57
4454	55
4455	54
4456	76
4457	48
4458	62
4459	46
4460	56
4461	45
4462	50
4463	52
4464	44
4465	31
4466	42
4467	48
4468	44
4469	40
4470	41
4471	45
4472	39
4473	40
4474	28
4475	39
4476	38
4477	39
4478	37
4479	34
4480	46
4481	34
4482	34
4483	22
4484	31
4485	24
4486	26
4487	29
4488	36
4489	19
4490	20
4491	30
4492	27
4493	19
4494	20
4495	20
4496	23
4497	39
4498	19
4499	23
4500	19
4501	24
4502	22
4503	27
4504	20
4505	16
4506	14
4507	18
4508	20
4509	18
4510	15
4511	11
4512	14
4513	19
4514	16
4515	14
4516	19
4517	15
4518	25
4519	11
4520	12
4521	13
4522	11
4523	16
4524	13
4525	12
4526	9
4527	13
4528	22
4529	11
4530	12
4531	10
4532	9
4533	7
4534	10
4535	5
4536	13
4537	11
4538	6
4539	11
4540	9
4541	9
4542	10
4543	6
4544	9
4545	5
4546	6
4547	3
4548	3
4549	7
4550	14
4551	13
4552	4
4553	10
4554	9
4555	6
4556	5
4557	5
4558	4
4559	7
4560	7
4561	8
4562	6
4563	4
4564	9
4565	5
4566	1
4567	2
4568	3
4569	5
4570	7
4571	4
4572	4
4573	2
4574	5
4575	5
4576	5
4577	5
4578	4
4579	5
4580	3
4581	4
4582	1
4583	2
4584	2
4585	7
4586	1
4587	5
4588	1
4589	3
4590	3
4591	4
4592	1
4593	2
4594	0
4595	3
4596	4
4597	4
4598	4
4599	1
4600	3
4601	4
4602	2
4603	2
4604	3
4605	4
4606	2
4607	3
4608	6
4609	2
4610	5
4611	2
4612	1
4613	4
4614	5
4615	1
4616	3
4617	2
4618	4
4619	4
4620	2
4621	2
4622	3
4623	0
4624	1
4625	1
4626	1
4627	3
4628	2
4629	2
4630	1
4631	4
4632	3
4633	3
4634	3
4635	1
4636	0
4637	2
4638	0
4639	1
4640	1
4641	4
4642	2
4643	2
4644	1
4645	0
4646	1
4647	2
4648	1
4649	1
4650	1
4651	2
4652	2
4653	0
4654	2
4655	3
4656	1
4657	1
4658	2
4659	2
4660	1
4661	2
4662	0
4663	3
4664	1
4665	2
4666	1
4667	4
4668	1
4669	1
4670	3
4671	1
4672	0
4673	3
4674	1
4675	2
4676	1
4677	1
4678	6
4679	2
4680	1
4681	2
4682	0
4683	2
4684	3
4685	3
4686	0
4687	1
4688	3
4689	1
4690	2
4691	1
4692	3
4693	0
4694	0
4695	2
4696	2
4697	1
4698	3
4699	0
4700	1
4701	1
4702	1
4703	5
4704	2
4705	3
4706	3
4707	2
4708	3
4709	3
4710	1
4711	1
4712	1
4713	0
4714	1
4715	0
4716	1
4717	5
4718	0
4719	3
4720	4
4721	0
4722	4
4723	1
4724	1
4725	1
4726	0
4727	1
4728	2
4729	2
4730	1
4731	1
4732	2
4733	0
4734	1
4735	1
4736	2
4737	5
4738	2
4739	2
4740	1
4741	4
4742	1
4743	1
4744	3
4745	6
4746	0
4747	3
4748	2
4749	2
4750	1
4751	1
4752	2
4753	1
4754	2
4755	1
4756	4
4757	1
4758	4
4759	1
4760	3
4761	1
4762	1
4763	1
4764	4
4765	2
4766	1
4767	2
4768	2
4769	3
4770	1
4771	2
4772	1
4773	2
4774	4
4775	1
4776	1
4777	0
4778	2
4779	2
4780	0
4781	0
4782	2
4783	2
4784	1
4785	3
4786	3
4787	0
4788	1
4789	0
4790	3
4791	2
4792	0
4793	1
4794	3
4795	0
4796	1
4797	2
4798	1
4799	5
4800	1
4801	0
4802	0
4803	3
4804	2
4805	1
4806	2
4807	1
4808	3
4809	3
4810	2
4811	2
4812	2
4813	2
4814	1
4815	2
4816	2
4817	5
4818	4
4819	2
4820	6
4821	1
4822	3
4823	3
4824	2
4825	3
4826	1
4827	2
4828	1
4829	1
4830	2
4831	5
4832	3
4833	2
4834	0
4835	2
4836	0
4837	2
4838	5
4839	1
4840	1
4841	0
4842	3
4843	3
4844	1
4845	1
4846	1
4847	2
4848	2
4849	5
4850	4
4851	0
4852	2
4853	0
4854	2
4855	0
4856	0
4857	0
4858	1
4859	0
4860	3
4861	1
4862	0
4863	5
4864	1
4865	0
4866	5
4867	2
4868	2
4869	2
4870	0
4871	3
4872	1
4873	1
4874	2
4875	3
4876	2
4877	0
4878	0
4879	2
4880	1
4881	1
4882	2
4883	3
4884	0
4885	0
4886	2
4887	2
4888	4
4889	1
4890	2
4891	1
4892	2
4893	0
4894	2
4895	1
4896	4
4897	1
4898	4
4899	4
4900	1
4901	1
4902	2
4903	1
4904	0
4905	1
4906	2
4907	4
4908	3
4909	1
4910	2
4911	2
4912	2
4913	0
4914	3
4915	0
4916	1
4917	3
4918	0
4919	0
4920	3
4921	0
4922	1
4923	2
4924	2
4925	2
4926	2
4927	2
4928	0
4929	1
4930	2
4931	1
4932	1
4933	2
4934	1
4935	2
4936	0
4937	1
4938	3
4939	4
4940	0
4941	0
4942	2
4943	1
4944	1
4945	1
4946	1
4947	4
4948	2
4949	1
4950	1
4951	1
4952	1
4953	1
4954	0
4955	1
4956	5
4957	0
4958	0
4959	2
4960	5
4961	3
4962	1
4963	0
4964	2
4965	0
4966	1
4967	1
4968	2
4969	1
4970	1
4971	1
4972	0
4973	3
4974	1
4975	1
4976	3
4977	2
4978	0
4979	1
4980	1
4981	1
4982	0
4983	3
4984	1
4985	0
4986	1
4987	2
4988	2
4989	1
4990	4
4991	1
4992	3
4993	1
4994	0
4995	1
4996	2
4997	3
4998	1
4999	6
5000	0
5001	3
5002	1
5003	3
5004	1
5005	3
5006	2
5007	3
5008	0
5009	2
5010	2
5011	3
5012	5
5013	0
5014	1
5015	2
5016	1
5017	3
5018	1
5019	1
5020	0
5021	1
5022	1
5023	1
5024	0
5025	0
5026	0
5027	3
5028	0
5029	2
5030	1
5031	6
5032	2
5033	3
5034	2
5035	2
5036	1
5037	0
5038	2
5039	0
5040	1
5041	1
5042	0
5043	1
5044	1
5045	1
5046	2
5047	1
5048	3
5049	1
5050	1
5051	1
5052	1
5053	3
5054	0
5055	0
5056	0
5057	2
5058	3
5059	1
5060	3
5061	3
5062	1
5063	3
5064	2
5065	0
5066	1
5067	1
5068	0
5069	1
5070	1
5071	5
5072	2
5073	2
5074	3
5075	1
5076	0
5077	3
5078	1
5079	0
5080	1
5081	2
5082	2
5083	1
5084	1
5085	3
5086	1
5087	2
5088	3
5089	0
5090	1
5091	4
5092	4
5093	3
5094	2
5095	1
5096	1
5097	0
5098	3
5099	3
5100	1
5101	0
5102	0
5103	2
5104	5
5105	3
5106	0
5107	0
5108	1
5109	0
5110	1
5111	1
5112	0
5113	3
5114	2
5115	2
5116	0
5117	1
5118	2
5119	2
5120	3
5121	3
5122	1
5123	0
5124	2
5125	1
5126	1
5127	0
5128	1
5129	2
5130	0
5131	2
5132	0
5133	2
5134	1
5135	1
5136	1
5137	0
5138	2
5139	2
5140	4
5141	1
5142	2
5143	1
5144	2
5145	4
5146	2
5147	5
5148	1
5149	1
5150	0
5151	3
5152	3
5153	1
5154	2
5155	4
5156	1
5157	1
5158	0
5159	0
5160	2
5161	0
5162	2
5163	2
5164	3
5165	3
5166	0
5167	1
5168	1
5169	1
5170	0
5171	2
5172	5
5173	0
5174	1
5175	1
5176	1
5177	2
5178	2
5179	0
5180	1
5181	1
5182	1
5183	1
5184	1
5185	2
5186	1
5187	2
5188	0
5189	1
5190	1
5191	2
5192	1
5193	0
5194	2
5195	0
5196	1
5197	2
5198	0
5199	0
5200	3
5201	4
5202	1
5203	0
5204	1
5205	2
5206	0
5207	2
5208	1
5209	1
5210	1
5211	0
5212	4
5213	0
5214	0
5215	4
5216	0
5217	0
5218	3
5219	2
5220	2
5221	1
5222	0
5223	0
5224	1
5225	0
5226	0
5227	1
5228	0
5229	2
5230	5
5231	1
5232	1
5233	2
5234	2
5235	1
5236	0
5237	2
5238	1
5239	1
5240	2
5241	0
5242	0
5243	0
5244	2
5245	2
5246	1
5247	1
5248	1
5249	1
5250	2
5251	1
5252	0
5253	0
5254	2
5255	2
5256	0
5257	1
5258	2
5259	1
5260	1
5261	0
5262	1
5263	3
5264	3
5265	1
5266	0
5267	0
5268	2
5269	1
5270	1
5271	1
5272	1
5273	3
5274	0
5275	0
5276	2
5277	1
5278	1
5279	2
5280	1
5281	1
5282	0
5283	0
5284	1
5285	1
5286	0
5287	1
5288	1
5289	1
5290	1
5291	0
5292	3
5293	4
5294	2
5295	0
5296	1
5297	0
5298	1
5299	4
5300	1
5301	2
5302	0
5303	2
5304	0
5305	1
5306	2
5307	2
5308	1
5309	0
5310	1
5311	2
5312	2
5313	2
5314	2
5315	1
5316	1
5317	1
5318	1
5319	1
5320	4
5321	0
5322	2
5323	1
5324	1
5325	0
5326	2
5327	0
5328	0
5329	3
5330	0
5331	0
5332	1
5333	2
5334	0
5335	1
5336	1
5337	3
5338	0
5339	2
5340	3
5341	2
5342	1
5343	2
5344	4
5345	3
5346	1
5347	2
5348	1
5349	0
5350	1
5351	0
5352	1
5353	1
5354	1
5355	1
5356	1
5357	0
5358	1
5359	1
5360	1
5361	2
5362	3
5363	2
5364	1
5365	2
5366	3
5367	1
5368	1
5369	1
5370	1
5371	1
5372	1
5373	1
5374	1
5375	3
5376	2
5377	1
5378	1
5379	4
5380	1
5381	1
5382	1
5383	1
5384	2
5385	1
5386	1
5387	0
5388	4
5389	2
5390	2
5391	2
5392	0
5393	0
5394	0
5395	2
5396	4
5397	3
5398	0
5399	0
5400	1
5401	1
5402	2
5403	2
5404	0
5405	0
5406	2
5407	0
5408	3
5409	0
5410	0
5411	1
5412	0
5413	2
5414	1
5415	1
5416	0
5417	0
5418	1
5419	2
5420	1
5421	0
5422	1
5423	1
5424	1
5425	1
5426	4
5427	3
5428	1
5429	1
5430	0
5431	1
5432	2
5433	2
5434	2
5435	3
5436	0
5437	1
5438	1
5439	1
5440	1
5441	1
5442	1
5443	0
5444	0
5445	3
5446	1
5447	1
5448	1
5449	0
5450	0
5451	1
5452	3
5453	2
5454	3
5455	2
5456	1
5457	1
5458	0
5459	2
5460	0
5461	1
5462	2
5463	1
5464	3
5465	0
5466	2
5467	1
5468	2
5469	1
5470	2
5471	1
5472	1
5473	1
5474	3
5475	3
5476	2
5477	2
5478	0
5479	0
5480	3
5481	2
5482	2
5483	1
5484	1
5485	2
5486	3
5487	0
5488	3
5489	2
5490	1
5491	1
5492	0
5493	0
5494	3
5495	2
5496	0
5497	2
5498	1
5499	0
5500	2
5501	1
5502	0
5503	1
5504	3
5505	1
5506	2
5507	0
5508	3
5509	0
5510	2
5511	3
5512	1
5513	4
5514	2
5515	1
5516	1
5517	1
5518	3
5519	2
5520	2
5521	4
5522	2
5523	0
5524	1
5525	3
5526	1
5527	0
5528	0
5529	2
5530	0
5531	3
5532	1
5533	1
5534	1
5535	2
5536	2
5537	1
5538	0
5539	0
5540	2
5541	1
5542	2
5543	0
5544	0
5545	0
5546	1
5547	4
5548	1
5549	2
5550	1
5551	4
5552	1
5553	1
5554	0
5555	2
5556	2
5557	1
5558	3
5559	1
5560	0
5561	4
5562	3
5563	4
5564	2
5565	0
5566	2
5567	0
5568	1
5569	2
5570	0
5571	2
5572	3
5573	2
5574	2
5575	1
5576	0
5577	0
5578	1
5579	1
5580	0
5581	2
5582	1
5583	2
5584	2
5585	0
5586	2
5587	1
5588	5
5589	3
5590	2
5591	1
5592	0
5593	3
5594	3
5595	0
5596	1
5597	4
5598	5
5599	0
5600	0
5601	0
5602	2
5603	0
5604	1
5605	1
5606	2
5607	2
5608	2
5609	3
5610	1
5611	1
5612	2
5613	0
5614	2
5615	0
5616	1
5617	1
5618	1
5619	4
5620	0
5621	2
5622	3
5623	3
5624	2
5625	1
5626	2
5627	3
5628	3
5629	2
5630	2
5631	1
5632	0
5633	1
5634	3
5635	1
5636	1
5637	0
5638	0
5639	3
5640	1
5641	1
5642	0
5643	1
5644	1
5645	4
5646	1
5647	1
5648	3
5649	0
5650	0
5651	3
5652	3
5653	0
5654	1
5655	2
5656	4
5657	1
5658	1
5659	1
5660	2
5661	4
5662	1
5663	1
5664	3
5665	1
5666	0
5667	1
5668	1
5669	1
5670	1
5671	0
5672	1
5673	1
5674	2
5675	0
5676	0
5677	0
5678	2
5679	2
5680	2
5681	0
5682	0
5683	0
5684	1
5685	2
5686	1
5687	2
5688	2
5689	5
5690	1
5691	0
5692	2
5693	1
5694	2
5695	2
5696	2
5697	3
5698	0
5699	1
5700	1
5701	2
5702	4
5703	2
5704	1
5705	0
5706	1
5707	1
5708	0
5709	0
5710	1
5711	4
5712	2
5713	3
5714	2
5715	1
5716	2
5717	3
5718	1
5719	2
5720	2
5721	1
5722	2
5723	1
5724	1
5725	1
5726	1
5727	2
5728	3
5729	2
5730	2
5731	1
5732	0
5733	0
5734	2
5735	1
5736	1
5737	2
5738	5
5739	1
5740	0
5741	2
5742	2
5743	4
5744	2
5745	2
5746	1
5747	2
5748	0
5749	4
5750	2
5751	3
5752	2
5753	0
5754	0
5755	4
5756	1
5757	1
5758	1
5759	3
5760	0
5761	1
5762	1
5763	2
5764	0
5765	1
5766	3
5767	3
5768	1
5769	2
5770	1
5771	0
5772	0
5773	1
5774	0
5775	1
5776	1
5777	2
5778	1
5779	1
5780	0
5781	2
5782	1
5783	2
5784	0
5785	0
5786	1
5787	1
5788	0
5789	2
5790	0
5791	2
5792	2
5793	1
5794	2
5795	2
5796	1
5797	4
5798	0
5799	0
5800	1
5801	0
5802	1
5803	0
5804	1
5805	2
5806	2
5807	0
5808	2
5809	0
5810	1
5811	1
5812	2
5813	0
5814	3
5815	0
5816	1
5817	0
5818	1
5819	3
5820	0
5821	0
5822	1
5823	2
5824	1
5825	0
5826	0
5827	0
5828	1
5829	1
5830	1
5831	2
5832	1
5833	1
5834	2
5835	3
5836	1
5837	1
5838	2
5839	2
5840	1
5841	2
5842	3
5843	1
5844	0
5845	2
5846	3
5847	0
5848	0
5849	2
5850	0
5851	2
5852	1
5853	0
5854	2
5855	4
5856	1
5857	1
5858	0
5859	6
5860	2
5861	1
5862	2
5863	1
5864	2
5865	1
5866	1
5867	0
5868	3
5869	2
5870	0
5871	1
5872	0
5873	0
5874	2
5875	2
5876	1
5877	3
5878	0
5879	4
5880	2
5881	2
5882	0
5883	2
5884	0
5885	0
5886	2
5887	1
5888	0
5889	1
5890	0
5891	5
5892	1
5893	2
5894	2
5895	1
5896	0
5897	1
5898	0
5899	1
5900	0
5901	1
5902	0
5903	1
5904	3
5905	2
5906	1
5907	1
5908	1
5909	1
5910	2
5911	2
5912	4
5913	0
5914	0
5915	5
5916	2
5917	2
5918	2
5919	1
5920	0
5921	1
5922	2
5923	0
5924	1
5925	2
5926	1
5927	1
5928	1
5929	0
5930	1
5931	1
5932	1
5933	1
5934	1
5935	1
5936	2
5937	1
5938	3
5939	1
5940	0
5941	3
5942	0
5943	0
5944	0
5945	1
5946	0
5947	3
5948	1
5949	3
5950	2
5951	0
5952	1
5953	3
5954	0
5955	1
5956	0
5957	1
5958	1
5959	1
5960	1
5961	0
5962	1
5963	4
5964	0
5965	2
5966	1
5967	0
5968	3
5969	1
5970	1
5971	6
5972	1
5973	3
5974	2
5975	0
5976	1
5977	2
5978	0
5979	2
5980	1
5981	0
5982	0
5983	1
5984	0
5985	2
5986	0
5987	0
5988	0
5989	1
5990	0
5991	4
5992	0
5993	1
5994	1
5995	2
5996	0
5997	1
5998	0
5999	2
6000	2
6001	1
6002	2
6003	3
6004	2
6005	1
6006	2
6007	1
6008	1
6009	3
6010	0
6011	2
6012	0
6013	1
6014	1
6015	0
6016	0
6017	1
6018	1
6019	1
6020	0
6021	1
6022	2
6023	1
6024	0
6025	0
6026	0
6027	0
6028	1
6029	3
6030	1
6031	1
6032	2
6033	1
6034	0
6035	0
6036	3
6037	2
6038	1
6039	0
6040	3
6041	1
6042	1
6043	2
6044	0
6045	1
6046	1
6047	2
6048	0
6049	1
6050	0
6051	0
6052	0
6053	1
6054	1
6055	2
6056	1
6057	0
6058	0
6059	0
6060	3
6061	1
6062	4
6063	5
6064	1
6065	2
6066	1
6067	0
6068	3
6069	1
6070	0
6071	1
6072	1
6073	1
6074	1
6075	1
6076	1
6077	0
6078	2
6079	0
6080	2
6081	1
6082	0
6083	2
6084	1
6085	2
6086	1
6087	2
6088	1
6089	0
6090	0
6091	0
6092	1
6093	2
6094	1
6095	0
6096	0
6097	1
6098	1
6099	2
6100	0
6101	2
6102	1
6103	2
6104	0
6105	0
6106	1
6107	1
6108	0
6109	3
6110	0
6111	4
6112	4
6113	2
6114	1
6115	0
6116	1
6117	1
6118	0
6119	3
6120	0
6121	1
6122	2
6123	1
6124	3
6125	0
6126	1
6127	1
6128	2
6129	3
6130	4
6131	2
6132	2
6133	1
6134	0
6135	2
6136	2
6137	0
6138	1
6139	2
6140	3
6141	1
6142	1
6143	1
6144	1
6145	0
6146	0
6147	1
6148	0
6149	0
6150	4
6151	1
6152	3
6153	0
6154	0
6155	1
6156	2
6157	0
6158	0
6159	2
6160	1
6161	2
6162	1
6163	1
6164	0
6165	0
6166	1
6167	2
6168	2
6169	2
6170	0
6171	2
6172	0
6173	0
6174	1
6175	2
6176	1
6177	5
6178	0
6179	2
6180	1
6181	4
6182	3
6183	2
6184	1
6185	1
6186	1
6187	0
6188	0
6189	1
6190	0
6191	1
6192	2
6193	0
6194	1
6195	1
6196	1
6197	0
6198	2
6199	1
6200	2
6201	0
6202	0
6203	2
6204	2
6205	0
6206	1
6207	0
6208	2
6209	0
6210	3
6211	0
6212	0
6213	0
6214	0
6215	1
6216	3
6217	3
6218	0
6219	2
6220	0
6221	1
6222	0
6223	0
6224	1
6225	1
6226	0
6227	1
6228	0
6229	0
6230	2
6231	2
6232	2
6233	1
6234	1
6235	0
6236	1
6237	1
6238	0
6239	3
6240	0
6241	1
6242	1
6243	3
6244	1
6245	1
6246	0
6247	0
6248	0
6249	0
6250	2
6251	0
6252	2
6253	3
6254	1
6255	0
6256	1
6257	0
6258	2
6259	0
6260	1
6261	1
6262	2
6263	2
6264	1
6265	0
6266	0
6267	1
6268	1
6269	2
6270	1
6271	0
6272	1
6273	1
6274	1
6275	3
6276	2
6277	2
6278	1
6279	0
6280	3
6281	1
6282	0
6283	3
6284	0
6285	3
6286	2
6287	1
6288	0
6289	0
6290	0
6291	1
6292	2
6293	1
6294	1
6295	1
6296	3
6297	1
6298	1
6299	0
6300	0
6301	1
6302	0
6303	1
6304	0
6305	2
6306	0
6307	1
6308	1
6309	0
6310	0
6311	0
6312	1
6313	2
6314	0
6315	0
6316	3
6317	0
6318	1
6319	1
6320	2
6321	1
6322	1
6323	1
6324	1
6325	2
6326	0
6327	1
6328	0
6329	0
6330	1
6331	0
6332	0
6333	0
6334	3
6335	2
6336	3
6337	0
6338	1
6339	0
6340	2
6341	1
6342	1
6343	1
6344	1
6345	2
6346	0
6347	0
6348	0
6349	0
6350	0
6351	0
6352	0
6353	0
6354	1
6355	1
6356	1
6357	0
6358	1
6359	0
6360	1
6361	0
6362	1
6363	0
6364	1
6365	2
6366	2
6367	1
6368	2
6369	0
6370	0
6371	1
6372	2
6373	0
6374	0
6375	1
6376	1
6377	1
6378	0
6379	2
6380	0
6381	0
6382	0
6383	1
6384	1
6385	1
6386	1
6387	3
6388	1
6389	0
6390	1
6391	0
6392	1
6393	1
6394	1
6395	1
6396	4
6397	0
6398	0
6399	1
6400	0
6401	2
6402	1
6403	0
6404	0
6405	1
6406	0
6407	1
6408	1
6409	2
6410	1
6411	3
6412	1
6413	3
6414	1
6415	1
6416	2
6417	2
6418	1
6419	0
6420	1
6421	0
6422	0
6423	0
6424	1
6425	1
6426	3
6427	0
6428	0
6429	0
6430	0
6431	1
6432	0
6433	0
6434	1
6435	0
6436	1
6437	0
6438	1
6439	3
6440	0
6441	1
6442	0
6443	0
6444	1
6445	0
6446	3
6447	0
6448	1
6449	0
6450	0
6451	1
6452	3
6453	0
6454	0
6455	1
6456	1
6457	1
6458	1
6459	1
6460	2
6461	0
6462	1
6463	1
6464	2
6465	1
6466	1
6467	1
6468	0
6469	1
6470	1
6471	0
6472	1
6473	2
6474	0
6475	2
6476	0
6477	1
6478	0
6479	0
6480	0
6481	4
6482	2
6483	0
6484	1
6485	1
6486	0
6487	1
6488	0
6489	0
6490	0
6491	3
6492	1
6493	0
6494	1
6495	1
6496	1
6497	2
6498	0
6499	2
6500	1
6501	2
6502	2
6503	0
6504	0
6505	1
6506	1
6507	0
6508	1
6509	5
6510	1
6511	2
6512	1
6513	1
6514	0
6515	1
6516	2
6517	2
6518	1
6519	2
6520	3
6521	3
6522	1
6523	1
6524	0
6525	1
6526	1
6527	1
6528	1
6529	0
6530	0
6531	2
6532	2
6533	0
6534	2
6535	0
6536	1
6537	0
6538	1
6539	2
6540	0
6541	3
6542	1
6543	1
6544	1
6545	2
6546	0
6547	0
6548	1
6549	2
6550	2
6551	2
6552	0
6553	0
6554	2
6555	1
6556	0
6557	4
6558	0
6559	0
6560	1
6561	0
6562	0
6563	1
6564	2
6565	0
6566	0
6567	1
6568	2
6569	1
6570	5
6571	1
6572	0
6573	0
6574	1
6575	2
6576	1
6577	1
6578	4
6579	0
6580	0
6581	2
6582	1
6583	0
6584	4
6585	4
6586	2
6587	2
6588	2
6589	0
6590	1
6591	0
6592	4
6593	0
6594	0
6595	3
6596	0
6597	0
6598	2
6599	2
6600	1
6601	1
6602	1
6603	1
6604	1
6605	2
6606	0
6607	1
6608	0
6609	0
6610	4
6611	0
6612	0
6613	1
6614	1
6615	1
6616	1
6617	0
6618	2
6619	1
6620	0
6621	0
6622	2
6623	3
6624	1
6625	1
6626	0
6627	1
6628	2
6629	1
6630	1
6631	1
6632	0
6633	1
6634	1
6635	0
6636	1
6637	1
6638	1
6639	1
6640	1
6641	1
6642	0
6643	1
6644	1
6645	3
6646	1
6647	2
6648	2
6649	0
6650	1
6651	3
6652	0
6653	0
6654	1
6655	0
6656	1
6657	1
6658	2
6659	0
6660	3
6661	2
6662	0
6663	2
6664	2
6665	2
6666	2
6667	1
6668	2
6669	0
6670	2
6671	1
6672	1
6673	1
6674	2
6675	0
6676	1
6677	2
6678	1
6679	1
6680	1
6681	0
6682	1
6683	2
6684	2
6685	0
6686	0
6687	2
6688	1
6689	0
6690	0
6691	0
6692	3
6693	0
6694	3
6695	2
6696	0
6697	0
6698	0
6699	1
6700	1
6701	0
6702	0
6703	2
6704	1
6705	2
6706	1
6707	1
6708	1
6709	1
6710	2
6711	1
6712	1
6713	2
6714	0
6715	0
6716	0
6717	0
6718	1
6719	0
6720	0
6721	0
6722	4
6723	1
6724	1
6725	1
6726	3
6727	1
6728	1
6729	0
6730	2
6731	0
6732	0
6733	0
6734	1
6735	0
6736	1
6737	1
6738	1
6739	0
6740	0
6741	1
6742	1
6743	2
6744	4
6745	0
6746	3
6747	1
6748	1
6749	1
6750	0
6751	2
6752	2
6753	1
6754	0
6755	2
6756	1
6757	1
6758	0
6759	0
6760	0
6761	0
6762	1
6763	1
6764	1
6765	0
6766	3
6767	0
6768	0
6769	1
6770	1
6771	1
6772	1
6773	3
6774	0
6775	1
6776	1
6777	0
6778	3
6779	2
6780	1
6781	2
6782	1
6783	0
6784	2
6785	2
6786	1
6787	0
6788	1
6789	3
6790	0
6791	1
6792	2
6793	0
6794	0
6795	0
6796	4
6797	2
6798	0
6799	0
6800	0
6801	2
6802	0
6803	1
6804	1
6805	1
6806	0
6807	1
6808	2
6809	2
6810	0
6811	0
6812	0
6813	1
6814	0
6815	2
6816	0
6817	1
6818	2
6819	2
6820	1
6821	1
6822	3
6823	0
6824	2
6825	0
6826	1
6827	0
6828	3
6829	0
6830	0
6831	0
6832	0
6833	2
6834	1
6835	2
6836	1
6837	2
6838	2
6839	0
6840	0
6841	0
6842	2
6843	0
6844	0
6845	0
6846	3
6847	1
6848	1
6849	0
6850	2
6851	1
6852	0
6853	1
6854	1
6855	1
6856	1
6857	2
6858	1
6859	1
6860	2
6861	0
6862	0
6863	0
6864	0
6865	2
6866	0
6867	2
6868	2
6869	1
6870	3
6871	1
6872	1
6873	0
6874	1
6875	2
6876	2
6877	2
6878	1
6879	3
6880	1
6881	1
6882	0
6883	0
6884	0
6885	1
6886	0
6887	1
6888	0
6889	1
6890	0
6891	0
6892	1
6893	1
6894	0
6895	0
6896	1
6897	5
6898	2
6899	0
6900	0
6901	1
6902	0
6903	3
6904	0
6905	1
6906	1
6907	1
6908	1
6909	0
6910	0
6911	1
6912	1
6913	2
6914	2
6915	1
6916	0
6917	0
6918	1
6919	2
6920	1
6921	1
6922	0
6923	2
6924	1
6925	0
6926	0
6927	0
6928	1
6929	0
6930	0
6931	1
6932	2
6933	0
6934	0
6935	0
6936	1
6937	1
6938	1
6939	3
6940	0
6941	2
6942	3
6943	0
6944	3
6945	0
6946	1
6947	0
6948	2
6949	2
6950	1
6951	1
6952	1
6953	0
6954	1
6955	1
6956	2
6957	1
6958	1
6959	0
6960	2
6961	3
6962	1
6963	1
6964	0
6965	1
6966	2
6967	4
6968	1
6969	1
6970	0
6971	0
6972	1
6973	0
6974	3
6975	0
6976	2
6977	1
6978	1
6979	0
6980	2
6981	1
6982	1
6983	1
6984	0
6985	0
6986	0
6987	0
6988	2
6989	0
6990	0
6991	1
6992	1
6993	1
6994	1
6995	0
6996	1
6997	0
6998	2
6999	0
7000	1
7001	0
7002	2
7003	1
7004	1
7005	3
7006	2
7007	0
7008	1
7009	0
7010	2
7011	1
7012	1
7013	4
7014	1
7015	1
7016	0
7017	1
7018	1
7019	2
7020	2
7021	1
7022	0
7023	0
7024	1
7025	1
7026	1
7027	0
7028	2
7029	3
7030	0
7031	3
7032	0
7033	0
7034	1
7035	3
7036	1
7037	4
7038	0
7039	2
7040	0
7041	1
7042	0
7043	1
7044	1
7045	1
7046	0
7047	1
7048	1
7049	1
7050	3
7051	0
7052	1
7053	0
7054	1
7055	0
7056	5
7057	2
7058	1
7059	1
7060	2
7061	0
7062	0
7063	3
7064	0
7065	0
7066	0
7067	3
7068	4
7069	1
7070	1
7071	1
7072	1
7073	0
7074	0
7075	1
7076	2
7077	0
7078	0
7079	2
7080	1
7081	1
7082	1
7083	1
7084	1
7085	0
7086	2
7087	1
7088	2
7089	1
7090	2
7091	1
7092	2
7093	2
7094	1
7095	4
7096	0
7097	1
7098	2
7099	2
7100	2
7101	0
7102	1
7103	2
7104	0
7105	3
7106	2
7107	0
7108	0
7109	1
7110	1
7111	4
7112	3
7113	3
7114	0
7115	1
7116	0
7117	0
7118	0
7119	1
7120	4
7121	0
7122	1
7123	2
7124	0
7125	2
7126	2
7127	1
7128	0
7129	1
7130	1
7131	0
7132	1
7133	1
7134	1
7135	0
7136	2
7137	0
7138	0
7139	3
7140	0
7141	1
7142	1
7143	0
7144	0
7145	1
7146	1
7147	1
7148	0
7149	2
7150	0
7151	0
7152	0
7153	0
7154	1
7155	1
7156	2
7157	1
7158	4
7159	1
7160	1
7161	1
7162	1
7163	0
7164	1
7165	0
7166	0
7167	0
7168	0
7169	2
7170	0
7171	0
7172	3
7173	1
7174	1
7175	0
7176	0
7177	1
7178	2
7179	0
7180	0
7181	1
7182	0
7183	0
7184	0
7185	4
7186	1
7187	0
7188	3
7189	0
7190	1
7191	0
7192	2
7193	1
7194	0
7195	1
7196	1
7197	0
7198	0
7199	1
7200	1
7201	2
7202	1
7203	0
7204	0
7205	1
7206	2
7207	2
7208	1
7209	1
7210	2
7211	0
7212	1
7213	3
7214	0
7215	0
7216	2
7217	2
7218	0
7219	0
7220	2
7221	2
7222	1
7223	4
7224	1
7225	3
7226	1
7227	1
7228	3
7229	2
7230	1
7231	1
7232	1
7233	2
7234	0
7235	1
7236	1
7237	3
7238	1
7239	1
7240	0
7241	1
7242	4
7243	0
7244	0
7245	0
7246	1
7247	1
7248	1
7249	0
7250	2
7251	0
7252	0
7253	1
7254	0
7255	0
7256	2
7257	1
7258	0
7259	3
7260	2
7261	0
7262	1
7263	1
7264	4
7265	0
7266	2
7267	3
7268	0
7269	0
7270	0
7271	2
7272	1
7273	2
7274	0
7275	0
7276	1
7277	2
7278	0
7279	3
7280	2
7281	2
7282	1
7283	0
7284	3
7285	3
7286	1
7287	0
7288	0
7289	1
7290	2
7291	3
7292	2
7293	2
7294	1
7295	0
7296	0
7297	1
7298	0
7299	0
7300	2
7301	0
7302	2
7303	0
7304	1
7305	3
7306	0
7307	0
7308	0
7309	0
7310	1
7311	1
7312	1
7313	2
7314	1
7315	3
7316	2
7317	0
7318	1
7319	3
7320	1
7321	3
7322	0
7323	0
7324	1
7325	0
7326	0
7327	1
7328	2
7329	1
7330	0
7331	1
7332	0
7333	1
7334	2
7335	1
7336	0
7337	1
7338	2
7339	5
7340	0
7341	1
7342	1
7343	1
7344	1
7345	2
7346	2
7347	0
7348	1
7349	1
7350	0
7351	0
7352	1
7353	0
7354	0
7355	0
7356	0
7357	0
7358	0
7359	1
7360	1
7361	3
7362	1
7363	0
7364	0
7365	1
7366	1
7367	1
7368	0
7369	0
7370	0
7371	1
7372	0
7373	1
7374	0
7375	2
7376	0
7377	1
7378	0
7379	0
7380	1
7381	0
7382	0
7383	2
7384	1
7385	2
7386	1
7387	1
7388	0
7389	0
7390	2
7391	1
7392	1
7393	0
7394	1
7395	0
7396	1
7397	1
7398	3
7399	3
7400	1
7401	1
7402	2
7403	2
7404	1
7405	0
7406	1
7407	1
7408	1
7409	1
7410	0
7411	1
7412	0
7413	0
7414	1
7415	1
7416	0
7417	1
7418	0
7419	0
7420	0
7421	2
7422	0
7423	0
7424	0
7425	0
7426	1
7427	0
7428	2
7429	1
7430	0
7431	0
7432	0
7433	0
7434	0
7435	1
7436	0
7437	1
7438	1
7439	2
7440	0
7441	1
7442	1
7443	0
7444	3
7445	0
7446	1
7447	2
7448	0
7449	1
7450	2
7451	0
7452	0
7453	3
7454	0
7455	1
7456	0
7457	1
7458	0
7459	2
7460	0
7461	0
7462	1
7463	1
7464	1
7465	2
7466	0
7467	0
7468	1
7469	2
7470	0
7471	1
7472	0
7473	1
7474	2
7475	0
7476	0
7477	2
7478	1
7479	1
7480	1
7481	1
7482	1
7483	1
7484	1
7485	0
7486	1
7487	2
7488	0
7489	2
7490	0
7491	2
7492	1
7493	0
7494	1
7495	2
7496	0
7497	1
7498	3
7499	1
7500	0
7501	0
7502	1
7503	0
7504	1
7505	1
7506	0
7507	2
7508	0
7509	1
7510	0
7511	0
7512	0
7513	1
7514	0
7515	0
7516	4
7517	1
7518	0
7519	0
7520	0
7521	1
7522	0
7523	2
7524	0
7525	0
7526	1
7527	0
7528	3
7529	2
7530	0
7531	1
7532	0
7533	0
7534	0
7535	1
7536	0
7537	2
7538	2
7539	0
7540	0
7541	1
7542	0
7543	0
7544	2
7545	2
7546	1
7547	1
7548	2
7549	1
7550	2
7551	1
7552	0
7553	0
7554	2
7555	0
7556	0
7557	1
7558	0
7559	1
7560	0
7561	0
7562	1
7563	2
7564	1
7565	2
7566	1
7567	0
7568	1
7569	0
7570	1
7571	1
7572	0
7573	0
7574	0
7575	2
7576	1
7577	0
7578	1
7579	1
7580	0
7581	1
7582	1
7583	0
7584	2
7585	0
7586	1
7587	0
7588	0
7589	1
7590	1
7591	1
7592	1
7593	1
7594	0
7595	2
7596	0
7597	0
7598	0
7599	3
7600	0
7601	1
7602	3
7603	1
7604	1
7605	0
7606	2
7607	2
7608	0
7609	0
7610	0
7611	0
7612	2
7613	0
7614	1
7615	0
7616	0
7617	0
7618	1
7619	2
7620	1
7621	1
7622	0
7623	0
7624	1
7625	0
7626	1
7627	0
7628	0
7629	1
7630	3
7631	0
7632	0
7633	0
7634	1
7635	0
7636	0
7637	3
7638	0
7639	0
7640	1
7641	0
7642	2
7643	0
7644	1
7645	0
7646	1
7647	1
7648	1
7649	2
7650	0
7651	1
7652	1
7653	1
7654	0
7655	0
7656	0
7657	0
7658	2
7659	2
7660	1
7661	1
7662	0
7663	1
7664	0
7665	1
7666	0
7667	1
7668	0
7669	0
7670	0
7671	0
7672	0
7673	0
7674	1
7675	1
7676	0
7677	0
7678	1
7679	1
7680	1
7681	3
7682	1
7683	0
7684	0
7685	0
7686	1
7687	1
7688	2
7689	0
7690	0
7691	0
7692	0
7693	0
7694	1
7695	1
7696	0
7697	1
7698	2
7699	0
7700	1
7701	0
7702	0
7703	1
7704	0
7705	0
7706	1
7707	1
7708	0
7709	0
7710	0
7711	2
7712	1
7713	0
7714	0
7715	1
7716	0
7717	0
7718	0
7719	0
7720	1
7721	0
7722	0
7723	1
7724	1
7725	0
7726	1
7727	1
7728	0
7729	0
7730	1
7731	0
7732	0
7733	0
7734	0
7735	0
7736	1
7737	0
7738	2
7739	3
7740	0
7741	1
7742	1
7743	3
7744	1
7745	1
7746	1
7747	1
7748	0
7749	1
7750	1
7751	0
7752	0
7753	0
7754	2
7755	0
7756	0
7757	1
7758	0
7759	0
7760	0
7761	2
7762	0
7763	0
7764	1
7765	0
7766	0
7767	2
7768	0
7769	0
7770	1
7771	0
7772	1
7773	0
7774	0
7775	0
7776	0
7777	0
7778	0
7779	1
7780	0
7781	0
7782	0
7783	1
7784	1
7785	0
7786	0
7787	0
7788	1
7789	0
7790	1
7791	0
7792	0
7793	0
7794	0
7795	1
7796	0
7797	2
7798	1
7799	0
7800	3
7801	0
7802	2
7803	1
7804	0
7805	0
7806	1
7807	1
7808	1
7809	0
7810	1
7811	1
7812	1
7813	0
7814	1
7815	0
7816	0
7817	0
7818	1
7819	0
7820	2
7821	0
7822	1
7823	1
7824	1
7825	0
7826	0
7827	0
7828	0
7829	0
7830	2
7831	0
7832	0
7833	1
7834	0
7835	0
7836	0
7837	0
7838	0
7839	0
7840	0
7841	0
7842	0
7843	0
7844	0
7845	0
7846	0
7847	0
7848	0
7849	0
7850	0
7851	0
7852	1
7853	0
7854	2
7855	1
7856	1
7857	0
7858	0
7859	0
7860	0
7861	0
7862	1
7863	0
7864	0
7865	1
7866	1
7867	0
7868	1
7869	0
7870	0
7871	2
7872	0
7873	0
7874	1
7875	1
7876	0
7877	2
7878	2
7879	1
7880	0
7881	1
7882	0
7883	0
7884	1
7885	0
7886	0
7887	0
7888	2
7889	1
7890	0
7891	1
7892	0
7893	2
7894	1
7895	0
7896	0
7897	0
7898	1
7899	0
7900	0
7901	0
7902	0
7903	0
7904	0
7905	0
7906	1
7907	1
7908	0
7909	0
7910	0
7911	0
7912	0
7913	0
7914	0
7915	0
7916	0
7917	0
7918	0
7919	0
7920	0
7921	0
7922	0
7923	0
7924	0
7925	0
7926	0
7927	0
7928	0
7929	0
7930	0
7931	0
7932	0
7933	0
7934	1
7935	0
7936	0
7937	0
7938	0
7939	0
7940	0
7941	0
7942	0
7943	0
7944	0
7945	0
7946	0
7947	0
7948	0
7949	0
7950	0
7951	0
7952	0
7953	0
7954	0
7955	0
7956	0
7957	0
7958	0
7959	0
7960	0
7961	0
7962	0
7963	0
7964	0
7965	0
7966	0
7967	0
7968	0
7969	0
7970	0
7971	0
7972	0
7973	0
7974	0
7975	0
7976	0
7977	0
7978	0
7979	0
7980	0
7981	0
7982	0
7983	0
7984	0
7985	0
7986	0
7987	0
7988	0
7989	0
7990	0
7991	0
7992	0
7993	0
7994	0
7995	0
7996	0
7997	0
7998	0
7999	0
8000	0
8001	0
8002	0
8003	0
8004	0
8005	0
8006	0
8007	0
8008	0
8009	0
8010	0
8011	0
8012	0
8013	0
8014	0
8015	0
8016	0
8017	0
8018	0
8019	0
8020	0
8021	0
8022	0
8023	0
8024	0
8025	0
8026	0
8027	0
8028	0
8029	0
8030	0
8031	0
8032	0
8033	0
8034	0
8035	0
8036	0
8037	0
8038	0
8039	0
8040	0
8041	0
8042	0
8043	0
8044	0
8045	0
8046	0
8047	0
8048	0
8049	0
8050	0
8051	0
8052	0
8053	0
8054	0
8055	0
8056	0
8057	0
8058	0
8059	0
8060	0
8061	0
8062	0
8063	0
8064	0
8065	0
8066	0
8067	0
8068	0
8069	0
8070	0
8071	0
8072	0
8073	0
8074	0
8075	0
8076	0
8077	0
8078	0
8079	0
8080	0
8081	0
8082	0
8083	0
8084	0
8085	0
8086	0
8087	0
8088	0
8089	0
8090	0
8091	0
8092	0
8093	0
8094	0
8095	0
8096	0
8097	0
8098	0
8099	0
8100	0
8101	0
8102	0
8103	0
8104	0
8105	0
8106	0
8107	0
8108	0
8109	0
8110	0
8111	0
8112	0
8113	0
8114	0
8115	0
8116	0
8117	0
8118	0
8119	0
8120	0
8121	0
8122	0
8123	0
8124	0
8125	0
8126	0
8127	0
8128	0
8129	0
8130	0
8131	0
8132	0
8133	0
8134	0
8135	0
8136	0
8137	0
8138	0
8139	0
8140	0
8141	0
8142	0
8143	0
8144	0
8145	0
8146	0
8147	0
8148	0
8149	0
8150	0
8151	0
8152	0
8153	0
8154	0
8155	0
8156	0
8157	0
8158	0
8159	0
8160	0
8161	0
8162	0
8163	0
8164	0
8165	0
8166	0
8167	0
8168	0
8169	0
8170	0
8171	0
8172	0
8173	0
8174	0
8175	0
8176	0
8177	0
8178	0
8179	0
8180	0
8181	0
8182	0
8183	0
8184	0
8185	0
8186	0
8187	0
8188	0
8189	0
8190	0
8191	0
