0	0
1	0
2	0
3	0
4	0
5	0
6	0
7	0
8	0
9	0
10	0
11	0
12	0
13	0
14	0
15	0
16	0
17	0
18	0
19	0
20	0
21	0
22	0
23	0
24	0
25	0
26	0
27	0
28	0
29	0
30	0
31	0
32	0
33	0
34	0
35	0
36	0
37	0
38	0
39	0
40	0
41	0
42	0
43	0
44	0
45	0
46	0
47	0
48	0
49	0
50	0
51	0
52	0
53	0
54	0
55	0
56	0
57	0
58	0
59	0
60	0
61	0
62	0
63	0
64	0
65	0
66	0
67	0
68	0
69	0
70	0
71	0
72	0
73	0
74	0
75	0
76	0
77	0
78	0
79	0
80	0
81	0
82	0
83	0
84	0
85	0
86	11
87	28
88	33
89	38
90	20
91	42
92	32
93	32
94	19
95	38
96	28
97	27
98	49
99	41
100	43
101	41
102	37
103	26
104	33
105	37
106	38
107	34
108	34
109	26
110	41
111	32
112	32
113	34
114	52
115	34
116	39
117	42
118	45
119	51
120	38
121	48
122	37
123	30
124	36
125	34
126	32
127	33
128	39
129	42
130	47
131	32
132	36
133	30
134	37
135	46
136	39
137	36
138	32
139	25
140	36
141	37
142	40
143	42
144	38
145	31
146	36
147	35
148	31
149	29
150	41
151	37
152	54
153	34
154	28
155	31
156	33
157	25
158	31
159	41
160	36
161	36
162	36
163	43
164	44
165	39
166	44
167	40
168	40
169	40
170	34
171	37
172	37
173	40
174	45
175	38
176	31
177	38
178	34
179	32
180	28
181	48
182	36
183	39
184	34
185	39
186	29
187	38
188	39
189	48
190	43
191	39
192	23
193	30
194	38
195	37
196	31
197	38
198	38
199	35
200	38
201	33
202	36
203	42
204	31
205	41
206	37
207	43
208	32
209	40
210	36
211	32
212	33
213	34
214	43
215	29
216	35
217	36
218	39
219	50
220	43
221	38
222	34
223	34
224	30
225	31
226	35
227	33
228	42
229	37
230	40
231	31
232	45
233	48
234	42
235	29
236	41
237	38
238	31
239	32
240	36
241	39
242	39
243	48
244	34
245	41
246	44
247	35
248	42
249	40
250	32
251	44
252	32
253	46
254	41
255	41
256	35
257	43
258	45
259	48
260	44
261	29
262	36
263	53
264	48
265	35
266	36
267	48
268	50
269	35
270	34
271	33
272	44
273	36
274	45
275	44
276	34
277	28
278	43
279	39
280	34
281	28
282	37
283	48
284	34
285	38
286	35
287	45
288	36
289	47
290	41
291	41
292	32
293	45
294	41
295	39
296	31
297	38
298	42
299	43
300	43
301	39
302	36
303	38
304	33
305	42
306	37
307	42
308	52
309	40
310	50
311	41
312	44
313	37
314	35
315	47
316	58
317	43
318	38
319	42
320	48
321	55
322	42
323	39
324	39
325	56
326	40
327	44
328	40
329	35
330	40
331	35
332	44
333	44
334	49
335	29
336	43
337	38
338	43
339	37
340	33
341	42
342	23
343	47
344	44
345	31
346	42
347	32
348	34
349	40
350	50
351	48
352	42
353	36
354	41
355	42
356	36
357	32
358	33
359	51
360	46
361	42
362	43
363	39
364	42
365	32
366	47
367	40
368	48
369	30
370	43
371	49
372	41
373	29
374	37
375	46
376	42
377	28
378	39
379	34
380	40
381	43
382	57
383	45
384	49
385	43
386	53
387	58
388	35
389	36
390	34
391	50
392	44
393	41
394	39
395	56
396	50
397	33
398	31
399	34
400	44
401	42
402	42
403	35
404	35
405	45
406	46
407	42
408	34
409	42
410	38
411	42
412	47
413	37
414	33
415	36
416	39
417	52
418	45
419	47
420	36
421	37
422	38
423	38
424	42
425	42
426	30
427	34
428	40
429	41
430	41
431	38
432	32
433	48
434	40
435	44
436	44
437	45
438	52
439	34
440	37
441	36
442	44
443	39
444	44
445	52
446	43
447	59
448	41
449	53
450	40
451	49
452	41
453	46
454	38
455	45
456	33
457	40
458	34
459	39
460	35
461	33
462	48
463	48
464	45
465	47
466	41
467	45
468	30
469	38
470	41
471	37
472	48
473	54
474	50
475	28
476	49
477	37
478	45
479	34
480	45
481	56
482	51
483	45
484	50
485	51
486	41
487	39
488	39
489	54
490	41
491	41
492	53
493	48
494	49
495	47
496	49
497	37
498	63
499	38
500	55
501	32
502	56
503	62
504	42
505	34
506	36
507	58
508	41
509	43
510	64
511	43
512	62
513	60
514	57
515	49
516	48
517	43
518	40
519	37
520	49
521	48
522	48
523	47
524	58
525	47
526	37
527	31
528	52
529	41
530	52
531	58
532	56
533	53
534	43
535	41
536	47
537	53
538	50
539	42
540	41
541	41
542	50
543	55
544	35
545	50
546	33
547	52
548	44
549	45
550	42
551	46
552	66
553	51
554	46
555	49
556	55
557	45
558	53
559	44
560	43
561	59
562	46
563	50
564	54
565	42
566	41
567	43
568	40
569	47
570	41
571	41
572	38
573	53
574	39
575	41
576	50
577	44
578	55
579	30
580	47
581	57
582	42
583	36
584	38
585	39
586	39
587	44
588	39
589	45
590	47
591	43
592	50
593	57
594	51
595	49
596	48
597	39
598	50
599	62
600	47
601	38
602	43
603	39
604	31
605	38
606	49
607	47
608	39
609	45
610	49
611	45
612	43
613	44
614	52
615	40
616	54
617	56
618	36
619	52
620	43
621	55
622	53
623	38
624	41
625	48
626	42
627	38
628	42
629	49
630	43
631	46
632	30
633	33
634	38
635	51
636	41
637	56
638	40
639	47
640	41
641	42
642	51
643	50
644	44
645	48
646	49
647	48
648	64
649	37
650	37
651	36
652	47
653	35
654	37
655	39
656	36
657	53
658	46
659	35
660	48
661	24
662	43
663	45
664	48
665	56
666	50
667	41
668	42
669	53
670	36
671	34
672	38
673	41
674	46
675	43
676	51
677	49
678	43
679	51
680	46
681	57
682	45
683	37
684	53
685	39
686	55
687	39
688	59
689	42
690	54
691	53
692	48
693	38
694	35
695	41
696	45
697	48
698	37
699	47
700	50
701	50
702	50
703	38
704	38
705	47
706	51
707	49
708	46
709	54
710	42
711	39
712	45
713	44
714	35
715	46
716	46
717	39
718	34
719	44
720	43
721	47
722	42
723	54
724	40
725	47
726	43
727	60
728	58
729	45
730	40
731	45
732	43
733	48
734	41
735	42
736	46
737	45
738	49
739	56
740	55
741	51
742	34
743	41
744	44
745	50
746	41
747	52
748	30
749	44
750	41
751	51
752	43
753	55
754	64
755	47
756	46
757	38
758	49
759	64
760	47
761	57
762	42
763	45
764	64
765	51
766	59
767	53
768	51
769	45
770	46
771	54
772	61
773	42
774	45
775	52
776	56
777	41
778	44
779	45
780	50
781	49
782	45
783	56
784	49
785	51
786	58
787	43
788	51
789	39
790	37
791	49
792	42
793	41
794	46
795	45
796	60
797	55
798	49
799	44
800	39
801	47
802	57
803	41
804	49
805	46
806	55
807	59
808	46
809	43
810	48
811	49
812	48
813	42
814	40
815	48
816	62
817	39
818	53
819	54
820	41
821	38
822	44
823	49
824	41
825	45
826	53
827	46
828	59
829	44
830	55
831	38
832	46
833	63
834	32
835	53
836	31
837	60
838	62
839	39
840	46
841	54
842	47
843	58
844	48
845	54
846	58
847	57
848	44
849	44
850	54
851	49
852	49
853	51
854	59
855	52
856	40
857	43
858	54
859	34
860	57
861	33
862	40
863	43
864	48
865	39
866	43
867	47
868	51
869	32
870	45
871	57
872	58
873	58
874	45
875	59
876	61
877	46
878	47
879	50
880	47
881	50
882	49
883	53
884	54
885	36
886	60
887	50
888	58
889	51
890	45
891	48
892	49
893	54
894	46
895	60
896	51
897	56
898	36
899	69
900	42
901	50
902	57
903	42
904	48
905	37
906	43
907	41
908	62
909	58
910	53
911	52
912	58
913	46
914	56
915	55
916	66
917	57
918	47
919	50
920	60
921	53
922	42
923	42
924	46
925	43
926	40
927	51
928	59
929	52
930	46
931	40
932	36
933	40
934	58
935	49
936	42
937	48
938	43
939	44
940	48
941	47
942	59
943	56
944	41
945	52
946	47
947	54
948	50
949	47
950	58
951	48
952	45
953	49
954	56
955	40
956	51
957	45
958	59
959	45
960	63
961	52
962	47
963	56
964	57
965	60
966	46
967	51
968	50
969	39
970	51
971	51
972	45
973	48
974	57
975	47
976	48
977	43
978	42
979	46
980	61
981	44
982	55
983	50
984	49
985	36
986	57
987	34
988	44
989	46
990	47
991	46
992	50
993	43
994	43
995	49
996	41
997	58
998	43
999	55
1000	53
1001	53
1002	43
1003	51
1004	47
1005	51
1006	59
1007	57
1008	55
1009	48
1010	59
1011	41
1012	38
1013	55
1014	45
1015	53
1016	54
1017	54
1018	52
1019	44
1020	38
1021	48
1022	55
1023	46
1024	46
1025	49
1026	48
1027	53
1028	51
1029	48
1030	53
1031	69
1032	59
1033	45
1034	54
1035	46
1036	53
1037	55
1038	58
1039	45
1040	57
1041	43
1042	58
1043	54
1044	43
1045	58
1046	43
1047	48
1048	54
1049	49
1050	46
1051	58
1052	41
1053	66
1054	48
1055	62
1056	46
1057	53
1058	48
1059	54
1060	53
1061	39
1062	52
1063	48
1064	38
1065	54
1066	57
1067	48
1068	46
1069	41
1070	54
1071	56
1072	58
1073	61
1074	54
1075	44
1076	41
1077	52
1078	54
1079	57
1080	51
1081	61
1082	52
1083	53
1084	50
1085	46
1086	58
1087	51
1088	57
1089	47
1090	42
1091	65
1092	59
1093	56
1094	32
1095	55
1096	55
1097	53
1098	68
1099	55
1100	59
1101	58
1102	60
1103	53
1104	53
1105	52
1106	56
1107	53
1108	47
1109	52
1110	40
1111	52
1112	48
1113	59
1114	59
1115	52
1116	55
1117	63
1118	40
1119	43
1120	47
1121	50
1122	51
1123	43
1124	54
1125	47
1126	67
1127	54
1128	63
1129	56
1130	56
1131	68
1132	44
1133	52
1134	55
1135	57
1136	53
1137	52
1138	55
1139	50
1140	58
1141	63
1142	75
1143	51
1144	51
1145	56
1146	64
1147	63
1148	64
1149	41
1150	54
1151	51
1152	61
1153	55
1154	64
1155	42
1156	54
1157	54
1158	55
1159	37
1160	66
1161	41
1162	51
1163	55
1164	47
1165	47
1166	49
1167	51
1168	56
1169	58
1170	53
1171	65
1172	58
1173	60
1174	57
1175	63
1176	60
1177	54
1178	38
1179	47
1180	69
1181	57
1182	48
1183	65
1184	49
1185	63
1186	62
1187	52
1188	59
1189	70
1190	69
1191	57
1192	51
1193	58
1194	57
1195	55
1196	56
1197	55
1198	61
1199	71
1200	51
1201	69
1202	51
1203	50
1204	55
1205	51
1206	50
1207	58
1208	53
1209	50
1210	69
1211	61
1212	57
1213	55
1214	40
1215	61
1216	52
1217	54
1218	58
1219	73
1220	59
1221	68
1222	66
1223	55
1224	67
1225	53
1226	46
1227	53
1228	59
1229	56
1230	59
1231	68
1232	59
1233	63
1234	46
1235	54
1236	54
1237	63
1238	72
1239	65
1240	51
1241	58
1242	53
1243	52
1244	57
1245	52
1246	72
1247	63
1248	62
1249	54
1250	63
1251	57
1252	62
1253	54
1254	75
1255	61
1256	61
1257	53
1258	59
1259	59
1260	59
1261	54
1262	53
1263	64
1264	55
1265	67
1266	53
1267	56
1268	64
1269	53
1270	55
1271	59
1272	56
1273	36
1274	55
1275	44
1276	65
1277	62
1278	50
1279	47
1280	57
1281	58
1282	64
1283	59
1284	70
1285	55
1286	51
1287	70
1288	65
1289	45
1290	53
1291	60
1292	54
1293	65
1294	56
1295	60
1296	53
1297	58
1298	65
1299	67
1300	58
1301	55
1302	48
1303	45
1304	56
1305	65
1306	56
1307	50
1308	55
1309	47
1310	74
1311	55
1312	61
1313	55
1314	57
1315	58
1316	49
1317	60
1318	58
1319	58
1320	35
1321	41
1322	50
1323	55
1324	51
1325	59
1326	64
1327	43
1328	50
1329	59
1330	57
1331	65
1332	63
1333	55
1334	59
1335	48
1336	47
1337	56
1338	69
1339	52
1340	41
1341	52
1342	52
1343	69
1344	45
1345	46
1346	47
1347	55
1348	64
1349	58
1350	50
1351	57
1352	50
1353	62
1354	40
1355	67
1356	54
1357	52
1358	66
1359	52
1360	50
1361	61
1362	59
1363	49
1364	50
1365	57
1366	57
1367	53
1368	42
1369	47
1370	47
1371	46
1372	53
1373	53
1374	57
1375	49
1376	45
1377	61
1378	63
1379	52
1380	44
1381	69
1382	52
1383	58
1384	49
1385	57
1386	54
1387	41
1388	58
1389	51
1390	49
1391	50
1392	53
1393	47
1394	49
1395	47
1396	63
1397	46
1398	58
1399	49
1400	48
1401	55
1402	54
1403	43
1404	47
1405	55
1406	38
1407	49
1408	55
1409	47
1410	54
1411	54
1412	58
1413	51
1414	51
1415	54
1416	49
1417	51
1418	59
1419	54
1420	52
1421	58
1422	61
1423	66
1424	65
1425	34
1426	46
1427	53
1428	55
1429	34
1430	41
1431	46
1432	61
1433	65
1434	51
1435	48
1436	52
1437	55
1438	48
1439	50
1440	49
1441	51
1442	46
1443	54
1444	55
1445	55
1446	63
1447	46
1448	45
1449	50
1450	49
1451	52
1452	51
1453	64
1454	56
1455	58
1456	40
1457	50
1458	65
1459	44
1460	53
1461	51
1462	44
1463	57
1464	45
1465	45
1466	51
1467	46
1468	58
1469	46
1470	45
1471	45
1472	61
1473	46
1474	61
1475	44
1476	57
1477	56
1478	50
1479	39
1480	56
1481	43
1482	46
1483	57
1484	39
1485	50
1486	58
1487	40
1488	65
1489	42
1490	52
1491	56
1492	49
1493	46
1494	51
1495	40
1496	46
1497	37
1498	57
1499	58
1500	47
1501	53
1502	38
1503	54
1504	45
1505	43
1506	45
1507	52
1508	39
1509	53
1510	47
1511	44
1512	60
1513	38
1514	54
1515	53
1516	45
1517	56
1518	52
1519	51
1520	59
1521	47
1522	45
1523	54
1524	45
1525	45
1526	52
1527	46
1528	48
1529	59
1530	50
1531	46
1532	47
1533	52
1534	58
1535	57
1536	47
1537	44
1538	46
1539	51
1540	40
1541	51
1542	63
1543	52
1544	45
1545	58
1546	67
1547	46
1548	45
1549	51
1550	47
1551	56
1552	47
1553	54
1554	52
1555	49
1556	53
1557	52
1558	47
1559	37
1560	45
1561	51
1562	40
1563	39
1564	51
1565	51
1566	50
1567	43
1568	48
1569	51
1570	60
1571	34
1572	35
1573	50
1574	47
1575	55
1576	37
1577	58
1578	45
1579	31
1580	40
1581	50
1582	58
1583	48
1584	64
1585	36
1586	58
1587	47
1588	48
1589	53
1590	59
1591	43
1592	52
1593	47
1594	42
1595	54
1596	46
1597	56
1598	43
1599	57
1600	48
1601	55
1602	59
1603	43
1604	56
1605	61
1606	48
1607	43
1608	52
1609	44
1610	53
1611	53
1612	42
1613	50
1614	41
1615	37
1616	52
1617	53
1618	44
1619	37
1620	45
1621	50
1622	58
1623	50
1624	62
1625	47
1626	33
1627	51
1628	47
1629	57
1630	58
1631	44
1632	51
1633	53
1634	51
1635	42
1636	55
1637	43
1638	43
1639	54
1640	53
1641	46
1642	49
1643	42
1644	59
1645	46
1646	44
1647	60
1648	45
1649	44
1650	50
1651	54
1652	61
1653	32
1654	43
1655	46
1656	40
1657	38
1658	44
1659	45
1660	55
1661	35
1662	39
1663	63
1664	42
1665	47
1666	49
1667	50
1668	41
1669	41
1670	40
1671	56
1672	44
1673	42
1674	47
1675	40
1676	40
1677	45
1678	43
1679	49
1680	51
1681	52
1682	55
1683	44
1684	56
1685	37
1686	48
1687	45
1688	46
1689	48
1690	53
1691	49
1692	46
1693	41
1694	47
1695	50
1696	44
1697	35
1698	38
1699	43
1700	40
1701	47
1702	41
1703	44
1704	41
1705	43
1706	51
1707	45
1708	50
1709	38
1710	50
1711	41
1712	48
1713	44
1714	48
1715	42
1716	39
1717	42
1718	50
1719	48
1720	38
1721	51
1722	61
1723	50
1724	37
1725	53
1726	47
1727	52
1728	46
1729	43
1730	55
1731	42
1732	53
1733	34
1734	50
1735	41
1736	42
1737	51
1738	42
1739	48
1740	53
1741	42
1742	42
1743	49
1744	58
1745	41
1746	53
1747	58
1748	42
1749	52
1750	44
1751	42
1752	46
1753	44
1754	43
1755	54
1756	41
1757	47
1758	56
1759	60
1760	41
1761	45
1762	48
1763	53
1764	47
1765	47
1766	42
1767	34
1768	53
1769	58
1770	42
1771	46
1772	39
1773	43
1774	41
1775	40
1776	46
1777	48
1778	48
1779	45
1780	43
1781	39
1782	39
1783	41
1784	39
1785	41
1786	31
1787	33
1788	45
1789	41
1790	40
1791	53
1792	42
1793	39
1794	50
1795	48
1796	47
1797	47
1798	56
1799	49
1800	56
1801	37
1802	42
1803	39
1804	44
1805	46
1806	48
1807	48
1808	50
1809	29
1810	56
1811	50
1812	37
1813	47
1814	43
1815	38
1816	52
1817	51
1818	54
1819	45
1820	44
1821	52
1822	35
1823	48
1824	55
1825	49
1826	40
1827	40
1828	56
1829	50
1830	44
1831	49
1832	48
1833	50
1834	32
1835	41
1836	38
1837	53
1838	44
1839	34
1840	51
1841	43
1842	46
1843	41
1844	47
1845	40
1846	47
1847	54
1848	41
1849	50
1850	37
1851	39
1852	43
1853	40
1854	42
1855	44
1856	44
1857	47
1858	52
1859	48
1860	45
1861	53
1862	45
1863	35
1864	37
1865	38
1866	47
1867	35
1868	43
1869	40
1870	45
1871	54
1872	49
1873	36
1874	37
1875	38
1876	37
1877	44
1878	36
1879	37
1880	54
1881	46
1882	34
1883	50
1884	51
1885	38
1886	36
1887	52
1888	38
1889	35
1890	46
1891	46
1892	44
1893	57
1894	54
1895	32
1896	31
1897	42
1898	42
1899	42
1900	35
1901	47
1902	33
1903	44
1904	49
1905	42
1906	44
1907	42
1908	40
1909	33
1910	56
1911	47
1912	47
1913	47
1914	34
1915	48
1916	46
1917	42
1918	33
1919	39
1920	46
1921	44
1922	37
1923	40
1924	45
1925	35
1926	43
1927	56
1928	39
1929	45
1930	47
1931	44
1932	49
1933	43
1934	33
1935	44
1936	38
1937	48
1938	52
1939	45
1940	53
1941	46
1942	50
1943	47
1944	54
1945	42
1946	50
1947	40
1948	53
1949	55
1950	39
1951	36
1952	50
1953	39
1954	41
1955	53
1956	47
1957	39
1958	44
1959	35
1960	58
1961	49
1962	39
1963	45
1964	52
1965	48
1966	51
1967	48
1968	34
1969	52
1970	44
1971	38
1972	56
1973	36
1974	56
1975	44
1976	46
1977	46
1978	41
1979	43
1980	50
1981	43
1982	35
1983	44
1984	37
1985	39
1986	40
1987	57
1988	43
1989	40
1990	54
1991	50
1992	63
1993	54
1994	42
1995	46
1996	39
1997	44
1998	46
1999	58
2000	48
2001	43
2002	39
2003	42
2004	46
2005	48
2006	37
2007	39
2008	47
2009	40
2010	34
2011	42
2012	35
2013	36
2014	51
2015	46
2016	38
2017	42
2018	53
2019	33
2020	47
2021	51
2022	41
2023	37
2024	39
2025	58
2026	43
2027	50
2028	41
2029	39
2030	44
2031	47
2032	43
2033	35
2034	45
2035	42
2036	47
2037	45
2038	44
2039	49
2040	49
2041	28
2042	46
2043	40
2044	47
2045	54
2046	55
2047	36
2048	40
2049	55
2050	46
2051	45
2052	42
2053	36
2054	45
2055	42
2056	35
2057	38
2058	48
2059	40
2060	39
2061	46
2062	45
2063	48
2064	44
2065	49
2066	41
2067	43
2068	59
2069	34
2070	38
2071	53
2072	42
2073	46
2074	44
2075	35
2076	50
2077	40
2078	31
2079	46
2080	42
2081	42
2082	47
2083	40
2084	40
2085	41
2086	41
2087	54
2088	47
2089	52
2090	50
2091	50
2092	51
2093	47
2094	47
2095	32
2096	46
2097	55
2098	53
2099	49
2100	47
2101	42
2102	34
2103	36
2104	49
2105	37
2106	43
2107	53
2108	44
2109	39
2110	35
2111	39
2112	50
2113	43
2114	42
2115	49
2116	47
2117	30
2118	39
2119	47
2120	39
2121	48
2122	44
2123	36
2124	58
2125	46
2126	40
2127	43
2128	38
2129	42
2130	46
2131	34
2132	44
2133	44
2134	42
2135	50
2136	51
2137	42
2138	46
2139	35
2140	52
2141	58
2142	52
2143	40
2144	43
2145	32
2146	37
2147	34
2148	41
2149	31
2150	47
2151	39
2152	44
2153	44
2154	51
2155	42
2156	39
2157	39
2158	62
2159	55
2160	39
2161	43
2162	42
2163	49
2164	37
2165	44
2166	37
2167	41
2168	37
2169	47
2170	49
2171	39
2172	44
2173	50
2174	44
2175	42
2176	56
2177	37
2178	48
2179	42
2180	38
2181	34
2182	62
2183	33
2184	36
2185	37
2186	45
2187	52
2188	48
2189	40
2190	40
2191	41
2192	42
2193	39
2194	58
2195	55
2196	31
2197	42
2198	46
2199	49
2200	39
2201	48
2202	47
2203	51
2204	43
2205	55
2206	37
2207	52
2208	45
2209	38
2210	42
2211	46
2212	39
2213	49
2214	51
2215	47
2216	46
2217	37
2218	37
2219	47
2220	52
2221	41
2222	42
2223	50
2224	47
2225	38
2226	50
2227	35
2228	40
2229	49
2230	38
2231	43
2232	40
2233	33
2234	48
2235	47
2236	45
2237	43
2238	35
2239	36
2240	45
2241	53
2242	39
2243	43
2244	43
2245	50
2246	38
2247	38
2248	38
2249	41
2250	58
2251	40
2252	46
2253	43
2254	44
2255	44
2256	40
2257	43
2258	53
2259	46
2260	48
2261	46
2262	39
2263	51
2264	38
2265	51
2266	43
2267	37
2268	40
2269	40
2270	43
2271	41
2272	42
2273	40
2274	34
2275	55
2276	40
2277	49
2278	53
2279	37
2280	41
2281	44
2282	42
2283	44
2284	41
2285	31
2286	35
2287	50
2288	48
2289	38
2290	36
2291	46
2292	43
2293	40
2294	42
2295	50
2296	44
2297	52
2298	44
2299	40
2300	40
2301	43
2302	30
2303	47
2304	60
2305	40
2306	45
2307	46
2308	54
2309	51
2310	43
2311	41
2312	62
2313	42
2314	27
2315	37
2316	36
2317	45
2318	42
2319	49
2320	43
2321	61
2322	48
2323	42
2324	41
2325	43
2326	36
2327	46
2328	35
2329	43
2330	43
2331	37
2332	45
2333	42
2334	45
2335	33
2336	41
2337	36
2338	38
2339	53
2340	37
2341	30
2342	32
2343	46
2344	42
2345	44
2346	33
2347	49
2348	36
2349	42
2350	46
2351	44
2352	49
2353	49
2354	39
2355	35
2356	41
2357	35
2358	42
2359	36
2360	45
2361	42
2362	33
2363	36
2364	39
2365	46
2366	43
2367	35
2368	57
2369	40
2370	43
2371	44
2372	43
2373	41
2374	44
2375	57
2376	43
2377	40
2378	46
2379	41
2380	47
2381	49
2382	41
2383	37
2384	42
2385	37
2386	48
2387	41
2388	44
2389	54
2390	46
2391	42
2392	45
2393	47
2394	34
2395	36
2396	39
2397	41
2398	43
2399	44
2400	41
2401	44
2402	51
2403	49
2404	33
2405	40
2406	52
2407	40
2408	45
2409	42
2410	55
2411	43
2412	43
2413	50
2414	43
2415	34
2416	43
2417	54
2418	47
2419	44
2420	38
2421	46
2422	40
2423	43
2424	43
2425	46
2426	50
2427	47
2428	51
2429	47
2430	40
2431	37
2432	37
2433	28
2434	43
2435	53
2436	56
2437	43
2438	51
2439	43
2440	39
2441	47
2442	44
2443	38
2444	46
2445	46
2446	49
2447	39
2448	35
2449	44
2450	42
2451	55
2452	49
2453	37
2454	30
2455	53
2456	38
2457	38
2458	40
2459	55
2460	37
2461	42
2462	37
2463	38
2464	48
2465	34
2466	42
2467	46
2468	39
2469	34
2470	52
2471	54
2472	42
2473	33
2474	44
2475	47
2476	43
2477	54
2478	46
2479	35
2480	39
2481	52
2482	53
2483	52
2484	48
2485	42
2486	30
2487	46
2488	55
2489	38
2490	53
2491	44
2492	44
2493	39
2494	50
2495	44
2496	56
2497	63
2498	42
2499	44
2500	41
2501	40
2502	39
2503	36
2504	41
2505	44
2506	42
2507	47
2508	53
2509	38
2510	50
2511	36
2512	54
2513	33
2514	47
2515	49
2516	43
2517	43
2518	36
2519	48
2520	41
2521	41
2522	36
2523	31
2524	48
2525	55
2526	46
2527	31
2528	63
2529	43
2530	39
2531	39
2532	53
2533	54
2534	50
2535	39
2536	48
2537	43
2538	52
2539	45
2540	47
2541	51
2542	38
2543	41
2544	53
2545	33
2546	39
2547	35
2548	39
2549	41
2550	38
2551	36
2552	48
2553	45
2554	47
2555	53
2556	52
2557	51
2558	42
2559	50
2560	29
2561	49
2562	44
2563	50
2564	45
2565	49
2566	55
2567	45
2568	46
2569	49
2570	33
2571	44
2572	40
2573	31
2574	45
2575	55
2576	37
2577	36
2578	35
2579	38
2580	37
2581	48
2582	43
2583	47
2584	32
2585	50
2586	49
2587	52
2588	32
2589	37
2590	51
2591	46
2592	48
2593	40
2594	50
2595	40
2596	35
2597	44
2598	43
2599	49
2600	55
2601	35
2602	44
2603	46
2604	58
2605	43
2606	45
2607	43
2608	37
2609	52
2610	48
2611	47
2612	59
2613	55
2614	43
2615	50
2616	39
2617	42
2618	44
2619	34
2620	46
2621	39
2622	49
2623	40
2624	57
2625	52
2626	37
2627	43
2628	39
2629	53
2630	35
2631	47
2632	54
2633	52
2634	48
2635	48
2636	67
2637	38
2638	45
2639	47
2640	48
2641	41
2642	49
2643	39
2644	42
2645	34
2646	45
2647	44
2648	51
2649	47
2650	49
2651	45
2652	50
2653	36
2654	52
2655	40
2656	58
2657	41
2658	46
2659	50
2660	52
2661	40
2662	47
2663	44
2664	40
2665	54
2666	37
2667	49
2668	40
2669	44
2670	39
2671	48
2672	45
2673	53
2674	39
2675	52
2676	53
2677	47
2678	43
2679	44
2680	50
2681	53
2682	49
2683	52
2684	47
2685	47
2686	35
2687	40
2688	45
2689	39
2690	33
2691	48
2692	60
2693	51
2694	49
2695	43
2696	32
2697	55
2698	52
2699	35
2700	43
2701	48
2702	44
2703	44
2704	49
2705	48
2706	46
2707	42
2708	51
2709	56
2710	40
2711	46
2712	46
2713	56
2714	39
2715	35
2716	61
2717	52
2718	49
2719	37
2720	36
2721	52
2722	44
2723	55
2724	51
2725	45
2726	49
2727	43
2728	42
2729	52
2730	44
2731	49
2732	58
2733	59
2734	43
2735	53
2736	55
2737	50
2738	37
2739	37
2740	38
2741	51
2742	52
2743	60
2744	45
2745	54
2746	45
2747	44
2748	42
2749	57
2750	45
2751	47
2752	49
2753	41
2754	56
2755	51
2756	52
2757	53
2758	43
2759	60
2760	46
2761	44
2762	54
2763	51
2764	52
2765	41
2766	55
2767	45
2768	53
2769	51
2770	53
2771	54
2772	54
2773	63
2774	35
2775	44
2776	59
2777	38
2778	54
2779	50
2780	52
2781	55
2782	49
2783	55
2784	63
2785	44
2786	52
2787	63
2788	40
2789	59
2790	37
2791	40
2792	57
2793	52
2794	48
2795	39
2796	46
2797	42
2798	50
2799	43
2800	47
2801	50
2802	57
2803	53
2804	46
2805	43
2806	53
2807	47
2808	46
2809	44
2810	44
2811	48
2812	47
2813	41
2814	55
2815	53
2816	51
2817	44
2818	53
2819	55
2820	48
2821	42
2822	38
2823	50
2824	40
2825	49
2826	41
2827	34
2828	53
2829	50
2830	46
2831	40
2832	47
2833	58
2834	38
2835	38
2836	44
2837	34
2838	50
2839	32
2840	39
2841	44
2842	49
2843	36
2844	51
2845	43
2846	43
2847	50
2848	53
2849	44
2850	47
2851	49
2852	45
2853	51
2854	43
2855	50
2856	41
2857	46
2858	48
2859	52
2860	43
2861	48
2862	40
2863	48
2864	38
2865	33
2866	47
2867	42
2868	48
2869	32
2870	43
2871	32
2872	40
2873	39
2874	43
2875	51
2876	39
2877	64
2878	47
2879	34
2880	56
2881	42
2882	35
2883	28
2884	50
2885	46
2886	38
2887	47
2888	49
2889	53
2890	49
2891	44
2892	33
2893	42
2894	26
2895	42
2896	41
2897	43
2898	37
2899	46
2900	41
2901	47
2902	51
2903	35
2904	42
2905	43
2906	46
2907	42
2908	41
2909	51
2910	41
2911	38
2912	33
2913	42
2914	48
2915	47
2916	39
2917	26
2918	41
2919	36
2920	37
2921	47
2922	39
2923	43
2924	49
2925	39
2926	55
2927	39
2928	33
2929	49
2930	33
2931	40
2932	46
2933	37
2934	36
2935	37
2936	41
2937	32
2938	25
2939	37
2940	31
2941	28
2942	42
2943	26
2944	42
2945	40
2946	43
2947	32
2948	40
2949	34
2950	36
2951	35
2952	40
2953	33
2954	26
2955	40
2956	37
2957	40
2958	35
2959	34
2960	37
2961	42
2962	39
2963	41
2964	32
2965	36
2966	34
2967	30
2968	35
2969	34
2970	36
2971	25
2972	28
2973	29
2974	37
2975	31
2976	37
2977	26
2978	20
2979	45
2980	42
2981	31
2982	32
2983	38
2984	36
2985	39
2986	38
2987	39
2988	31
2989	41
2990	31
2991	33
2992	33
2993	32
2994	27
2995	37
2996	28
2997	26
2998	36
2999	28
3000	34
3001	30
3002	32
3003	20
3004	38
3005	30
3006	27
3007	23
3008	26
3009	25
3010	30
3011	35
3012	28
3013	29
3014	27
3015	27
3016	24
3017	29
3018	21
3019	36
3020	26
3021	29
3022	38
3023	18
3024	30
3025	29
3026	33
3027	30
3028	22
3029	31
3030	27
3031	24
3032	34
3033	26
3034	32
3035	31
3036	28
3037	32
3038	24
3039	23
3040	26
3041	22
3042	20
3043	30
3044	32
3045	29
3046	36
3047	18
3048	32
3049	19
3050	30
3051	24
3052	23
3053	30
3054	12
3055	23
3056	25
3057	20
3058	18
3059	30
3060	22
3061	25
3062	29
3063	14
3064	19
3065	21
3066	17
3067	22
3068	22
3069	19
3070	16
3071	25
3072	20
3073	17
3074	25
3075	24
3076	28
3077	18
3078	23
3079	17
3080	18
3081	22
3082	33
3083	22
3084	22
3085	17
3086	26
3087	26
3088	21
3089	19
3090	24
3091	20
3092	21
3093	24
3094	20
3095	29
3096	10
3097	20
3098	15
3099	17
3100	22
3101	31
3102	14
3103	23
3104	26
3105	14
3106	24
3107	13
3108	20
3109	18
3110	20
3111	15
3112	28
3113	21
3114	23
3115	13
3116	20
3117	23
3118	21
3119	23
3120	16
3121	17
3122	20
3123	23
3124	11
3125	27
3126	15
3127	24
3128	16
3129	25
3130	18
3131	13
3132	19
3133	28
3134	14
3135	20
3136	21
3137	18
3138	19
3139	13
3140	17
3141	19
3142	25
3143	18
3144	25
3145	12
3146	19
3147	17
3148	15
3149	15
3150	17
3151	24
3152	21
3153	23
3154	15
3155	22
3156	14
3157	18
3158	15
3159	22
3160	20
3161	14
3162	17
3163	20
3164	11
3165	11
3166	17
3167	18
3168	23
3169	19
3170	25
3171	10
3172	24
3173	18
3174	19
3175	11
3176	18
3177	14
3178	13
3179	22
3180	23
3181	13
3182	8
3183	16
3184	16
3185	10
3186	15
3187	17
3188	13
3189	10
3190	14
3191	17
3192	12
3193	10
3194	14
3195	16
3196	12
3197	23
3198	10
3199	10
3200	9
3201	17
3202	23
3203	9
3204	22
3205	12
3206	9
3207	13
3208	18
3209	18
3210	13
3211	23
3212	19
3213	9
3214	11
3215	13
3216	8
3217	17
3218	10
3219	16
3220	18
3221	17
3222	17
3223	13
3224	11
3225	22
3226	19
3227	12
3228	17
3229	14
3230	15
3231	13
3232	8
3233	21
3234	22
3235	18
3236	17
3237	15
3238	14
3239	19
3240	15
3241	23
3242	25
3243	10
3244	16
3245	15
3246	8
3247	18
3248	10
3249	11
3250	14
3251	15
3252	10
3253	14
3254	22
3255	15
3256	12
3257	12
3258	16
3259	9
3260	12
3261	13
3262	14
3263	14
3264	12
3265	12
3266	13
3267	16
3268	10
3269	14
3270	9
3271	7
3272	11
3273	14
3274	10
3275	16
3276	8
3277	11
3278	10
3279	11
3280	13
3281	12
3282	11
3283	9
3284	11
3285	20
3286	12
3287	14
3288	14
3289	15
3290	9
3291	7
3292	13
3293	16
3294	24
3295	14
3296	12
3297	13
3298	12
3299	16
3300	17
3301	12
3302	9
3303	10
3304	12
3305	9
3306	12
3307	10
3308	13
3309	12
3310	17
3311	10
3312	14
3313	12
3314	12
3315	7
3316	7
3317	11
3318	11
3319	12
3320	12
3321	7
3322	13
3323	15
3324	17
3325	16
3326	13
3327	12
3328	7
3329	10
3330	14
3331	14
3332	12
3333	8
3334	14
3335	7
3336	14
3337	11
3338	12
3339	12
3340	8
3341	13
3342	11
3343	11
3344	8
3345	13
3346	12
3347	9
3348	10
3349	11
3350	9
3351	9
3352	12
3353	16
3354	10
3355	11
3356	15
3357	6
3358	13
3359	15
3360	7
3361	17
3362	10
3363	15
3364	15
3365	5
3366	8
3367	13
3368	8
3369	6
3370	13
3371	8
3372	10
3373	10
3374	7
3375	6
3376	14
3377	17
3378	9
3379	17
3380	9
3381	12
3382	11
3383	13
3384	15
3385	10
3386	16
3387	7
3388	11
3389	14
3390	16
3391	9
3392	10
3393	7
3394	10
3395	6
3396	13
3397	12
3398	9
3399	16
3400	15
3401	10
3402	13
3403	6
3404	14
3405	7
3406	10
3407	13
3408	6
3409	9
3410	13
3411	11
3412	13
3413	12
3414	12
3415	12
3416	15
3417	12
3418	10
3419	8
3420	12
3421	8
3422	12
3423	10
3424	6
3425	8
3426	8
3427	4
3428	14
3429	15
3430	15
3431	12
3432	15
3433	12
3434	10
3435	8
3436	13
3437	15
3438	13
3439	13
3440	7
3441	11
3442	14
3443	11
3444	10
3445	6
3446	9
3447	10
3448	10
3449	9
3450	15
3451	12
3452	4
3453	11
3454	10
3455	9
3456	7
3457	9
3458	6
3459	7
3460	12
3461	8
3462	13
3463	13
3464	18
3465	12
3466	7
3467	8
3468	7
3469	9
3470	4
3471	9
3472	15
3473	13
3474	9
3475	10
3476	9
3477	6
3478	10
3479	9
3480	17
3481	11
3482	8
3483	11
3484	12
3485	9
3486	11
3487	7
3488	13
3489	11
3490	8
3491	11
3492	9
3493	6
3494	9
3495	12
3496	11
3497	8
3498	7
3499	9
3500	9
3501	5
3502	6
3503	4
3504	13
3505	9
3506	9
3507	9
3508	14
3509	8
3510	5
3511	8
3512	11
3513	11
3514	7
3515	18
3516	12
3517	12
3518	9
3519	14
3520	15
3521	15
3522	13
3523	17
3524	9
3525	8
3526	7
3527	9
3528	10
3529	9
3530	7
3531	6
3532	11
3533	12
3534	8
3535	9
3536	7
3537	11
3538	5
3539	7
3540	16
3541	11
3542	2
3543	11
3544	7
3545	11
3546	7
3547	9
3548	8
3549	12
3550	15
3551	9
3552	7
3553	10
3554	10
3555	9
3556	9
3557	2
3558	16
3559	9
3560	8
3561	6
3562	9
3563	4
3564	17
3565	16
3566	9
3567	13
3568	6
3569	9
3570	5
3571	10
3572	12
3573	9
3574	17
3575	8
3576	12
3577	10
3578	9
3579	9
3580	13
3581	11
3582	7
3583	13
3584	5
3585	7
3586	12
3587	8
3588	10
3589	6
3590	14
3591	8
3592	10
3593	10
3594	9
3595	10
3596	8
3597	11
3598	8
3599	8
3600	8
3601	12
3602	12
3603	14
3604	7
3605	8
3606	11
3607	12
3608	14
3609	8
3610	9
3611	9
3612	8
3613	7
3614	3
3615	4
3616	13
3617	1
3618	8
3619	6
3620	6
3621	13
3622	4
3623	7
3624	9
3625	10
3626	7
3627	13
3628	7
3629	11
3630	10
3631	17
3632	16
3633	15
3634	4
3635	10
3636	8
3637	6
3638	8
3639	10
3640	5
3641	1
3642	4
3643	6
3644	8
3645	11
3646	12
3647	7
3648	13
3649	4
3650	11
3651	6
3652	11
3653	12
3654	6
3655	18
3656	6
3657	12
3658	2
3659	4
3660	12
3661	14
3662	6
3663	9
3664	14
3665	10
3666	9
3667	7
3668	4
3669	7
3670	6
3671	14
3672	6
3673	12
3674	13
3675	15
3676	12
3677	11
3678	8
3679	13
3680	4
3681	5
3682	13
3683	10
3684	14
3685	13
3686	8
3687	9
3688	12
3689	8
3690	14
3691	13
3692	8
3693	10
3694	7
3695	10
3696	11
3697	12
3698	15
3699	13
3700	8
3701	6
3702	6
3703	6
3704	14
3705	10
3706	13
3707	14
3708	10
3709	12
3710	16
3711	15
3712	14
3713	5
3714	11
3715	10
3716	13
3717	13
3718	12
3719	10
3720	10
3721	9
3722	15
3723	6
3724	8
3725	11
3726	15
3727	13
3728	7
3729	8
3730	11
3731	8
3732	8
3733	13
3734	10
3735	7
3736	7
3737	13
3738	10
3739	9
3740	15
3741	14
3742	9
3743	11
3744	9
3745	13
3746	11
3747	5
3748	13
3749	9
3750	14
3751	10
3752	9
3753	12
3754	12
3755	12
3756	7
3757	5
3758	10
3759	9
3760	19
3761	11
3762	10
3763	18
3764	12
3765	14
3766	9
3767	13
3768	12
3769	13
3770	29
3771	18
3772	8
3773	9
3774	8
3775	7
3776	12
3777	4
3778	12
3779	12
3780	12
3781	9
3782	6
3783	11
3784	17
3785	11
3786	10
3787	20
3788	13
3789	12
3790	13
3791	15
3792	14
3793	12
3794	16
3795	11
3796	15
3797	13
3798	13
3799	10
3800	17
3801	16
3802	10
3803	14
3804	17
3805	10
3806	11
3807	11
3808	6
3809	9
3810	15
3811	14
3812	9
3813	19
3814	10
3815	8
3816	12
3817	14
3818	20
3819	12
3820	19
3821	13
3822	18
3823	14
3824	21
3825	15
3826	20
3827	16
3828	16
3829	15
3830	21
3831	11
3832	16
3833	14
3834	21
3835	29
3836	16
3837	11
3838	18
3839	17
3840	14
3841	16
3842	25
3843	15
3844	21
3845	25
3846	27
3847	17
3848	22
3849	27
3850	19
3851	22
3852	24
3853	32
3854	21
3855	22
3856	26
3857	34
3858	33
3859	26
3860	21
3861	24
3862	26
3863	15
3864	21
3865	24
3866	26
3867	23
3868	35
3869	28
3870	19
3871	37
3872	30
3873	28
3874	30
3875	24
3876	32
3877	25
3878	31
3879	29
3880	35
3881	29
3882	25
3883	31
3884	36
3885	35
3886	29
3887	32
3888	40
3889	36
3890	39
3891	37
3892	45
3893	41
3894	39
3895	46
3896	46
3897	35
3898	35
3899	33
3900	52
3901	44
3902	42
3903	47
3904	50
3905	45
3906	48
3907	53
3908	43
3909	44
3910	43
3911	40
3912	53
3913	58
3914	61
3915	47
3916	60
3917	54
3918	62
3919	53
3920	52
3921	75
3922	57
3923	63
3924	47
3925	56
3926	69
3927	58
3928	61
3929	67
3930	63
3931	60
3932	50
3933	65
3934	61
3935	84
3936	70
3937	73
3938	67
3939	78
3940	64
3941	80
3942	79
3943	85
3944	77
3945	84
3946	76
3947	78
3948	95
3949	97
3950	99
3951	83
3952	70
3953	67
3954	92
3955	78
3956	98
3957	92
3958	116
3959	92
3960	109
3961	87
3962	86
3963	106
3964	106
3965	98
3966	105
3967	105
3968	96
3969	117
3970	120
3971	109
3972	135
3973	122
3974	119
3975	114
3976	114
3977	119
3978	121
3979	124
3980	129
3981	146
3982	124
3983	130
3984	142
3985	129
3986	132
3987	125
3988	126
3989	127
3990	134
3991	132
3992	162
3993	170
3994	138
3995	138
3996	159
3997	141
3998	175
3999	181
4000	178
4001	175
4002	145
4003	155
4004	164
4005	176
4006	181
4007	192
4008	160
4009	176
4010	187
4011	191
4012	180
4013	205
4014	209
4015	197
4016	185
4017	197
4018	193
4019	186
4020	204
4021	182
4022	195
4023	177
4024	202
4025	203
4026	194
4027	186
4028	224
4029	229
4030	239
4031	203
4032	242
4033	231
4034	245
4035	238
4036	230
4037	250
4038	273
4039	221
4040	234
4041	209
4042	245
4043	214
4044	239
4045	261
4046	230
4047	253
4048	246
4049	229
4050	264
4051	247
4052	254
4053	294
4054	278
4055	258
4056	257
4057	282
4058	272
4059	251
4060	279
4061	250
4062	301
4063	302
4064	295
4065	304
4066	283
4067	299
4068	273
4069	317
4070	282
4071	317
4072	305
4073	292
4074	339
4075	334
4076	315
4077	358
4078	301
4079	295
4080	349
4081	352
4082	325
4083	323
4084	336
4085	328
4086	304
4087	377
4088	340
4089	330
4090	338
4091	384
4092	355
4093	342
4094	368
4095	333
4096	361
4097	371
4098	344
4099	365
4100	374
4101	354
4102	420
4103	406
4104	378
4105	364
4106	384
4107	406
4108	364
4109	372
4110	387
4111	390
4112	430
4113	435
4114	362
4115	404
4116	412
4117	396
4118	418
4119	390
4120	380
4121	393
4122	413
4123	368
4124	407
4125	422
4126	416
4127	425
4128	386
4129	423
4130	405
4131	438
4132	442
4133	424
4134	451
4135	456
4136	449
4137	405
4138	397
4139	430
4140	425
4141	417
4142	428
4143	425
4144	470
4145	414
4146	395
4147	459
4148	443
4149	422
4150	453
4151	424
4152	402
4153	454
4154	504
4155	453
4156	458
4157	476
4158	452
4159	431
4160	424
4161	465
4162	461
4163	425
4164	445
4165	441
4166	468
4167	484
4168	451
4169	459
4170	468
4171	485
4172	451
4173	457
4174	439
4175	472
4176	422
4177	457
4178	469
4179	436
4180	485
4181	417
4182	435
4183	469
4184	471
4185	480
4186	473
4187	479
4188	438
4189	486
4190	438
4191	436
4192	449
4193	442
4194	461
4195	468
4196	434
4197	484
4198	403
4199	447
4200	430
4201	419
4202	459
4203	468
4204	433
4205	439
4206	450
4207	463
4208	445
4209	445
4210	415
4211	429
4212	444
4213	481
4214	455
4215	429
4216	466
4217	411
4218	440
4219	440
4220	394
4221	451
4222	392
4223	407
4224	396
4225	409
4226	427
4227	406
4228	473
4229	405
4230	425
4231	363
4232	424
4233	398
4234	409
4235	389
4236	372
4237	413
4238	389
4239	426
4240	404
4241	380
4242	400
4243	400
4244	417
4245	405
4246	406
4247	351
4248	411
4249	396
4250	358
4251	401
4252	395
4253	385
4254	387
4255	388
4256	402
4257	392
4258	352
4259	357
4260	359
4261	364
4262	367
4263	353
4264	334
4265	372
4266	348
4267	329
4268	371
4269	348
4270	346
4271	337
4272	365
4273	319
4274	383
4275	305
4276	333
4277	326
4278	346
4279	345
4280	298
4281	311
4282	322
4283	319
4284	322
4285	298
4286	316
4287	317
4288	313
4289	316
4290	314
4291	300
4292	305
4293	284
4294	286
4295	319
4296	286
4297	305
4298	295
4299	260
4300	280
4301	255
4302	279
4303	288
4304	240
4305	267
4306	244
4307	265
4308	255
4309	246
4310	260
4311	244
4312	263
4313	248
4314	261
4315	233
4316	215
4317	243
4318	247
4319	256
4320	245
4321	225
4322	252
4323	218
4324	230
4325	243
4326	209
4327	203
4328	208
4329	204
4330	224
4331	230
4332	223
4333	193
4334	199
4335	213
4336	198
4337	189
4338	179
4339	205
4340	213
4341	188
4342	197
4343	186
4344	201
4345	176
4346	189
4347	193
4348	153
4349	154
4350	145
4351	179
4352	165
4353	149
4354	153
4355	177
4356	167
4357	164
4358	167
4359	171
4360	126
4361	147
4362	155
4363	139
4364	154
4365	144
4366	110
4367	164
4368	108
4369	155
4370	137
4371	110
4372	118
4373	130
4374	134
4375	120
4376	106
4377	112
4378	124
4379	121
4380	129
4381	92
4382	106
4383	104
4384	123
4385	109
4386	99
4387	122
4388	111
4389	91
4390	105
4391	100
4392	106
4393	88
4394	98
4395	84
4396	87
4397	90
4398	88
4399	90
4400	92
4401	72
4402	76
4403	82
4404	67
4405	68
4406	75
4407	72
4408	90
4409	66
4410	74
4411	67
4412	59
4413	60
4414	88
4415	66
4416	53
4417	67
4418	74
4419	45
4420	66
4421	59
4422	67
4423	50
4424	52
4425	46
4426	49
4427	34
4428	43
4429	56
4430	46
4431	42
4432	35
4433	48
4434	62
4435	51
4436	32
4437	43
4438	54
4439	44
4440	35
4441	43
4442	45
4443	39
4444	30
4445	45
4446	40
4447	40
4448	37
4449	30
4450	36
4451	25
4452	37
4453	35
4454	32
4455	26
4456	29
4457	23
4458	24
4459	26
4460	32
4461	30
4462	37
4463	27
4464	25
4465	25
4466	30
4467	27
4468	25
4469	23
4470	23
4471	17
4472	25
4473	16
4474	16
4475	22
4476	18
4477	14
4478	23
4479	22
4480	23
4481	16
4482	4
4483	22
4484	20
4485	26
4486	14
4487	18
4488	17
4489	15
4490	13
4491	10
4492	12
4493	19
4494	16
4495	12
4496	12
4497	11
4498	12
4499	11
4500	11
4501	8
4502	4
4503	11
4504	11
4505	8
4506	7
4507	9
4508	9
4509	11
4510	14
4511	10
4512	10
4513	9
4514	4
4515	10
4516	10
4517	6
4518	7
4519	3
4520	14
4521	9
4522	9
4523	6
4524	6
4525	9
4526	6
4527	11
4528	8
4529	6
4530	6
4531	4
4532	7
4533	7
4534	9
4535	2
4536	5
4537	5
4538	3
4539	8
4540	9
4541	5
4542	3
4543	1
4544	7
4545	4
4546	6
4547	5
4548	5
4549	5
4550	3
4551	4
4552	5
4553	7
4554	1
4555	4
4556	8
4557	2
4558	3
4559	1
4560	3
4561	2
4562	1
4563	5
4564	1
4565	1
4566	1
4567	2
4568	4
4569	4
4570	1
4571	1
4572	4
4573	1
4574	1
4575	2
4576	3
4577	4
4578	2
4579	1
4580	3
4581	2
4582	7
4583	2
4584	2
4585	2
4586	1
4587	4
4588	1
4589	1
4590	1
4591	0
4592	2
4593	3
4594	1
4595	1
4596	1
4597	1
4598	1
4599	0
4600	1
4601	2
4602	1
4603	3
4604	0
4605	3
4606	3
4607	4
4608	3
4609	3
4610	0
4611	1
4612	0
4613	1
4614	0
4615	5
4616	1
4617	0
4618	1
4619	1
4620	2
4621	0
4622	1
4623	0
4624	0
4625	0
4626	2
4627	1
4628	0
4629	2
4630	0
4631	2
4632	1
4633	1
4634	1
4635	1
4636	1
4637	1
4638	0
4639	0
4640	1
4641	0
4642	3
4643	1
4644	1
4645	2
4646	0
4647	0
4648	0
4649	3
4650	0
4651	0
4652	1
4653	1
4654	0
4655	0
4656	0
4657	1
4658	1
4659	0
4660	2
4661	0
4662	0
4663	2
4664	1
4665	0
4666	0
4667	1
4668	1
4669	1
4670	0
4671	1
4672	2
4673	2
4674	2
4675	0
4676	0
4677	4
4678	0
4679	0
4680	1
4681	1
4682	0
4683	0
4684	1
4685	0
4686	0
4687	0
4688	0
4689	2
4690	0
4691	0
4692	0
4693	0
4694	0
4695	1
4696	3
4697	2
4698	1
4699	0
4700	0
4701	1
4702	1
4703	2
4704	0
4705	1
4706	1
4707	1
4708	0
4709	1
4710	1
4711	2
4712	1
4713	0
4714	0
4715	0
4716	1
4717	0
4718	1
4719	1
4720	1
4721	2
4722	1
4723	1
4724	1
4725	2
4726	1
4727	1
4728	2
4729	0
4730	0
4731	0
4732	0
4733	0
4734	1
4735	1
4736	2
4737	0
4738	0
4739	2
4740	0
4741	2
4742	0
4743	1
4744	2
4745	2
4746	0
4747	1
4748	0
4749	2
4750	0
4751	2
4752	1
4753	1
4754	1
4755	1
4756	0
4757	1
4758	0
4759	2
4760	1
4761	1
4762	1
4763	1
4764	0
4765	0
4766	0
4767	0
4768	1
4769	2
4770	1
4771	0
4772	0
4773	3
4774	0
4775	0
4776	1
4777	1
4778	2
4779	0
4780	1
4781	0
4782	0
4783	2
4784	0
4785	1
4786	2
4787	1
4788	1
4789	0
4790	1
4791	1
4792	1
4793	2
4794	1
4795	1
4796	0
4797	1
4798	0
4799	1
4800	0
4801	1
4802	0
4803	1
4804	2
4805	2
4806	1
4807	1
4808	1
4809	2
4810	0
4811	1
4812	0
4813	0
4814	0
4815	1
4816	3
4817	0
4818	0
4819	1
4820	1
4821	2
4822	1
4823	1
4824	0
4825	0
4826	2
4827	1
4828	1
4829	0
4830	1
4831	1
4832	1
4833	1
4834	0
4835	1
4836	0
4837	2
4838	1
4839	0
4840	1
4841	0
4842	0
4843	0
4844	0
4845	2
4846	2
4847	1
4848	0
4849	0
4850	0
4851	1
4852	0
4853	2
4854	0
4855	0
4856	2
4857	1
4858	3
4859	0
4860	3
4861	2
4862	3
4863	0
4864	1
4865	2
4866	0
4867	1
4868	2
4869	0
4870	0
4871	1
4872	1
4873	1
4874	0
4875	1
4876	3
4877	0
4878	1
4879	1
4880	0
4881	0
4882	0
4883	0
4884	2
4885	1
4886	1
4887	1
4888	0
4889	0
4890	1
4891	0
4892	0
4893	1
4894	0
4895	1
4896	2
4897	0
4898	0
4899	0
4900	1
4901	1
4902	0
4903	3
4904	0
4905	0
4906	1
4907	0
4908	2
4909	0
4910	0
4911	1
4912	0
4913	1
4914	2
4915	1
4916	2
4917	0
4918	2
4919	0
4920	1
4921	1
4922	0
4923	0
4924	0
4925	0
4926	0
4927	1
4928	1
4929	4
4930	1
4931	0
4932	3
4933	2
4934	0
4935	1
4936	2
4937	0
4938	0
4939	0
4940	0
4941	0
4942	1
4943	0
4944	0
4945	0
4946	1
4947	0
4948	1
4949	0
4950	0
4951	0
4952	0
4953	1
4954	0
4955	1
4956	0
4957	1
4958	1
4959	0
4960	2
4961	0
4962	2
4963	1
4964	0
4965	1
4966	2
4967	0
4968	0
4969	1
4970	2
4971	2
4972	0
4973	0
4974	0
4975	0
4976	2
4977	0
4978	1
4979	1
4980	0
4981	1
4982	2
4983	0
4984	0
4985	0
4986	2
4987	2
4988	1
4989	1
4990	0
4991	0
4992	0
4993	1
4994	0
4995	2
4996	2
4997	1
4998	2
4999	1
5000	0
5001	2
5002	0
5003	0
5004	0
5005	0
5006	1
5007	0
5008	0
5009	1
5010	4
5011	2
5012	1
5013	0
5014	1
5015	0
5016	0
5017	1
5018	1
5019	0
5020	1
5021	0
5022	1
5023	1
5024	2
5025	0
5026	0
5027	0
5028	0
5029	2
5030	0
5031	0
5032	1
5033	0
5034	1
5035	2
5036	1
5037	0
5038	0
5039	0
5040	0
5041	1
5042	1
5043	1
5044	0
5045	0
5046	0
5047	0
5048	1
5049	0
5050	1
5051	1
5052	1
5053	1
5054	0
5055	1
5056	1
5057	0
5058	1
5059	0
5060	1
5061	1
5062	1
5063	0
5064	0
5065	0
5066	1
5067	1
5068	0
5069	0
5070	0
5071	0
5072	0
5073	1
5074	0
5075	2
5076	0
5077	1
5078	0
5079	0
5080	1
5081	0
5082	0
5083	0
5084	3
5085	1
5086	0
5087	2
5088	0
5089	0
5090	2
5091	1
5092	0
5093	0
5094	1
5095	1
5096	1
5097	0
5098	2
5099	2
5100	2
5101	0
5102	0
5103	2
5104	0
5105	0
5106	0
5107	1
5108	0
5109	0
5110	0
5111	0
5112	1
5113	2
5114	0
5115	0
5116	1
5117	1
5118	1
5119	3
5120	2
5121	0
5122	0
5123	0
5124	0
5125	1
5126	1
5127	0
5128	1
5129	1
5130	0
5131	0
5132	2
5133	1
5134	0
5135	1
5136	2
5137	0
5138	1
5139	1
5140	0
5141	2
5142	0
5143	0
5144	2
5145	0
5146	0
5147	2
5148	0
5149	1
5150	1
5151	0
5152	0
5153	3
5154	0
5155	2
5156	1
5157	2
5158	3
5159	0
5160	1
5161	1
5162	0
5163	0
5164	0
5165	0
5166	0
5167	0
5168	0
5169	0
5170	2
5171	0
5172	2
5173	0
5174	2
5175	1
5176	1
5177	0
5178	1
5179	0
5180	0
5181	1
5182	1
5183	0
5184	1
5185	3
5186	3
5187	1
5188	0
5189	1
5190	0
5191	2
5192	1
5193	0
5194	1
5195	0
5196	0
5197	0
5198	0
5199	0
5200	1
5201	1
5202	2
5203	0
5204	0
5205	1
5206	2
5207	1
5208	2
5209	1
5210	1
5211	2
5212	1
5213	1
5214	0
5215	0
5216	0
5217	1
5218	0
5219	2
5220	0
5221	0
5222	0
5223	0
5224	0
5225	1
5226	1
5227	1
5228	0
5229	0
5230	0
5231	2
5232	0
5233	0
5234	2
5235	4
5236	1
5237	1
5238	0
5239	0
5240	0
5241	1
5242	3
5243	2
5244	0
5245	1
5246	0
5247	0
5248	0
5249	0
5250	1
5251	0
5252	2
5253	1
5254	1
5255	0
5256	1
5257	0
5258	3
5259	1
5260	1
5261	0
5262	0
5263	2
5264	1
5265	0
5266	0
5267	0
5268	1
5269	0
5270	1
5271	0
5272	0
5273	3
5274	0
5275	1
5276	1
5277	0
5278	1
5279	0
5280	2
5281	2
5282	0
5283	0
5284	0
5285	0
5286	0
5287	2
5288	0
5289	0
5290	1
5291	0
5292	1
5293	0
5294	0
5295	1
5296	0
5297	1
5298	0
5299	1
5300	0
5301	0
5302	2
5303	0
5304	1
5305	2
5306	0
5307	0
5308	1
5309	3
5310	0
5311	1
5312	0
5313	2
5314	2
5315	2
5316	0
5317	1
5318	0
5319	1
5320	2
5321	0
5322	0
5323	2
5324	1
5325	1
5326	0
5327	3
5328	0
5329	0
5330	2
5331	0
5332	0
5333	1
5334	1
5335	2
5336	3
5337	1
5338	1
5339	1
5340	1
5341	0
5342	0
5343	0
5344	1
5345	1
5346	2
5347	1
5348	0
5349	0
5350	1
5351	1
5352	0
5353	0
5354	0
5355	1
5356	1
5357	0
5358	0
5359	1
5360	0
5361	0
5362	2
5363	2
5364	0
5365	1
5366	1
5367	0
5368	1
5369	1
5370	2
5371	1
5372	1
5373	0
5374	0
5375	0
5376	2
5377	0
5378	0
5379	1
5380	2
5381	1
5382	0
5383	1
5384	0
5385	1
5386	0
5387	0
5388	3
5389	0
5390	0
5391	0
5392	0
5393	3
5394	1
5395	0
5396	0
5397	1
5398	0
5399	0
5400	0
5401	1
5402	0
5403	1
5404	0
5405	0
5406	0
5407	1
5408	2
5409	1
5410	1
5411	1
5412	0
5413	1
5414	1
5415	1
5416	0
5417	0
5418	1
5419	0
5420	0
5421	0
5422	0
5423	0
5424	0
5425	2
5426	0
5427	1
5428	1
5429	1
5430	0
5431	1
5432	0
5433	3
5434	0
5435	2
5436	0
5437	1
5438	0
5439	1
5440	0
5441	0
5442	0
5443	0
5444	1
5445	1
5446	1
5447	0
5448	1
5449	0
5450	1
5451	0
5452	1
5453	0
5454	1
5455	0
5456	1
5457	1
5458	0
5459	0
5460	0
5461	0
5462	0
5463	0
5464	0
5465	0
5466	0
5467	1
5468	1
5469	0
5470	1
5471	1
5472	1
5473	0
5474	1
5475	1
5476	1
5477	1
5478	0
5479	2
5480	1
5481	1
5482	1
5483	0
5484	0
5485	0
5486	1
5487	1
5488	1
5489	0
5490	1
5491	0
5492	2
5493	1
5494	1
5495	0
5496	1
5497	2
5498	0
5499	1
5500	2
5501	1
5502	0
5503	0
5504	3
5505	0
5506	1
5507	1
5508	0
5509	1
5510	0
5511	0
5512	0
5513	0
5514	0
5515	0
5516	1
5517	2
5518	0
5519	2
5520	1
5521	0
5522	2
5523	0
5524	1
5525	1
5526	0
5527	1
5528	1
5529	0
5530	0
5531	1
5532	2
5533	2
5534	0
5535	1
5536	0
5537	1
5538	1
5539	1
5540	0
5541	1
5542	1
5543	0
5544	2
5545	0
5546	1
5547	1
5548	2
5549	1
5550	0
5551	1
5552	0
5553	0
5554	0
5555	0
5556	0
5557	0
5558	0
5559	0
5560	0
5561	0
5562	1
5563	0
5564	0
5565	1
5566	1
5567	1
5568	1
5569	0
5570	1
5571	0
5572	1
5573	1
5574	2
5575	0
5576	3
5577	0
5578	1
5579	1
5580	1
5581	0
5582	0
5583	0
5584	1
5585	0
5586	0
5587	1
5588	0
5589	2
5590	0
5591	3
5592	1
5593	3
5594	1
5595	2
5596	0
5597	0
5598	1
5599	3
5600	0
5601	1
5602	1
5603	1
5604	1
5605	1
5606	0
5607	0
5608	3
5609	0
5610	1
5611	0
5612	0
5613	0
5614	0
5615	1
5616	1
5617	1
5618	3
5619	1
5620	1
5621	0
5622	0
5623	2
5624	0
5625	0
5626	1
5627	0
5628	1
5629	1
5630	0
5631	0
5632	0
5633	0
5634	1
5635	1
5636	0
5637	1
5638	1
5639	1
5640	2
5641	1
5642	1
5643	0
5644	2
5645	0
5646	0
5647	0
5648	0
5649	1
5650	0
5651	0
5652	0
5653	2
5654	0
5655	3
5656	1
5657	0
5658	1
5659	2
5660	0
5661	0
5662	0
5663	1
5664	1
5665	0
5666	0
5667	0
5668	0
5669	0
5670	1
5671	1
5672	0
5673	0
5674	0
5675	1
5676	0
5677	0
5678	0
5679	0
5680	1
5681	0
5682	0
5683	1
5684	2
5685	0
5686	0
5687	0
5688	4
5689	0
5690	0
5691	1
5692	1
5693	0
5694	0
5695	2
5696	2
5697	1
5698	1
5699	3
5700	2
5701	1
5702	1
5703	0
5704	0
5705	0
5706	0
5707	1
5708	1
5709	1
5710	0
5711	1
5712	2
5713	2
5714	0
5715	0
5716	0
5717	1
5718	2
5719	2
5720	0
5721	1
5722	0
5723	0
5724	1
5725	0
5726	0
5727	1
5728	0
5729	0
5730	3
5731	0
5732	2
5733	0
5734	1
5735	0
5736	1
5737	0
5738	1
5739	3
5740	1
5741	1
5742	2
5743	1
5744	0
5745	0
5746	0
5747	0
5748	0
5749	0
5750	0
5751	1
5752	0
5753	1
5754	0
5755	1
5756	2
5757	1
5758	0
5759	1
5760	2
5761	0
5762	1
5763	1
5764	1
5765	0
5766	1
5767	1
5768	2
5769	0
5770	0
5771	0
5772	2
5773	0
5774	2
5775	0
5776	1
5777	0
5778	2
5779	0
5780	0
5781	1
5782	0
5783	0
5784	0
5785	0
5786	0
5787	0
5788	1
5789	1
5790	1
5791	1
5792	0
5793	1
5794	0
5795	0
5796	0
5797	1
5798	0
5799	0
5800	1
5801	0
5802	0
5803	2
5804	0
5805	0
5806	1
5807	1
5808	0
5809	0
5810	0
5811	1
5812	0
5813	1
5814	0
5815	1
5816	0
5817	0
5818	1
5819	1
5820	0
5821	0
5822	0
5823	0
5824	0
5825	0
5826	0
5827	0
5828	0
5829	1
5830	2
5831	0
5832	2
5833	0
5834	1
5835	0
5836	0
5837	2
5838	1
5839	2
5840	0
5841	1
5842	0
5843	0
5844	0
5845	0
5846	0
5847	0
5848	1
5849	1
5850	0
5851	0
5852	0
5853	0
5854	0
5855	0
5856	0
5857	0
5858	1
5859	1
5860	0
5861	1
5862	1
5863	2
5864	0
5865	2
5866	1
5867	1
5868	0
5869	0
5870	1
5871	1
5872	0
5873	1
5874	0
5875	2
5876	2
5877	2
5878	0
5879	2
5880	1
5881	1
5882	0
5883	1
5884	1
5885	1
5886	0
5887	0
5888	0
5889	0
5890	0
5891	0
5892	1
5893	1
5894	0
5895	0
5896	1
5897	0
5898	0
5899	1
5900	0
5901	0
5902	2
5903	1
5904	3
5905	0
5906	1
5907	1
5908	1
5909	1
5910	2
5911	0
5912	1
5913	0
5914	0
5915	1
5916	1
5917	0
5918	0
5919	1
5920	1
5921	0
5922	1
5923	0
5924	2
5925	0
5926	1
5927	2
5928	1
5929	0
5930	0
5931	0
5932	1
5933	0
5934	1
5935	2
5936	0
5937	0
5938	1
5939	0
5940	0
5941	0
5942	1
5943	0
5944	1
5945	0
5946	0
5947	0
5948	1
5949	2
5950	1
5951	0
5952	2
5953	0
5954	0
5955	2
5956	0
5957	0
5958	0
5959	0
5960	1
5961	1
5962	0
5963	0
5964	0
5965	1
5966	0
5967	1
5968	1
5969	0
5970	1
5971	1
5972	0
5973	2
5974	1
5975	0
5976	2
5977	1
5978	0
5979	0
5980	0
5981	0
5982	0
5983	1
5984	0
5985	2
5986	1
5987	2
5988	4
5989	1
5990	0
5991	0
5992	2
5993	0
5994	1
5995	0
5996	0
5997	0
5998	0
5999	1
6000	1
6001	0
6002	0
6003	0
6004	0
6005	0
6006	0
6007	0
6008	1
6009	0
6010	0
6011	0
6012	0
6013	0
6014	1
6015	0
6016	1
6017	1
6018	2
6019	0
6020	2
6021	1
6022	0
6023	1
6024	1
6025	1
6026	2
6027	0
6028	2
6029	1
6030	0
6031	1
6032	3
6033	0
6034	0
6035	0
6036	0
6037	1
6038	1
6039	0
6040	1
6041	0
6042	1
6043	0
6044	0
6045	0
6046	1
6047	1
6048	1
6049	0
6050	0
6051	3
6052	0
6053	0
6054	0
6055	1
6056	0
6057	0
6058	1
6059	2
6060	0
6061	0
6062	0
6063	2
6064	0
6065	0
6066	0
6067	0
6068	1
6069	0
6070	2
6071	0
6072	0
6073	0
6074	2
6075	0
6076	1
6077	0
6078	0
6079	0
6080	0
6081	0
6082	1
6083	0
6084	0
6085	0
6086	0
6087	1
6088	0
6089	0
6090	0
6091	0
6092	0
6093	0
6094	0
6095	1
6096	1
6097	2
6098	1
6099	0
6100	1
6101	1
6102	0
6103	0
6104	1
6105	0
6106	0
6107	1
6108	0
6109	0
6110	0
6111	2
6112	0
6113	0
6114	0
6115	1
6116	0
6117	1
6118	0
6119	0
6120	1
6121	0
6122	2
6123	0
6124	0
6125	0
6126	1
6127	0
6128	1
6129	0
6130	0
6131	0
6132	0
6133	0
6134	1
6135	1
6136	2
6137	0
6138	0
6139	1
6140	1
6141	0
6142	0
6143	1
6144	1
6145	4
6146	2
6147	0
6148	1
6149	0
6150	2
6151	0
6152	0
6153	0
6154	0
6155	0
6156	0
6157	0
6158	2
6159	0
6160	1
6161	1
6162	0
6163	1
6164	0
6165	0
6166	2
6167	1
6168	0
6169	0
6170	1
6171	0
6172	1
6173	1
6174	0
6175	0
6176	1
6177	0
6178	0
6179	0
6180	1
6181	0
6182	1
6183	0
6184	1
6185	2
6186	0
6187	0
6188	0
6189	0
6190	0
6191	0
6192	2
6193	2
6194	0
6195	0
6196	1
6197	0
6198	0
6199	0
6200	1
6201	1
6202	2
6203	0
6204	1
6205	1
6206	2
6207	1
6208	0
6209	1
6210	0
6211	0
6212	3
6213	2
6214	0
6215	2
6216	0
6217	1
6218	1
6219	0
6220	0
6221	0
6222	0
6223	0
6224	2
6225	2
6226	0
6227	0
6228	1
6229	2
6230	1
6231	0
6232	0
6233	2
6234	1
6235	0
6236	1
6237	1
6238	0
6239	0
6240	0
6241	0
6242	0
6243	1
6244	0
6245	1
6246	0
6247	1
6248	1
6249	0
6250	0
6251	0
6252	1
6253	0
6254	0
6255	0
6256	0
6257	2
6258	1
6259	1
6260	2
6261	1
6262	0
6263	0
6264	1
6265	0
6266	1
6267	1
6268	0
6269	0
6270	1
6271	0
6272	0
6273	0
6274	0
6275	0
6276	0
6277	0
6278	0
6279	1
6280	0
6281	0
6282	0
6283	0
6284	2
6285	1
6286	2
6287	0
6288	0
6289	0
6290	0
6291	0
6292	0
6293	1
6294	0
6295	0
6296	1
6297	0
6298	0
6299	0
6300	0
6301	0
6302	2
6303	0
6304	0
6305	0
6306	1
6307	1
6308	0
6309	1
6310	1
6311	0
6312	1
6313	0
6314	0
6315	0
6316	0
6317	1
6318	0
6319	1
6320	0
6321	2
6322	1
6323	0
6324	1
6325	0
6326	0
6327	1
6328	0
6329	0
6330	1
6331	0
6332	1
6333	1
6334	0
6335	0
6336	0
6337	1
6338	1
6339	0
6340	2
6341	2
6342	0
6343	2
6344	0
6345	1
6346	1
6347	0
6348	0
6349	0
6350	1
6351	0
6352	0
6353	1
6354	0
6355	0
6356	0
6357	0
6358	1
6359	0
6360	0
6361	0
6362	0
6363	0
6364	1
6365	0
6366	0
6367	0
6368	0
6369	0
6370	0
6371	1
6372	1
6373	0
6374	0
6375	0
6376	0
6377	0
6378	0
6379	0
6380	1
6381	1
6382	0
6383	0
6384	0
6385	0
6386	0
6387	0
6388	0
6389	0
6390	0
6391	0
6392	0
6393	0
6394	0
6395	1
6396	0
6397	1
6398	0
6399	0
6400	1
6401	0
6402	2
6403	1
6404	0
6405	2
6406	0
6407	0
6408	0
6409	1
6410	0
6411	0
6412	1
6413	2
6414	0
6415	0
6416	1
6417	1
6418	0
6419	0
6420	0
6421	0
6422	1
6423	0
6424	3
6425	0
6426	0
6427	0
6428	0
6429	0
6430	1
6431	0
6432	1
6433	0
6434	1
6435	0
6436	0
6437	0
6438	0
6439	0
6440	1
6441	0
6442	0
6443	0
6444	0
6445	0
6446	0
6447	1
6448	2
6449	0
6450	1
6451	1
6452	3
6453	1
6454	0
6455	0
6456	0
6457	1
6458	0
6459	0
6460	1
6461	1
6462	0
6463	1
6464	0
6465	0
6466	0
6467	0
6468	1
6469	0
6470	1
6471	0
6472	3
6473	0
6474	0
6475	1
6476	0
6477	1
6478	0
6479	1
6480	0
6481	2
6482	0
6483	3
6484	0
6485	1
6486	0
6487	0
6488	0
6489	1
6490	0
6491	0
6492	0
6493	0
6494	0
6495	1
6496	0
6497	0
6498	0
6499	0
6500	0
6501	0
6502	0
6503	0
6504	1
6505	0
6506	0
6507	0
6508	0
6509	1
6510	1
6511	0
6512	0
6513	1
6514	0
6515	0
6516	0
6517	0
6518	1
6519	0
6520	1
6521	1
6522	0
6523	1
6524	0
6525	0
6526	0
6527	0
6528	0
6529	0
6530	0
6531	0
6532	1
6533	0
6534	2
6535	0
6536	0
6537	1
6538	2
6539	0
6540	0
6541	0
6542	0
6543	0
6544	0
6545	1
6546	1
6547	2
6548	0
6549	0
6550	0
6551	0
6552	0
6553	1
6554	0
6555	0
6556	2
6557	0
6558	1
6559	0
6560	1
6561	0
6562	0
6563	1
6564	0
6565	0
6566	1
6567	1
6568	0
6569	2
6570	1
6571	2
6572	0
6573	0
6574	0
6575	1
6576	1
6577	0
6578	1
6579	1
6580	1
6581	1
6582	0
6583	0
6584	0
6585	0
6586	1
6587	1
6588	0
6589	0
6590	1
6591	0
6592	0
6593	1
6594	0
6595	0
6596	1
6597	0
6598	0
6599	0
6600	0
6601	1
6602	0
6603	0
6604	0
6605	1
6606	1
6607	3
6608	1
6609	1
6610	1
6611	0
6612	1
6613	0
6614	0
6615	0
6616	1
6617	1
6618	0
6619	0
6620	0
6621	0
6622	1
6623	0
6624	1
6625	2
6626	1
6627	3
6628	0
6629	1
6630	0
6631	0
6632	1
6633	0
6634	0
6635	2
6636	0
6637	0
6638	0
6639	1
6640	0
6641	0
6642	2
6643	2
6644	0
6645	2
6646	0
6647	0
6648	0
6649	0
6650	0
6651	0
6652	0
6653	0
6654	0
6655	1
6656	0
6657	0
6658	0
6659	0
6660	0
6661	0
6662	2
6663	0
6664	0
6665	1
6666	0
6667	2
6668	0
6669	0
6670	1
6671	0
6672	1
6673	0
6674	1
6675	0
6676	0
6677	0
6678	1
6679	1
6680	0
6681	0
6682	1
6683	0
6684	1
6685	0
6686	0
6687	1
6688	0
6689	1
6690	0
6691	0
6692	1
6693	1
6694	1
6695	0
6696	0
6697	0
6698	0
6699	1
6700	0
6701	0
6702	1
6703	0
6704	0
6705	0
6706	0
6707	1
6708	0
6709	0
6710	0
6711	1
6712	0
6713	1
6714	1
6715	0
6716	1
6717	1
6718	0
6719	0
6720	0
6721	1
6722	3
6723	1
6724	0
6725	0
6726	0
6727	0
6728	0
6729	0
6730	1
6731	1
6732	0
6733	0
6734	0
6735	2
6736	0
6737	2
6738	0
6739	0
6740	1
6741	2
6742	1
6743	1
6744	0
6745	0
6746	1
6747	2
6748	1
6749	0
6750	1
6751	1
6752	0
6753	0
6754	1
6755	1
6756	0
6757	0
6758	0
6759	0
6760	0
6761	0
6762	0
6763	0
6764	0
6765	0
6766	1
6767	0
6768	1
6769	2
6770	1
6771	1
6772	0
6773	0
6774	0
6775	0
6776	2
6777	0
6778	0
6779	1
6780	0
6781	1
6782	0
6783	3
6784	1
6785	0
6786	1
6787	1
6788	0
6789	0
6790	0
6791	1
6792	0
6793	0
6794	0
6795	1
6796	0
6797	0
6798	2
6799	1
6800	0
6801	0
6802	1
6803	1
6804	4
6805	2
6806	1
6807	1
6808	0
6809	0
6810	0
6811	0
6812	1
6813	2
6814	2
6815	1
6816	1
6817	1
6818	0
6819	0
6820	1
6821	1
6822	0
6823	0
6824	0
6825	0
6826	0
6827	1
6828	0
6829	0
6830	1
6831	0
6832	0
6833	0
6834	0
6835	0
6836	0
6837	0
6838	1
6839	0
6840	0
6841	0
6842	1
6843	0
6844	0
6845	1
6846	1
6847	0
6848	0
6849	2
6850	0
6851	1
6852	0
6853	0
6854	0
6855	0
6856	0
6857	1
6858	0
6859	1
6860	0
6861	3
6862	0
6863	1
6864	0
6865	2
6866	0
6867	0
6868	0
6869	0
6870	0
6871	0
6872	0
6873	0
6874	0
6875	0
6876	0
6877	0
6878	1
6879	1
6880	1
6881	1
6882	0
6883	0
6884	0
6885	0
6886	0
6887	0
6888	0
6889	0
6890	0
6891	2
6892	2
6893	0
6894	0
6895	3
6896	0
6897	0
6898	1
6899	0
6900	0
6901	0
6902	0
6903	0
6904	2
6905	0
6906	0
6907	1
6908	0
6909	0
6910	0
6911	2
6912	1
6913	0
6914	0
6915	1
6916	0
6917	0
6918	0
6919	2
6920	2
6921	0
6922	0
6923	0
6924	1
6925	0
6926	1
6927	1
6928	1
6929	0
6930	0
6931	0
6932	0
6933	0
6934	1
6935	0
6936	1
6937	1
6938	1
6939	0
6940	1
6941	1
6942	0
6943	0
6944	2
6945	1
6946	0
6947	1
6948	1
6949	1
6950	0
6951	0
6952	0
6953	0
6954	2
6955	0
6956	0
6957	1
6958	1
6959	0
6960	0
6961	0
6962	0
6963	0
6964	0
6965	1
6966	1
6967	1
6968	2
6969	1
6970	0
6971	0
6972	1
6973	0
6974	1
6975	2
6976	0
6977	2
6978	1
6979	1
6980	0
6981	1
6982	1
6983	1
6984	1
6985	0
6986	1
6987	0
6988	1
6989	0
6990	0
6991	1
6992	0
6993	0
6994	0
6995	1
6996	0
6997	0
6998	2
6999	0
7000	1
7001	0
7002	0
7003	1
7004	0
7005	0
7006	0
7007	0
7008	1
7009	1
7010	0
7011	0
7012	1
7013	1
7014	0
7015	1
7016	0
7017	0
7018	0
7019	0
7020	0
7021	1
7022	1
7023	1
7024	1
7025	1
7026	1
7027	1
7028	0
7029	0
7030	0
7031	0
7032	1
7033	1
7034	0
7035	1
7036	0
7037	0
7038	0
7039	1
7040	1
7041	1
7042	0
7043	3
7044	0
7045	2
7046	0
7047	1
7048	0
7049	0
7050	0
7051	0
7052	0
7053	0
7054	0
7055	0
7056	1
7057	0
7058	1
7059	0
7060	1
7061	0
7062	0
7063	0
7064	0
7065	0
7066	0
7067	0
7068	1
7069	1
7070	0
7071	1
7072	0
7073	0
7074	0
7075	0
7076	1
7077	1
7078	0
7079	3
7080	0
7081	1
7082	0
7083	1
7084	0
7085	2
7086	0
7087	0
7088	0
7089	1
7090	0
7091	0
7092	0
7093	0
7094	0
7095	0
7096	5
7097	0
7098	0
7099	2
7100	1
7101	1
7102	0
7103	0
7104	0
7105	0
7106	0
7107	0
7108	0
7109	1
7110	0
7111	0
7112	2
7113	0
7114	3
7115	0
7116	0
7117	0
7118	2
7119	0
7120	1
7121	0
7122	1
7123	1
7124	0
7125	0
7126	2
7127	0
7128	0
7129	3
7130	1
7131	1
7132	0
7133	0
7134	1
7135	1
7136	0
7137	0
7138	1
7139	0
7140	1
7141	0
7142	0
7143	0
7144	1
7145	1
7146	1
7147	0
7148	1
7149	1
7150	1
7151	1
7152	1
7153	0
7154	0
7155	2
7156	0
7157	1
7158	1
7159	0
7160	1
7161	2
7162	1
7163	1
7164	1
7165	1
7166	0
7167	0
7168	1
7169	2
7170	3
7171	0
7172	0
7173	1
7174	0
7175	0
7176	2
7177	0
7178	1
7179	0
7180	0
7181	0
7182	1
7183	1
7184	0
7185	0
7186	0
7187	1
7188	1
7189	0
7190	0
7191	0
7192	1
7193	0
7194	2
7195	0
7196	0
7197	0
7198	0
7199	0
7200	0
7201	0
7202	0
7203	1
7204	1
7205	1
7206	0
7207	0
7208	1
7209	0
7210	1
7211	1
7212	0
7213	1
7214	1
7215	0
7216	0
7217	0
7218	1
7219	0
7220	0
7221	0
7222	0
7223	0
7224	0
7225	0
7226	1
7227	0
7228	0
7229	2
7230	0
7231	0
7232	1
7233	1
7234	0
7235	0
7236	1
7237	1
7238	2
7239	1
7240	0
7241	0
7242	2
7243	2
7244	0
7245	0
7246	0
7247	0
7248	0
7249	0
7250	1
7251	0
7252	0
7253	1
7254	0
7255	2
7256	0
7257	1
7258	0
7259	0
7260	1
7261	0
7262	0
7263	0
7264	2
7265	0
7266	1
7267	1
7268	1
7269	1
7270	0
7271	1
7272	0
7273	0
7274	0
7275	1
7276	1
7277	0
7278	0
7279	1
7280	1
7281	0
7282	0
7283	0
7284	1
7285	0
7286	1
7287	0
7288	0
7289	1
7290	2
7291	0
7292	0
7293	0
7294	1
7295	0
7296	1
7297	1
7298	0
7299	1
7300	0
7301	1
7302	0
7303	0
7304	1
7305	0
7306	1
7307	0
7308	2
7309	0
7310	0
7311	0
7312	2
7313	0
7314	0
7315	1
7316	0
7317	0
7318	0
7319	0
7320	1
7321	1
7322	1
7323	1
7324	0
7325	1
7326	0
7327	0
7328	0
7329	0
7330	0
7331	0
7332	0
7333	0
7334	0
7335	1
7336	1
7337	1
7338	1
7339	1
7340	2
7341	0
7342	1
7343	0
7344	0
7345	1
7346	0
7347	0
7348	0
7349	0
7350	0
7351	0
7352	0
7353	0
7354	0
7355	0
7356	2
7357	0
7358	1
7359	0
7360	1
7361	0
7362	0
7363	1
7364	1
7365	0
7366	0
7367	0
7368	1
7369	0
7370	0
7371	1
7372	0
7373	0
7374	1
7375	0
7376	1
7377	0
7378	0
7379	0
7380	0
7381	1
7382	1
7383	0
7384	2
7385	0
7386	0
7387	0
7388	0
7389	1
7390	1
7391	1
7392	1
7393	1
7394	0
7395	0
7396	1
7397	1
7398	0
7399	2
7400	2
7401	0
7402	1
7403	0
7404	0
7405	1
7406	0
7407	1
7408	0
7409	0
7410	0
7411	0
7412	0
7413	0
7414	1
7415	1
7416	1
7417	0
7418	0
7419	0
7420	0
7421	0
7422	0
7423	0
7424	1
7425	1
7426	0
7427	0
7428	0
7429	0
7430	0
7431	0
7432	1
7433	0
7434	0
7435	1
7436	0
7437	0
7438	0
7439	2
7440	2
7441	2
7442	0
7443	1
7444	1
7445	1
7446	0
7447	0
7448	4
7449	0
7450	0
7451	1
7452	1
7453	0
7454	0
7455	0
7456	0
7457	1
7458	0
7459	0
7460	2
7461	0
7462	0
7463	1
7464	0
7465	2
7466	1
7467	0
7468	0
7469	0
7470	0
7471	1
7472	1
7473	2
7474	0
7475	0
7476	2
7477	0
7478	0
7479	0
7480	0
7481	0
7482	1
7483	1
7484	0
7485	0
7486	1
7487	0
7488	0
7489	0
7490	1
7491	0
7492	1
7493	2
7494	0
7495	2
7496	0
7497	1
7498	1
7499	0
7500	0
7501	1
7502	0
7503	0
7504	0
7505	1
7506	0
7507	0
7508	0
7509	0
7510	0
7511	0
7512	0
7513	0
7514	0
7515	0
7516	0
7517	0
7518	0
7519	0
7520	0
7521	1
7522	0
7523	0
7524	1
7525	1
7526	1
7527	1
7528	0
7529	1
7530	1
7531	0
7532	0
7533	0
7534	1
7535	0
7536	0
7537	2
7538	0
7539	1
7540	0
7541	0
7542	0
7543	0
7544	0
7545	0
7546	2
7547	0
7548	0
7549	1
7550	0
7551	0
7552	1
7553	0
7554	0
7555	1
7556	2
7557	0
7558	0
7559	1
7560	1
7561	0
7562	0
7563	0
7564	0
7565	0
7566	0
7567	0
7568	0
7569	0
7570	0
7571	0
7572	0
7573	1
7574	0
7575	0
7576	0
7577	0
7578	0
7579	1
7580	1
7581	0
7582	3
7583	0
7584	0
7585	0
7586	1
7587	1
7588	1
7589	1
7590	0
7591	0
7592	0
7593	0
7594	0
7595	0
7596	0
7597	0
7598	0
7599	0
7600	0
7601	1
7602	1
7603	1
7604	1
7605	0
7606	0
7607	0
7608	2
7609	0
7610	0
7611	0
7612	0
7613	0
7614	0
7615	0
7616	0
7617	1
7618	0
7619	0
7620	0
7621	0
7622	0
7623	0
7624	0
7625	0
7626	0
7627	0
7628	1
7629	1
7630	0
7631	1
7632	1
7633	0
7634	0
7635	0
7636	0
7637	1
7638	1
7639	1
7640	0
7641	0
7642	0
7643	0
7644	0
7645	0
7646	0
7647	0
7648	0
7649	3
7650	0
7651	0
7652	0
7653	0
7654	0
7655	0
7656	1
7657	1
7658	0
7659	0
7660	1
7661	1
7662	0
7663	0
7664	1
7665	0
7666	0
7667	0
7668	0
7669	0
7670	0
7671	0
7672	0
7673	1
7674	0
7675	0
7676	0
7677	1
7678	1
7679	0
7680	0
7681	0
7682	0
7683	0
7684	0
7685	1
7686	0
7687	0
7688	0
7689	0
7690	0
7691	1
7692	0
7693	1
7694	0
7695	1
7696	1
7697	1
7698	0
7699	0
7700	1
7701	1
7702	0
7703	1
7704	0
7705	1
7706	0
7707	0
7708	0
7709	1
7710	0
7711	0
7712	0
7713	0
7714	1
7715	0
7716	0
7717	0
7718	0
7719	0
7720	1
7721	0
7722	1
7723	0
7724	0
7725	1
7726	0
7727	0
7728	1
7729	1
7730	0
7731	0
7732	1
7733	0
7734	0
7735	0
7736	0
7737	0
7738	0
7739	0
7740	0
7741	0
7742	0
7743	0
7744	0
7745	0
7746	0
7747	0
7748	0
7749	1
7750	1
7751	0
7752	0
7753	0
7754	0
7755	0
7756	0
7757	1
7758	1
7759	0
7760	1
7761	0
7762	0
7763	0
7764	1
7765	0
7766	0
7767	0
7768	0
7769	0
7770	0
7771	0
7772	1
7773	1
7774	0
7775	0
7776	0
7777	0
7778	0
7779	0
7780	0
7781	0
7782	0
7783	0
7784	0
7785	0
7786	0
7787	0
7788	0
7789	0
7790	0
7791	0
7792	0
7793	0
7794	0
7795	1
7796	0
7797	0
7798	0
7799	0
7800	0
7801	1
7802	2
7803	0
7804	0
7805	0
7806	0
7807	1
7808	0
7809	1
7810	0
7811	0
7812	0
7813	0
7814	0
7815	0
7816	0
7817	0
7818	0
7819	1
7820	0
7821	0
7822	0
7823	0
7824	1
7825	0
7826	0
7827	0
7828	0
7829	0
7830	1
7831	1
7832	0
7833	0
7834	0
7835	1
7836	0
7837	0
7838	1
7839	0
7840	0
7841	0
7842	0
7843	0
7844	0
7845	0
7846	1
7847	0
7848	1
7849	0
7850	0
7851	0
7852	0
7853	0
7854	1
7855	1
7856	1
7857	0
7858	0
7859	1
7860	0
7861	0
7862	0
7863	0
7864	0
7865	0
7866	0
7867	0
7868	1
7869	0
7870	0
7871	1
7872	0
7873	0
7874	0
7875	0
7876	1
7877	0
7878	0
7879	1
7880	1
7881	0
7882	0
7883	0
7884	0
7885	0
7886	3
7887	0
7888	0
7889	0
7890	0
7891	0
7892	0
7893	0
7894	0
7895	0
7896	0
7897	0
7898	0
7899	0
7900	1
7901	0
7902	0
7903	0
7904	0
7905	1
7906	0
7907	0
7908	0
7909	0
7910	0
7911	0
7912	0
7913	0
7914	0
7915	0
7916	0
7917	0
7918	0
7919	0
7920	0
7921	0
7922	0
7923	0
7924	0
7925	0
7926	0
7927	0
7928	0
7929	0
7930	0
7931	0
7932	0
7933	0
7934	0
7935	0
7936	0
7937	0
7938	0
7939	0
7940	0
7941	0
7942	0
7943	0
7944	0
7945	0
7946	0
7947	0
7948	0
7949	0
7950	0
7951	0
7952	0
7953	0
7954	0
7955	0
7956	0
7957	0
7958	0
7959	0
7960	0
7961	0
7962	0
7963	0
7964	0
7965	0
7966	0
7967	0
7968	0
7969	0
7970	0
7971	0
7972	0
7973	0
7974	0
7975	0
7976	0
7977	0
7978	0
7979	0
7980	0
7981	0
7982	0
7983	0
7984	0
7985	0
7986	0
7987	0
7988	0
7989	0
7990	0
7991	0
7992	0
7993	0
7994	0
7995	0
7996	0
7997	0
7998	0
7999	0
8000	0
8001	0
8002	0
8003	0
8004	0
8005	0
8006	0
8007	0
8008	0
8009	0
8010	0
8011	0
8012	0
8013	0
8014	0
8015	0
8016	0
8017	0
8018	0
8019	0
8020	0
8021	0
8022	0
8023	0
8024	0
8025	0
8026	0
8027	0
8028	0
8029	0
8030	0
8031	0
8032	0
8033	0
8034	0
8035	0
8036	0
8037	0
8038	0
8039	0
8040	0
8041	0
8042	0
8043	0
8044	0
8045	0
8046	0
8047	0
8048	0
8049	0
8050	0
8051	0
8052	0
8053	0
8054	0
8055	0
8056	0
8057	0
8058	0
8059	0
8060	0
8061	0
8062	0
8063	0
8064	0
8065	0
8066	0
8067	0
8068	0
8069	0
8070	0
8071	0
8072	0
8073	0
8074	0
8075	0
8076	0
8077	0
8078	0
8079	0
8080	0
8081	0
8082	0
8083	0
8084	0
8085	0
8086	0
8087	0
8088	0
8089	0
8090	0
8091	0
8092	0
8093	0
8094	0
8095	0
8096	0
8097	0
8098	0
8099	0
8100	0
8101	0
8102	0
8103	0
8104	0
8105	0
8106	0
8107	0
8108	0
8109	0
8110	0
8111	0
8112	0
8113	0
8114	0
8115	0
8116	0
8117	0
8118	0
8119	0
8120	0
8121	0
8122	0
8123	0
8124	0
8125	0
8126	0
8127	0
8128	0
8129	0
8130	0
8131	0
8132	0
8133	0
8134	0
8135	0
8136	0
8137	0
8138	0
8139	0
8140	0
8141	0
8142	0
8143	0
8144	0
8145	0
8146	0
8147	0
8148	0
8149	0
8150	0
8151	0
8152	0
8153	0
8154	0
8155	0
8156	0
8157	0
8158	0
8159	0
8160	0
8161	0
8162	0
8163	0
8164	0
8165	0
8166	0
8167	0
8168	0
8169	0
8170	0
8171	0
8172	0
8173	0
8174	0
8175	0
8176	0
8177	0
8178	0
8179	0
8180	0
8181	0
8182	0
8183	0
8184	0
8185	0
8186	0
8187	0
8188	0
8189	0
8190	0
8191	0
