0	0
1	0
2	0
3	0
4	0
5	0
6	0
7	0
8	0
9	0
10	0
11	0
12	0
13	0
14	0
15	0
16	0
17	0
18	0
19	0
20	0
21	0
22	0
23	0
24	0
25	0
26	0
27	0
28	0
29	0
30	0
31	0
32	0
33	0
34	0
35	0
36	0
37	0
38	0
39	0
40	0
41	0
42	0
43	0
44	0
45	0
46	0
47	0
48	0
49	0
50	0
51	0
52	0
53	0
54	0
55	0
56	0
57	0
58	0
59	0
60	0
61	0
62	0
63	0
64	0
65	0
66	0
67	0
68	0
69	0
70	0
71	0
72	0
73	0
74	0
75	0
76	0
77	0
78	0
79	0
80	0
81	0
82	0
83	7
84	8
85	23
86	24
87	10
88	20
89	14
90	24
91	22
92	11
93	19
94	20
95	26
96	22
97	22
98	17
99	20
100	16
101	18
102	22
103	18
104	20
105	15
106	18
107	13
108	19
109	21
110	23
111	21
112	21
113	25
114	13
115	23
116	12
117	14
118	19
119	21
120	27
121	32
122	19
123	13
124	19
125	15
126	27
127	19
128	20
129	22
130	14
131	16
132	21
133	20
134	23
135	29
136	27
137	22
138	17
139	21
140	29
141	21
142	17
143	20
144	15
145	24
146	13
147	15
148	27
149	17
150	11
151	17
152	20
153	23
154	20
155	21
156	14
157	19
158	15
159	16
160	16
161	23
162	29
163	21
164	17
165	21
166	20
167	19
168	21
169	21
170	19
171	22
172	23
173	18
174	12
175	13
176	21
177	20
178	21
179	27
180	20
181	19
182	20
183	16
184	24
185	12
186	27
187	25
188	20
189	30
190	19
191	23
192	31
193	20
194	27
195	24
196	15
197	19
198	15
199	24
200	19
201	23
202	17
203	19
204	12
205	21
206	23
207	27
208	15
209	27
210	23
211	18
212	14
213	26
214	17
215	23
216	12
217	28
218	25
219	15
220	15
221	26
222	19
223	14
224	14
225	33
226	24
227	31
228	19
229	25
230	23
231	17
232	20
233	17
234	24
235	18
236	30
237	15
238	18
239	18
240	21
241	27
242	23
243	17
244	30
245	20
246	18
247	17
248	25
249	15
250	27
251	24
252	26
253	18
254	18
255	25
256	18
257	20
258	24
259	29
260	22
261	23
262	19
263	25
264	19
265	26
266	31
267	15
268	26
269	18
270	25
271	23
272	24
273	17
274	20
275	18
276	21
277	23
278	19
279	20
280	16
281	19
282	22
283	17
284	19
285	22
286	23
287	28
288	29
289	20
290	27
291	33
292	22
293	27
294	22
295	21
296	24
297	23
298	20
299	18
300	19
301	25
302	19
303	18
304	34
305	34
306	19
307	16
308	19
309	30
310	29
311	17
312	21
313	26
314	23
315	19
316	28
317	23
318	15
319	24
320	24
321	24
322	29
323	26
324	21
325	22
326	18
327	26
328	25
329	20
330	17
331	22
332	20
333	22
334	19
335	24
336	21
337	26
338	21
339	24
340	24
341	25
342	16
343	20
344	17
345	17
346	27
347	21
348	22
349	21
350	23
351	26
352	21
353	20
354	29
355	22
356	14
357	32
358	14
359	26
360	18
361	25
362	23
363	28
364	22
365	16
366	25
367	14
368	17
369	21
370	15
371	36
372	30
373	17
374	21
375	25
376	29
377	22
378	23
379	25
380	25
381	16
382	14
383	19
384	28
385	19
386	19
387	22
388	18
389	23
390	29
391	24
392	20
393	34
394	26
395	27
396	25
397	20
398	15
399	16
400	27
401	28
402	28
403	17
404	24
405	21
406	20
407	29
408	32
409	31
410	24
411	34
412	31
413	21
414	25
415	31
416	25
417	30
418	24
419	25
420	20
421	23
422	18
423	23
424	25
425	23
426	30
427	23
428	28
429	22
430	25
431	32
432	33
433	24
434	30
435	39
436	31
437	21
438	26
439	21
440	22
441	20
442	31
443	22
444	26
445	23
446	27
447	28
448	28
449	27
450	29
451	29
452	31
453	29
454	32
455	34
456	26
457	32
458	30
459	38
460	24
461	24
462	29
463	30
464	29
465	29
466	38
467	31
468	28
469	34
470	24
471	26
472	23
473	24
474	36
475	27
476	29
477	32
478	29
479	35
480	29
481	32
482	38
483	27
484	34
485	24
486	28
487	39
488	38
489	30
490	36
491	42
492	27
493	31
494	50
495	35
496	42
497	42
498	39
499	36
500	42
501	29
502	42
503	35
504	42
505	40
506	44
507	40
508	34
509	41
510	49
511	49
512	44
513	37
514	25
515	46
516	40
517	36
518	40
519	43
520	37
521	35
522	29
523	35
524	34
525	50
526	39
527	35
528	41
529	34
530	44
531	34
532	39
533	40
534	30
535	37
536	36
537	36
538	36
539	47
540	47
541	37
542	39
543	29
544	38
545	36
546	33
547	37
548	39
549	32
550	44
551	29
552	43
553	35
554	44
555	49
556	34
557	28
558	40
559	41
560	35
561	41
562	33
563	31
564	28
565	32
566	36
567	27
568	43
569	27
570	43
571	36
572	27
573	29
574	37
575	28
576	39
577	44
578	30
579	31
580	24
581	26
582	40
583	34
584	42
585	32
586	36
587	37
588	26
589	30
590	34
591	33
592	35
593	29
594	31
595	26
596	33
597	31
598	45
599	26
600	33
601	20
602	28
603	40
604	29
605	33
606	36
607	35
608	30
609	31
610	26
611	22
612	35
613	33
614	33
615	28
616	32
617	28
618	35
619	38
620	34
621	31
622	25
623	29
624	37
625	32
626	38
627	27
628	20
629	32
630	33
631	32
632	34
633	31
634	26
635	27
636	32
637	20
638	33
639	33
640	31
641	32
642	25
643	26
644	25
645	28
646	29
647	25
648	39
649	30
650	24
651	30
652	24
653	32
654	35
655	43
656	19
657	35
658	21
659	35
660	33
661	30
662	30
663	23
664	31
665	30
666	40
667	33
668	32
669	35
670	36
671	27
672	21
673	28
674	29
675	39
676	34
677	30
678	34
679	31
680	35
681	26
682	31
683	40
684	38
685	26
686	20
687	28
688	32
689	28
690	29
691	25
692	23
693	37
694	25
695	34
696	28
697	28
698	30
699	36
700	29
701	33
702	33
703	27
704	30
705	31
706	31
707	25
708	32
709	24
710	29
711	31
712	30
713	25
714	38
715	34
716	29
717	36
718	35
719	26
720	39
721	33
722	41
723	32
724	25
725	40
726	33
727	29
728	27
729	30
730	44
731	26
732	23
733	28
734	34
735	35
736	40
737	40
738	37
739	29
740	35
741	28
742	30
743	27
744	29
745	37
746	41
747	41
748	34
749	33
750	29
751	30
752	37
753	26
754	30
755	30
756	33
757	34
758	34
759	26
760	23
761	45
762	38
763	36
764	33
765	37
766	25
767	42
768	41
769	34
770	34
771	32
772	34
773	40
774	42
775	44
776	36
777	25
778	38
779	39
780	40
781	39
782	27
783	39
784	32
785	30
786	44
787	39
788	45
789	35
790	25
791	31
792	47
793	32
794	38
795	35
796	35
797	41
798	37
799	35
800	29
801	33
802	48
803	26
804	32
805	48
806	38
807	34
808	30
809	34
810	28
811	38
812	38
813	31
814	30
815	44
816	42
817	51
818	34
819	37
820	43
821	40
822	34
823	32
824	35
825	40
826	32
827	34
828	36
829	44
830	43
831	37
832	37
833	48
834	56
835	27
836	38
837	33
838	40
839	37
840	35
841	43
842	46
843	22
844	38
845	35
846	38
847	42
848	39
849	26
850	36
851	36
852	34
853	46
854	36
855	50
856	39
857	45
858	38
859	36
860	42
861	42
862	51
863	37
864	38
865	43
866	42
867	47
868	40
869	36
870	40
871	49
872	30
873	46
874	44
875	34
876	39
877	34
878	40
879	39
880	35
881	39
882	42
883	38
884	48
885	55
886	32
887	36
888	36
889	39
890	32
891	30
892	39
893	39
894	39
895	30
896	37
897	40
898	57
899	33
900	43
901	39
902	53
903	46
904	30
905	39
906	24
907	54
908	27
909	35
910	30
911	36
912	43
913	35
914	37
915	38
916	44
917	45
918	39
919	33
920	49
921	43
922	50
923	41
924	39
925	42
926	40
927	36
928	48
929	38
930	49
931	29
932	35
933	45
934	47
935	35
936	45
937	44
938	40
939	39
940	31
941	44
942	51
943	43
944	44
945	31
946	46
947	40
948	41
949	62
950	53
951	39
952	53
953	30
954	36
955	52
956	38
957	41
958	58
959	41
960	41
961	38
962	27
963	36
964	32
965	43
966	37
967	45
968	45
969	42
970	33
971	38
972	45
973	49
974	42
975	42
976	53
977	57
978	35
979	43
980	47
981	41
982	24
983	48
984	42
985	44
986	60
987	41
988	54
989	48
990	34
991	34
992	49
993	43
994	40
995	49
996	44
997	39
998	47
999	45
1000	60
1001	30
1002	40
1003	44
1004	46
1005	48
1006	40
1007	45
1008	47
1009	37
1010	48
1011	53
1012	42
1013	45
1014	58
1015	42
1016	37
1017	43
1018	48
1019	45
1020	32
1021	37
1022	35
1023	42
1024	51
1025	47
1026	39
1027	37
1028	35
1029	52
1030	49
1031	47
1032	53
1033	41
1034	36
1035	26
1036	48
1037	42
1038	42
1039	40
1040	39
1041	34
1042	35
1043	41
1044	57
1045	30
1046	44
1047	43
1048	41
1049	62
1050	39
1051	47
1052	49
1053	55
1054	62
1055	27
1056	42
1057	36
1058	54
1059	52
1060	53
1061	55
1062	43
1063	50
1064	54
1065	50
1066	36
1067	33
1068	47
1069	39
1070	39
1071	44
1072	46
1073	47
1074	41
1075	44
1076	41
1077	41
1078	43
1079	55
1080	46
1081	35
1082	35
1083	34
1084	44
1085	43
1086	47
1087	51
1088	45
1089	53
1090	38
1091	46
1092	37
1093	53
1094	49
1095	55
1096	52
1097	48
1098	36
1099	40
1100	44
1101	39
1102	42
1103	42
1104	48
1105	47
1106	39
1107	42
1108	58
1109	48
1110	36
1111	52
1112	47
1113	37
1114	51
1115	51
1116	39
1117	42
1118	37
1119	55
1120	50
1121	36
1122	43
1123	41
1124	56
1125	37
1126	48
1127	47
1128	43
1129	63
1130	47
1131	46
1132	45
1133	52
1134	45
1135	38
1136	48
1137	44
1138	48
1139	49
1140	55
1141	51
1142	45
1143	57
1144	49
1145	60
1146	38
1147	49
1148	53
1149	48
1150	44
1151	53
1152	47
1153	42
1154	54
1155	43
1156	49
1157	42
1158	38
1159	51
1160	64
1161	50
1162	52
1163	46
1164	50
1165	45
1166	43
1167	61
1168	49
1169	34
1170	49
1171	33
1172	42
1173	42
1174	51
1175	48
1176	53
1177	56
1178	54
1179	45
1180	41
1181	42
1182	48
1183	43
1184	49
1185	44
1186	57
1187	43
1188	48
1189	43
1190	44
1191	49
1192	48
1193	42
1194	43
1195	43
1196	58
1197	47
1198	46
1199	58
1200	41
1201	32
1202	44
1203	45
1204	54
1205	55
1206	53
1207	43
1208	48
1209	46
1210	48
1211	51
1212	39
1213	53
1214	45
1215	57
1216	54
1217	50
1218	50
1219	52
1220	45
1221	47
1222	49
1223	45
1224	54
1225	47
1226	49
1227	52
1228	56
1229	54
1230	48
1231	44
1232	53
1233	49
1234	39
1235	38
1236	54
1237	47
1238	55
1239	44
1240	44
1241	40
1242	52
1243	41
1244	48
1245	45
1246	51
1247	49
1248	43
1249	41
1250	58
1251	49
1252	51
1253	58
1254	37
1255	46
1256	67
1257	45
1258	45
1259	48
1260	57
1261	48
1262	44
1263	47
1264	45
1265	51
1266	61
1267	48
1268	68
1269	50
1270	52
1271	48
1272	54
1273	52
1274	58
1275	43
1276	63
1277	39
1278	57
1279	48
1280	44
1281	55
1282	47
1283	50
1284	52
1285	39
1286	64
1287	53
1288	48
1289	48
1290	42
1291	48
1292	38
1293	45
1294	55
1295	51
1296	51
1297	42
1298	48
1299	43
1300	47
1301	42
1302	46
1303	51
1304	42
1305	51
1306	46
1307	39
1308	48
1309	46
1310	46
1311	46
1312	47
1313	45
1314	39
1315	43
1316	42
1317	52
1318	38
1319	55
1320	42
1321	46
1322	47
1323	36
1324	59
1325	51
1326	51
1327	42
1328	49
1329	48
1330	38
1331	55
1332	45
1333	45
1334	60
1335	41
1336	58
1337	53
1338	60
1339	45
1340	45
1341	57
1342	53
1343	61
1344	51
1345	48
1346	45
1347	44
1348	36
1349	45
1350	38
1351	41
1352	36
1353	51
1354	54
1355	47
1356	44
1357	50
1358	49
1359	49
1360	43
1361	51
1362	41
1363	50
1364	37
1365	50
1366	46
1367	44
1368	39
1369	44
1370	59
1371	53
1372	64
1373	32
1374	37
1375	53
1376	47
1377	42
1378	44
1379	48
1380	50
1381	55
1382	48
1383	40
1384	40
1385	31
1386	51
1387	46
1388	43
1389	43
1390	46
1391	38
1392	59
1393	51
1394	45
1395	39
1396	42
1397	35
1398	46
1399	39
1400	47
1401	45
1402	33
1403	52
1404	31
1405	33
1406	42
1407	35
1408	56
1409	40
1410	43
1411	34
1412	42
1413	39
1414	41
1415	49
1416	46
1417	39
1418	46
1419	35
1420	37
1421	31
1422	37
1423	48
1424	48
1425	44
1426	48
1427	51
1428	44
1429	43
1430	40
1431	41
1432	49
1433	46
1434	44
1435	42
1436	42
1437	57
1438	43
1439	48
1440	39
1441	42
1442	51
1443	54
1444	51
1445	44
1446	50
1447	42
1448	46
1449	51
1450	47
1451	31
1452	45
1453	44
1454	43
1455	46
1456	45
1457	34
1458	54
1459	37
1460	41
1461	46
1462	42
1463	52
1464	44
1465	36
1466	48
1467	58
1468	48
1469	38
1470	42
1471	38
1472	33
1473	45
1474	53
1475	36
1476	36
1477	39
1478	41
1479	48
1480	46
1481	39
1482	37
1483	42
1484	44
1485	51
1486	38
1487	32
1488	46
1489	66
1490	41
1491	44
1492	53
1493	49
1494	50
1495	49
1496	39
1497	42
1498	58
1499	48
1500	38
1501	52
1502	28
1503	43
1504	42
1505	43
1506	45
1507	46
1508	44
1509	47
1510	48
1511	46
1512	56
1513	47
1514	51
1515	44
1516	45
1517	53
1518	48
1519	45
1520	45
1521	54
1522	40
1523	60
1524	47
1525	54
1526	56
1527	46
1528	52
1529	48
1530	52
1531	41
1532	52
1533	52
1534	55
1535	56
1536	37
1537	51
1538	38
1539	56
1540	50
1541	36
1542	39
1543	58
1544	52
1545	43
1546	59
1547	55
1548	55
1549	49
1550	41
1551	51
1552	47
1553	60
1554	54
1555	56
1556	56
1557	56
1558	44
1559	51
1560	45
1561	54
1562	61
1563	55
1564	50
1565	52
1566	48
1567	47
1568	49
1569	53
1570	51
1571	48
1572	51
1573	63
1574	36
1575	49
1576	53
1577	56
1578	54
1579	54
1580	43
1581	54
1582	54
1583	59
1584	44
1585	46
1586	59
1587	52
1588	59
1589	72
1590	49
1591	55
1592	54
1593	59
1594	56
1595	62
1596	53
1597	52
1598	49
1599	58
1600	60
1601	56
1602	49
1603	65
1604	75
1605	49
1606	56
1607	65
1608	58
1609	50
1610	53
1611	53
1612	57
1613	63
1614	56
1615	62
1616	54
1617	51
1618	58
1619	53
1620	43
1621	60
1622	54
1623	50
1624	52
1625	59
1626	51
1627	52
1628	54
1629	51
1630	53
1631	51
1632	68
1633	59
1634	64
1635	48
1636	72
1637	71
1638	60
1639	73
1640	50
1641	70
1642	56
1643	68
1644	60
1645	64
1646	49
1647	66
1648	62
1649	54
1650	72
1651	53
1652	46
1653	64
1654	61
1655	61
1656	68
1657	53
1658	75
1659	60
1660	51
1661	60
1662	53
1663	49
1664	62
1665	65
1666	70
1667	50
1668	69
1669	58
1670	60
1671	65
1672	80
1673	56
1674	77
1675	54
1676	50
1677	59
1678	50
1679	64
1680	53
1681	53
1682	58
1683	49
1684	81
1685	71
1686	62
1687	68
1688	47
1689	65
1690	68
1691	64
1692	74
1693	70
1694	74
1695	64
1696	80
1697	72
1698	70
1699	70
1700	65
1701	73
1702	80
1703	62
1704	69
1705	59
1706	75
1707	60
1708	51
1709	44
1710	56
1711	66
1712	58
1713	65
1714	59
1715	58
1716	54
1717	58
1718	58
1719	63
1720	58
1721	61
1722	50
1723	52
1724	63
1725	65
1726	56
1727	54
1728	53
1729	68
1730	60
1731	80
1732	59
1733	52
1734	48
1735	57
1736	53
1737	54
1738	67
1739	53
1740	43
1741	61
1742	44
1743	51
1744	61
1745	78
1746	48
1747	59
1748	66
1749	59
1750	44
1751	64
1752	61
1753	63
1754	62
1755	49
1756	56
1757	62
1758	54
1759	55
1760	57
1761	69
1762	49
1763	45
1764	70
1765	56
1766	55
1767	54
1768	48
1769	45
1770	49
1771	54
1772	51
1773	53
1774	51
1775	29
1776	57
1777	55
1778	47
1779	50
1780	48
1781	51
1782	41
1783	36
1784	32
1785	55
1786	53
1787	54
1788	49
1789	54
1790	47
1791	42
1792	49
1793	50
1794	46
1795	35
1796	41
1797	34
1798	48
1799	52
1800	36
1801	46
1802	43
1803	30
1804	49
1805	48
1806	40
1807	43
1808	42
1809	51
1810	33
1811	45
1812	52
1813	42
1814	35
1815	51
1816	40
1817	29
1818	39
1819	36
1820	37
1821	42
1822	37
1823	60
1824	42
1825	40
1826	46
1827	33
1828	42
1829	44
1830	43
1831	45
1832	39
1833	35
1834	37
1835	38
1836	45
1837	33
1838	47
1839	33
1840	53
1841	41
1842	45
1843	37
1844	43
1845	33
1846	37
1847	38
1848	40
1849	42
1850	53
1851	30
1852	47
1853	41
1854	36
1855	42
1856	32
1857	27
1858	34
1859	36
1860	45
1861	30
1862	33
1863	33
1864	31
1865	32
1866	45
1867	39
1868	33
1869	26
1870	32
1871	32
1872	32
1873	36
1874	23
1875	38
1876	40
1877	40
1878	35
1879	39
1880	31
1881	37
1882	43
1883	32
1884	30
1885	33
1886	34
1887	35
1888	35
1889	36
1890	30
1891	34
1892	36
1893	35
1894	39
1895	35
1896	36
1897	25
1898	23
1899	41
1900	38
1901	35
1902	38
1903	31
1904	30
1905	31
1906	36
1907	29
1908	50
1909	31
1910	34
1911	37
1912	30
1913	29
1914	29
1915	26
1916	32
1917	24
1918	33
1919	36
1920	24
1921	31
1922	37
1923	28
1924	30
1925	38
1926	33
1927	35
1928	25
1929	41
1930	34
1931	36
1932	32
1933	40
1934	31
1935	26
1936	24
1937	24
1938	21
1939	37
1940	39
1941	37
1942	25
1943	21
1944	36
1945	35
1946	37
1947	36
1948	32
1949	34
1950	34
1951	34
1952	26
1953	28
1954	30
1955	30
1956	33
1957	34
1958	28
1959	37
1960	28
1961	28
1962	32
1963	26
1964	35
1965	26
1966	30
1967	29
1968	27
1969	31
1970	25
1971	34
1972	33
1973	31
1974	23
1975	35
1976	31
1977	28
1978	29
1979	21
1980	34
1981	37
1982	25
1983	35
1984	24
1985	35
1986	28
1987	35
1988	29
1989	22
1990	33
1991	34
1992	41
1993	27
1994	30
1995	27
1996	29
1997	37
1998	27
1999	29
2000	22
2001	28
2002	32
2003	29
2004	25
2005	27
2006	28
2007	27
2008	25
2009	22
2010	36
2011	21
2012	28
2013	32
2014	22
2015	22
2016	19
2017	26
2018	33
2019	23
2020	30
2021	30
2022	28
2023	21
2024	23
2025	35
2026	28
2027	25
2028	23
2029	36
2030	28
2031	26
2032	26
2033	34
2034	35
2035	21
2036	34
2037	25
2038	31
2039	32
2040	31
2041	33
2042	22
2043	20
2044	35
2045	30
2046	32
2047	37
2048	28
2049	30
2050	38
2051	24
2052	34
2053	24
2054	33
2055	27
2056	22
2057	23
2058	27
2059	31
2060	32
2061	28
2062	34
2063	29
2064	25
2065	21
2066	28
2067	31
2068	25
2069	29
2070	23
2071	31
2072	30
2073	26
2074	23
2075	32
2076	27
2077	34
2078	34
2079	38
2080	27
2081	32
2082	29
2083	22
2084	21
2085	22
2086	31
2087	26
2088	23
2089	27
2090	35
2091	21
2092	35
2093	22
2094	25
2095	29
2096	22
2097	34
2098	27
2099	29
2100	26
2101	28
2102	26
2103	21
2104	29
2105	29
2106	27
2107	27
2108	27
2109	27
2110	34
2111	32
2112	25
2113	33
2114	33
2115	20
2116	32
2117	31
2118	29
2119	32
2120	29
2121	28
2122	27
2123	27
2124	28
2125	23
2126	23
2127	26
2128	26
2129	22
2130	29
2131	42
2132	23
2133	26
2134	32
2135	38
2136	24
2137	34
2138	25
2139	35
2140	26
2141	20
2142	17
2143	34
2144	29
2145	35
2146	19
2147	13
2148	22
2149	31
2150	15
2151	30
2152	31
2153	25
2154	25
2155	31
2156	38
2157	27
2158	27
2159	28
2160	18
2161	24
2162	26
2163	25
2164	31
2165	20
2166	21
2167	22
2168	28
2169	31
2170	27
2171	23
2172	25
2173	29
2174	24
2175	31
2176	27
2177	28
2178	27
2179	23
2180	18
2181	28
2182	32
2183	25
2184	25
2185	33
2186	20
2187	29
2188	29
2189	15
2190	20
2191	32
2192	32
2193	26
2194	26
2195	31
2196	29
2197	29
2198	26
2199	18
2200	24
2201	20
2202	24
2203	25
2204	16
2205	24
2206	24
2207	28
2208	25
2209	18
2210	28
2211	19
2212	28
2213	29
2214	31
2215	18
2216	35
2217	33
2218	23
2219	27
2220	23
2221	14
2222	26
2223	12
2224	26
2225	31
2226	15
2227	27
2228	25
2229	21
2230	22
2231	26
2232	22
2233	25
2234	23
2235	32
2236	26
2237	25
2238	26
2239	19
2240	26
2241	32
2242	19
2243	29
2244	27
2245	17
2246	31
2247	25
2248	29
2249	26
2250	27
2251	19
2252	31
2253	22
2254	20
2255	26
2256	24
2257	23
2258	29
2259	22
2260	27
2261	29
2262	23
2263	27
2264	26
2265	22
2266	24
2267	27
2268	21
2269	25
2270	19
2271	21
2272	27
2273	30
2274	20
2275	30
2276	25
2277	28
2278	27
2279	28
2280	26
2281	23
2282	20
2283	23
2284	27
2285	20
2286	28
2287	27
2288	32
2289	38
2290	29
2291	22
2292	27
2293	22
2294	32
2295	27
2296	24
2297	26
2298	26
2299	33
2300	23
2301	10
2302	35
2303	25
2304	29
2305	18
2306	29
2307	26
2308	30
2309	18
2310	16
2311	22
2312	22
2313	18
2314	17
2315	30
2316	21
2317	29
2318	32
2319	29
2320	25
2321	21
2322	29
2323	22
2324	26
2325	29
2326	27
2327	16
2328	29
2329	23
2330	24
2331	20
2332	22
2333	30
2334	25
2335	24
2336	18
2337	28
2338	28
2339	19
2340	24
2341	19
2342	22
2343	18
2344	30
2345	31
2346	25
2347	22
2348	37
2349	22
2350	19
2351	24
2352	25
2353	23
2354	24
2355	33
2356	22
2357	35
2358	17
2359	29
2360	17
2361	19
2362	28
2363	29
2364	20
2365	23
2366	26
2367	17
2368	20
2369	27
2370	16
2371	24
2372	29
2373	30
2374	28
2375	25
2376	23
2377	17
2378	24
2379	28
2380	32
2381	31
2382	32
2383	16
2384	21
2385	30
2386	32
2387	20
2388	21
2389	20
2390	28
2391	15
2392	28
2393	34
2394	22
2395	26
2396	21
2397	20
2398	36
2399	29
2400	21
2401	21
2402	20
2403	25
2404	22
2405	16
2406	21
2407	28
2408	22
2409	14
2410	28
2411	27
2412	18
2413	26
2414	21
2415	30
2416	23
2417	15
2418	29
2419	17
2420	17
2421	28
2422	24
2423	19
2424	25
2425	25
2426	23
2427	29
2428	26
2429	32
2430	25
2431	28
2432	24
2433	26
2434	24
2435	34
2436	27
2437	27
2438	28
2439	23
2440	22
2441	25
2442	26
2443	22
2444	24
2445	31
2446	25
2447	19
2448	21
2449	25
2450	23
2451	35
2452	21
2453	19
2454	16
2455	14
2456	21
2457	28
2458	25
2459	29
2460	16
2461	24
2462	18
2463	31
2464	18
2465	21
2466	30
2467	21
2468	23
2469	21
2470	28
2471	30
2472	21
2473	28
2474	25
2475	36
2476	29
2477	27
2478	12
2479	27
2480	22
2481	18
2482	19
2483	21
2484	25
2485	21
2486	19
2487	23
2488	21
2489	28
2490	25
2491	21
2492	26
2493	20
2494	26
2495	16
2496	25
2497	29
2498	23
2499	23
2500	17
2501	25
2502	21
2503	19
2504	21
2505	19
2506	26
2507	14
2508	28
2509	21
2510	31
2511	27
2512	20
2513	26
2514	24
2515	32
2516	27
2517	29
2518	15
2519	27
2520	20
2521	27
2522	23
2523	25
2524	20
2525	23
2526	17
2527	24
2528	23
2529	18
2530	28
2531	25
2532	19
2533	28
2534	20
2535	20
2536	28
2537	25
2538	17
2539	19
2540	25
2541	22
2542	23
2543	27
2544	24
2545	26
2546	19
2547	16
2548	18
2549	30
2550	20
2551	31
2552	22
2553	15
2554	22
2555	17
2556	15
2557	21
2558	7
2559	32
2560	17
2561	24
2562	30
2563	30
2564	21
2565	30
2566	23
2567	23
2568	22
2569	23
2570	30
2571	24
2572	33
2573	16
2574	22
2575	25
2576	14
2577	27
2578	14
2579	21
2580	24
2581	32
2582	29
2583	20
2584	21
2585	23
2586	22
2587	25
2588	30
2589	31
2590	25
2591	27
2592	17
2593	18
2594	20
2595	25
2596	21
2597	21
2598	25
2599	24
2600	21
2601	21
2602	20
2603	28
2604	30
2605	25
2606	22
2607	13
2608	18
2609	17
2610	18
2611	25
2612	23
2613	21
2614	18
2615	18
2616	24
2617	24
2618	11
2619	21
2620	19
2621	23
2622	25
2623	25
2624	20
2625	20
2626	17
2627	22
2628	24
2629	27
2630	22
2631	24
2632	23
2633	21
2634	20
2635	18
2636	32
2637	27
2638	28
2639	16
2640	27
2641	22
2642	28
2643	30
2644	25
2645	26
2646	19
2647	23
2648	25
2649	25
2650	22
2651	30
2652	25
2653	12
2654	20
2655	20
2656	21
2657	20
2658	13
2659	21
2660	11
2661	21
2662	25
2663	25
2664	24
2665	24
2666	17
2667	27
2668	29
2669	26
2670	29
2671	28
2672	23
2673	19
2674	19
2675	17
2676	25
2677	27
2678	26
2679	24
2680	26
2681	23
2682	21
2683	18
2684	28
2685	23
2686	19
2687	15
2688	32
2689	20
2690	20
2691	16
2692	23
2693	22
2694	22
2695	28
2696	27
2697	14
2698	24
2699	25
2700	28
2701	24
2702	12
2703	21
2704	15
2705	29
2706	13
2707	20
2708	19
2709	19
2710	17
2711	31
2712	17
2713	17
2714	22
2715	21
2716	15
2717	16
2718	18
2719	21
2720	30
2721	18
2722	21
2723	17
2724	20
2725	28
2726	21
2727	21
2728	19
2729	16
2730	30
2731	16
2732	21
2733	28
2734	17
2735	25
2736	34
2737	27
2738	22
2739	17
2740	17
2741	24
2742	23
2743	22
2744	25
2745	27
2746	26
2747	26
2748	21
2749	24
2750	18
2751	24
2752	20
2753	40
2754	31
2755	26
2756	13
2757	17
2758	21
2759	17
2760	22
2761	24
2762	32
2763	20
2764	30
2765	26
2766	11
2767	25
2768	20
2769	13
2770	24
2771	15
2772	30
2773	16
2774	30
2775	22
2776	29
2777	28
2778	32
2779	26
2780	19
2781	21
2782	27
2783	17
2784	22
2785	16
2786	17
2787	16
2788	21
2789	19
2790	16
2791	24
2792	25
2793	19
2794	26
2795	23
2796	19
2797	24
2798	14
2799	17
2800	23
2801	14
2802	19
2803	24
2804	31
2805	20
2806	29
2807	18
2808	16
2809	12
2810	13
2811	36
2812	25
2813	21
2814	23
2815	18
2816	28
2817	21
2818	17
2819	27
2820	16
2821	19
2822	16
2823	16
2824	23
2825	25
2826	11
2827	20
2828	17
2829	17
2830	17
2831	11
2832	26
2833	19
2834	19
2835	19
2836	32
2837	22
2838	18
2839	18
2840	15
2841	20
2842	20
2843	19
2844	20
2845	24
2846	20
2847	28
2848	25
2849	20
2850	24
2851	22
2852	21
2853	17
2854	30
2855	24
2856	21
2857	17
2858	28
2859	15
2860	15
2861	15
2862	18
2863	19
2864	20
2865	26
2866	20
2867	17
2868	19
2869	23
2870	27
2871	17
2872	22
2873	20
2874	21
2875	19
2876	21
2877	24
2878	30
2879	22
2880	17
2881	17
2882	20
2883	24
2884	19
2885	19
2886	16
2887	26
2888	29
2889	21
2890	13
2891	19
2892	28
2893	25
2894	18
2895	26
2896	12
2897	17
2898	16
2899	20
2900	20
2901	23
2902	14
2903	21
2904	22
2905	20
2906	18
2907	17
2908	16
2909	17
2910	18
2911	21
2912	21
2913	15
2914	15
2915	15
2916	16
2917	16
2918	13
2919	15
2920	17
2921	18
2922	28
2923	25
2924	23
2925	20
2926	25
2927	21
2928	14
2929	16
2930	22
2931	19
2932	22
2933	17
2934	20
2935	13
2936	13
2937	19
2938	17
2939	18
2940	16
2941	21
2942	22
2943	17
2944	25
2945	27
2946	16
2947	26
2948	21
2949	17
2950	12
2951	21
2952	13
2953	26
2954	21
2955	18
2956	16
2957	11
2958	25
2959	19
2960	16
2961	13
2962	20
2963	27
2964	16
2965	28
2966	17
2967	20
2968	21
2969	19
2970	18
2971	14
2972	19
2973	23
2974	29
2975	17
2976	18
2977	17
2978	25
2979	22
2980	16
2981	22
2982	11
2983	14
2984	22
2985	14
2986	14
2987	13
2988	27
2989	18
2990	20
2991	17
2992	19
2993	19
2994	18
2995	24
2996	14
2997	21
2998	13
2999	24
3000	12
3001	18
3002	18
3003	19
3004	17
3005	18
3006	12
3007	17
3008	15
3009	8
3010	20
3011	18
3012	25
3013	16
3014	20
3015	20
3016	15
3017	23
3018	23
3019	10
3020	19
3021	15
3022	24
3023	10
3024	19
3025	16
3026	16
3027	19
3028	19
3029	24
3030	17
3031	21
3032	16
3033	23
3034	22
3035	15
3036	22
3037	15
3038	17
3039	14
3040	17
3041	20
3042	11
3043	14
3044	15
3045	22
3046	22
3047	18
3048	22
3049	16
3050	26
3051	11
3052	25
3053	19
3054	15
3055	22
3056	27
3057	18
3058	18
3059	12
3060	27
3061	25
3062	20
3063	17
3064	23
3065	24
3066	10
3067	16
3068	22
3069	18
3070	20
3071	14
3072	14
3073	10
3074	18
3075	21
3076	18
3077	15
3078	23
3079	16
3080	17
3081	12
3082	15
3083	18
3084	21
3085	12
3086	21
3087	18
3088	15
3089	17
3090	25
3091	21
3092	20
3093	16
3094	20
3095	21
3096	19
3097	17
3098	31
3099	13
3100	22
3101	14
3102	10
3103	7
3104	29
3105	14
3106	20
3107	13
3108	22
3109	18
3110	11
3111	32
3112	15
3113	17
3114	17
3115	12
3116	17
3117	19
3118	22
3119	17
3120	15
3121	20
3122	16
3123	18
3124	15
3125	16
3126	21
3127	22
3128	13
3129	21
3130	15
3131	19
3132	15
3133	24
3134	14
3135	26
3136	19
3137	19
3138	12
3139	18
3140	14
3141	17
3142	17
3143	15
3144	17
3145	18
3146	24
3147	17
3148	20
3149	11
3150	25
3151	16
3152	18
3153	18
3154	16
3155	16
3156	16
3157	23
3158	13
3159	17
3160	21
3161	19
3162	17
3163	20
3164	14
3165	21
3166	24
3167	21
3168	19
3169	17
3170	20
3171	18
3172	15
3173	16
3174	21
3175	27
3176	21
3177	18
3178	22
3179	17
3180	27
3181	21
3182	20
3183	16
3184	15
3185	15
3186	21
3187	24
3188	18
3189	19
3190	18
3191	11
3192	10
3193	7
3194	13
3195	12
3196	9
3197	17
3198	19
3199	11
3200	20
3201	12
3202	15
3203	15
3204	13
3205	23
3206	23
3207	18
3208	15
3209	14
3210	19
3211	22
3212	12
3213	14
3214	17
3215	22
3216	21
3217	16
3218	10
3219	22
3220	19
3221	13
3222	23
3223	18
3224	24
3225	20
3226	27
3227	23
3228	8
3229	17
3230	19
3231	15
3232	25
3233	15
3234	17
3235	17
3236	17
3237	16
3238	22
3239	16
3240	18
3241	23
3242	22
3243	19
3244	16
3245	19
3246	15
3247	19
3248	18
3249	19
3250	20
3251	14
3252	24
3253	30
3254	14
3255	19
3256	23
3257	16
3258	23
3259	17
3260	13
3261	15
3262	16
3263	14
3264	19
3265	20
3266	15
3267	14
3268	13
3269	20
3270	9
3271	20
3272	27
3273	10
3274	23
3275	20
3276	13
3277	13
3278	18
3279	18
3280	10
3281	19
3282	13
3283	26
3284	19
3285	16
3286	18
3287	24
3288	20
3289	23
3290	17
3291	15
3292	12
3293	22
3294	16
3295	17
3296	22
3297	20
3298	21
3299	19
3300	20
3301	14
3302	14
3303	18
3304	17
3305	25
3306	20
3307	28
3308	23
3309	18
3310	21
3311	24
3312	20
3313	11
3314	14
3315	17
3316	12
3317	11
3318	25
3319	20
3320	23
3321	15
3322	22
3323	11
3324	16
3325	15
3326	17
3327	22
3328	15
3329	22
3330	13
3331	21
3332	19
3333	16
3334	20
3335	22
3336	16
3337	19
3338	14
3339	21
3340	17
3341	13
3342	16
3343	19
3344	17
3345	24
3346	24
3347	23
3348	15
3349	25
3350	23
3351	21
3352	21
3353	9
3354	16
3355	28
3356	19
3357	21
3358	16
3359	14
3360	29
3361	16
3362	13
3363	18
3364	11
3365	14
3366	13
3367	12
3368	9
3369	22
3370	24
3371	20
3372	21
3373	17
3374	22
3375	24
3376	21
3377	12
3378	15
3379	22
3380	22
3381	12
3382	27
3383	18
3384	16
3385	22
3386	15
3387	30
3388	23
3389	14
3390	23
3391	15
3392	23
3393	20
3394	24
3395	11
3396	22
3397	21
3398	15
3399	14
3400	12
3401	20
3402	24
3403	18
3404	11
3405	21
3406	24
3407	20
3408	15
3409	22
3410	16
3411	20
3412	19
3413	17
3414	17
3415	18
3416	21
3417	14
3418	24
3419	12
3420	24
3421	25
3422	20
3423	14
3424	16
3425	15
3426	15
3427	18
3428	13
3429	22
3430	21
3431	16
3432	16
3433	15
3434	19
3435	28
3436	18
3437	28
3438	22
3439	8
3440	23
3441	19
3442	22
3443	25
3444	12
3445	24
3446	17
3447	16
3448	20
3449	18
3450	19
3451	23
3452	25
3453	12
3454	23
3455	16
3456	21
3457	16
3458	16
3459	12
3460	23
3461	22
3462	14
3463	21
3464	26
3465	23
3466	22
3467	9
3468	21
3469	18
3470	16
3471	24
3472	11
3473	25
3474	26
3475	13
3476	16
3477	23
3478	17
3479	25
3480	15
3481	22
3482	12
3483	21
3484	29
3485	15
3486	19
3487	33
3488	19
3489	23
3490	20
3491	17
3492	18
3493	19
3494	15
3495	23
3496	21
3497	22
3498	20
3499	11
3500	13
3501	25
3502	26
3503	12
3504	12
3505	23
3506	25
3507	14
3508	18
3509	21
3510	17
3511	21
3512	28
3513	21
3514	29
3515	14
3516	29
3517	32
3518	10
3519	30
3520	14
3521	25
3522	27
3523	18
3524	23
3525	24
3526	18
3527	23
3528	17
3529	14
3530	20
3531	20
3532	15
3533	24
3534	22
3535	18
3536	16
3537	17
3538	23
3539	25
3540	20
3541	20
3542	25
3543	17
3544	16
3545	19
3546	16
3547	19
3548	17
3549	19
3550	14
3551	12
3552	19
3553	17
3554	23
3555	20
3556	17
3557	14
3558	16
3559	13
3560	21
3561	14
3562	20
3563	17
3564	10
3565	21
3566	19
3567	28
3568	20
3569	21
3570	13
3571	12
3572	17
3573	22
3574	15
3575	16
3576	17
3577	21
3578	19
3579	17
3580	26
3581	23
3582	14
3583	15
3584	21
3585	23
3586	22
3587	19
3588	15
3589	16
3590	29
3591	24
3592	19
3593	23
3594	17
3595	24
3596	23
3597	16
3598	16
3599	16
3600	15
3601	17
3602	18
3603	19
3604	13
3605	22
3606	18
3607	20
3608	23
3609	23
3610	26
3611	24
3612	21
3613	16
3614	25
3615	19
3616	19
3617	16
3618	17
3619	24
3620	19
3621	20
3622	19
3623	20
3624	15
3625	15
3626	12
3627	22
3628	20
3629	22
3630	18
3631	18
3632	19
3633	25
3634	13
3635	23
3636	24
3637	14
3638	15
3639	19
3640	14
3641	11
3642	19
3643	19
3644	19
3645	17
3646	23
3647	24
3648	28
3649	19
3650	22
3651	15
3652	18
3653	16
3654	21
3655	19
3656	12
3657	20
3658	22
3659	21
3660	23
3661	18
3662	22
3663	14
3664	19
3665	14
3666	19
3667	16
3668	27
3669	20
3670	26
3671	13
3672	26
3673	16
3674	19
3675	18
3676	17
3677	18
3678	19
3679	32
3680	20
3681	24
3682	15
3683	19
3684	25
3685	11
3686	13
3687	22
3688	19
3689	26
3690	18
3691	24
3692	21
3693	21
3694	26
3695	17
3696	18
3697	25
3698	19
3699	18
3700	22
3701	28
3702	14
3703	24
3704	17
3705	19
3706	20
3707	19
3708	20
3709	20
3710	20
3711	21
3712	14
3713	27
3714	17
3715	15
3716	17
3717	25
3718	20
3719	19
3720	21
3721	19
3722	18
3723	23
3724	20
3725	21
3726	22
3727	16
3728	18
3729	24
3730	19
3731	22
3732	20
3733	14
3734	23
3735	20
3736	24
3737	19
3738	18
3739	14
3740	23
3741	18
3742	16
3743	20
3744	22
3745	21
3746	19
3747	28
3748	23
3749	18
3750	15
3751	21
3752	23
3753	25
3754	17
3755	23
3756	21
3757	17
3758	25
3759	17
3760	25
3761	17
3762	34
3763	15
3764	15
3765	17
3766	19
3767	33
3768	21
3769	25
3770	24
3771	20
3772	23
3773	15
3774	22
3775	20
3776	15
3777	20
3778	24
3779	22
3780	20
3781	19
3782	20
3783	23
3784	24
3785	29
3786	24
3787	22
3788	27
3789	20
3790	22
3791	18
3792	21
3793	20
3794	25
3795	20
3796	24
3797	27
3798	21
3799	23
3800	21
3801	27
3802	24
3803	32
3804	24
3805	19
3806	16
3807	33
3808	27
3809	24
3810	19
3811	16
3812	23
3813	22
3814	13
3815	26
3816	26
3817	19
3818	26
3819	20
3820	29
3821	19
3822	24
3823	30
3824	25
3825	20
3826	30
3827	26
3828	21
3829	17
3830	25
3831	19
3832	27
3833	22
3834	15
3835	34
3836	25
3837	24
3838	33
3839	18
3840	33
3841	18
3842	33
3843	20
3844	28
3845	33
3846	20
3847	23
3848	25
3849	24
3850	17
3851	30
3852	27
3853	28
3854	33
3855	23
3856	21
3857	25
3858	30
3859	14
3860	24
3861	26
3862	30
3863	36
3864	17
3865	21
3866	22
3867	15
3868	20
3869	33
3870	21
3871	29
3872	25
3873	24
3874	26
3875	26
3876	27
3877	31
3878	37
3879	26
3880	30
3881	28
3882	30
3883	24
3884	31
3885	20
3886	25
3887	37
3888	31
3889	29
3890	25
3891	24
3892	29
3893	24
3894	35
3895	40
3896	33
3897	24
3898	30
3899	20
3900	21
3901	21
3902	22
3903	32
3904	29
3905	27
3906	19
3907	34
3908	31
3909	24
3910	30
3911	30
3912	24
3913	19
3914	21
3915	30
3916	17
3917	25
3918	29
3919	21
3920	19
3921	28
3922	25
3923	23
3924	29
3925	34
3926	21
3927	31
3928	29
3929	23
3930	32
3931	32
3932	25
3933	22
3934	34
3935	23
3936	32
3937	26
3938	25
3939	37
3940	24
3941	29
3942	33
3943	23
3944	31
3945	32
3946	21
3947	22
3948	17
3949	30
3950	23
3951	28
3952	37
3953	28
3954	29
3955	41
3956	22
3957	33
3958	29
3959	35
3960	28
3961	35
3962	28
3963	37
3964	27
3965	30
3966	32
3967	30
3968	28
3969	33
3970	35
3971	38
3972	36
3973	42
3974	37
3975	34
3976	28
3977	37
3978	48
3979	32
3980	26
3981	31
3982	38
3983	37
3984	33
3985	34
3986	22
3987	30
3988	41
3989	34
3990	33
3991	41
3992	42
3993	32
3994	36
3995	33
3996	36
3997	34
3998	30
3999	29
4000	30
4001	44
4002	33
4003	25
4004	32
4005	47
4006	37
4007	33
4008	34
4009	30
4010	38
4011	25
4012	32
4013	43
4014	39
4015	41
4016	27
4017	37
4018	37
4019	38
4020	36
4021	36
4022	51
4023	29
4024	27
4025	39
4026	36
4027	42
4028	39
4029	37
4030	36
4031	35
4032	37
4033	47
4034	33
4035	42
4036	37
4037	34
4038	45
4039	28
4040	35
4041	42
4042	32
4043	30
4044	37
4045	34
4046	37
4047	37
4048	39
4049	35
4050	32
4051	34
4052	34
4053	36
4054	41
4055	40
4056	33
4057	31
4058	39
4059	36
4060	33
4061	39
4062	45
4063	46
4064	37
4065	28
4066	21
4067	40
4068	41
4069	36
4070	46
4071	41
4072	43
4073	44
4074	37
4075	42
4076	41
4077	31
4078	43
4079	36
4080	36
4081	33
4082	43
4083	35
4084	44
4085	28
4086	33
4087	37
4088	34
4089	42
4090	46
4091	40
4092	32
4093	43
4094	38
4095	43
4096	35
4097	51
4098	42
4099	30
4100	40
4101	42
4102	33
4103	32
4104	39
4105	42
4106	30
4107	36
4108	31
4109	32
4110	41
4111	27
4112	39
4113	43
4114	44
4115	34
4116	33
4117	40
4118	47
4119	37
4120	49
4121	37
4122	38
4123	29
4124	37
4125	37
4126	42
4127	35
4128	42
4129	29
4130	39
4131	40
4132	23
4133	38
4134	32
4135	26
4136	33
4137	47
4138	31
4139	35
4140	30
4141	30
4142	42
4143	34
4144	26
4145	34
4146	39
4147	36
4148	38
4149	27
4150	33
4151	32
4152	35
4153	31
4154	32
4155	30
4156	42
4157	38
4158	33
4159	29
4160	36
4161	39
4162	32
4163	34
4164	36
4165	39
4166	32
4167	31
4168	34
4169	33
4170	31
4171	31
4172	27
4173	22
4174	31
4175	20
4176	31
4177	23
4178	31
4179	27
4180	32
4181	30
4182	31
4183	27
4184	30
4185	29
4186	24
4187	32
4188	37
4189	34
4190	35
4191	23
4192	35
4193	30
4194	32
4195	27
4196	33
4197	31
4198	17
4199	21
4200	31
4201	30
4202	37
4203	24
4204	21
4205	32
4206	26
4207	26
4208	26
4209	35
4210	33
4211	31
4212	24
4213	21
4214	24
4215	25
4216	24
4217	24
4218	35
4219	33
4220	21
4221	26
4222	21
4223	34
4224	23
4225	21
4226	20
4227	19
4228	25
4229	29
4230	21
4231	26
4232	14
4233	19
4234	26
4235	27
4236	20
4237	21
4238	16
4239	22
4240	21
4241	22
4242	21
4243	22
4244	21
4245	21
4246	13
4247	20
4248	19
4249	28
4250	18
4251	16
4252	11
4253	23
4254	20
4255	20
4256	22
4257	18
4258	17
4259	21
4260	12
4261	21
4262	14
4263	16
4264	12
4265	13
4266	13
4267	16
4268	19
4269	23
4270	14
4271	23
4272	19
4273	15
4274	14
4275	14
4276	14
4277	14
4278	15
4279	18
4280	16
4281	9
4282	15
4283	18
4284	22
4285	17
4286	17
4287	8
4288	17
4289	16
4290	24
4291	15
4292	5
4293	13
4294	10
4295	12
4296	6
4297	7
4298	12
4299	12
4300	13
4301	8
4302	10
4303	9
4304	10
4305	15
4306	13
4307	8
4308	9
4309	8
4310	12
4311	12
4312	12
4313	10
4314	6
4315	11
4316	16
4317	11
4318	8
4319	3
4320	14
4321	8
4322	12
4323	11
4324	8
4325	13
4326	6
4327	13
4328	14
4329	6
4330	13
4331	12
4332	13
4333	6
4334	7
4335	4
4336	8
4337	7
4338	4
4339	6
4340	8
4341	10
4342	4
4343	12
4344	7
4345	9
4346	9
4347	5
4348	10
4349	8
4350	3
4351	6
4352	6
4353	6
4354	4
4355	8
4356	5
4357	4
4358	4
4359	3
4360	8
4361	5
4362	6
4363	5
4364	7
4365	3
4366	4
4367	4
4368	1
4369	5
4370	3
4371	2
4372	1
4373	7
4374	4
4375	4
4376	3
4377	3
4378	5
4379	5
4380	7
4381	6
4382	5
4383	5
4384	3
4385	3
4386	5
4387	3
4388	4
4389	8
4390	3
4391	1
4392	0
4393	3
4394	3
4395	3
4396	5
4397	3
4398	3
4399	2
4400	2
4401	3
4402	5
4403	0
4404	6
4405	3
4406	3
4407	8
4408	3
4409	2
4410	6
4411	4
4412	1
4413	5
4414	1
4415	0
4416	2
4417	1
4418	3
4419	0
4420	4
4421	1
4422	3
4423	1
4424	2
4425	1
4426	3
4427	4
4428	4
4429	1
4430	7
4431	0
4432	2
4433	0
4434	0
4435	2
4436	3
4437	1
4438	2
4439	1
4440	1
4441	1
4442	2
4443	1
4444	2
4445	0
4446	3
4447	1
4448	0
4449	0
4450	1
4451	0
4452	0
4453	0
4454	3
4455	1
4456	3
4457	0
4458	0
4459	1
4460	1
4461	0
4462	1
4463	1
4464	2
4465	3
4466	2
4467	1
4468	0
4469	2
4470	1
4471	2
4472	0
4473	2
4474	2
4475	2
4476	1
4477	2
4478	1
4479	3
4480	2
4481	1
4482	0
4483	1
4484	1
4485	2
4486	2
4487	1
4488	4
4489	1
4490	2
4491	2
4492	0
4493	1
4494	1
4495	1
4496	0
4497	1
4498	2
4499	0
4500	0
4501	0
4502	1
4503	2
4504	1
4505	0
4506	0
4507	0
4508	2
4509	0
4510	0
4511	2
4512	0
4513	1
4514	1
4515	3
4516	0
4517	0
4518	0
4519	0
4520	1
4521	0
4522	2
4523	0
4524	1
4525	0
4526	0
4527	3
4528	2
4529	1
4530	1
4531	2
4532	2
4533	1
4534	0
4535	1
4536	1
4537	2
4538	0
4539	1
4540	0
4541	0
4542	2
4543	0
4544	0
4545	0
4546	0
4547	2
4548	1
4549	1
4550	0
4551	1
4552	1
4553	1
4554	2
4555	1
4556	1
4557	0
4558	0
4559	2
4560	0
4561	0
4562	2
4563	1
4564	0
4565	2
4566	1
4567	2
4568	1
4569	1
4570	1
4571	1
4572	0
4573	0
4574	0
4575	1
4576	0
4577	1
4578	0
4579	0
4580	1
4581	0
4582	0
4583	1
4584	3
4585	2
4586	0
4587	0
4588	0
4589	1
4590	0
4591	1
4592	0
4593	0
4594	3
4595	1
4596	2
4597	0
4598	2
4599	2
4600	1
4601	1
4602	1
4603	0
4604	1
4605	2
4606	0
4607	0
4608	1
4609	0
4610	1
4611	1
4612	2
4613	1
4614	1
4615	1
4616	0
4617	1
4618	1
4619	1
4620	2
4621	1
4622	1
4623	1
4624	2
4625	0
4626	1
4627	1
4628	0
4629	0
4630	0
4631	0
4632	0
4633	1
4634	0
4635	2
4636	1
4637	0
4638	1
4639	2
4640	0
4641	0
4642	0
4643	1
4644	2
4645	1
4646	1
4647	0
4648	1
4649	0
4650	0
4651	0
4652	2
4653	1
4654	1
4655	1
4656	0
4657	0
4658	0
4659	1
4660	0
4661	2
4662	0
4663	1
4664	2
4665	0
4666	2
4667	0
4668	1
4669	0
4670	0
4671	0
4672	1
4673	1
4674	0
4675	0
4676	1
4677	0
4678	0
4679	0
4680	1
4681	2
4682	2
4683	1
4684	0
4685	1
4686	0
4687	2
4688	0
4689	1
4690	0
4691	0
4692	0
4693	1
4694	0
4695	0
4696	1
4697	0
4698	1
4699	1
4700	2
4701	0
4702	1
4703	0
4704	2
4705	0
4706	1
4707	0
4708	0
4709	2
4710	0
4711	0
4712	0
4713	2
4714	1
4715	2
4716	2
4717	0
4718	0
4719	0
4720	1
4721	2
4722	1
4723	0
4724	1
4725	0
4726	2
4727	0
4728	1
4729	0
4730	0
4731	0
4732	0
4733	0
4734	2
4735	1
4736	0
4737	0
4738	0
4739	0
4740	1
4741	1
4742	2
4743	0
4744	0
4745	2
4746	1
4747	0
4748	1
4749	0
4750	0
4751	2
4752	0
4753	0
4754	0
4755	0
4756	3
4757	0
4758	1
4759	1
4760	3
4761	0
4762	1
4763	3
4764	0
4765	1
4766	1
4767	0
4768	2
4769	0
4770	0
4771	1
4772	0
4773	2
4774	1
4775	0
4776	0
4777	0
4778	3
4779	1
4780	2
4781	3
4782	0
4783	1
4784	0
4785	3
4786	0
4787	0
4788	1
4789	2
4790	0
4791	1
4792	0
4793	2
4794	1
4795	0
4796	1
4797	0
4798	0
4799	2
4800	1
4801	0
4802	3
4803	0
4804	1
4805	0
4806	0
4807	1
4808	1
4809	1
4810	1
4811	0
4812	0
4813	0
4814	0
4815	0
4816	4
4817	0
4818	0
4819	0
4820	1
4821	1
4822	1
4823	0
4824	0
4825	0
4826	1
4827	2
4828	0
4829	0
4830	3
4831	0
4832	0
4833	1
4834	2
4835	1
4836	1
4837	0
4838	1
4839	0
4840	1
4841	0
4842	0
4843	1
4844	0
4845	0
4846	1
4847	1
4848	2
4849	2
4850	1
4851	0
4852	0
4853	1
4854	1
4855	2
4856	0
4857	0
4858	0
4859	0
4860	0
4861	2
4862	1
4863	0
4864	0
4865	0
4866	2
4867	1
4868	1
4869	1
4870	0
4871	1
4872	0
4873	0
4874	2
4875	1
4876	1
4877	1
4878	0
4879	0
4880	1
4881	0
4882	1
4883	0
4884	0
4885	0
4886	2
4887	0
4888	1
4889	1
4890	0
4891	0
4892	0
4893	1
4894	0
4895	1
4896	1
4897	0
4898	1
4899	0
4900	2
4901	0
4902	0
4903	2
4904	0
4905	1
4906	0
4907	2
4908	0
4909	1
4910	0
4911	0
4912	0
4913	0
4914	1
4915	1
4916	1
4917	1
4918	0
4919	1
4920	1
4921	1
4922	0
4923	1
4924	0
4925	2
4926	1
4927	1
4928	0
4929	1
4930	0
4931	1
4932	0
4933	0
4934	1
4935	0
4936	1
4937	0
4938	0
4939	1
4940	0
4941	0
4942	0
4943	0
4944	1
4945	0
4946	1
4947	2
4948	1
4949	0
4950	0
4951	0
4952	1
4953	1
4954	2
4955	1
4956	0
4957	0
4958	2
4959	0
4960	2
4961	1
4962	1
4963	1
4964	1
4965	0
4966	2
4967	0
4968	0
4969	0
4970	2
4971	0
4972	1
4973	0
4974	0
4975	0
4976	1
4977	3
4978	0
4979	1
4980	0
4981	0
4982	1
4983	1
4984	1
4985	1
4986	0
4987	3
4988	0
4989	1
4990	2
4991	0
4992	1
4993	0
4994	1
4995	1
4996	0
4997	0
4998	0
4999	0
5000	0
5001	0
5002	0
5003	1
5004	0
5005	1
5006	1
5007	2
5008	1
5009	0
5010	0
5011	1
5012	0
5013	1
5014	0
5015	2
5016	0
5017	0
5018	0
5019	0
5020	0
5021	0
5022	2
5023	1
5024	2
5025	0
5026	1
5027	1
5028	0
5029	1
5030	0
5031	0
5032	0
5033	1
5034	1
5035	2
5036	0
5037	0
5038	3
5039	0
5040	1
5041	0
5042	0
5043	0
5044	0
5045	1
5046	0
5047	0
5048	0
5049	1
5050	0
5051	0
5052	1
5053	1
5054	0
5055	1
5056	0
5057	0
5058	1
5059	0
5060	0
5061	0
5062	2
5063	0
5064	0
5065	0
5066	0
5067	0
5068	1
5069	1
5070	0
5071	0
5072	1
5073	1
5074	1
5075	0
5076	0
5077	0
5078	0
5079	0
5080	0
5081	0
5082	0
5083	2
5084	0
5085	1
5086	1
5087	0
5088	1
5089	1
5090	5
5091	0
5092	0
5093	2
5094	1
5095	0
5096	2
5097	1
5098	0
5099	1
5100	2
5101	1
5102	2
5103	1
5104	0
5105	0
5106	0
5107	0
5108	1
5109	1
5110	2
5111	0
5112	0
5113	0
5114	0
5115	1
5116	0
5117	0
5118	0
5119	0
5120	0
5121	1
5122	1
5123	0
5124	0
5125	2
5126	1
5127	0
5128	0
5129	1
5130	0
5131	3
5132	0
5133	0
5134	0
5135	0
5136	2
5137	0
5138	0
5139	2
5140	1
5141	0
5142	0
5143	0
5144	0
5145	0
5146	3
5147	0
5148	0
5149	0
5150	0
5151	0
5152	0
5153	0
5154	1
5155	0
5156	1
5157	1
5158	0
5159	1
5160	1
5161	0
5162	1
5163	0
5164	0
5165	2
5166	1
5167	0
5168	0
5169	1
5170	1
5171	1
5172	2
5173	1
5174	2
5175	1
5176	1
5177	0
5178	0
5179	2
5180	1
5181	0
5182	2
5183	0
5184	1
5185	1
5186	2
5187	0
5188	2
5189	1
5190	0
5191	1
5192	0
5193	0
5194	1
5195	0
5196	0
5197	0
5198	0
5199	0
5200	0
5201	2
5202	2
5203	0
5204	2
5205	1
5206	2
5207	1
5208	1
5209	0
5210	1
5211	0
5212	0
5213	0
5214	0
5215	1
5216	1
5217	0
5218	0
5219	0
5220	1
5221	1
5222	2
5223	0
5224	0
5225	0
5226	0
5227	0
5228	0
5229	1
5230	1
5231	0
5232	1
5233	0
5234	0
5235	0
5236	0
5237	1
5238	2
5239	2
5240	2
5241	4
5242	0
5243	1
5244	1
5245	1
5246	0
5247	0
5248	1
5249	1
5250	0
5251	0
5252	0
5253	1
5254	2
5255	1
5256	2
5257	1
5258	0
5259	0
5260	0
5261	0
5262	0
5263	1
5264	0
5265	1
5266	0
5267	0
5268	2
5269	0
5270	0
5271	0
5272	2
5273	0
5274	0
5275	1
5276	1
5277	0
5278	0
5279	1
5280	0
5281	0
5282	1
5283	1
5284	1
5285	0
5286	0
5287	0
5288	1
5289	1
5290	1
5291	2
5292	0
5293	1
5294	0
5295	1
5296	1
5297	0
5298	0
5299	0
5300	1
5301	0
5302	1
5303	0
5304	1
5305	1
5306	0
5307	0
5308	2
5309	0
5310	2
5311	1
5312	0
5313	2
5314	0
5315	0
5316	0
5317	0
5318	1
5319	0
5320	0
5321	1
5322	0
5323	0
5324	0
5325	0
5326	0
5327	1
5328	0
5329	0
5330	1
5331	1
5332	0
5333	0
5334	2
5335	0
5336	1
5337	0
5338	1
5339	3
5340	0
5341	3
5342	0
5343	1
5344	0
5345	1
5346	1
5347	0
5348	0
5349	3
5350	0
5351	0
5352	0
5353	0
5354	0
5355	0
5356	1
5357	0
5358	0
5359	0
5360	0
5361	0
5362	2
5363	1
5364	2
5365	2
5366	0
5367	0
5368	2
5369	0
5370	1
5371	0
5372	1
5373	0
5374	1
5375	1
5376	0
5377	2
5378	1
5379	2
5380	0
5381	0
5382	1
5383	0
5384	1
5385	2
5386	0
5387	0
5388	2
5389	1
5390	0
5391	0
5392	1
5393	1
5394	1
5395	0
5396	2
5397	1
5398	0
5399	0
5400	0
5401	1
5402	1
5403	0
5404	0
5405	3
5406	0
5407	0
5408	0
5409	0
5410	1
5411	0
5412	0
5413	0
5414	0
5415	3
5416	0
5417	0
5418	1
5419	2
5420	1
5421	0
5422	2
5423	1
5424	1
5425	1
5426	0
5427	0
5428	0
5429	1
5430	2
5431	0
5432	1
5433	1
5434	0
5435	0
5436	2
5437	2
5438	1
5439	0
5440	1
5441	1
5442	0
5443	1
5444	1
5445	0
5446	1
5447	0
5448	0
5449	1
5450	0
5451	0
5452	1
5453	1
5454	2
5455	1
5456	0
5457	3
5458	0
5459	1
5460	0
5461	0
5462	2
5463	0
5464	0
5465	1
5466	0
5467	1
5468	1
5469	0
5470	1
5471	0
5472	2
5473	1
5474	1
5475	1
5476	0
5477	2
5478	1
5479	1
5480	1
5481	1
5482	1
5483	1
5484	0
5485	1
5486	2
5487	0
5488	0
5489	1
5490	0
5491	0
5492	0
5493	1
5494	0
5495	0
5496	0
5497	1
5498	0
5499	0
5500	1
5501	2
5502	1
5503	0
5504	0
5505	1
5506	2
5507	0
5508	0
5509	0
5510	1
5511	0
5512	1
5513	1
5514	0
5515	0
5516	0
5517	0
5518	1
5519	0
5520	1
5521	0
5522	1
5523	2
5524	2
5525	0
5526	1
5527	2
5528	2
5529	0
5530	1
5531	2
5532	0
5533	1
5534	0
5535	0
5536	0
5537	1
5538	1
5539	0
5540	1
5541	1
5542	0
5543	1
5544	1
5545	0
5546	0
5547	2
5548	0
5549	0
5550	0
5551	1
5552	1
5553	0
5554	0
5555	3
5556	1
5557	1
5558	0
5559	1
5560	3
5561	2
5562	0
5563	1
5564	1
5565	1
5566	0
5567	1
5568	1
5569	0
5570	0
5571	0
5572	2
5573	0
5574	0
5575	2
5576	0
5577	1
5578	2
5579	1
5580	1
5581	0
5582	3
5583	1
5584	0
5585	1
5586	0
5587	2
5588	0
5589	0
5590	1
5591	1
5592	0
5593	0
5594	1
5595	1
5596	1
5597	0
5598	1
5599	2
5600	0
5601	1
5602	0
5603	0
5604	0
5605	0
5606	1
5607	1
5608	2
5609	2
5610	2
5611	0
5612	0
5613	0
5614	0
5615	0
5616	1
5617	0
5618	0
5619	1
5620	0
5621	0
5622	0
5623	1
5624	1
5625	1
5626	0
5627	1
5628	0
5629	2
5630	0
5631	0
5632	1
5633	1
5634	2
5635	0
5636	2
5637	0
5638	1
5639	1
5640	0
5641	1
5642	1
5643	2
5644	0
5645	0
5646	0
5647	0
5648	2
5649	1
5650	2
5651	1
5652	0
5653	1
5654	0
5655	1
5656	1
5657	0
5658	0
5659	1
5660	0
5661	2
5662	1
5663	0
5664	2
5665	0
5666	0
5667	0
5668	0
5669	0
5670	1
5671	0
5672	1
5673	0
5674	0
5675	2
5676	0
5677	1
5678	0
5679	0
5680	1
5681	0
5682	1
5683	0
5684	1
5685	0
5686	0
5687	1
5688	0
5689	2
5690	0
5691	0
5692	2
5693	1
5694	1
5695	4
5696	2
5697	1
5698	1
5699	1
5700	1
5701	0
5702	0
5703	0
5704	1
5705	0
5706	0
5707	0
5708	1
5709	0
5710	0
5711	0
5712	1
5713	0
5714	1
5715	0
5716	1
5717	0
5718	2
5719	1
5720	2
5721	0
5722	0
5723	1
5724	1
5725	1
5726	1
5727	0
5728	2
5729	1
5730	0
5731	0
5732	1
5733	0
5734	0
5735	0
5736	0
5737	0
5738	2
5739	0
5740	0
5741	0
5742	2
5743	0
5744	0
5745	3
5746	0
5747	1
5748	0
5749	1
5750	0
5751	2
5752	1
5753	0
5754	1
5755	0
5756	0
5757	1
5758	0
5759	0
5760	1
5761	1
5762	0
5763	0
5764	0
5765	0
5766	1
5767	0
5768	0
5769	1
5770	0
5771	1
5772	0
5773	1
5774	0
5775	1
5776	1
5777	0
5778	1
5779	0
5780	0
5781	0
5782	0
5783	1
5784	1
5785	0
5786	0
5787	0
5788	0
5789	1
5790	0
5791	3
5792	1
5793	2
5794	0
5795	1
5796	1
5797	0
5798	1
5799	0
5800	1
5801	0
5802	1
5803	1
5804	1
5805	1
5806	1
5807	0
5808	2
5809	0
5810	0
5811	1
5812	1
5813	1
5814	0
5815	0
5816	0
5817	0
5818	1
5819	2
5820	0
5821	0
5822	1
5823	0
5824	0
5825	0
5826	0
5827	1
5828	3
5829	1
5830	0
5831	1
5832	0
5833	2
5834	0
5835	0
5836	1
5837	2
5838	1
5839	1
5840	1
5841	0
5842	0
5843	2
5844	0
5845	1
5846	0
5847	2
5848	1
5849	0
5850	2
5851	0
5852	1
5853	0
5854	0
5855	0
5856	0
5857	0
5858	1
5859	1
5860	0
5861	0
5862	0
5863	1
5864	0
5865	1
5866	1
5867	1
5868	0
5869	1
5870	3
5871	1
5872	2
5873	0
5874	0
5875	1
5876	1
5877	1
5878	1
5879	0
5880	0
5881	1
5882	0
5883	1
5884	1
5885	1
5886	1
5887	3
5888	2
5889	0
5890	0
5891	1
5892	0
5893	1
5894	3
5895	0
5896	1
5897	1
5898	0
5899	0
5900	1
5901	0
5902	0
5903	0
5904	1
5905	0
5906	0
5907	1
5908	0
5909	1
5910	1
5911	2
5912	0
5913	2
5914	1
5915	0
5916	0
5917	0
5918	0
5919	1
5920	3
5921	1
5922	0
5923	1
5924	1
5925	0
5926	0
5927	1
5928	1
5929	0
5930	2
5931	1
5932	0
5933	1
5934	1
5935	1
5936	1
5937	0
5938	1
5939	0
5940	1
5941	0
5942	0
5943	2
5944	1
5945	0
5946	1
5947	1
5948	0
5949	1
5950	1
5951	1
5952	3
5953	1
5954	0
5955	2
5956	0
5957	2
5958	1
5959	0
5960	0
5961	0
5962	1
5963	0
5964	0
5965	0
5966	1
5967	1
5968	0
5969	1
5970	0
5971	0
5972	1
5973	0
5974	1
5975	0
5976	0
5977	0
5978	0
5979	0
5980	0
5981	0
5982	0
5983	1
5984	1
5985	2
5986	0
5987	0
5988	0
5989	2
5990	0
5991	0
5992	2
5993	0
5994	1
5995	0
5996	1
5997	0
5998	0
5999	0
6000	2
6001	0
6002	1
6003	0
6004	0
6005	0
6006	0
6007	0
6008	0
6009	0
6010	2
6011	0
6012	0
6013	0
6014	2
6015	0
6016	2
6017	1
6018	0
6019	0
6020	0
6021	2
6022	0
6023	0
6024	0
6025	1
6026	0
6027	0
6028	0
6029	1
6030	1
6031	2
6032	0
6033	0
6034	0
6035	2
6036	2
6037	1
6038	1
6039	0
6040	0
6041	2
6042	0
6043	1
6044	0
6045	3
6046	0
6047	1
6048	0
6049	0
6050	0
6051	0
6052	0
6053	0
6054	0
6055	0
6056	1
6057	0
6058	0
6059	1
6060	0
6061	1
6062	0
6063	0
6064	1
6065	2
6066	1
6067	0
6068	0
6069	1
6070	0
6071	0
6072	0
6073	0
6074	0
6075	2
6076	0
6077	1
6078	0
6079	1
6080	0
6081	0
6082	1
6083	0
6084	1
6085	0
6086	0
6087	0
6088	0
6089	2
6090	0
6091	0
6092	1
6093	1
6094	0
6095	0
6096	0
6097	0
6098	1
6099	0
6100	0
6101	1
6102	0
6103	1
6104	2
6105	1
6106	0
6107	0
6108	0
6109	1
6110	0
6111	0
6112	2
6113	0
6114	1
6115	1
6116	1
6117	1
6118	0
6119	0
6120	0
6121	1
6122	0
6123	0
6124	0
6125	0
6126	0
6127	0
6128	1
6129	0
6130	1
6131	0
6132	0
6133	2
6134	0
6135	0
6136	2
6137	0
6138	1
6139	0
6140	0
6141	0
6142	0
6143	0
6144	0
6145	2
6146	1
6147	0
6148	0
6149	0
6150	0
6151	0
6152	0
6153	0
6154	4
6155	1
6156	0
6157	1
6158	1
6159	1
6160	1
6161	1
6162	0
6163	0
6164	1
6165	0
6166	0
6167	0
6168	0
6169	0
6170	0
6171	0
6172	1
6173	0
6174	0
6175	0
6176	0
6177	2
6178	1
6179	0
6180	0
6181	0
6182	1
6183	3
6184	1
6185	0
6186	2
6187	1
6188	0
6189	1
6190	0
6191	1
6192	1
6193	0
6194	0
6195	3
6196	0
6197	1
6198	0
6199	1
6200	0
6201	2
6202	1
6203	1
6204	0
6205	0
6206	0
6207	1
6208	0
6209	0
6210	0
6211	0
6212	0
6213	0
6214	0
6215	0
6216	0
6217	0
6218	0
6219	0
6220	0
6221	1
6222	1
6223	0
6224	0
6225	1
6226	1
6227	1
6228	0
6229	0
6230	0
6231	1
6232	0
6233	0
6234	1
6235	0
6236	1
6237	0
6238	0
6239	1
6240	0
6241	1
6242	0
6243	1
6244	0
6245	1
6246	0
6247	0
6248	0
6249	0
6250	0
6251	0
6252	0
6253	0
6254	1
6255	0
6256	0
6257	0
6258	0
6259	1
6260	0
6261	1
6262	0
6263	1
6264	0
6265	1
6266	0
6267	0
6268	2
6269	1
6270	0
6271	0
6272	0
6273	0
6274	0
6275	1
6276	0
6277	2
6278	0
6279	2
6280	0
6281	0
6282	0
6283	1
6284	0
6285	0
6286	0
6287	0
6288	0
6289	0
6290	0
6291	0
6292	1
6293	0
6294	0
6295	0
6296	0
6297	0
6298	1
6299	0
6300	0
6301	0
6302	0
6303	0
6304	1
6305	1
6306	1
6307	0
6308	0
6309	1
6310	2
6311	0
6312	1
6313	0
6314	1
6315	1
6316	0
6317	1
6318	0
6319	0
6320	0
6321	0
6322	0
6323	3
6324	1
6325	0
6326	0
6327	0
6328	0
6329	1
6330	0
6331	1
6332	0
6333	0
6334	0
6335	0
6336	1
6337	1
6338	0
6339	0
6340	0
6341	0
6342	1
6343	0
6344	0
6345	0
6346	0
6347	0
6348	0
6349	0
6350	3
6351	0
6352	1
6353	0
6354	0
6355	2
6356	2
6357	0
6358	0
6359	2
6360	0
6361	0
6362	0
6363	0
6364	1
6365	0
6366	2
6367	3
6368	1
6369	1
6370	1
6371	2
6372	1
6373	0
6374	0
6375	0
6376	0
6377	1
6378	1
6379	0
6380	0
6381	0
6382	1
6383	0
6384	0
6385	1
6386	1
6387	0
6388	0
6389	0
6390	0
6391	0
6392	0
6393	0
6394	0
6395	0
6396	1
6397	0
6398	0
6399	0
6400	0
6401	0
6402	0
6403	0
6404	0
6405	0
6406	0
6407	0
6408	1
6409	0
6410	0
6411	0
6412	0
6413	0
6414	0
6415	0
6416	1
6417	0
6418	0
6419	0
6420	0
6421	2
6422	0
6423	1
6424	0
6425	1
6426	1
6427	0
6428	1
6429	0
6430	2
6431	2
6432	0
6433	0
6434	1
6435	0
6436	0
6437	1
6438	0
6439	0
6440	0
6441	0
6442	1
6443	0
6444	0
6445	1
6446	0
6447	0
6448	1
6449	0
6450	0
6451	0
6452	0
6453	0
6454	0
6455	1
6456	0
6457	0
6458	1
6459	1
6460	0
6461	0
6462	1
6463	0
6464	2
6465	0
6466	0
6467	1
6468	0
6469	0
6470	0
6471	1
6472	0
6473	0
6474	0
6475	1
6476	0
6477	1
6478	2
6479	1
6480	0
6481	0
6482	0
6483	0
6484	0
6485	3
6486	0
6487	0
6488	0
6489	2
6490	0
6491	1
6492	0
6493	0
6494	1
6495	0
6496	1
6497	0
6498	0
6499	0
6500	0
6501	1
6502	1
6503	0
6504	0
6505	0
6506	0
6507	0
6508	0
6509	0
6510	0
6511	0
6512	2
6513	0
6514	0
6515	2
6516	0
6517	2
6518	0
6519	1
6520	0
6521	0
6522	1
6523	0
6524	0
6525	0
6526	0
6527	0
6528	0
6529	1
6530	1
6531	0
6532	0
6533	1
6534	1
6535	1
6536	0
6537	1
6538	0
6539	0
6540	0
6541	0
6542	1
6543	1
6544	0
6545	1
6546	1
6547	1
6548	0
6549	0
6550	0
6551	2
6552	0
6553	0
6554	0
6555	1
6556	3
6557	0
6558	0
6559	0
6560	0
6561	0
6562	0
6563	1
6564	1
6565	1
6566	1
6567	1
6568	0
6569	1
6570	0
6571	1
6572	0
6573	1
6574	0
6575	1
6576	0
6577	0
6578	1
6579	1
6580	0
6581	1
6582	1
6583	0
6584	0
6585	0
6586	1
6587	0
6588	0
6589	0
6590	0
6591	0
6592	1
6593	1
6594	2
6595	1
6596	1
6597	0
6598	0
6599	0
6600	0
6601	1
6602	1
6603	1
6604	1
6605	0
6606	0
6607	0
6608	0
6609	1
6610	0
6611	0
6612	0
6613	0
6614	0
6615	0
6616	1
6617	0
6618	3
6619	1
6620	1
6621	0
6622	1
6623	1
6624	1
6625	1
6626	0
6627	0
6628	2
6629	0
6630	2
6631	1
6632	0
6633	0
6634	0
6635	0
6636	0
6637	1
6638	0
6639	2
6640	0
6641	1
6642	0
6643	1
6644	2
6645	1
6646	0
6647	1
6648	0
6649	1
6650	1
6651	0
6652	2
6653	1
6654	1
6655	0
6656	0
6657	0
6658	1
6659	1
6660	3
6661	1
6662	0
6663	0
6664	0
6665	0
6666	0
6667	0
6668	1
6669	0
6670	0
6671	0
6672	1
6673	0
6674	0
6675	0
6676	0
6677	1
6678	2
6679	1
6680	0
6681	0
6682	0
6683	0
6684	1
6685	1
6686	1
6687	0
6688	1
6689	0
6690	0
6691	0
6692	0
6693	0
6694	0
6695	0
6696	2
6697	0
6698	1
6699	0
6700	0
6701	1
6702	2
6703	1
6704	1
6705	2
6706	0
6707	0
6708	0
6709	1
6710	0
6711	0
6712	1
6713	1
6714	0
6715	0
6716	0
6717	2
6718	1
6719	0
6720	0
6721	0
6722	0
6723	2
6724	0
6725	1
6726	0
6727	1
6728	0
6729	0
6730	0
6731	1
6732	0
6733	0
6734	0
6735	0
6736	0
6737	1
6738	1
6739	0
6740	1
6741	0
6742	1
6743	0
6744	1
6745	0
6746	1
6747	1
6748	1
6749	0
6750	1
6751	0
6752	1
6753	1
6754	0
6755	0
6756	0
6757	0
6758	0
6759	0
6760	1
6761	1
6762	1
6763	0
6764	0
6765	2
6766	2
6767	0
6768	1
6769	0
6770	0
6771	0
6772	2
6773	0
6774	0
6775	0
6776	1
6777	0
6778	0
6779	0
6780	0
6781	3
6782	1
6783	0
6784	0
6785	2
6786	0
6787	0
6788	0
6789	1
6790	0
6791	0
6792	0
6793	0
6794	0
6795	1
6796	0
6797	0
6798	0
6799	0
6800	1
6801	1
6802	0
6803	1
6804	1
6805	1
6806	0
6807	2
6808	0
6809	0
6810	0
6811	1
6812	0
6813	0
6814	1
6815	0
6816	0
6817	0
6818	1
6819	1
6820	1
6821	1
6822	0
6823	2
6824	0
6825	0
6826	0
6827	0
6828	0
6829	1
6830	2
6831	0
6832	2
6833	0
6834	1
6835	1
6836	0
6837	1
6838	0
6839	0
6840	1
6841	1
6842	0
6843	0
6844	0
6845	0
6846	1
6847	0
6848	1
6849	1
6850	0
6851	1
6852	0
6853	1
6854	1
6855	0
6856	1
6857	0
6858	1
6859	0
6860	0
6861	1
6862	0
6863	0
6864	1
6865	0
6866	0
6867	0
6868	0
6869	3
6870	0
6871	2
6872	1
6873	1
6874	1
6875	0
6876	2
6877	0
6878	0
6879	0
6880	0
6881	0
6882	2
6883	0
6884	1
6885	2
6886	0
6887	0
6888	0
6889	1
6890	0
6891	0
6892	0
6893	3
6894	0
6895	0
6896	0
6897	1
6898	0
6899	0
6900	1
6901	1
6902	0
6903	0
6904	1
6905	0
6906	1
6907	1
6908	1
6909	1
6910	1
6911	0
6912	0
6913	0
6914	0
6915	0
6916	0
6917	0
6918	1
6919	0
6920	0
6921	0
6922	0
6923	1
6924	2
6925	0
6926	2
6927	0
6928	0
6929	0
6930	0
6931	0
6932	0
6933	1
6934	1
6935	0
6936	1
6937	0
6938	1
6939	0
6940	0
6941	0
6942	0
6943	0
6944	1
6945	1
6946	0
6947	0
6948	0
6949	0
6950	0
6951	3
6952	0
6953	2
6954	0
6955	0
6956	0
6957	1
6958	0
6959	0
6960	1
6961	1
6962	1
6963	0
6964	0
6965	0
6966	0
6967	0
6968	0
6969	0
6970	2
6971	1
6972	0
6973	3
6974	1
6975	0
6976	1
6977	1
6978	0
6979	1
6980	0
6981	2
6982	1
6983	1
6984	0
6985	0
6986	0
6987	0
6988	0
6989	0
6990	0
6991	1
6992	3
6993	0
6994	1
6995	0
6996	1
6997	1
6998	1
6999	0
7000	2
7001	1
7002	1
7003	1
7004	0
7005	0
7006	2
7007	2
7008	1
7009	0
7010	0
7011	0
7012	0
7013	0
7014	0
7015	1
7016	1
7017	0
7018	0
7019	0
7020	0
7021	0
7022	1
7023	0
7024	1
7025	1
7026	0
7027	2
7028	0
7029	0
7030	0
7031	0
7032	0
7033	0
7034	2
7035	0
7036	0
7037	1
7038	0
7039	0
7040	0
7041	2
7042	0
7043	0
7044	1
7045	0
7046	0
7047	1
7048	2
7049	1
7050	1
7051	0
7052	1
7053	0
7054	0
7055	1
7056	1
7057	2
7058	0
7059	0
7060	0
7061	2
7062	1
7063	0
7064	0
7065	0
7066	0
7067	0
7068	0
7069	0
7070	1
7071	3
7072	0
7073	2
7074	0
7075	0
7076	0
7077	0
7078	0
7079	0
7080	0
7081	1
7082	1
7083	0
7084	0
7085	1
7086	1
7087	2
7088	1
7089	0
7090	0
7091	1
7092	1
7093	0
7094	0
7095	0
7096	0
7097	1
7098	2
7099	0
7100	0
7101	1
7102	1
7103	1
7104	0
7105	1
7106	1
7107	0
7108	1
7109	1
7110	1
7111	0
7112	0
7113	2
7114	1
7115	0
7116	0
7117	0
7118	3
7119	2
7120	0
7121	0
7122	0
7123	0
7124	0
7125	0
7126	0
7127	0
7128	0
7129	0
7130	0
7131	0
7132	0
7133	1
7134	0
7135	1
7136	2
7137	0
7138	0
7139	0
7140	2
7141	1
7142	2
7143	1
7144	1
7145	1
7146	0
7147	1
7148	0
7149	1
7150	0
7151	0
7152	0
7153	0
7154	0
7155	2
7156	0
7157	1
7158	0
7159	0
7160	0
7161	0
7162	0
7163	0
7164	1
7165	0
7166	0
7167	2
7168	1
7169	0
7170	0
7171	1
7172	0
7173	2
7174	0
7175	0
7176	0
7177	0
7178	0
7179	1
7180	2
7181	1
7182	1
7183	0
7184	1
7185	1
7186	0
7187	0
7188	2
7189	0
7190	1
7191	0
7192	0
7193	1
7194	0
7195	0
7196	3
7197	0
7198	0
7199	0
7200	0
7201	4
7202	0
7203	2
7204	0
7205	1
7206	1
7207	0
7208	0
7209	0
7210	0
7211	2
7212	0
7213	3
7214	0
7215	0
7216	2
7217	0
7218	0
7219	2
7220	0
7221	0
7222	1
7223	0
7224	1
7225	0
7226	0
7227	0
7228	1
7229	0
7230	0
7231	0
7232	0
7233	1
7234	0
7235	0
7236	3
7237	1
7238	1
7239	1
7240	0
7241	0
7242	2
7243	1
7244	0
7245	0
7246	3
7247	2
7248	1
7249	0
7250	1
7251	0
7252	0
7253	0
7254	0
7255	0
7256	0
7257	1
7258	0
7259	0
7260	0
7261	0
7262	1
7263	0
7264	0
7265	0
7266	0
7267	0
7268	2
7269	1
7270	1
7271	1
7272	1
7273	0
7274	0
7275	0
7276	0
7277	3
7278	1
7279	1
7280	0
7281	0
7282	0
7283	0
7284	0
7285	0
7286	1
7287	1
7288	0
7289	0
7290	0
7291	0
7292	1
7293	1
7294	2
7295	1
7296	0
7297	0
7298	0
7299	0
7300	1
7301	0
7302	1
7303	0
7304	2
7305	0
7306	1
7307	0
7308	1
7309	0
7310	1
7311	0
7312	0
7313	0
7314	1
7315	0
7316	0
7317	0
7318	0
7319	1
7320	2
7321	2
7322	1
7323	0
7324	0
7325	0
7326	3
7327	0
7328	1
7329	0
7330	1
7331	0
7332	1
7333	0
7334	0
7335	0
7336	0
7337	2
7338	0
7339	0
7340	0
7341	1
7342	1
7343	1
7344	0
7345	2
7346	1
7347	0
7348	1
7349	0
7350	0
7351	2
7352	1
7353	0
7354	1
7355	2
7356	0
7357	0
7358	1
7359	1
7360	2
7361	2
7362	0
7363	0
7364	0
7365	0
7366	0
7367	0
7368	1
7369	0
7370	1
7371	0
7372	0
7373	0
7374	1
7375	0
7376	0
7377	0
7378	1
7379	0
7380	0
7381	0
7382	0
7383	3
7384	1
7385	0
7386	0
7387	3
7388	0
7389	1
7390	0
7391	0
7392	0
7393	1
7394	0
7395	0
7396	1
7397	1
7398	0
7399	0
7400	0
7401	1
7402	1
7403	0
7404	0
7405	0
7406	0
7407	0
7408	0
7409	0
7410	0
7411	1
7412	0
7413	0
7414	0
7415	1
7416	1
7417	0
7418	0
7419	0
7420	0
7421	1
7422	0
7423	0
7424	1
7425	1
7426	0
7427	1
7428	0
7429	1
7430	0
7431	0
7432	2
7433	0
7434	0
7435	0
7436	0
7437	0
7438	1
7439	1
7440	0
7441	0
7442	0
7443	0
7444	3
7445	1
7446	0
7447	0
7448	0
7449	0
7450	1
7451	0
7452	0
7453	0
7454	0
7455	2
7456	0
7457	0
7458	0
7459	0
7460	1
7461	0
7462	0
7463	0
7464	0
7465	0
7466	0
7467	0
7468	0
7469	0
7470	0
7471	0
7472	1
7473	0
7474	0
7475	1
7476	1
7477	0
7478	0
7479	0
7480	0
7481	0
7482	0
7483	0
7484	0
7485	1
7486	1
7487	2
7488	2
7489	0
7490	0
7491	0
7492	0
7493	0
7494	0
7495	0
7496	1
7497	0
7498	0
7499	0
7500	1
7501	0
7502	0
7503	0
7504	0
7505	1
7506	0
7507	1
7508	0
7509	0
7510	0
7511	1
7512	1
7513	0
7514	0
7515	1
7516	0
7517	0
7518	0
7519	0
7520	0
7521	0
7522	0
7523	0
7524	1
7525	1
7526	0
7527	0
7528	0
7529	0
7530	0
7531	0
7532	0
7533	0
7534	1
7535	0
7536	1
7537	0
7538	0
7539	0
7540	0
7541	0
7542	1
7543	0
7544	1
7545	0
7546	1
7547	0
7548	0
7549	1
7550	0
7551	0
7552	0
7553	0
7554	0
7555	0
7556	0
7557	0
7558	0
7559	0
7560	0
7561	0
7562	0
7563	0
7564	0
7565	0
7566	0
7567	2
7568	0
7569	0
7570	1
7571	0
7572	1
7573	1
7574	1
7575	3
7576	0
7577	1
7578	0
7579	0
7580	2
7581	0
7582	0
7583	0
7584	0
7585	0
7586	2
7587	0
7588	0
7589	0
7590	0
7591	0
7592	0
7593	0
7594	2
7595	1
7596	0
7597	0
7598	0
7599	1
7600	0
7601	1
7602	0
7603	0
7604	0
7605	0
7606	0
7607	0
7608	0
7609	1
7610	1
7611	0
7612	0
7613	0
7614	0
7615	0
7616	0
7617	1
7618	0
7619	0
7620	1
7621	0
7622	0
7623	0
7624	0
7625	1
7626	0
7627	0
7628	0
7629	0
7630	0
7631	0
7632	0
7633	0
7634	0
7635	1
7636	0
7637	0
7638	0
7639	0
7640	0
7641	0
7642	0
7643	1
7644	0
7645	0
7646	0
7647	1
7648	0
7649	0
7650	0
7651	0
7652	1
7653	0
7654	0
7655	0
7656	0
7657	0
7658	0
7659	0
7660	0
7661	0
7662	2
7663	1
7664	0
7665	0
7666	0
7667	0
7668	0
7669	0
7670	1
7671	0
7672	0
7673	0
7674	0
7675	0
7676	0
7677	0
7678	0
7679	1
7680	0
7681	0
7682	0
7683	0
7684	0
7685	1
7686	0
7687	0
7688	1
7689	0
7690	0
7691	0
7692	0
7693	0
7694	0
7695	1
7696	0
7697	1
7698	1
7699	1
7700	0
7701	0
7702	0
7703	0
7704	0
7705	0
7706	0
7707	0
7708	1
7709	0
7710	0
7711	0
7712	2
7713	0
7714	0
7715	0
7716	1
7717	0
7718	0
7719	0
7720	1
7721	0
7722	0
7723	0
7724	0
7725	0
7726	0
7727	0
7728	0
7729	1
7730	0
7731	0
7732	0
7733	0
7734	0
7735	1
7736	0
7737	1
7738	0
7739	0
7740	1
7741	0
7742	0
7743	1
7744	0
7745	0
7746	0
7747	0
7748	0
7749	1
7750	0
7751	0
7752	0
7753	0
7754	0
7755	0
7756	0
7757	1
7758	1
7759	0
7760	0
7761	0
7762	0
7763	1
7764	0
7765	0
7766	0
7767	0
7768	0
7769	0
7770	1
7771	2
7772	0
7773	0
7774	0
7775	0
7776	0
7777	0
7778	1
7779	0
7780	0
7781	1
7782	0
7783	0
7784	0
7785	0
7786	0
7787	0
7788	0
7789	0
7790	1
7791	1
7792	0
7793	1
7794	0
7795	1
7796	0
7797	0
7798	0
7799	0
7800	0
7801	1
7802	0
7803	0
7804	1
7805	0
7806	0
7807	0
7808	0
7809	0
7810	1
7811	0
7812	0
7813	0
7814	1
7815	0
7816	2
7817	0
7818	0
7819	0
7820	0
7821	0
7822	1
7823	0
7824	0
7825	0
7826	0
7827	0
7828	0
7829	0
7830	0
7831	0
7832	0
7833	0
7834	0
7835	0
7836	1
7837	0
7838	0
7839	0
7840	1
7841	0
7842	0
7843	0
7844	1
7845	0
7846	0
7847	1
7848	0
7849	0
7850	0
7851	1
7852	1
7853	0
7854	0
7855	0
7856	2
7857	0
7858	0
7859	0
7860	0
7861	0
7862	1
7863	0
7864	0
7865	1
7866	0
7867	0
7868	0
7869	0
7870	0
7871	2
7872	0
7873	0
7874	0
7875	0
7876	0
7877	0
7878	0
7879	0
7880	0
7881	0
7882	0
7883	0
7884	0
7885	1
7886	0
7887	0
7888	2
7889	0
7890	1
7891	0
7892	1
7893	1
7894	0
7895	1
7896	1
7897	0
7898	0
7899	0
7900	1
7901	0
7902	0
7903	0
7904	1
7905	0
7906	0
7907	0
7908	1
7909	0
7910	0
7911	0
7912	0
7913	0
7914	0
7915	0
7916	0
7917	0
7918	0
7919	0
7920	0
7921	0
7922	0
7923	0
7924	0
7925	0
7926	0
7927	0
7928	0
7929	0
7930	0
7931	0
7932	0
7933	0
7934	0
7935	0
7936	0
7937	0
7938	0
7939	0
7940	0
7941	0
7942	0
7943	0
7944	0
7945	0
7946	0
7947	0
7948	0
7949	0
7950	0
7951	0
7952	0
7953	0
7954	0
7955	0
7956	0
7957	0
7958	0
7959	0
7960	0
7961	0
7962	0
7963	0
7964	0
7965	0
7966	0
7967	0
7968	0
7969	0
7970	0
7971	0
7972	0
7973	0
7974	0
7975	0
7976	0
7977	0
7978	0
7979	0
7980	0
7981	0
7982	0
7983	0
7984	0
7985	0
7986	0
7987	0
7988	0
7989	0
7990	0
7991	0
7992	0
7993	0
7994	0
7995	0
7996	0
7997	0
7998	0
7999	0
8000	0
8001	0
8002	0
8003	0
8004	0
8005	0
8006	0
8007	0
8008	0
8009	0
8010	0
8011	0
8012	0
8013	0
8014	0
8015	0
8016	0
8017	0
8018	0
8019	0
8020	0
8021	0
8022	0
8023	0
8024	0
8025	0
8026	0
8027	0
8028	0
8029	0
8030	0
8031	0
8032	0
8033	0
8034	0
8035	0
8036	0
8037	0
8038	0
8039	0
8040	0
8041	0
8042	0
8043	0
8044	0
8045	0
8046	0
8047	0
8048	0
8049	0
8050	0
8051	0
8052	0
8053	0
8054	0
8055	0
8056	0
8057	0
8058	0
8059	0
8060	0
8061	0
8062	0
8063	0
8064	0
8065	0
8066	0
8067	0
8068	0
8069	0
8070	0
8071	0
8072	0
8073	0
8074	0
8075	0
8076	0
8077	0
8078	0
8079	0
8080	0
8081	0
8082	0
8083	0
8084	0
8085	0
8086	0
8087	0
8088	0
8089	0
8090	0
8091	0
8092	0
8093	0
8094	0
8095	0
8096	0
8097	0
8098	0
8099	0
8100	0
8101	0
8102	0
8103	0
8104	0
8105	0
8106	0
8107	0
8108	0
8109	0
8110	0
8111	0
8112	0
8113	0
8114	0
8115	0
8116	0
8117	0
8118	0
8119	0
8120	0
8121	0
8122	0
8123	0
8124	0
8125	0
8126	0
8127	0
8128	0
8129	0
8130	0
8131	0
8132	0
8133	0
8134	0
8135	0
8136	0
8137	0
8138	0
8139	0
8140	0
8141	0
8142	0
8143	0
8144	0
8145	0
8146	0
8147	0
8148	0
8149	0
8150	0
8151	0
8152	0
8153	0
8154	0
8155	0
8156	0
8157	0
8158	0
8159	0
8160	0
8161	0
8162	0
8163	0
8164	0
8165	0
8166	0
8167	0
8168	0
8169	0
8170	0
8171	0
8172	0
8173	0
8174	0
8175	0
8176	0
8177	0
8178	0
8179	0
8180	0
8181	0
8182	0
8183	0
8184	0
8185	0
8186	0
8187	0
8188	0
8189	0
8190	0
8191	0
