0	0
1	0
2	0
3	0
4	0
5	0
6	0
7	0
8	0
9	0
10	0
11	0
12	0
13	0
14	0
15	0
16	0
17	0
18	0
19	0
20	0
21	0
22	0
23	0
24	0
25	0
26	0
27	0
28	0
29	0
30	0
31	0
32	0
33	0
34	0
35	0
36	0
37	0
38	0
39	0
40	0
41	0
42	0
43	0
44	0
45	0
46	0
47	0
48	0
49	0
50	0
51	0
52	0
53	0
54	0
55	0
56	0
57	0
58	0
59	0
60	0
61	0
62	0
63	0
64	0
65	0
66	0
67	0
68	0
69	0
70	0
71	0
72	0
73	0
74	0
75	0
76	0
77	0
78	0
79	0
80	0
81	0
82	0
83	7
84	19
85	20
86	16
87	18
88	10
89	13
90	20
91	26
92	16
93	12
94	16
95	20
96	13
97	21
98	30
99	17
100	17
101	23
102	18
103	18
104	17
105	24
106	16
107	18
108	20
109	16
110	14
111	21
112	25
113	20
114	11
115	23
116	20
117	17
118	16
119	9
120	16
121	15
122	20
123	23
124	23
125	26
126	17
127	27
128	20
129	19
130	17
131	17
132	28
133	23
134	19
135	16
136	20
137	18
138	16
139	28
140	27
141	20
142	26
143	21
144	21
145	15
146	25
147	22
148	11
149	19
150	17
151	29
152	25
153	20
154	14
155	17
156	18
157	19
158	15
159	26
160	19
161	23
162	11
163	19
164	16
165	22
166	16
167	16
168	22
169	23
170	19
171	16
172	15
173	25
174	17
175	23
176	27
177	25
178	20
179	15
180	15
181	14
182	26
183	19
184	17
185	20
186	14
187	24
188	17
189	19
190	21
191	20
192	23
193	26
194	20
195	13
196	22
197	20
198	17
199	24
200	26
201	17
202	29
203	20
204	20
205	16
206	19
207	21
208	18
209	16
210	19
211	16
212	15
213	20
214	13
215	17
216	20
217	16
218	23
219	28
220	19
221	20
222	17
223	11
224	26
225	21
226	19
227	21
228	25
229	16
230	27
231	15
232	22
233	17
234	19
235	29
236	21
237	20
238	20
239	14
240	27
241	21
242	23
243	22
244	25
245	23
246	16
247	19
248	12
249	17
250	30
251	15
252	22
253	21
254	21
255	15
256	28
257	22
258	28
259	21
260	24
261	18
262	16
263	21
264	14
265	19
266	16
267	26
268	24
269	18
270	26
271	32
272	15
273	14
274	21
275	14
276	19
277	19
278	14
279	20
280	20
281	30
282	27
283	15
284	24
285	23
286	20
287	22
288	16
289	23
290	22
291	21
292	23
293	13
294	23
295	22
296	29
297	25
298	16
299	21
300	18
301	23
302	23
303	26
304	25
305	20
306	20
307	19
308	26
309	20
310	28
311	19
312	22
313	25
314	20
315	10
316	17
317	19
318	22
319	23
320	20
321	21
322	25
323	26
324	23
325	23
326	25
327	21
328	21
329	24
330	19
331	30
332	23
333	18
334	26
335	16
336	20
337	24
338	26
339	26
340	29
341	16
342	16
343	26
344	14
345	22
346	24
347	25
348	24
349	9
350	26
351	15
352	31
353	29
354	23
355	20
356	24
357	28
358	26
359	27
360	22
361	26
362	18
363	22
364	17
365	24
366	22
367	20
368	24
369	21
370	26
371	15
372	17
373	12
374	12
375	15
376	20
377	23
378	21
379	27
380	16
381	24
382	22
383	22
384	19
385	19
386	19
387	30
388	28
389	22
390	19
391	24
392	19
393	18
394	25
395	25
396	26
397	14
398	23
399	23
400	23
401	17
402	28
403	26
404	19
405	24
406	27
407	28
408	17
409	17
410	28
411	25
412	21
413	19
414	17
415	24
416	31
417	19
418	28
419	18
420	13
421	25
422	26
423	24
424	21
425	17
426	19
427	19
428	20
429	24
430	22
431	28
432	25
433	12
434	23
435	19
436	19
437	22
438	26
439	27
440	29
441	23
442	29
443	19
444	23
445	21
446	21
447	36
448	27
449	29
450	27
451	23
452	28
453	30
454	31
455	32
456	27
457	29
458	40
459	33
460	29
461	27
462	25
463	23
464	32
465	27
466	27
467	23
468	26
469	33
470	32
471	30
472	33
473	28
474	36
475	32
476	33
477	30
478	38
479	33
480	25
481	26
482	33
483	33
484	30
485	25
486	33
487	38
488	35
489	33
490	38
491	34
492	36
493	30
494	33
495	39
496	41
497	22
498	36
499	24
500	29
501	34
502	33
503	25
504	36
505	32
506	40
507	39
508	42
509	33
510	40
511	44
512	34
513	42
514	40
515	43
516	43
517	33
518	34
519	32
520	34
521	41
522	39
523	40
524	39
525	33
526	38
527	30
528	37
529	32
530	23
531	34
532	43
533	30
534	34
535	45
536	36
537	33
538	34
539	33
540	34
541	30
542	29
543	31
544	36
545	49
546	32
547	28
548	31
549	30
550	36
551	24
552	37
553	33
554	22
555	31
556	41
557	29
558	28
559	39
560	28
561	28
562	36
563	36
564	24
565	28
566	27
567	28
568	39
569	31
570	27
571	28
572	39
573	25
574	20
575	39
576	32
577	26
578	34
579	40
580	36
581	31
582	28
583	34
584	34
585	27
586	43
587	22
588	20
589	34
590	30
591	33
592	25
593	33
594	32
595	33
596	27
597	33
598	34
599	29
600	37
601	33
602	32
603	30
604	29
605	45
606	35
607	45
608	26
609	36
610	31
611	34
612	34
613	27
614	25
615	31
616	26
617	32
618	33
619	22
620	35
621	29
622	35
623	25
624	27
625	35
626	38
627	32
628	31
629	25
630	25
631	27
632	23
633	33
634	26
635	20
636	19
637	27
638	29
639	26
640	35
641	37
642	24
643	23
644	35
645	23
646	23
647	23
648	25
649	33
650	30
651	31
652	31
653	30
654	33
655	32
656	31
657	28
658	23
659	32
660	22
661	32
662	38
663	37
664	23
665	36
666	32
667	26
668	31
669	26
670	40
671	25
672	34
673	32
674	19
675	32
676	23
677	21
678	30
679	29
680	30
681	31
682	20
683	31
684	26
685	21
686	36
687	24
688	40
689	32
690	28
691	30
692	31
693	29
694	25
695	37
696	30
697	35
698	28
699	31
700	33
701	24
702	36
703	25
704	41
705	29
706	29
707	35
708	27
709	33
710	43
711	32
712	37
713	26
714	28
715	30
716	27
717	37
718	27
719	24
720	26
721	38
722	39
723	37
724	26
725	28
726	25
727	30
728	21
729	30
730	36
731	35
732	28
733	35
734	39
735	39
736	39
737	23
738	29
739	49
740	32
741	32
742	27
743	30
744	37
745	41
746	40
747	32
748	22
749	41
750	40
751	31
752	34
753	26
754	37
755	33
756	32
757	33
758	28
759	40
760	37
761	20
762	35
763	28
764	38
765	29
766	40
767	28
768	30
769	30
770	33
771	33
772	36
773	26
774	28
775	32
776	34
777	28
778	49
779	43
780	31
781	36
782	52
783	39
784	29
785	45
786	31
787	26
788	39
789	31
790	36
791	26
792	24
793	35
794	40
795	42
796	26
797	42
798	30
799	39
800	28
801	32
802	40
803	29
804	29
805	41
806	40
807	33
808	41
809	31
810	48
811	32
812	41
813	39
814	38
815	35
816	30
817	39
818	32
819	38
820	32
821	38
822	36
823	38
824	33
825	45
826	35
827	35
828	38
829	36
830	38
831	38
832	45
833	32
834	38
835	35
836	45
837	39
838	32
839	33
840	31
841	34
842	44
843	45
844	38
845	44
846	31
847	47
848	46
849	40
850	49
851	41
852	30
853	34
854	32
855	42
856	32
857	34
858	35
859	48
860	44
861	43
862	36
863	37
864	49
865	40
866	42
867	29
868	34
869	35
870	41
871	41
872	31
873	44
874	31
875	37
876	41
877	42
878	35
879	32
880	35
881	42
882	36
883	38
884	33
885	34
886	41
887	32
888	40
889	35
890	47
891	26
892	44
893	33
894	51
895	25
896	37
897	41
898	35
899	40
900	48
901	38
902	49
903	37
904	47
905	34
906	40
907	35
908	44
909	29
910	51
911	44
912	32
913	41
914	42
915	37
916	41
917	45
918	37
919	39
920	33
921	33
922	30
923	32
924	36
925	45
926	41
927	30
928	48
929	35
930	37
931	31
932	28
933	47
934	46
935	36
936	28
937	43
938	35
939	30
940	34
941	35
942	41
943	28
944	30
945	35
946	38
947	41
948	38
949	37
950	41
951	30
952	22
953	37
954	55
955	36
956	45
957	36
958	51
959	38
960	42
961	39
962	26
963	51
964	42
965	46
966	32
967	47
968	43
969	44
970	42
971	45
972	42
973	41
974	46
975	48
976	34
977	30
978	34
979	50
980	53
981	35
982	38
983	32
984	41
985	52
986	45
987	46
988	38
989	38
990	40
991	36
992	34
993	38
994	49
995	37
996	41
997	40
998	40
999	26
1000	37
1001	35
1002	32
1003	41
1004	48
1005	28
1006	33
1007	43
1008	41
1009	44
1010	40
1011	42
1012	39
1013	44
1014	40
1015	45
1016	40
1017	50
1018	50
1019	49
1020	48
1021	33
1022	42
1023	38
1024	34
1025	42
1026	46
1027	50
1028	38
1029	54
1030	40
1031	38
1032	41
1033	44
1034	37
1035	54
1036	45
1037	37
1038	38
1039	42
1040	64
1041	43
1042	47
1043	44
1044	33
1045	42
1046	33
1047	48
1048	37
1049	59
1050	51
1051	44
1052	47
1053	45
1054	38
1055	41
1056	41
1057	39
1058	41
1059	44
1060	46
1061	41
1062	50
1063	38
1064	44
1065	41
1066	44
1067	46
1068	49
1069	39
1070	36
1071	45
1072	36
1073	44
1074	48
1075	50
1076	47
1077	47
1078	39
1079	40
1080	48
1081	35
1082	47
1083	47
1084	44
1085	53
1086	45
1087	55
1088	31
1089	52
1090	37
1091	47
1092	36
1093	53
1094	44
1095	32
1096	49
1097	40
1098	42
1099	60
1100	49
1101	34
1102	47
1103	50
1104	41
1105	49
1106	43
1107	46
1108	30
1109	38
1110	49
1111	42
1112	41
1113	35
1114	53
1115	48
1116	56
1117	50
1118	45
1119	54
1120	50
1121	50
1122	54
1123	46
1124	42
1125	50
1126	42
1127	43
1128	43
1129	55
1130	55
1131	44
1132	43
1133	51
1134	48
1135	47
1136	45
1137	30
1138	55
1139	47
1140	50
1141	49
1142	47
1143	54
1144	40
1145	38
1146	47
1147	37
1148	42
1149	47
1150	62
1151	43
1152	53
1153	55
1154	45
1155	52
1156	43
1157	45
1158	40
1159	55
1160	42
1161	51
1162	50
1163	51
1164	45
1165	49
1166	55
1167	47
1168	44
1169	46
1170	52
1171	43
1172	43
1173	55
1174	42
1175	44
1176	57
1177	61
1178	51
1179	48
1180	43
1181	52
1182	46
1183	59
1184	47
1185	57
1186	58
1187	51
1188	57
1189	52
1190	37
1191	45
1192	48
1193	48
1194	38
1195	45
1196	57
1197	45
1198	45
1199	32
1200	55
1201	53
1202	58
1203	52
1204	56
1205	50
1206	41
1207	51
1208	43
1209	45
1210	54
1211	56
1212	42
1213	47
1214	47
1215	53
1216	45
1217	58
1218	53
1219	56
1220	45
1221	57
1222	47
1223	45
1224	61
1225	51
1226	45
1227	51
1228	55
1229	50
1230	63
1231	42
1232	44
1233	46
1234	54
1235	58
1236	54
1237	52
1238	43
1239	53
1240	39
1241	49
1242	37
1243	42
1244	44
1245	54
1246	52
1247	55
1248	51
1249	48
1250	57
1251	53
1252	60
1253	51
1254	48
1255	46
1256	37
1257	44
1258	36
1259	43
1260	38
1261	47
1262	38
1263	51
1264	61
1265	57
1266	42
1267	48
1268	50
1269	43
1270	42
1271	54
1272	44
1273	54
1274	49
1275	58
1276	38
1277	44
1278	32
1279	51
1280	50
1281	44
1282	46
1283	49
1284	56
1285	44
1286	41
1287	34
1288	49
1289	38
1290	40
1291	42
1292	36
1293	57
1294	45
1295	40
1296	55
1297	44
1298	44
1299	38
1300	41
1301	57
1302	41
1303	59
1304	46
1305	66
1306	52
1307	41
1308	55
1309	47
1310	62
1311	45
1312	41
1313	37
1314	52
1315	38
1316	54
1317	41
1318	44
1319	56
1320	44
1321	35
1322	54
1323	36
1324	55
1325	54
1326	49
1327	51
1328	49
1329	46
1330	38
1331	45
1332	37
1333	45
1334	43
1335	41
1336	42
1337	41
1338	41
1339	47
1340	45
1341	45
1342	47
1343	41
1344	40
1345	46
1346	52
1347	38
1348	51
1349	40
1350	50
1351	47
1352	44
1353	49
1354	42
1355	37
1356	42
1357	41
1358	54
1359	47
1360	46
1361	51
1362	48
1363	42
1364	31
1365	35
1366	53
1367	53
1368	51
1369	55
1370	49
1371	37
1372	39
1373	54
1374	53
1375	41
1376	49
1377	53
1378	51
1379	43
1380	37
1381	42
1382	42
1383	35
1384	43
1385	40
1386	46
1387	44
1388	40
1389	43
1390	33
1391	50
1392	44
1393	43
1394	43
1395	43
1396	34
1397	44
1398	44
1399	32
1400	39
1401	40
1402	34
1403	41
1404	49
1405	48
1406	39
1407	40
1408	38
1409	42
1410	40
1411	38
1412	39
1413	27
1414	32
1415	46
1416	33
1417	31
1418	40
1419	36
1420	39
1421	40
1422	50
1423	40
1424	38
1425	44
1426	29
1427	43
1428	45
1429	43
1430	35
1431	30
1432	34
1433	49
1434	51
1435	37
1436	44
1437	37
1438	35
1439	34
1440	42
1441	28
1442	43
1443	41
1444	48
1445	47
1446	43
1447	42
1448	43
1449	46
1450	46
1451	40
1452	32
1453	35
1454	41
1455	44
1456	45
1457	38
1458	38
1459	30
1460	29
1461	42
1462	40
1463	33
1464	30
1465	45
1466	46
1467	47
1468	45
1469	41
1470	34
1471	21
1472	33
1473	40
1474	37
1475	30
1476	53
1477	45
1478	24
1479	41
1480	34
1481	43
1482	37
1483	43
1484	34
1485	32
1486	36
1487	37
1488	48
1489	36
1490	34
1491	47
1492	28
1493	49
1494	40
1495	33
1496	47
1497	36
1498	25
1499	33
1500	40
1501	43
1502	41
1503	40
1504	30
1505	34
1506	32
1507	33
1508	35
1509	35
1510	30
1511	46
1512	38
1513	47
1514	42
1515	40
1516	34
1517	51
1518	36
1519	48
1520	33
1521	40
1522	35
1523	44
1524	34
1525	38
1526	41
1527	51
1528	33
1529	45
1530	56
1531	32
1532	48
1533	37
1534	27
1535	39
1536	31
1537	31
1538	38
1539	33
1540	27
1541	39
1542	27
1543	44
1544	33
1545	37
1546	51
1547	33
1548	38
1549	42
1550	29
1551	40
1552	37
1553	46
1554	33
1555	34
1556	38
1557	38
1558	33
1559	41
1560	39
1561	35
1562	31
1563	37
1564	34
1565	38
1566	29
1567	42
1568	34
1569	31
1570	28
1571	39
1572	32
1573	38
1574	26
1575	32
1576	48
1577	38
1578	36
1579	47
1580	29
1581	39
1582	37
1583	41
1584	31
1585	39
1586	21
1587	38
1588	31
1589	30
1590	39
1591	38
1592	34
1593	45
1594	33
1595	35
1596	36
1597	30
1598	26
1599	41
1600	42
1601	28
1602	38
1603	32
1604	37
1605	40
1606	47
1607	52
1608	42
1609	27
1610	26
1611	39
1612	34
1613	34
1614	34
1615	35
1616	32
1617	40
1618	41
1619	36
1620	37
1621	29
1622	37
1623	49
1624	22
1625	27
1626	43
1627	30
1628	36
1629	35
1630	42
1631	37
1632	26
1633	27
1634	35
1635	45
1636	34
1637	33
1638	39
1639	38
1640	29
1641	37
1642	29
1643	35
1644	44
1645	32
1646	39
1647	35
1648	41
1649	34
1650	25
1651	35
1652	41
1653	38
1654	42
1655	42
1656	25
1657	35
1658	26
1659	29
1660	29
1661	27
1662	35
1663	28
1664	32
1665	35
1666	40
1667	44
1668	26
1669	42
1670	37
1671	44
1672	30
1673	28
1674	30
1675	35
1676	36
1677	44
1678	31
1679	30
1680	37
1681	32
1682	33
1683	29
1684	30
1685	21
1686	38
1687	30
1688	40
1689	36
1690	39
1691	26
1692	36
1693	33
1694	30
1695	38
1696	29
1697	35
1698	29
1699	34
1700	34
1701	44
1702	32
1703	24
1704	30
1705	50
1706	24
1707	26
1708	34
1709	34
1710	23
1711	30
1712	31
1713	36
1714	37
1715	28
1716	36
1717	33
1718	27
1719	31
1720	36
1721	41
1722	32
1723	39
1724	37
1725	41
1726	28
1727	26
1728	40
1729	39
1730	39
1731	30
1732	40
1733	34
1734	30
1735	37
1736	26
1737	32
1738	32
1739	44
1740	30
1741	25
1742	34
1743	31
1744	38
1745	37
1746	40
1747	40
1748	30
1749	25
1750	31
1751	33
1752	26
1753	33
1754	25
1755	36
1756	23
1757	32
1758	26
1759	37
1760	34
1761	33
1762	20
1763	33
1764	26
1765	34
1766	29
1767	25
1768	23
1769	42
1770	36
1771	33
1772	42
1773	37
1774	28
1775	25
1776	39
1777	38
1778	24
1779	36
1780	31
1781	35
1782	37
1783	31
1784	31
1785	25
1786	30
1787	37
1788	32
1789	22
1790	28
1791	28
1792	28
1793	33
1794	29
1795	28
1796	28
1797	35
1798	36
1799	29
1800	31
1801	35
1802	35
1803	28
1804	40
1805	30
1806	27
1807	26
1808	35
1809	37
1810	27
1811	32
1812	25
1813	27
1814	29
1815	35
1816	36
1817	39
1818	33
1819	27
1820	22
1821	29
1822	35
1823	24
1824	28
1825	26
1826	35
1827	28
1828	31
1829	32
1830	37
1831	36
1832	29
1833	24
1834	27
1835	32
1836	27
1837	29
1838	37
1839	23
1840	32
1841	26
1842	37
1843	43
1844	25
1845	25
1846	20
1847	38
1848	31
1849	34
1850	22
1851	40
1852	20
1853	39
1854	29
1855	34
1856	35
1857	34
1858	45
1859	22
1860	29
1861	31
1862	35
1863	31
1864	26
1865	31
1866	30
1867	25
1868	29
1869	30
1870	26
1871	22
1872	29
1873	29
1874	33
1875	36
1876	33
1877	34
1878	26
1879	40
1880	27
1881	30
1882	20
1883	36
1884	32
1885	33
1886	16
1887	25
1888	24
1889	31
1890	26
1891	28
1892	24
1893	26
1894	37
1895	32
1896	35
1897	20
1898	31
1899	33
1900	28
1901	24
1902	23
1903	27
1904	25
1905	31
1906	24
1907	21
1908	31
1909	29
1910	33
1911	34
1912	23
1913	41
1914	29
1915	27
1916	27
1917	27
1918	29
1919	38
1920	23
1921	33
1922	25
1923	33
1924	27
1925	27
1926	32
1927	27
1928	26
1929	21
1930	30
1931	24
1932	36
1933	22
1934	34
1935	33
1936	34
1937	28
1938	34
1939	32
1940	29
1941	33
1942	25
1943	30
1944	29
1945	23
1946	32
1947	30
1948	30
1949	27
1950	24
1951	28
1952	28
1953	26
1954	30
1955	31
1956	30
1957	43
1958	32
1959	21
1960	26
1961	29
1962	28
1963	32
1964	26
1965	26
1966	26
1967	28
1968	25
1969	29
1970	28
1971	31
1972	34
1973	24
1974	28
1975	32
1976	29
1977	24
1978	37
1979	32
1980	27
1981	32
1982	33
1983	25
1984	36
1985	23
1986	25
1987	34
1988	28
1989	31
1990	39
1991	31
1992	20
1993	28
1994	35
1995	28
1996	22
1997	18
1998	27
1999	21
2000	25
2001	37
2002	16
2003	38
2004	31
2005	31
2006	24
2007	24
2008	29
2009	34
2010	24
2011	20
2012	31
2013	41
2014	23
2015	25
2016	25
2017	31
2018	32
2019	32
2020	18
2021	25
2022	22
2023	28
2024	29
2025	20
2026	38
2027	38
2028	15
2029	27
2030	17
2031	21
2032	20
2033	32
2034	33
2035	26
2036	21
2037	42
2038	26
2039	33
2040	35
2041	22
2042	23
2043	30
2044	26
2045	25
2046	28
2047	23
2048	21
2049	31
2050	20
2051	31
2052	20
2053	25
2054	23
2055	23
2056	25
2057	26
2058	26
2059	40
2060	33
2061	22
2062	31
2063	28
2064	32
2065	22
2066	32
2067	31
2068	28
2069	13
2070	31
2071	30
2072	26
2073	39
2074	27
2075	28
2076	28
2077	31
2078	28
2079	29
2080	32
2081	25
2082	20
2083	21
2084	24
2085	29
2086	34
2087	20
2088	27
2089	30
2090	33
2091	26
2092	26
2093	29
2094	26
2095	27
2096	18
2097	34
2098	26
2099	28
2100	30
2101	15
2102	28
2103	23
2104	29
2105	29
2106	35
2107	31
2108	24
2109	30
2110	22
2111	28
2112	15
2113	21
2114	27
2115	24
2116	26
2117	30
2118	20
2119	28
2120	14
2121	25
2122	27
2123	22
2124	31
2125	34
2126	30
2127	26
2128	30
2129	30
2130	35
2131	27
2132	37
2133	32
2134	27
2135	27
2136	28
2137	30
2138	22
2139	22
2140	32
2141	22
2142	24
2143	28
2144	20
2145	28
2146	20
2147	25
2148	27
2149	26
2150	19
2151	25
2152	29
2153	32
2154	26
2155	25
2156	35
2157	19
2158	25
2159	29
2160	35
2161	30
2162	25
2163	28
2164	30
2165	22
2166	25
2167	25
2168	33
2169	22
2170	15
2171	20
2172	37
2173	21
2174	21
2175	31
2176	31
2177	18
2178	24
2179	25
2180	31
2181	18
2182	17
2183	32
2184	28
2185	26
2186	36
2187	25
2188	23
2189	25
2190	25
2191	33
2192	18
2193	26
2194	35
2195	38
2196	24
2197	23
2198	22
2199	18
2200	32
2201	27
2202	18
2203	24
2204	26
2205	25
2206	27
2207	26
2208	18
2209	29
2210	19
2211	29
2212	32
2213	31
2214	21
2215	27
2216	27
2217	29
2218	20
2219	11
2220	25
2221	35
2222	34
2223	26
2224	19
2225	31
2226	22
2227	27
2228	28
2229	33
2230	30
2231	28
2232	28
2233	33
2234	23
2235	25
2236	25
2237	23
2238	21
2239	21
2240	20
2241	27
2242	25
2243	21
2244	26
2245	20
2246	27
2247	22
2248	22
2249	27
2250	23
2251	21
2252	21
2253	29
2254	32
2255	24
2256	35
2257	28
2258	13
2259	17
2260	24
2261	26
2262	24
2263	23
2264	27
2265	14
2266	27
2267	34
2268	21
2269	35
2270	24
2271	36
2272	22
2273	32
2274	26
2275	23
2276	21
2277	36
2278	31
2279	23
2280	28
2281	24
2282	19
2283	27
2284	21
2285	20
2286	26
2287	31
2288	29
2289	31
2290	18
2291	31
2292	15
2293	13
2294	27
2295	25
2296	30
2297	24
2298	29
2299	24
2300	24
2301	22
2302	27
2303	16
2304	20
2305	31
2306	15
2307	22
2308	30
2309	26
2310	29
2311	35
2312	20
2313	24
2314	25
2315	20
2316	21
2317	25
2318	28
2319	25
2320	24
2321	27
2322	28
2323	24
2324	20
2325	24
2326	24
2327	27
2328	36
2329	27
2330	27
2331	12
2332	28
2333	35
2334	30
2335	26
2336	29
2337	10
2338	14
2339	31
2340	20
2341	37
2342	20
2343	25
2344	26
2345	32
2346	29
2347	23
2348	16
2349	27
2350	25
2351	26
2352	22
2353	21
2354	26
2355	27
2356	24
2357	35
2358	17
2359	22
2360	32
2361	17
2362	21
2363	35
2364	31
2365	18
2366	23
2367	24
2368	34
2369	24
2370	16
2371	23
2372	22
2373	21
2374	23
2375	25
2376	18
2377	16
2378	20
2379	29
2380	22
2381	28
2382	17
2383	23
2384	22
2385	29
2386	26
2387	20
2388	25
2389	32
2390	21
2391	33
2392	25
2393	27
2394	25
2395	26
2396	21
2397	22
2398	25
2399	25
2400	19
2401	19
2402	21
2403	22
2404	30
2405	24
2406	18
2407	23
2408	24
2409	17
2410	24
2411	22
2412	12
2413	22
2414	24
2415	17
2416	27
2417	25
2418	19
2419	21
2420	18
2421	27
2422	31
2423	28
2424	27
2425	27
2426	27
2427	22
2428	25
2429	31
2430	23
2431	16
2432	25
2433	21
2434	28
2435	25
2436	36
2437	19
2438	26
2439	22
2440	25
2441	21
2442	26
2443	32
2444	27
2445	26
2446	21
2447	18
2448	26
2449	21
2450	23
2451	21
2452	20
2453	26
2454	29
2455	20
2456	22
2457	29
2458	24
2459	25
2460	22
2461	25
2462	22
2463	23
2464	22
2465	22
2466	28
2467	33
2468	16
2469	25
2470	25
2471	29
2472	31
2473	25
2474	18
2475	24
2476	19
2477	22
2478	18
2479	18
2480	27
2481	25
2482	19
2483	25
2484	31
2485	26
2486	38
2487	23
2488	22
2489	27
2490	19
2491	19
2492	28
2493	23
2494	25
2495	25
2496	20
2497	22
2498	20
2499	21
2500	19
2501	18
2502	21
2503	26
2504	21
2505	25
2506	17
2507	18
2508	23
2509	23
2510	23
2511	27
2512	36
2513	31
2514	26
2515	24
2516	20
2517	27
2518	24
2519	21
2520	26
2521	29
2522	17
2523	31
2524	22
2525	22
2526	36
2527	24
2528	22
2529	27
2530	24
2531	27
2532	28
2533	21
2534	30
2535	31
2536	22
2537	22
2538	30
2539	22
2540	21
2541	27
2542	20
2543	26
2544	24
2545	21
2546	13
2547	27
2548	28
2549	19
2550	25
2551	19
2552	25
2553	21
2554	17
2555	23
2556	18
2557	25
2558	25
2559	23
2560	28
2561	20
2562	16
2563	23
2564	21
2565	16
2566	14
2567	22
2568	30
2569	23
2570	31
2571	26
2572	22
2573	20
2574	36
2575	17
2576	23
2577	34
2578	22
2579	26
2580	25
2581	24
2582	16
2583	21
2584	29
2585	23
2586	26
2587	20
2588	23
2589	18
2590	24
2591	16
2592	30
2593	25
2594	25
2595	26
2596	29
2597	34
2598	20
2599	25
2600	25
2601	14
2602	26
2603	19
2604	32
2605	25
2606	24
2607	13
2608	22
2609	19
2610	16
2611	25
2612	17
2613	35
2614	27
2615	30
2616	18
2617	23
2618	24
2619	20
2620	28
2621	21
2622	23
2623	26
2624	17
2625	19
2626	22
2627	31
2628	24
2629	30
2630	27
2631	20
2632	22
2633	25
2634	25
2635	20
2636	30
2637	33
2638	16
2639	20
2640	17
2641	25
2642	24
2643	25
2644	21
2645	24
2646	28
2647	17
2648	25
2649	21
2650	21
2651	23
2652	29
2653	25
2654	23
2655	23
2656	22
2657	22
2658	24
2659	23
2660	21
2661	26
2662	20
2663	20
2664	28
2665	20
2666	21
2667	19
2668	20
2669	18
2670	24
2671	25
2672	21
2673	24
2674	19
2675	27
2676	25
2677	27
2678	24
2679	30
2680	23
2681	30
2682	15
2683	14
2684	27
2685	23
2686	21
2687	24
2688	31
2689	25
2690	22
2691	19
2692	20
2693	20
2694	18
2695	29
2696	22
2697	25
2698	19
2699	23
2700	26
2701	14
2702	25
2703	30
2704	22
2705	24
2706	27
2707	24
2708	18
2709	17
2710	17
2711	20
2712	21
2713	17
2714	32
2715	20
2716	24
2717	27
2718	17
2719	20
2720	19
2721	20
2722	29
2723	12
2724	19
2725	20
2726	17
2727	23
2728	18
2729	23
2730	16
2731	33
2732	12
2733	21
2734	21
2735	16
2736	23
2737	17
2738	18
2739	24
2740	18
2741	24
2742	31
2743	21
2744	17
2745	25
2746	17
2747	19
2748	30
2749	14
2750	24
2751	26
2752	22
2753	27
2754	20
2755	15
2756	31
2757	22
2758	19
2759	22
2760	19
2761	24
2762	15
2763	25
2764	30
2765	23
2766	27
2767	19
2768	15
2769	17
2770	18
2771	12
2772	17
2773	15
2774	22
2775	19
2776	20
2777	21
2778	23
2779	21
2780	25
2781	26
2782	19
2783	17
2784	26
2785	34
2786	23
2787	24
2788	22
2789	21
2790	27
2791	11
2792	24
2793	31
2794	15
2795	26
2796	16
2797	16
2798	22
2799	23
2800	19
2801	33
2802	15
2803	21
2804	22
2805	17
2806	16
2807	18
2808	20
2809	28
2810	21
2811	19
2812	16
2813	14
2814	21
2815	20
2816	18
2817	13
2818	31
2819	18
2820	18
2821	24
2822	17
2823	17
2824	22
2825	21
2826	24
2827	19
2828	17
2829	14
2830	32
2831	12
2832	25
2833	18
2834	25
2835	26
2836	17
2837	15
2838	24
2839	13
2840	19
2841	21
2842	18
2843	18
2844	28
2845	21
2846	22
2847	22
2848	18
2849	25
2850	18
2851	16
2852	27
2853	17
2854	20
2855	18
2856	17
2857	24
2858	25
2859	18
2860	14
2861	21
2862	23
2863	18
2864	21
2865	13
2866	19
2867	19
2868	15
2869	14
2870	15
2871	21
2872	20
2873	15
2874	21
2875	20
2876	25
2877	20
2878	21
2879	22
2880	15
2881	17
2882	16
2883	21
2884	28
2885	23
2886	18
2887	21
2888	20
2889	29
2890	25
2891	20
2892	17
2893	25
2894	22
2895	24
2896	18
2897	19
2898	19
2899	19
2900	26
2901	18
2902	24
2903	20
2904	19
2905	15
2906	18
2907	19
2908	18
2909	19
2910	15
2911	19
2912	22
2913	18
2914	12
2915	10
2916	24
2917	14
2918	14
2919	16
2920	15
2921	18
2922	20
2923	18
2924	18
2925	22
2926	16
2927	15
2928	12
2929	22
2930	30
2931	16
2932	23
2933	15
2934	22
2935	17
2936	19
2937	17
2938	15
2939	23
2940	22
2941	16
2942	16
2943	20
2944	19
2945	11
2946	15
2947	18
2948	28
2949	24
2950	19
2951	12
2952	19
2953	18
2954	15
2955	16
2956	14
2957	17
2958	17
2959	26
2960	21
2961	17
2962	15
2963	24
2964	18
2965	12
2966	12
2967	11
2968	17
2969	18
2970	22
2971	13
2972	18
2973	17
2974	21
2975	22
2976	23
2977	18
2978	14
2979	27
2980	16
2981	22
2982	20
2983	16
2984	18
2985	21
2986	9
2987	19
2988	22
2989	11
2990	15
2991	17
2992	24
2993	22
2994	10
2995	20
2996	21
2997	17
2998	21
2999	18
3000	22
3001	15
3002	21
3003	18
3004	15
3005	15
3006	25
3007	22
3008	26
3009	14
3010	18
3011	21
3012	18
3013	17
3014	21
3015	15
3016	17
3017	17
3018	18
3019	19
3020	24
3021	20
3022	17
3023	17
3024	18
3025	16
3026	22
3027	28
3028	12
3029	12
3030	17
3031	24
3032	21
3033	16
3034	14
3035	17
3036	21
3037	15
3038	11
3039	20
3040	27
3041	12
3042	11
3043	21
3044	16
3045	22
3046	21
3047	22
3048	20
3049	19
3050	23
3051	22
3052	19
3053	22
3054	20
3055	17
3056	20
3057	18
3058	24
3059	28
3060	25
3061	18
3062	18
3063	14
3064	17
3065	22
3066	28
3067	23
3068	22
3069	18
3070	12
3071	20
3072	18
3073	15
3074	19
3075	18
3076	26
3077	17
3078	25
3079	20
3080	22
3081	17
3082	18
3083	19
3084	22
3085	16
3086	15
3087	20
3088	16
3089	20
3090	18
3091	21
3092	14
3093	23
3094	23
3095	19
3096	22
3097	15
3098	17
3099	18
3100	17
3101	21
3102	23
3103	17
3104	23
3105	17
3106	23
3107	23
3108	23
3109	25
3110	21
3111	15
3112	15
3113	15
3114	27
3115	21
3116	18
3117	16
3118	21
3119	16
3120	20
3121	14
3122	15
3123	18
3124	23
3125	25
3126	20
3127	16
3128	15
3129	17
3130	16
3131	17
3132	23
3133	13
3134	16
3135	16
3136	22
3137	16
3138	19
3139	25
3140	18
3141	13
3142	21
3143	19
3144	21
3145	21
3146	18
3147	20
3148	13
3149	14
3150	17
3151	12
3152	21
3153	23
3154	16
3155	21
3156	20
3157	21
3158	17
3159	15
3160	15
3161	19
3162	21
3163	20
3164	26
3165	16
3166	19
3167	15
3168	11
3169	17
3170	16
3171	21
3172	22
3173	14
3174	23
3175	23
3176	14
3177	18
3178	18
3179	12
3180	18
3181	14
3182	14
3183	26
3184	21
3185	20
3186	17
3187	15
3188	21
3189	15
3190	21
3191	16
3192	19
3193	15
3194	26
3195	19
3196	19
3197	18
3198	13
3199	13
3200	13
3201	18
3202	22
3203	12
3204	15
3205	17
3206	20
3207	19
3208	24
3209	22
3210	20
3211	19
3212	21
3213	21
3214	20
3215	19
3216	15
3217	17
3218	21
3219	29
3220	17
3221	16
3222	20
3223	21
3224	22
3225	17
3226	17
3227	16
3228	17
3229	19
3230	23
3231	16
3232	17
3233	17
3234	18
3235	21
3236	21
3237	17
3238	21
3239	9
3240	12
3241	18
3242	18
3243	16
3244	14
3245	23
3246	14
3247	13
3248	21
3249	26
3250	16
3251	24
3252	24
3253	17
3254	14
3255	20
3256	21
3257	16
3258	13
3259	15
3260	13
3261	20
3262	11
3263	20
3264	21
3265	20
3266	21
3267	15
3268	25
3269	19
3270	17
3271	21
3272	18
3273	23
3274	17
3275	16
3276	15
3277	27
3278	17
3279	19
3280	12
3281	16
3282	17
3283	17
3284	21
3285	15
3286	12
3287	14
3288	13
3289	12
3290	19
3291	17
3292	21
3293	26
3294	11
3295	15
3296	17
3297	21
3298	18
3299	16
3300	15
3301	19
3302	21
3303	18
3304	20
3305	18
3306	17
3307	22
3308	19
3309	23
3310	22
3311	12
3312	17
3313	17
3314	30
3315	13
3316	12
3317	18
3318	17
3319	9
3320	17
3321	22
3322	11
3323	23
3324	14
3325	11
3326	13
3327	14
3328	28
3329	13
3330	20
3331	12
3332	14
3333	16
3334	17
3335	17
3336	22
3337	18
3338	18
3339	17
3340	19
3341	23
3342	19
3343	15
3344	27
3345	17
3346	17
3347	22
3348	8
3349	14
3350	16
3351	21
3352	14
3353	13
3354	18
3355	28
3356	24
3357	22
3358	22
3359	10
3360	17
3361	21
3362	20
3363	15
3364	27
3365	19
3366	14
3367	16
3368	24
3369	22
3370	16
3371	15
3372	20
3373	20
3374	23
3375	16
3376	14
3377	16
3378	13
3379	12
3380	23
3381	19
3382	20
3383	13
3384	19
3385	16
3386	20
3387	17
3388	17
3389	15
3390	19
3391	19
3392	20
3393	10
3394	18
3395	17
3396	17
3397	14
3398	30
3399	16
3400	22
3401	20
3402	17
3403	19
3404	19
3405	9
3406	18
3407	17
3408	15
3409	19
3410	22
3411	19
3412	19
3413	21
3414	16
3415	15
3416	17
3417	21
3418	30
3419	16
3420	21
3421	12
3422	20
3423	17
3424	24
3425	21
3426	18
3427	16
3428	19
3429	17
3430	19
3431	15
3432	17
3433	26
3434	15
3435	19
3436	16
3437	10
3438	19
3439	12
3440	20
3441	18
3442	18
3443	20
3444	12
3445	20
3446	22
3447	17
3448	19
3449	16
3450	18
3451	18
3452	19
3453	16
3454	16
3455	26
3456	22
3457	22
3458	17
3459	13
3460	16
3461	16
3462	25
3463	14
3464	21
3465	17
3466	19
3467	11
3468	18
3469	25
3470	14
3471	23
3472	19
3473	27
3474	18
3475	20
3476	23
3477	30
3478	19
3479	14
3480	17
3481	19
3482	23
3483	10
3484	20
3485	18
3486	24
3487	21
3488	28
3489	23
3490	22
3491	20
3492	21
3493	25
3494	16
3495	18
3496	18
3497	19
3498	22
3499	17
3500	22
3501	15
3502	16
3503	15
3504	22
3505	20
3506	18
3507	13
3508	18
3509	16
3510	20
3511	19
3512	15
3513	21
3514	21
3515	22
3516	18
3517	21
3518	23
3519	26
3520	20
3521	21
3522	23
3523	19
3524	20
3525	17
3526	19
3527	23
3528	20
3529	8
3530	17
3531	19
3532	18
3533	11
3534	15
3535	15
3536	17
3537	18
3538	23
3539	16
3540	27
3541	12
3542	18
3543	17
3544	19
3545	17
3546	19
3547	24
3548	17
3549	22
3550	23
3551	17
3552	11
3553	25
3554	21
3555	16
3556	13
3557	20
3558	25
3559	16
3560	19
3561	20
3562	20
3563	18
3564	20
3565	20
3566	15
3567	17
3568	18
3569	18
3570	23
3571	14
3572	19
3573	22
3574	21
3575	14
3576	15
3577	16
3578	15
3579	28
3580	16
3581	14
3582	19
3583	11
3584	18
3585	21
3586	11
3587	15
3588	20
3589	11
3590	17
3591	15
3592	17
3593	19
3594	25
3595	20
3596	16
3597	27
3598	20
3599	21
3600	14
3601	20
3602	16
3603	17
3604	18
3605	21
3606	12
3607	11
3608	20
3609	23
3610	22
3611	27
3612	19
3613	14
3614	25
3615	12
3616	24
3617	17
3618	16
3619	21
3620	24
3621	19
3622	18
3623	22
3624	28
3625	27
3626	19
3627	19
3628	21
3629	27
3630	16
3631	21
3632	17
3633	16
3634	17
3635	22
3636	12
3637	18
3638	21
3639	20
3640	19
3641	16
3642	23
3643	21
3644	27
3645	25
3646	18
3647	23
3648	28
3649	22
3650	22
3651	21
3652	26
3653	21
3654	18
3655	19
3656	15
3657	21
3658	22
3659	25
3660	18
3661	24
3662	15
3663	19
3664	24
3665	12
3666	16
3667	18
3668	18
3669	16
3670	14
3671	21
3672	20
3673	12
3674	22
3675	19
3676	20
3677	22
3678	20
3679	19
3680	19
3681	22
3682	20
3683	13
3684	16
3685	12
3686	24
3687	21
3688	19
3689	13
3690	23
3691	19
3692	15
3693	14
3694	20
3695	29
3696	23
3697	19
3698	35
3699	25
3700	17
3701	19
3702	17
3703	23
3704	21
3705	22
3706	21
3707	22
3708	22
3709	31
3710	19
3711	19
3712	19
3713	19
3714	23
3715	24
3716	27
3717	26
3718	23
3719	11
3720	20
3721	23
3722	27
3723	32
3724	26
3725	17
3726	16
3727	20
3728	27
3729	31
3730	17
3731	30
3732	23
3733	24
3734	26
3735	23
3736	28
3737	20
3738	18
3739	25
3740	18
3741	17
3742	17
3743	17
3744	17
3745	20
3746	21
3747	25
3748	24
3749	14
3750	18
3751	22
3752	17
3753	22
3754	13
3755	23
3756	26
3757	24
3758	30
3759	24
3760	17
3761	25
3762	23
3763	24
3764	20
3765	19
3766	17
3767	30
3768	12
3769	22
3770	15
3771	20
3772	21
3773	23
3774	19
3775	15
3776	25
3777	19
3778	28
3779	25
3780	26
3781	13
3782	25
3783	15
3784	26
3785	24
3786	22
3787	16
3788	24
3789	18
3790	27
3791	27
3792	23
3793	19
3794	18
3795	23
3796	18
3797	24
3798	18
3799	23
3800	19
3801	26
3802	19
3803	22
3804	30
3805	25
3806	23
3807	22
3808	29
3809	22
3810	18
3811	23
3812	29
3813	28
3814	31
3815	23
3816	21
3817	18
3818	21
3819	25
3820	28
3821	26
3822	18
3823	26
3824	18
3825	20
3826	24
3827	35
3828	20
3829	26
3830	19
3831	29
3832	29
3833	25
3834	23
3835	23
3836	25
3837	26
3838	21
3839	25
3840	16
3841	13
3842	18
3843	22
3844	26
3845	31
3846	23
3847	19
3848	27
3849	26
3850	35
3851	26
3852	28
3853	17
3854	30
3855	27
3856	15
3857	21
3858	25
3859	15
3860	30
3861	26
3862	29
3863	26
3864	23
3865	27
3866	24
3867	25
3868	31
3869	29
3870	31
3871	27
3872	25
3873	28
3874	31
3875	27
3876	23
3877	26
3878	24
3879	28
3880	24
3881	34
3882	26
3883	28
3884	31
3885	29
3886	19
3887	28
3888	37
3889	29
3890	28
3891	18
3892	23
3893	27
3894	24
3895	30
3896	30
3897	23
3898	28
3899	31
3900	20
3901	28
3902	26
3903	22
3904	24
3905	24
3906	40
3907	23
3908	34
3909	25
3910	21
3911	25
3912	29
3913	25
3914	22
3915	31
3916	31
3917	34
3918	22
3919	32
3920	28
3921	28
3922	35
3923	35
3924	34
3925	32
3926	28
3927	25
3928	34
3929	28
3930	30
3931	33
3932	20
3933	40
3934	37
3935	32
3936	30
3937	24
3938	34
3939	26
3940	21
3941	26
3942	32
3943	27
3944	36
3945	28
3946	33
3947	32
3948	28
3949	27
3950	31
3951	20
3952	29
3953	34
3954	38
3955	30
3956	29
3957	37
3958	28
3959	36
3960	27
3961	37
3962	25
3963	36
3964	29
3965	38
3966	28
3967	30
3968	39
3969	31
3970	34
3971	31
3972	33
3973	42
3974	27
3975	26
3976	41
3977	33
3978	26
3979	37
3980	37
3981	30
3982	29
3983	44
3984	24
3985	32
3986	24
3987	43
3988	26
3989	29
3990	37
3991	28
3992	29
3993	38
3994	35
3995	32
3996	32
3997	34
3998	42
3999	27
4000	47
4001	28
4002	33
4003	45
4004	32
4005	24
4006	36
4007	35
4008	36
4009	29
4010	49
4011	34
4012	38
4013	34
4014	41
4015	36
4016	26
4017	42
4018	29
4019	30
4020	33
4021	37
4022	37
4023	40
4024	26
4025	36
4026	27
4027	31
4028	41
4029	39
4030	37
4031	22
4032	36
4033	35
4034	25
4035	32
4036	45
4037	33
4038	35
4039	42
4040	36
4041	45
4042	34
4043	49
4044	43
4045	39
4046	36
4047	37
4048	34
4049	35
4050	45
4051	34
4052	39
4053	37
4054	40
4055	37
4056	43
4057	39
4058	36
4059	40
4060	35
4061	46
4062	38
4063	27
4064	35
4065	35
4066	36
4067	34
4068	38
4069	41
4070	29
4071	36
4072	36
4073	28
4074	37
4075	39
4076	44
4077	39
4078	53
4079	38
4080	35
4081	35
4082	39
4083	42
4084	36
4085	54
4086	38
4087	35
4088	53
4089	26
4090	37
4091	45
4092	34
4093	35
4094	41
4095	45
4096	36
4097	37
4098	38
4099	39
4100	31
4101	36
4102	48
4103	41
4104	36
4105	45
4106	46
4107	48
4108	47
4109	42
4110	39
4111	36
4112	33
4113	36
4114	48
4115	36
4116	49
4117	36
4118	42
4119	40
4120	36
4121	39
4122	55
4123	26
4124	40
4125	37
4126	28
4127	38
4128	41
4129	40
4130	39
4131	33
4132	41
4133	38
4134	29
4135	41
4136	39
4137	34
4138	44
4139	38
4140	42
4141	36
4142	37
4143	38
4144	25
4145	40
4146	41
4147	28
4148	20
4149	33
4150	37
4151	21
4152	31
4153	29
4154	33
4155	25
4156	41
4157	45
4158	43
4159	43
4160	31
4161	40
4162	27
4163	27
4164	43
4165	31
4166	32
4167	34
4168	34
4169	28
4170	37
4171	38
4172	33
4173	32
4174	24
4175	29
4176	27
4177	29
4178	21
4179	32
4180	33
4181	33
4182	24
4183	35
4184	36
4185	38
4186	33
4187	31
4188	33
4189	29
4190	32
4191	39
4192	31
4193	24
4194	35
4195	32
4196	30
4197	28
4198	34
4199	30
4200	27
4201	27
4202	27
4203	32
4204	41
4205	26
4206	32
4207	41
4208	26
4209	28
4210	28
4211	30
4212	22
4213	32
4214	25
4215	27
4216	30
4217	23
4218	30
4219	31
4220	27
4221	36
4222	25
4223	18
4224	35
4225	23
4226	25
4227	22
4228	24
4229	24
4230	21
4231	25
4232	22
4233	25
4234	19
4235	29
4236	35
4237	22
4238	25
4239	18
4240	25
4241	17
4242	19
4243	17
4244	15
4245	26
4246	20
4247	20
4248	19
4249	16
4250	22
4251	24
4252	25
4253	20
4254	21
4255	20
4256	17
4257	21
4258	21
4259	21
4260	21
4261	17
4262	20
4263	9
4264	18
4265	16
4266	20
4267	16
4268	18
4269	11
4270	16
4271	14
4272	15
4273	9
4274	19
4275	13
4276	13
4277	16
4278	17
4279	23
4280	17
4281	19
4282	12
4283	18
4284	14
4285	17
4286	14
4287	19
4288	13
4289	16
4290	14
4291	15
4292	15
4293	13
4294	17
4295	15
4296	8
4297	14
4298	10
4299	16
4300	13
4301	10
4302	12
4303	7
4304	12
4305	14
4306	9
4307	9
4308	14
4309	13
4310	13
4311	14
4312	21
4313	13
4314	10
4315	9
4316	14
4317	5
4318	9
4319	3
4320	3
4321	13
4322	10
4323	7
4324	10
4325	7
4326	5
4327	8
4328	6
4329	13
4330	9
4331	8
4332	8
4333	11
4334	7
4335	8
4336	6
4337	11
4338	7
4339	2
4340	5
4341	7
4342	8
4343	5
4344	9
4345	14
4346	2
4347	6
4348	6
4349	5
4350	4
4351	4
4352	6
4353	7
4354	2
4355	3
4356	7
4357	4
4358	6
4359	5
4360	10
4361	5
4362	5
4363	9
4364	4
4365	6
4366	4
4367	5
4368	4
4369	5
4370	7
4371	5
4372	2
4373	9
4374	2
4375	6
4376	5
4377	6
4378	2
4379	1
4380	5
4381	4
4382	1
4383	1
4384	4
4385	2
4386	2
4387	2
4388	3
4389	6
4390	2
4391	0
4392	6
4393	3
4394	2
4395	4
4396	2
4397	3
4398	2
4399	4
4400	4
4401	1
4402	3
4403	1
4404	5
4405	2
4406	1
4407	1
4408	2
4409	3
4410	3
4411	1
4412	2
4413	3
4414	5
4415	3
4416	0
4417	0
4418	1
4419	1
4420	3
4421	0
4422	1
4423	3
4424	1
4425	1
4426	1
4427	2
4428	2
4429	4
4430	3
4431	3
4432	3
4433	1
4434	1
4435	5
4436	1
4437	0
4438	2
4439	1
4440	3
4441	0
4442	3
4443	0
4444	0
4445	3
4446	1
4447	2
4448	4
4449	3
4450	1
4451	0
4452	2
4453	0
4454	1
4455	1
4456	2
4457	0
4458	2
4459	0
4460	6
4461	2
4462	1
4463	3
4464	3
4465	3
4466	1
4467	1
4468	0
4469	1
4470	1
4471	3
4472	1
4473	0
4474	3
4475	2
4476	0
4477	1
4478	3
4479	3
4480	3
4481	0
4482	1
4483	3
4484	2
4485	1
4486	2
4487	1
4488	0
4489	1
4490	2
4491	2
4492	0
4493	2
4494	0
4495	0
4496	0
4497	0
4498	2
4499	1
4500	0
4501	1
4502	0
4503	0
4504	0
4505	1
4506	1
4507	0
4508	0
4509	4
4510	1
4511	0
4512	0
4513	0
4514	1
4515	0
4516	1
4517	0
4518	2
4519	1
4520	1
4521	2
4522	0
4523	2
4524	1
4525	2
4526	3
4527	0
4528	2
4529	3
4530	1
4531	0
4532	2
4533	0
4534	1
4535	0
4536	0
4537	1
4538	1
4539	0
4540	0
4541	0
4542	1
4543	1
4544	0
4545	1
4546	0
4547	0
4548	1
4549	1
4550	1
4551	0
4552	0
4553	0
4554	1
4555	1
4556	1
4557	1
4558	1
4559	0
4560	0
4561	0
4562	0
4563	2
4564	1
4565	3
4566	1
4567	0
4568	0
4569	1
4570	1
4571	2
4572	1
4573	1
4574	0
4575	0
4576	1
4577	2
4578	3
4579	0
4580	0
4581	1
4582	0
4583	0
4584	1
4585	0
4586	3
4587	1
4588	2
4589	0
4590	0
4591	0
4592	0
4593	2
4594	2
4595	1
4596	0
4597	0
4598	3
4599	1
4600	0
4601	1
4602	2
4603	1
4604	1
4605	1
4606	1
4607	2
4608	0
4609	2
4610	0
4611	0
4612	0
4613	2
4614	0
4615	1
4616	1
4617	0
4618	0
4619	1
4620	2
4621	1
4622	0
4623	0
4624	1
4625	1
4626	1
4627	0
4628	0
4629	2
4630	1
4631	0
4632	0
4633	0
4634	1
4635	1
4636	0
4637	2
4638	1
4639	1
4640	1
4641	0
4642	1
4643	0
4644	0
4645	2
4646	0
4647	0
4648	0
4649	1
4650	1
4651	1
4652	0
4653	1
4654	1
4655	1
4656	1
4657	0
4658	0
4659	3
4660	0
4661	0
4662	1
4663	1
4664	0
4665	0
4666	1
4667	1
4668	1
4669	0
4670	1
4671	0
4672	0
4673	0
4674	2
4675	1
4676	1
4677	2
4678	0
4679	2
4680	2
4681	0
4682	1
4683	2
4684	0
4685	1
4686	0
4687	0
4688	1
4689	0
4690	0
4691	2
4692	0
4693	1
4694	0
4695	0
4696	1
4697	0
4698	1
4699	0
4700	2
4701	1
4702	1
4703	1
4704	0
4705	0
4706	0
4707	1
4708	0
4709	0
4710	0
4711	0
4712	0
4713	1
4714	0
4715	0
4716	0
4717	1
4718	0
4719	2
4720	0
4721	1
4722	1
4723	1
4724	3
4725	0
4726	1
4727	0
4728	0
4729	1
4730	1
4731	1
4732	0
4733	0
4734	2
4735	1
4736	2
4737	1
4738	0
4739	2
4740	1
4741	0
4742	1
4743	0
4744	0
4745	1
4746	0
4747	2
4748	0
4749	1
4750	2
4751	1
4752	3
4753	1
4754	0
4755	2
4756	2
4757	1
4758	0
4759	0
4760	1
4761	2
4762	0
4763	0
4764	0
4765	0
4766	0
4767	2
4768	1
4769	0
4770	1
4771	0
4772	2
4773	1
4774	0
4775	0
4776	2
4777	2
4778	0
4779	0
4780	2
4781	1
4782	0
4783	1
4784	0
4785	1
4786	2
4787	1
4788	1
4789	1
4790	0
4791	1
4792	2
4793	1
4794	0
4795	2
4796	0
4797	1
4798	0
4799	1
4800	2
4801	1
4802	0
4803	0
4804	0
4805	3
4806	0
4807	1
4808	0
4809	0
4810	0
4811	0
4812	1
4813	0
4814	0
4815	0
4816	0
4817	0
4818	0
4819	1
4820	0
4821	1
4822	1
4823	0
4824	1
4825	0
4826	2
4827	1
4828	1
4829	2
4830	3
4831	1
4832	0
4833	0
4834	1
4835	0
4836	0
4837	0
4838	0
4839	0
4840	0
4841	0
4842	0
4843	0
4844	0
4845	0
4846	1
4847	0
4848	0
4849	1
4850	0
4851	1
4852	1
4853	0
4854	0
4855	0
4856	0
4857	0
4858	1
4859	2
4860	0
4861	2
4862	0
4863	0
4864	0
4865	1
4866	3
4867	1
4868	1
4869	1
4870	0
4871	1
4872	1
4873	0
4874	2
4875	1
4876	0
4877	0
4878	0
4879	0
4880	0
4881	0
4882	1
4883	0
4884	1
4885	2
4886	1
4887	1
4888	1
4889	0
4890	1
4891	0
4892	0
4893	0
4894	0
4895	3
4896	0
4897	1
4898	1
4899	0
4900	0
4901	1
4902	1
4903	1
4904	0
4905	0
4906	1
4907	0
4908	0
4909	1
4910	2
4911	2
4912	0
4913	0
4914	0
4915	3
4916	0
4917	2
4918	1
4919	0
4920	1
4921	0
4922	1
4923	1
4924	2
4925	0
4926	2
4927	1
4928	1
4929	4
4930	0
4931	1
4932	1
4933	0
4934	1
4935	2
4936	0
4937	1
4938	0
4939	1
4940	1
4941	1
4942	0
4943	4
4944	0
4945	0
4946	1
4947	0
4948	0
4949	0
4950	0
4951	2
4952	0
4953	0
4954	2
4955	0
4956	0
4957	0
4958	2
4959	0
4960	3
4961	1
4962	0
4963	2
4964	2
4965	0
4966	3
4967	1
4968	1
4969	0
4970	1
4971	1
4972	1
4973	1
4974	1
4975	0
4976	1
4977	0
4978	1
4979	1
4980	1
4981	1
4982	2
4983	1
4984	0
4985	1
4986	3
4987	1
4988	2
4989	0
4990	0
4991	0
4992	1
4993	2
4994	1
4995	1
4996	1
4997	0
4998	0
4999	3
5000	2
5001	1
5002	0
5003	2
5004	1
5005	2
5006	0
5007	1
5008	0
5009	0
5010	1
5011	0
5012	0
5013	2
5014	0
5015	3
5016	1
5017	0
5018	1
5019	1
5020	0
5021	0
5022	0
5023	1
5024	0
5025	2
5026	0
5027	0
5028	1
5029	1
5030	1
5031	0
5032	0
5033	0
5034	0
5035	2
5036	0
5037	2
5038	0
5039	1
5040	0
5041	2
5042	1
5043	0
5044	1
5045	1
5046	1
5047	1
5048	2
5049	0
5050	1
5051	0
5052	0
5053	0
5054	3
5055	0
5056	1
5057	0
5058	0
5059	1
5060	0
5061	1
5062	0
5063	0
5064	0
5065	1
5066	0
5067	0
5068	0
5069	1
5070	0
5071	0
5072	1
5073	0
5074	0
5075	2
5076	0
5077	1
5078	1
5079	0
5080	2
5081	0
5082	1
5083	0
5084	0
5085	1
5086	0
5087	3
5088	0
5089	1
5090	2
5091	0
5092	0
5093	0
5094	3
5095	1
5096	0
5097	0
5098	1
5099	1
5100	0
5101	1
5102	1
5103	1
5104	2
5105	2
5106	0
5107	2
5108	0
5109	0
5110	1
5111	0
5112	1
5113	0
5114	1
5115	1
5116	0
5117	1
5118	0
5119	0
5120	0
5121	2
5122	0
5123	2
5124	1
5125	0
5126	0
5127	0
5128	1
5129	1
5130	0
5131	1
5132	0
5133	2
5134	0
5135	1
5136	0
5137	1
5138	0
5139	0
5140	1
5141	3
5142	1
5143	2
5144	1
5145	3
5146	0
5147	2
5148	1
5149	2
5150	0
5151	0
5152	1
5153	1
5154	0
5155	0
5156	2
5157	0
5158	1
5159	0
5160	0
5161	0
5162	1
5163	1
5164	0
5165	1
5166	1
5167	0
5168	0
5169	2
5170	2
5171	0
5172	0
5173	0
5174	0
5175	0
5176	1
5177	0
5178	1
5179	2
5180	0
5181	0
5182	2
5183	0
5184	2
5185	0
5186	0
5187	0
5188	1
5189	2
5190	1
5191	0
5192	0
5193	1
5194	0
5195	0
5196	0
5197	0
5198	1
5199	1
5200	0
5201	2
5202	0
5203	1
5204	0
5205	1
5206	1
5207	0
5208	1
5209	0
5210	1
5211	0
5212	1
5213	0
5214	1
5215	0
5216	0
5217	2
5218	0
5219	0
5220	2
5221	2
5222	0
5223	0
5224	1
5225	1
5226	2
5227	0
5228	3
5229	1
5230	0
5231	0
5232	1
5233	2
5234	2
5235	0
5236	0
5237	0
5238	2
5239	1
5240	2
5241	0
5242	0
5243	1
5244	0
5245	0
5246	0
5247	1
5248	0
5249	2
5250	0
5251	0
5252	0
5253	1
5254	2
5255	1
5256	1
5257	0
5258	0
5259	1
5260	2
5261	0
5262	0
5263	0
5264	0
5265	0
5266	1
5267	0
5268	0
5269	0
5270	0
5271	0
5272	0
5273	2
5274	1
5275	0
5276	0
5277	3
5278	2
5279	0
5280	3
5281	0
5282	1
5283	0
5284	1
5285	0
5286	2
5287	0
5288	0
5289	1
5290	1
5291	0
5292	2
5293	0
5294	0
5295	0
5296	1
5297	1
5298	0
5299	0
5300	0
5301	1
5302	0
5303	0
5304	1
5305	0
5306	0
5307	1
5308	0
5309	1
5310	2
5311	2
5312	0
5313	1
5314	0
5315	1
5316	0
5317	2
5318	0
5319	1
5320	1
5321	1
5322	0
5323	1
5324	1
5325	1
5326	0
5327	0
5328	0
5329	1
5330	1
5331	1
5332	1
5333	0
5334	0
5335	1
5336	1
5337	0
5338	1
5339	0
5340	0
5341	0
5342	1
5343	0
5344	2
5345	0
5346	2
5347	0
5348	2
5349	2
5350	1
5351	0
5352	2
5353	0
5354	0
5355	0
5356	1
5357	1
5358	0
5359	0
5360	2
5361	0
5362	1
5363	1
5364	0
5365	1
5366	1
5367	1
5368	1
5369	1
5370	0
5371	0
5372	0
5373	0
5374	1
5375	0
5376	0
5377	0
5378	0
5379	0
5380	0
5381	0
5382	1
5383	1
5384	0
5385	1
5386	0
5387	1
5388	0
5389	1
5390	0
5391	0
5392	1
5393	1
5394	1
5395	0
5396	0
5397	0
5398	1
5399	1
5400	2
5401	0
5402	0
5403	0
5404	0
5405	1
5406	0
5407	1
5408	2
5409	2
5410	0
5411	0
5412	1
5413	0
5414	1
5415	0
5416	0
5417	0
5418	0
5419	0
5420	1
5421	1
5422	0
5423	1
5424	0
5425	0
5426	3
5427	1
5428	0
5429	0
5430	0
5431	1
5432	0
5433	0
5434	1
5435	1
5436	1
5437	0
5438	1
5439	0
5440	1
5441	3
5442	0
5443	0
5444	0
5445	0
5446	1
5447	1
5448	0
5449	0
5450	1
5451	0
5452	1
5453	2
5454	0
5455	0
5456	0
5457	0
5458	0
5459	0
5460	1
5461	0
5462	2
5463	0
5464	1
5465	1
5466	0
5467	1
5468	2
5469	0
5470	2
5471	1
5472	0
5473	0
5474	1
5475	2
5476	0
5477	1
5478	0
5479	1
5480	3
5481	1
5482	1
5483	1
5484	1
5485	1
5486	3
5487	1
5488	1
5489	0
5490	0
5491	1
5492	0
5493	0
5494	1
5495	0
5496	2
5497	3
5498	0
5499	3
5500	1
5501	1
5502	0
5503	0
5504	0
5505	1
5506	1
5507	0
5508	0
5509	0
5510	0
5511	0
5512	0
5513	1
5514	3
5515	0
5516	1
5517	0
5518	0
5519	0
5520	1
5521	0
5522	1
5523	1
5524	1
5525	0
5526	0
5527	1
5528	0
5529	0
5530	1
5531	0
5532	0
5533	1
5534	2
5535	1
5536	3
5537	0
5538	1
5539	2
5540	0
5541	1
5542	2
5543	0
5544	0
5545	3
5546	1
5547	0
5548	0
5549	1
5550	1
5551	2
5552	0
5553	1
5554	1
5555	0
5556	0
5557	2
5558	1
5559	0
5560	1
5561	0
5562	0
5563	0
5564	1
5565	0
5566	0
5567	0
5568	0
5569	1
5570	0
5571	1
5572	0
5573	2
5574	0
5575	1
5576	1
5577	0
5578	0
5579	1
5580	2
5581	1
5582	2
5583	0
5584	1
5585	1
5586	0
5587	2
5588	2
5589	0
5590	0
5591	1
5592	3
5593	0
5594	1
5595	1
5596	0
5597	1
5598	1
5599	0
5600	1
5601	0
5602	1
5603	1
5604	0
5605	0
5606	2
5607	0
5608	2
5609	0
5610	0
5611	1
5612	1
5613	3
5614	1
5615	1
5616	0
5617	0
5618	0
5619	1
5620	1
5621	0
5622	0
5623	2
5624	1
5625	0
5626	1
5627	0
5628	0
5629	1
5630	0
5631	0
5632	0
5633	1
5634	0
5635	0
5636	0
5637	0
5638	1
5639	0
5640	0
5641	0
5642	0
5643	1
5644	2
5645	2
5646	0
5647	1
5648	0
5649	0
5650	1
5651	0
5652	1
5653	2
5654	0
5655	1
5656	0
5657	1
5658	1
5659	0
5660	0
5661	1
5662	0
5663	3
5664	0
5665	2
5666	0
5667	1
5668	1
5669	0
5670	0
5671	0
5672	0
5673	0
5674	3
5675	0
5676	2
5677	2
5678	0
5679	0
5680	0
5681	1
5682	2
5683	0
5684	0
5685	0
5686	1
5687	1
5688	1
5689	0
5690	2
5691	2
5692	0
5693	0
5694	1
5695	0
5696	0
5697	1
5698	0
5699	1
5700	2
5701	1
5702	1
5703	0
5704	1
5705	0
5706	1
5707	0
5708	1
5709	2
5710	0
5711	2
5712	0
5713	1
5714	1
5715	0
5716	0
5717	2
5718	2
5719	0
5720	1
5721	2
5722	1
5723	0
5724	1
5725	0
5726	0
5727	0
5728	1
5729	2
5730	1
5731	1
5732	1
5733	2
5734	1
5735	3
5736	0
5737	0
5738	0
5739	0
5740	0
5741	0
5742	0
5743	0
5744	0
5745	1
5746	2
5747	0
5748	1
5749	0
5750	1
5751	0
5752	0
5753	0
5754	0
5755	1
5756	0
5757	1
5758	0
5759	1
5760	0
5761	0
5762	0
5763	0
5764	0
5765	0
5766	0
5767	0
5768	0
5769	1
5770	0
5771	0
5772	1
5773	0
5774	0
5775	0
5776	1
5777	0
5778	0
5779	0
5780	1
5781	1
5782	2
5783	0
5784	0
5785	2
5786	0
5787	0
5788	0
5789	0
5790	1
5791	0
5792	1
5793	1
5794	1
5795	1
5796	0
5797	0
5798	1
5799	1
5800	0
5801	1
5802	0
5803	0
5804	1
5805	0
5806	1
5807	0
5808	1
5809	0
5810	1
5811	0
5812	0
5813	0
5814	1
5815	1
5816	0
5817	2
5818	0
5819	0
5820	0
5821	0
5822	1
5823	0
5824	0
5825	1
5826	0
5827	0
5828	1
5829	1
5830	2
5831	0
5832	2
5833	1
5834	0
5835	0
5836	1
5837	0
5838	0
5839	2
5840	1
5841	0
5842	2
5843	2
5844	1
5845	1
5846	0
5847	1
5848	0
5849	0
5850	1
5851	2
5852	0
5853	0
5854	1
5855	0
5856	0
5857	0
5858	2
5859	0
5860	1
5861	0
5862	1
5863	1
5864	2
5865	0
5866	1
5867	1
5868	1
5869	1
5870	1
5871	0
5872	1
5873	1
5874	1
5875	0
5876	1
5877	2
5878	0
5879	0
5880	1
5881	0
5882	0
5883	0
5884	0
5885	1
5886	2
5887	1
5888	1
5889	1
5890	0
5891	0
5892	0
5893	1
5894	0
5895	0
5896	1
5897	0
5898	1
5899	0
5900	0
5901	0
5902	2
5903	1
5904	1
5905	1
5906	0
5907	1
5908	1
5909	1
5910	0
5911	0
5912	1
5913	2
5914	0
5915	0
5916	2
5917	0
5918	1
5919	0
5920	1
5921	0
5922	1
5923	0
5924	0
5925	0
5926	0
5927	1
5928	2
5929	0
5930	1
5931	1
5932	0
5933	0
5934	1
5935	1
5936	1
5937	2
5938	1
5939	1
5940	1
5941	1
5942	0
5943	0
5944	0
5945	0
5946	0
5947	1
5948	0
5949	1
5950	0
5951	0
5952	3
5953	0
5954	2
5955	0
5956	0
5957	2
5958	1
5959	0
5960	0
5961	1
5962	1
5963	1
5964	2
5965	1
5966	2
5967	0
5968	1
5969	0
5970	0
5971	0
5972	1
5973	1
5974	2
5975	1
5976	0
5977	0
5978	1
5979	0
5980	0
5981	2
5982	0
5983	1
5984	2
5985	0
5986	0
5987	0
5988	0
5989	1
5990	1
5991	1
5992	1
5993	1
5994	0
5995	0
5996	0
5997	0
5998	0
5999	0
6000	2
6001	1
6002	0
6003	0
6004	0
6005	0
6006	0
6007	0
6008	0
6009	1
6010	0
6011	1
6012	0
6013	0
6014	1
6015	0
6016	3
6017	1
6018	0
6019	0
6020	0
6021	1
6022	0
6023	1
6024	2
6025	1
6026	0
6027	1
6028	0
6029	2
6030	1
6031	2
6032	0
6033	0
6034	1
6035	1
6036	1
6037	0
6038	0
6039	0
6040	0
6041	1
6042	0
6043	0
6044	0
6045	1
6046	0
6047	0
6048	0
6049	1
6050	1
6051	0
6052	0
6053	1
6054	0
6055	0
6056	1
6057	1
6058	0
6059	2
6060	2
6061	0
6062	0
6063	0
6064	1
6065	0
6066	0
6067	0
6068	0
6069	0
6070	1
6071	0
6072	0
6073	0
6074	0
6075	1
6076	2
6077	1
6078	0
6079	0
6080	1
6081	0
6082	0
6083	2
6084	0
6085	2
6086	1
6087	0
6088	0
6089	0
6090	1
6091	1
6092	0
6093	0
6094	1
6095	1
6096	0
6097	1
6098	1
6099	0
6100	2
6101	2
6102	0
6103	0
6104	0
6105	0
6106	0
6107	0
6108	1
6109	0
6110	1
6111	0
6112	1
6113	0
6114	2
6115	2
6116	2
6117	2
6118	0
6119	0
6120	0
6121	0
6122	0
6123	2
6124	2
6125	0
6126	0
6127	1
6128	1
6129	0
6130	1
6131	1
6132	1
6133	0
6134	0
6135	1
6136	1
6137	1
6138	1
6139	0
6140	0
6141	1
6142	0
6143	0
6144	0
6145	0
6146	0
6147	0
6148	0
6149	1
6150	0
6151	0
6152	1
6153	0
6154	0
6155	0
6156	1
6157	0
6158	2
6159	0
6160	0
6161	0
6162	1
6163	0
6164	0
6165	0
6166	1
6167	0
6168	0
6169	0
6170	0
6171	0
6172	0
6173	0
6174	0
6175	2
6176	0
6177	1
6178	2
6179	0
6180	0
6181	1
6182	1
6183	0
6184	0
6185	1
6186	0
6187	0
6188	0
6189	0
6190	0
6191	0
6192	0
6193	1
6194	1
6195	1
6196	0
6197	0
6198	0
6199	0
6200	0
6201	1
6202	0
6203	0
6204	0
6205	0
6206	0
6207	1
6208	0
6209	0
6210	0
6211	0
6212	1
6213	1
6214	0
6215	0
6216	0
6217	1
6218	0
6219	0
6220	0
6221	1
6222	0
6223	0
6224	1
6225	1
6226	0
6227	0
6228	0
6229	0
6230	1
6231	0
6232	0
6233	0
6234	2
6235	1
6236	1
6237	0
6238	0
6239	0
6240	2
6241	0
6242	0
6243	1
6244	1
6245	0
6246	0
6247	1
6248	0
6249	1
6250	1
6251	0
6252	1
6253	2
6254	2
6255	2
6256	1
6257	1
6258	0
6259	0
6260	0
6261	0
6262	0
6263	0
6264	2
6265	1
6266	0
6267	0
6268	1
6269	0
6270	1
6271	1
6272	0
6273	1
6274	0
6275	0
6276	0
6277	2
6278	0
6279	1
6280	2
6281	1
6282	1
6283	0
6284	1
6285	1
6286	0
6287	1
6288	0
6289	0
6290	1
6291	0
6292	0
6293	1
6294	0
6295	0
6296	0
6297	1
6298	2
6299	0
6300	1
6301	1
6302	0
6303	0
6304	0
6305	0
6306	0
6307	1
6308	0
6309	0
6310	0
6311	1
6312	0
6313	0
6314	1
6315	0
6316	0
6317	1
6318	1
6319	0
6320	1
6321	0
6322	0
6323	0
6324	0
6325	1
6326	0
6327	0
6328	0
6329	0
6330	2
6331	0
6332	0
6333	0
6334	1
6335	0
6336	0
6337	1
6338	0
6339	0
6340	2
6341	0
6342	0
6343	0
6344	1
6345	0
6346	2
6347	1
6348	1
6349	0
6350	0
6351	1
6352	1
6353	0
6354	1
6355	1
6356	1
6357	0
6358	0
6359	1
6360	0
6361	1
6362	1
6363	1
6364	0
6365	0
6366	0
6367	0
6368	0
6369	1
6370	0
6371	0
6372	0
6373	0
6374	0
6375	0
6376	0
6377	0
6378	1
6379	2
6380	1
6381	0
6382	0
6383	2
6384	1
6385	0
6386	0
6387	1
6388	1
6389	0
6390	1
6391	0
6392	0
6393	1
6394	1
6395	3
6396	1
6397	2
6398	0
6399	0
6400	0
6401	2
6402	0
6403	0
6404	0
6405	0
6406	1
6407	1
6408	0
6409	2
6410	1
6411	0
6412	0
6413	1
6414	0
6415	1
6416	1
6417	1
6418	0
6419	1
6420	0
6421	0
6422	0
6423	0
6424	2
6425	0
6426	0
6427	0
6428	0
6429	0
6430	1
6431	0
6432	0
6433	0
6434	1
6435	0
6436	2
6437	0
6438	1
6439	0
6440	1
6441	1
6442	1
6443	0
6444	1
6445	0
6446	0
6447	0
6448	1
6449	0
6450	0
6451	2
6452	0
6453	0
6454	2
6455	0
6456	0
6457	2
6458	1
6459	0
6460	0
6461	1
6462	3
6463	2
6464	1
6465	0
6466	0
6467	0
6468	0
6469	0
6470	0
6471	0
6472	2
6473	0
6474	0
6475	0
6476	2
6477	3
6478	1
6479	0
6480	0
6481	2
6482	0
6483	0
6484	1
6485	1
6486	0
6487	0
6488	1
6489	0
6490	1
6491	0
6492	0
6493	0
6494	0
6495	0
6496	1
6497	1
6498	3
6499	1
6500	0
6501	0
6502	0
6503	1
6504	0
6505	1
6506	0
6507	0
6508	1
6509	0
6510	0
6511	0
6512	0
6513	0
6514	0
6515	0
6516	0
6517	0
6518	0
6519	0
6520	0
6521	0
6522	1
6523	1
6524	1
6525	0
6526	0
6527	1
6528	0
6529	0
6530	0
6531	1
6532	0
6533	0
6534	0
6535	0
6536	2
6537	0
6538	0
6539	1
6540	1
6541	2
6542	0
6543	1
6544	0
6545	0
6546	0
6547	0
6548	0
6549	0
6550	0
6551	0
6552	0
6553	0
6554	0
6555	1
6556	0
6557	0
6558	0
6559	0
6560	0
6561	0
6562	0
6563	0
6564	0
6565	0
6566	0
6567	0
6568	0
6569	0
6570	2
6571	1
6572	1
6573	0
6574	1
6575	0
6576	0
6577	0
6578	0
6579	2
6580	0
6581	0
6582	0
6583	0
6584	0
6585	1
6586	2
6587	0
6588	0
6589	0
6590	0
6591	0
6592	1
6593	0
6594	0
6595	0
6596	1
6597	0
6598	0
6599	1
6600	0
6601	0
6602	0
6603	0
6604	0
6605	1
6606	0
6607	2
6608	1
6609	3
6610	1
6611	0
6612	2
6613	1
6614	2
6615	0
6616	0
6617	0
6618	1
6619	2
6620	1
6621	1
6622	0
6623	0
6624	0
6625	0
6626	0
6627	1
6628	0
6629	1
6630	1
6631	0
6632	0
6633	0
6634	0
6635	0
6636	0
6637	1
6638	0
6639	0
6640	0
6641	0
6642	0
6643	0
6644	0
6645	2
6646	1
6647	0
6648	0
6649	0
6650	0
6651	0
6652	0
6653	1
6654	0
6655	0
6656	1
6657	1
6658	1
6659	1
6660	1
6661	0
6662	0
6663	2
6664	1
6665	0
6666	1
6667	0
6668	0
6669	1
6670	0
6671	0
6672	1
6673	1
6674	0
6675	0
6676	1
6677	0
6678	0
6679	2
6680	0
6681	1
6682	0
6683	0
6684	0
6685	0
6686	0
6687	0
6688	0
6689	1
6690	0
6691	1
6692	0
6693	1
6694	0
6695	0
6696	1
6697	0
6698	0
6699	0
6700	0
6701	0
6702	0
6703	1
6704	2
6705	1
6706	1
6707	0
6708	0
6709	1
6710	3
6711	0
6712	1
6713	0
6714	0
6715	0
6716	1
6717	0
6718	1
6719	2
6720	1
6721	0
6722	0
6723	0
6724	0
6725	0
6726	0
6727	0
6728	1
6729	0
6730	0
6731	0
6732	1
6733	0
6734	0
6735	1
6736	0
6737	0
6738	0
6739	1
6740	1
6741	1
6742	1
6743	0
6744	0
6745	3
6746	0
6747	0
6748	0
6749	1
6750	0
6751	0
6752	1
6753	0
6754	1
6755	3
6756	1
6757	1
6758	1
6759	0
6760	0
6761	0
6762	0
6763	2
6764	1
6765	1
6766	0
6767	0
6768	0
6769	1
6770	1
6771	0
6772	1
6773	0
6774	1
6775	0
6776	2
6777	0
6778	0
6779	2
6780	0
6781	0
6782	1
6783	0
6784	0
6785	0
6786	0
6787	1
6788	0
6789	0
6790	0
6791	1
6792	1
6793	0
6794	1
6795	0
6796	0
6797	1
6798	1
6799	0
6800	0
6801	0
6802	0
6803	1
6804	1
6805	0
6806	1
6807	0
6808	0
6809	1
6810	3
6811	0
6812	1
6813	0
6814	1
6815	0
6816	0
6817	4
6818	0
6819	0
6820	1
6821	0
6822	0
6823	0
6824	1
6825	0
6826	1
6827	0
6828	0
6829	0
6830	0
6831	0
6832	0
6833	0
6834	0
6835	0
6836	0
6837	0
6838	0
6839	0
6840	0
6841	1
6842	1
6843	0
6844	1
6845	1
6846	0
6847	1
6848	2
6849	0
6850	0
6851	1
6852	0
6853	0
6854	0
6855	0
6856	0
6857	0
6858	1
6859	0
6860	1
6861	0
6862	0
6863	0
6864	0
6865	0
6866	0
6867	1
6868	1
6869	0
6870	0
6871	0
6872	2
6873	0
6874	0
6875	1
6876	2
6877	0
6878	1
6879	0
6880	0
6881	0
6882	1
6883	1
6884	0
6885	0
6886	0
6887	0
6888	0
6889	0
6890	0
6891	0
6892	0
6893	1
6894	0
6895	0
6896	0
6897	0
6898	1
6899	0
6900	0
6901	0
6902	1
6903	1
6904	0
6905	0
6906	0
6907	0
6908	1
6909	1
6910	1
6911	1
6912	0
6913	2
6914	1
6915	1
6916	0
6917	0
6918	0
6919	1
6920	1
6921	0
6922	0
6923	0
6924	0
6925	1
6926	0
6927	0
6928	1
6929	1
6930	0
6931	0
6932	0
6933	0
6934	0
6935	2
6936	1
6937	0
6938	0
6939	1
6940	0
6941	0
6942	0
6943	1
6944	1
6945	0
6946	0
6947	1
6948	0
6949	0
6950	2
6951	0
6952	0
6953	1
6954	0
6955	0
6956	0
6957	0
6958	0
6959	1
6960	1
6961	1
6962	0
6963	1
6964	1
6965	0
6966	1
6967	0
6968	2
6969	0
6970	1
6971	0
6972	0
6973	0
6974	0
6975	0
6976	0
6977	0
6978	0
6979	0
6980	0
6981	1
6982	2
6983	0
6984	0
6985	0
6986	2
6987	1
6988	1
6989	0
6990	1
6991	2
6992	1
6993	0
6994	0
6995	0
6996	1
6997	0
6998	0
6999	0
7000	2
7001	0
7002	0
7003	0
7004	0
7005	0
7006	0
7007	0
7008	0
7009	0
7010	1
7011	0
7012	1
7013	0
7014	0
7015	0
7016	1
7017	1
7018	0
7019	0
7020	0
7021	1
7022	1
7023	0
7024	0
7025	0
7026	2
7027	1
7028	0
7029	1
7030	0
7031	0
7032	1
7033	0
7034	0
7035	1
7036	0
7037	0
7038	1
7039	0
7040	1
7041	1
7042	0
7043	1
7044	0
7045	0
7046	0
7047	0
7048	0
7049	0
7050	0
7051	0
7052	0
7053	1
7054	0
7055	1
7056	0
7057	1
7058	0
7059	0
7060	0
7061	0
7062	0
7063	1
7064	0
7065	1
7066	0
7067	0
7068	0
7069	1
7070	3
7071	1
7072	1
7073	0
7074	0
7075	0
7076	0
7077	0
7078	0
7079	0
7080	1
7081	0
7082	1
7083	0
7084	1
7085	0
7086	2
7087	2
7088	0
7089	0
7090	0
7091	0
7092	2
7093	0
7094	0
7095	1
7096	0
7097	0
7098	0
7099	1
7100	1
7101	0
7102	1
7103	1
7104	1
7105	0
7106	0
7107	4
7108	2
7109	1
7110	2
7111	2
7112	1
7113	0
7114	0
7115	2
7116	0
7117	0
7118	0
7119	0
7120	0
7121	0
7122	0
7123	1
7124	2
7125	2
7126	0
7127	0
7128	0
7129	0
7130	1
7131	0
7132	0
7133	0
7134	1
7135	0
7136	0
7137	0
7138	0
7139	1
7140	1
7141	0
7142	2
7143	2
7144	0
7145	1
7146	0
7147	0
7148	0
7149	0
7150	0
7151	0
7152	1
7153	2
7154	0
7155	0
7156	0
7157	1
7158	1
7159	1
7160	2
7161	3
7162	0
7163	0
7164	0
7165	0
7166	1
7167	0
7168	2
7169	0
7170	1
7171	1
7172	0
7173	1
7174	0
7175	0
7176	1
7177	0
7178	1
7179	0
7180	0
7181	2
7182	0
7183	0
7184	0
7185	0
7186	1
7187	0
7188	1
7189	2
7190	2
7191	1
7192	1
7193	0
7194	3
7195	0
7196	0
7197	1
7198	1
7199	0
7200	0
7201	0
7202	1
7203	1
7204	0
7205	1
7206	3
7207	0
7208	1
7209	1
7210	1
7211	0
7212	0
7213	0
7214	0
7215	0
7216	3
7217	0
7218	0
7219	0
7220	1
7221	1
7222	0
7223	0
7224	0
7225	1
7226	0
7227	0
7228	1
7229	0
7230	0
7231	1
7232	0
7233	1
7234	0
7235	0
7236	0
7237	0
7238	0
7239	0
7240	0
7241	0
7242	0
7243	0
7244	0
7245	2
7246	1
7247	0
7248	0
7249	1
7250	0
7251	0
7252	0
7253	1
7254	0
7255	0
7256	0
7257	0
7258	0
7259	0
7260	1
7261	0
7262	0
7263	1
7264	0
7265	1
7266	0
7267	0
7268	1
7269	0
7270	0
7271	1
7272	0
7273	2
7274	0
7275	2
7276	1
7277	2
7278	1
7279	1
7280	0
7281	0
7282	0
7283	3
7284	0
7285	0
7286	1
7287	0
7288	0
7289	1
7290	0
7291	0
7292	2
7293	1
7294	0
7295	1
7296	0
7297	0
7298	0
7299	0
7300	1
7301	2
7302	0
7303	2
7304	2
7305	2
7306	0
7307	1
7308	0
7309	0
7310	2
7311	0
7312	0
7313	1
7314	0
7315	1
7316	2
7317	0
7318	1
7319	0
7320	0
7321	0
7322	1
7323	2
7324	1
7325	1
7326	0
7327	1
7328	0
7329	0
7330	2
7331	0
7332	0
7333	1
7334	0
7335	0
7336	0
7337	0
7338	0
7339	0
7340	0
7341	0
7342	0
7343	0
7344	0
7345	0
7346	0
7347	0
7348	0
7349	1
7350	1
7351	1
7352	0
7353	1
7354	1
7355	1
7356	0
7357	0
7358	0
7359	2
7360	0
7361	0
7362	1
7363	1
7364	1
7365	0
7366	0
7367	0
7368	0
7369	0
7370	1
7371	0
7372	0
7373	0
7374	0
7375	1
7376	0
7377	0
7378	2
7379	0
7380	0
7381	0
7382	1
7383	0
7384	0
7385	1
7386	1
7387	0
7388	0
7389	0
7390	2
7391	0
7392	0
7393	2
7394	1
7395	0
7396	0
7397	0
7398	0
7399	1
7400	0
7401	0
7402	1
7403	0
7404	0
7405	0
7406	0
7407	1
7408	0
7409	0
7410	0
7411	0
7412	2
7413	0
7414	0
7415	0
7416	0
7417	0
7418	0
7419	0
7420	0
7421	0
7422	2
7423	0
7424	1
7425	2
7426	0
7427	0
7428	0
7429	0
7430	0
7431	0
7432	1
7433	0
7434	1
7435	1
7436	0
7437	0
7438	1
7439	0
7440	0
7441	1
7442	0
7443	0
7444	0
7445	0
7446	1
7447	0
7448	0
7449	0
7450	2
7451	1
7452	1
7453	0
7454	1
7455	0
7456	1
7457	0
7458	0
7459	2
7460	0
7461	0
7462	0
7463	0
7464	0
7465	1
7466	0
7467	0
7468	0
7469	1
7470	2
7471	1
7472	0
7473	0
7474	0
7475	2
7476	0
7477	0
7478	0
7479	0
7480	1
7481	0
7482	0
7483	1
7484	1
7485	0
7486	0
7487	2
7488	1
7489	0
7490	0
7491	1
7492	0
7493	1
7494	0
7495	0
7496	0
7497	0
7498	1
7499	0
7500	0
7501	0
7502	1
7503	0
7504	0
7505	1
7506	0
7507	0
7508	0
7509	0
7510	0
7511	0
7512	0
7513	1
7514	0
7515	1
7516	0
7517	0
7518	0
7519	0
7520	1
7521	1
7522	0
7523	0
7524	0
7525	1
7526	0
7527	0
7528	0
7529	0
7530	0
7531	1
7532	0
7533	0
7534	0
7535	0
7536	0
7537	0
7538	1
7539	0
7540	0
7541	0
7542	0
7543	1
7544	0
7545	0
7546	0
7547	0
7548	0
7549	0
7550	1
7551	0
7552	0
7553	0
7554	0
7555	0
7556	0
7557	0
7558	1
7559	0
7560	0
7561	0
7562	0
7563	0
7564	0
7565	1
7566	0
7567	1
7568	0
7569	0
7570	0
7571	0
7572	0
7573	0
7574	0
7575	0
7576	0
7577	0
7578	0
7579	0
7580	0
7581	0
7582	0
7583	0
7584	0
7585	0
7586	1
7587	0
7588	0
7589	2
7590	1
7591	0
7592	1
7593	0
7594	0
7595	0
7596	0
7597	0
7598	0
7599	0
7600	0
7601	0
7602	0
7603	0
7604	0
7605	0
7606	1
7607	0
7608	0
7609	0
7610	0
7611	0
7612	0
7613	0
7614	0
7615	0
7616	0
7617	0
7618	0
7619	0
7620	0
7621	0
7622	0
7623	0
7624	0
7625	1
7626	0
7627	1
7628	0
7629	1
7630	0
7631	0
7632	0
7633	0
7634	1
7635	1
7636	0
7637	1
7638	0
7639	0
7640	0
7641	1
7642	0
7643	1
7644	0
7645	1
7646	0
7647	0
7648	1
7649	1
7650	0
7651	0
7652	0
7653	1
7654	0
7655	0
7656	0
7657	0
7658	1
7659	1
7660	2
7661	0
7662	0
7663	0
7664	0
7665	0
7666	0
7667	0
7668	1
7669	0
7670	1
7671	1
7672	0
7673	0
7674	0
7675	1
7676	0
7677	0
7678	0
7679	0
7680	0
7681	0
7682	1
7683	0
7684	1
7685	1
7686	0
7687	0
7688	0
7689	0
7690	0
7691	0
7692	0
7693	1
7694	0
7695	0
7696	0
7697	0
7698	0
7699	1
7700	0
7701	0
7702	0
7703	1
7704	0
7705	0
7706	0
7707	0
7708	1
7709	0
7710	0
7711	0
7712	0
7713	1
7714	0
7715	0
7716	0
7717	0
7718	0
7719	0
7720	0
7721	0
7722	0
7723	0
7724	0
7725	0
7726	0
7727	0
7728	0
7729	0
7730	0
7731	1
7732	0
7733	0
7734	0
7735	0
7736	0
7737	1
7738	0
7739	1
7740	0
7741	0
7742	0
7743	0
7744	0
7745	0
7746	0
7747	0
7748	0
7749	2
7750	1
7751	0
7752	0
7753	0
7754	0
7755	0
7756	0
7757	1
7758	0
7759	0
7760	0
7761	0
7762	1
7763	2
7764	0
7765	1
7766	0
7767	0
7768	0
7769	0
7770	0
7771	0
7772	0
7773	1
7774	2
7775	0
7776	0
7777	0
7778	0
7779	1
7780	0
7781	0
7782	0
7783	1
7784	0
7785	0
7786	0
7787	1
7788	0
7789	0
7790	0
7791	0
7792	0
7793	1
7794	0
7795	0
7796	0
7797	0
7798	0
7799	0
7800	0
7801	0
7802	0
7803	0
7804	0
7805	1
7806	0
7807	1
7808	1
7809	0
7810	1
7811	2
7812	0
7813	0
7814	0
7815	0
7816	0
7817	0
7818	1
7819	1
7820	1
7821	0
7822	0
7823	0
7824	0
7825	0
7826	0
7827	1
7828	1
7829	1
7830	0
7831	0
7832	2
7833	0
7834	0
7835	0
7836	0
7837	0
7838	1
7839	0
7840	0
7841	2
7842	0
7843	0
7844	0
7845	0
7846	0
7847	0
7848	0
7849	1
7850	0
7851	0
7852	1
7853	0
7854	0
7855	0
7856	0
7857	0
7858	0
7859	0
7860	0
7861	0
7862	0
7863	0
7864	1
7865	0
7866	3
7867	0
7868	1
7869	0
7870	0
7871	1
7872	0
7873	0
7874	0
7875	1
7876	0
7877	0
7878	0
7879	1
7880	2
7881	0
7882	0
7883	0
7884	0
7885	0
7886	1
7887	0
7888	0
7889	0
7890	0
7891	1
7892	1
7893	1
7894	1
7895	0
7896	0
7897	0
7898	1
7899	0
7900	0
7901	0
7902	0
7903	0
7904	0
7905	1
7906	0
7907	1
7908	0
7909	0
7910	0
7911	0
7912	0
7913	0
7914	0
7915	0
7916	0
7917	0
7918	0
7919	0
7920	0
7921	0
7922	0
7923	0
7924	0
7925	0
7926	0
7927	0
7928	0
7929	0
7930	0
7931	0
7932	0
7933	0
7934	0
7935	0
7936	0
7937	0
7938	0
7939	0
7940	0
7941	0
7942	0
7943	0
7944	0
7945	0
7946	0
7947	0
7948	0
7949	0
7950	0
7951	0
7952	0
7953	0
7954	0
7955	0
7956	0
7957	0
7958	0
7959	0
7960	0
7961	0
7962	0
7963	0
7964	0
7965	0
7966	0
7967	0
7968	0
7969	0
7970	0
7971	0
7972	0
7973	0
7974	0
7975	0
7976	0
7977	0
7978	0
7979	0
7980	0
7981	0
7982	0
7983	0
7984	0
7985	0
7986	0
7987	0
7988	0
7989	0
7990	0
7991	0
7992	0
7993	0
7994	0
7995	0
7996	0
7997	0
7998	0
7999	0
8000	0
8001	0
8002	0
8003	0
8004	0
8005	0
8006	0
8007	0
8008	0
8009	0
8010	0
8011	0
8012	0
8013	0
8014	0
8015	0
8016	0
8017	0
8018	0
8019	0
8020	0
8021	0
8022	0
8023	0
8024	0
8025	0
8026	0
8027	0
8028	0
8029	0
8030	0
8031	0
8032	0
8033	0
8034	0
8035	0
8036	0
8037	0
8038	0
8039	0
8040	0
8041	0
8042	0
8043	0
8044	0
8045	0
8046	0
8047	0
8048	0
8049	0
8050	0
8051	0
8052	0
8053	0
8054	0
8055	0
8056	0
8057	0
8058	0
8059	0
8060	0
8061	0
8062	0
8063	0
8064	0
8065	0
8066	0
8067	0
8068	0
8069	0
8070	0
8071	0
8072	0
8073	0
8074	0
8075	0
8076	0
8077	0
8078	0
8079	0
8080	0
8081	0
8082	0
8083	0
8084	0
8085	0
8086	0
8087	0
8088	0
8089	0
8090	0
8091	0
8092	0
8093	0
8094	0
8095	0
8096	0
8097	0
8098	0
8099	0
8100	0
8101	0
8102	0
8103	0
8104	0
8105	0
8106	0
8107	0
8108	0
8109	0
8110	0
8111	0
8112	0
8113	0
8114	0
8115	0
8116	0
8117	0
8118	0
8119	0
8120	0
8121	0
8122	0
8123	0
8124	0
8125	0
8126	0
8127	0
8128	0
8129	0
8130	0
8131	0
8132	0
8133	0
8134	0
8135	0
8136	0
8137	0
8138	0
8139	0
8140	0
8141	0
8142	0
8143	0
8144	0
8145	0
8146	0
8147	0
8148	0
8149	0
8150	0
8151	0
8152	0
8153	0
8154	0
8155	0
8156	0
8157	0
8158	0
8159	0
8160	0
8161	0
8162	0
8163	0
8164	0
8165	0
8166	0
8167	0
8168	0
8169	0
8170	0
8171	0
8172	0
8173	0
8174	0
8175	0
8176	0
8177	0
8178	0
8179	0
8180	0
8181	0
8182	0
8183	0
8184	0
8185	0
8186	0
8187	0
8188	0
8189	0
8190	0
8191	0
