0	0
1	0
2	0
3	0
4	0
5	0
6	0
7	0
8	0
9	0
10	0
11	0
12	0
13	0
14	0
15	0
16	0
17	0
18	0
19	0
20	0
21	0
22	0
23	0
24	0
25	0
26	0
27	0
28	0
29	0
30	0
31	0
32	0
33	0
34	0
35	0
36	0
37	0
38	0
39	0
40	0
41	0
42	0
43	0
44	0
45	0
46	0
47	0
48	0
49	0
50	0
51	0
52	0
53	0
54	0
55	0
56	0
57	0
58	0
59	0
60	0
61	0
62	0
63	0
64	0
65	0
66	0
67	0
68	0
69	0
70	0
71	0
72	0
73	0
74	0
75	0
76	0
77	0
78	0
79	0
80	0
81	0
82	0
83	5
84	18
85	22
86	17
87	28
88	26
89	25
90	16
91	15
92	16
93	25
94	15
95	14
96	28
97	18
98	20
99	16
100	21
101	20
102	19
103	17
104	25
105	23
106	25
107	13
108	26
109	17
110	17
111	23
112	21
113	30
114	22
115	17
116	23
117	28
118	23
119	15
120	19
121	25
122	21
123	18
124	29
125	14
126	23
127	26
128	17
129	24
130	22
131	16
132	25
133	18
134	22
135	22
136	22
137	27
138	19
139	27
140	18
141	23
142	27
143	20
144	16
145	21
146	29
147	16
148	22
149	18
150	22
151	21
152	27
153	18
154	26
155	21
156	23
157	15
158	24
159	24
160	21
161	19
162	23
163	19
164	14
165	28
166	22
167	19
168	21
169	17
170	15
171	18
172	20
173	25
174	24
175	21
176	22
177	22
178	22
179	17
180	16
181	21
182	21
183	12
184	22
185	26
186	19
187	18
188	24
189	12
190	23
191	25
192	21
193	24
194	17
195	32
196	24
197	20
198	27
199	26
200	17
201	22
202	15
203	23
204	27
205	27
206	11
207	15
208	13
209	24
210	16
211	10
212	22
213	21
214	22
215	22
216	25
217	22
218	25
219	32
220	23
221	29
222	23
223	15
224	36
225	17
226	26
227	25
228	24
229	28
230	20
231	27
232	25
233	26
234	34
235	23
236	17
237	18
238	16
239	22
240	29
241	22
242	30
243	27
244	21
245	28
246	27
247	29
248	29
249	21
250	15
251	23
252	29
253	19
254	17
255	19
256	18
257	24
258	14
259	35
260	25
261	23
262	20
263	21
264	21
265	26
266	17
267	23
268	23
269	26
270	22
271	20
272	28
273	23
274	24
275	27
276	16
277	23
278	19
279	37
280	25
281	21
282	28
283	27
284	20
285	28
286	23
287	31
288	22
289	32
290	18
291	28
292	24
293	22
294	23
295	26
296	28
297	27
298	19
299	21
300	32
301	20
302	21
303	20
304	22
305	23
306	30
307	20
308	22
309	16
310	25
311	28
312	25
313	26
314	32
315	29
316	20
317	23
318	27
319	25
320	25
321	28
322	26
323	28
324	26
325	28
326	24
327	22
328	24
329	16
330	24
331	21
332	36
333	22
334	17
335	28
336	33
337	28
338	28
339	16
340	21
341	27
342	26
343	24
344	20
345	31
346	19
347	32
348	18
349	26
350	23
351	32
352	18
353	33
354	26
355	19
356	33
357	24
358	27
359	22
360	27
361	24
362	20
363	34
364	29
365	26
366	21
367	24
368	27
369	14
370	25
371	16
372	26
373	32
374	23
375	22
376	29
377	24
378	26
379	15
380	24
381	17
382	28
383	21
384	26
385	30
386	24
387	28
388	20
389	28
390	29
391	19
392	23
393	32
394	24
395	28
396	34
397	18
398	33
399	30
400	18
401	24
402	28
403	28
404	24
405	26
406	20
407	31
408	15
409	23
410	28
411	20
412	29
413	22
414	17
415	24
416	26
417	26
418	22
419	27
420	33
421	26
422	24
423	32
424	22
425	23
426	23
427	28
428	28
429	31
430	20
431	25
432	21
433	25
434	24
435	36
436	23
437	21
438	39
439	23
440	31
441	22
442	27
443	31
444	29
445	30
446	23
447	22
448	30
449	34
450	37
451	23
452	37
453	32
454	32
455	23
456	26
457	32
458	40
459	31
460	29
461	29
462	31
463	23
464	38
465	36
466	34
467	35
468	33
469	28
470	24
471	29
472	41
473	43
474	41
475	35
476	29
477	22
478	32
479	32
480	41
481	37
482	41
483	42
484	32
485	35
486	28
487	46
488	39
489	36
490	45
491	40
492	44
493	41
494	46
495	40
496	43
497	34
498	54
499	44
500	41
501	45
502	53
503	38
504	43
505	55
506	48
507	43
508	42
509	30
510	52
511	46
512	46
513	42
514	45
515	44
516	39
517	40
518	50
519	56
520	40
521	46
522	45
523	41
524	41
525	41
526	30
527	35
528	30
529	43
530	40
531	42
532	44
533	35
534	40
535	34
536	37
537	37
538	26
539	35
540	34
541	34
542	38
543	40
544	37
545	38
546	39
547	46
548	40
549	36
550	40
551	37
552	41
553	29
554	46
555	37
556	41
557	34
558	30
559	39
560	26
561	37
562	38
563	29
564	36
565	38
566	46
567	30
568	26
569	28
570	35
571	45
572	37
573	38
574	31
575	33
576	25
577	33
578	27
579	36
580	34
581	37
582	42
583	27
584	34
585	32
586	32
587	30
588	45
589	40
590	34
591	34
592	39
593	24
594	31
595	32
596	28
597	38
598	31
599	37
600	50
601	38
602	35
603	31
604	25
605	41
606	43
607	34
608	25
609	32
610	27
611	34
612	28
613	28
614	31
615	26
616	34
617	26
618	28
619	31
620	23
621	21
622	30
623	38
624	32
625	38
626	34
627	33
628	37
629	23
630	28
631	32
632	32
633	21
634	41
635	30
636	36
637	35
638	27
639	31
640	42
641	30
642	31
643	30
644	31
645	30
646	33
647	37
648	34
649	30
650	32
651	28
652	26
653	28
654	29
655	36
656	25
657	33
658	22
659	23
660	34
661	33
662	34
663	29
664	42
665	37
666	26
667	26
668	27
669	31
670	36
671	31
672	34
673	27
674	30
675	39
676	38
677	31
678	43
679	37
680	29
681	41
682	30
683	33
684	35
685	33
686	36
687	27
688	33
689	44
690	43
691	29
692	30
693	39
694	36
695	32
696	27
697	29
698	30
699	35
700	34
701	38
702	36
703	36
704	38
705	41
706	36
707	33
708	42
709	40
710	39
711	31
712	44
713	37
714	34
715	25
716	34
717	31
718	24
719	34
720	37
721	37
722	33
723	29
724	32
725	34
726	26
727	30
728	42
729	38
730	43
731	29
732	26
733	31
734	38
735	33
736	40
737	31
738	39
739	39
740	35
741	35
742	39
743	41
744	40
745	30
746	36
747	27
748	35
749	38
750	45
751	36
752	30
753	48
754	35
755	42
756	31
757	37
758	40
759	30
760	28
761	40
762	37
763	19
764	36
765	38
766	23
767	34
768	26
769	46
770	53
771	35
772	33
773	43
774	41
775	35
776	33
777	28
778	44
779	45
780	36
781	32
782	31
783	32
784	28
785	37
786	26
787	32
788	35
789	38
790	43
791	31
792	31
793	39
794	47
795	30
796	38
797	44
798	29
799	35
800	49
801	49
802	38
803	39
804	37
805	39
806	40
807	37
808	46
809	37
810	30
811	45
812	36
813	42
814	34
815	45
816	38
817	37
818	43
819	47
820	42
821	36
822	39
823	44
824	44
825	43
826	42
827	36
828	46
829	41
830	36
831	43
832	44
833	37
834	44
835	36
836	36
837	43
838	45
839	42
840	44
841	45
842	39
843	46
844	39
845	51
846	47
847	33
848	49
849	45
850	51
851	49
852	41
853	45
854	36
855	41
856	44
857	36
858	40
859	38
860	40
861	44
862	39
863	36
864	32
865	41
866	40
867	47
868	46
869	44
870	45
871	36
872	52
873	45
874	36
875	43
876	51
877	65
878	43
879	44
880	35
881	43
882	46
883	47
884	41
885	34
886	41
887	42
888	41
889	45
890	51
891	39
892	44
893	47
894	53
895	35
896	46
897	36
898	41
899	54
900	58
901	45
902	48
903	48
904	39
905	47
906	43
907	41
908	54
909	32
910	48
911	43
912	39
913	43
914	50
915	42
916	48
917	41
918	50
919	63
920	48
921	44
922	43
923	45
924	51
925	50
926	43
927	52
928	45
929	49
930	38
931	41
932	41
933	48
934	44
935	45
936	36
937	31
938	41
939	56
940	44
941	51
942	51
943	49
944	36
945	38
946	49
947	40
948	46
949	40
950	45
951	45
952	39
953	50
954	47
955	56
956	37
957	46
958	46
959	43
960	37
961	50
962	44
963	51
964	37
965	52
966	38
967	41
968	42
969	48
970	49
971	43
972	51
973	48
974	47
975	53
976	49
977	47
978	48
979	41
980	49
981	43
982	39
983	58
984	38
985	40
986	42
987	37
988	44
989	37
990	45
991	52
992	42
993	35
994	47
995	48
996	49
997	28
998	38
999	30
1000	43
1001	48
1002	55
1003	39
1004	47
1005	51
1006	41
1007	47
1008	45
1009	51
1010	42
1011	43
1012	45
1013	56
1014	43
1015	34
1016	58
1017	45
1018	47
1019	47
1020	39
1021	58
1022	47
1023	47
1024	48
1025	49
1026	54
1027	52
1028	42
1029	40
1030	48
1031	52
1032	38
1033	51
1034	42
1035	42
1036	56
1037	45
1038	37
1039	46
1040	45
1041	42
1042	54
1043	45
1044	43
1045	45
1046	46
1047	42
1048	44
1049	63
1050	62
1051	46
1052	46
1053	49
1054	44
1055	45
1056	51
1057	45
1058	42
1059	54
1060	39
1061	52
1062	49
1063	46
1064	53
1065	45
1066	42
1067	41
1068	44
1069	39
1070	48
1071	52
1072	46
1073	52
1074	49
1075	50
1076	42
1077	57
1078	39
1079	56
1080	37
1081	37
1082	41
1083	36
1084	45
1085	47
1086	52
1087	64
1088	43
1089	53
1090	60
1091	55
1092	47
1093	46
1094	55
1095	54
1096	55
1097	49
1098	37
1099	53
1100	54
1101	50
1102	50
1103	39
1104	50
1105	41
1106	65
1107	49
1108	32
1109	49
1110	43
1111	42
1112	52
1113	41
1114	47
1115	45
1116	42
1117	52
1118	48
1119	59
1120	53
1121	39
1122	38
1123	58
1124	45
1125	46
1126	44
1127	66
1128	44
1129	51
1130	40
1131	50
1132	42
1133	47
1134	56
1135	36
1136	42
1137	52
1138	52
1139	47
1140	50
1141	65
1142	51
1143	47
1144	33
1145	57
1146	57
1147	57
1148	50
1149	59
1150	49
1151	52
1152	56
1153	63
1154	38
1155	51
1156	41
1157	40
1158	58
1159	62
1160	54
1161	45
1162	49
1163	63
1164	50
1165	52
1166	55
1167	57
1168	50
1169	44
1170	43
1171	40
1172	51
1173	50
1174	50
1175	44
1176	45
1177	51
1178	51
1179	46
1180	44
1181	67
1182	55
1183	58
1184	59
1185	59
1186	57
1187	46
1188	42
1189	51
1190	61
1191	46
1192	54
1193	46
1194	50
1195	55
1196	44
1197	31
1198	45
1199	49
1200	54
1201	45
1202	51
1203	39
1204	57
1205	72
1206	63
1207	52
1208	45
1209	43
1210	56
1211	53
1212	55
1213	51
1214	63
1215	40
1216	69
1217	60
1218	59
1219	48
1220	44
1221	51
1222	43
1223	57
1224	53
1225	50
1226	54
1227	46
1228	58
1229	54
1230	46
1231	46
1232	51
1233	55
1234	53
1235	41
1236	48
1237	64
1238	38
1239	62
1240	53
1241	52
1242	49
1243	48
1244	49
1245	55
1246	45
1247	59
1248	54
1249	42
1250	53
1251	57
1252	64
1253	59
1254	42
1255	58
1256	58
1257	55
1258	39
1259	57
1260	48
1261	45
1262	48
1263	52
1264	47
1265	56
1266	56
1267	45
1268	55
1269	45
1270	45
1271	55
1272	41
1273	56
1274	58
1275	49
1276	60
1277	58
1278	72
1279	51
1280	53
1281	46
1282	39
1283	59
1284	52
1285	45
1286	56
1287	50
1288	50
1289	51
1290	56
1291	39
1292	39
1293	34
1294	49
1295	54
1296	47
1297	42
1298	64
1299	54
1300	40
1301	55
1302	51
1303	43
1304	54
1305	59
1306	54
1307	51
1308	55
1309	56
1310	47
1311	55
1312	52
1313	44
1314	50
1315	56
1316	59
1317	56
1318	45
1319	57
1320	49
1321	58
1322	56
1323	42
1324	49
1325	46
1326	56
1327	55
1328	50
1329	43
1330	49
1331	61
1332	48
1333	54
1334	53
1335	58
1336	58
1337	65
1338	51
1339	53
1340	51
1341	39
1342	41
1343	56
1344	51
1345	42
1346	44
1347	45
1348	53
1349	62
1350	41
1351	47
1352	44
1353	53
1354	47
1355	38
1356	51
1357	62
1358	49
1359	57
1360	52
1361	47
1362	46
1363	72
1364	47
1365	53
1366	46
1367	53
1368	47
1369	52
1370	43
1371	47
1372	46
1373	59
1374	47
1375	53
1376	40
1377	65
1378	53
1379	44
1380	61
1381	55
1382	48
1383	59
1384	53
1385	47
1386	43
1387	51
1388	42
1389	39
1390	47
1391	45
1392	43
1393	45
1394	56
1395	42
1396	50
1397	54
1398	50
1399	54
1400	55
1401	52
1402	36
1403	38
1404	44
1405	43
1406	46
1407	39
1408	47
1409	53
1410	49
1411	57
1412	47
1413	57
1414	48
1415	46
1416	49
1417	47
1418	51
1419	53
1420	49
1421	55
1422	40
1423	63
1424	42
1425	45
1426	46
1427	40
1428	45
1429	42
1430	43
1431	54
1432	55
1433	60
1434	51
1435	51
1436	46
1437	55
1438	47
1439	54
1440	53
1441	51
1442	52
1443	56
1444	56
1445	51
1446	45
1447	45
1448	49
1449	57
1450	52
1451	53
1452	57
1453	56
1454	47
1455	60
1456	55
1457	55
1458	48
1459	61
1460	55
1461	43
1462	54
1463	55
1464	64
1465	59
1466	49
1467	52
1468	54
1469	57
1470	54
1471	54
1472	56
1473	41
1474	48
1475	45
1476	52
1477	50
1478	61
1479	53
1480	47
1481	49
1482	54
1483	58
1484	50
1485	46
1486	54
1487	62
1488	54
1489	57
1490	58
1491	58
1492	57
1493	59
1494	58
1495	56
1496	48
1497	52
1498	66
1499	57
1500	48
1501	58
1502	49
1503	54
1504	55
1505	64
1506	62
1507	66
1508	64
1509	53
1510	69
1511	61
1512	55
1513	48
1514	74
1515	62
1516	55
1517	54
1518	55
1519	66
1520	62
1521	67
1522	38
1523	61
1524	61
1525	61
1526	61
1527	56
1528	57
1529	63
1530	62
1531	56
1532	63
1533	52
1534	67
1535	63
1536	66
1537	58
1538	72
1539	55
1540	65
1541	64
1542	58
1543	67
1544	63
1545	74
1546	59
1547	54
1548	62
1549	70
1550	53
1551	56
1552	66
1553	62
1554	51
1555	67
1556	66
1557	71
1558	62
1559	62
1560	76
1561	76
1562	70
1563	59
1564	54
1565	61
1566	72
1567	63
1568	85
1569	72
1570	61
1571	75
1572	74
1573	66
1574	72
1575	68
1576	61
1577	65
1578	74
1579	71
1580	70
1581	53
1582	67
1583	67
1584	68
1585	84
1586	70
1587	55
1588	61
1589	57
1590	93
1591	62
1592	65
1593	61
1594	74
1595	75
1596	73
1597	72
1598	52
1599	65
1600	77
1601	71
1602	87
1603	76
1604	56
1605	68
1606	66
1607	67
1608	75
1609	77
1610	65
1611	60
1612	73
1613	65
1614	66
1615	73
1616	62
1617	71
1618	75
1619	67
1620	75
1621	72
1622	70
1623	69
1624	67
1625	67
1626	68
1627	62
1628	67
1629	67
1630	60
1631	67
1632	58
1633	66
1634	59
1635	65
1636	57
1637	60
1638	74
1639	77
1640	75
1641	69
1642	71
1643	64
1644	67
1645	53
1646	71
1647	65
1648	66
1649	63
1650	72
1651	73
1652	67
1653	65
1654	74
1655	76
1656	59
1657	59
1658	51
1659	70
1660	71
1661	66
1662	63
1663	59
1664	65
1665	60
1666	72
1667	66
1668	59
1669	59
1670	49
1671	47
1672	73
1673	66
1674	49
1675	65
1676	63
1677	65
1678	64
1679	69
1680	65
1681	57
1682	70
1683	53
1684	68
1685	67
1686	64
1687	56
1688	71
1689	54
1690	60
1691	54
1692	67
1693	53
1694	60
1695	53
1696	60
1697	78
1698	49
1699	55
1700	64
1701	51
1702	57
1703	62
1704	55
1705	59
1706	47
1707	54
1708	55
1709	39
1710	56
1711	53
1712	43
1713	58
1714	60
1715	59
1716	48
1717	50
1718	62
1719	56
1720	49
1721	54
1722	43
1723	55
1724	61
1725	64
1726	58
1727	43
1728	46
1729	51
1730	46
1731	42
1732	39
1733	49
1734	55
1735	49
1736	45
1737	46
1738	53
1739	45
1740	57
1741	53
1742	44
1743	61
1744	51
1745	49
1746	50
1747	39
1748	61
1749	43
1750	43
1751	45
1752	34
1753	48
1754	55
1755	43
1756	39
1757	41
1758	38
1759	45
1760	45
1761	44
1762	33
1763	40
1764	47
1765	41
1766	45
1767	40
1768	49
1769	42
1770	33
1771	52
1772	45
1773	34
1774	39
1775	25
1776	43
1777	32
1778	51
1779	35
1780	43
1781	53
1782	35
1783	37
1784	42
1785	38
1786	40
1787	29
1788	45
1789	42
1790	43
1791	42
1792	35
1793	39
1794	45
1795	43
1796	43
1797	50
1798	45
1799	45
1800	44
1801	38
1802	41
1803	41
1804	40
1805	37
1806	36
1807	52
1808	32
1809	46
1810	35
1811	35
1812	32
1813	37
1814	37
1815	36
1816	44
1817	32
1818	39
1819	39
1820	41
1821	32
1822	39
1823	34
1824	40
1825	36
1826	28
1827	34
1828	36
1829	28
1830	34
1831	42
1832	39
1833	40
1834	32
1835	40
1836	42
1837	41
1838	34
1839	38
1840	30
1841	29
1842	38
1843	30
1844	38
1845	33
1846	31
1847	37
1848	32
1849	38
1850	29
1851	37
1852	31
1853	39
1854	30
1855	38
1856	33
1857	43
1858	47
1859	33
1860	30
1861	35
1862	41
1863	32
1864	35
1865	38
1866	39
1867	37
1868	38
1869	33
1870	39
1871	38
1872	44
1873	27
1874	28
1875	31
1876	37
1877	26
1878	24
1879	26
1880	43
1881	32
1882	26
1883	34
1884	36
1885	37
1886	40
1887	37
1888	36
1889	27
1890	32
1891	27
1892	36
1893	42
1894	20
1895	38
1896	24
1897	28
1898	32
1899	22
1900	27
1901	32
1902	29
1903	24
1904	39
1905	32
1906	53
1907	33
1908	32
1909	35
1910	39
1911	24
1912	25
1913	44
1914	32
1915	30
1916	40
1917	40
1918	34
1919	31
1920	39
1921	32
1922	43
1923	32
1924	29
1925	34
1926	36
1927	33
1928	33
1929	35
1930	21
1931	30
1932	25
1933	28
1934	38
1935	38
1936	25
1937	35
1938	35
1939	30
1940	28
1941	33
1942	37
1943	26
1944	27
1945	38
1946	35
1947	29
1948	33
1949	23
1950	36
1951	31
1952	30
1953	38
1954	44
1955	29
1956	29
1957	29
1958	26
1959	37
1960	30
1961	33
1962	35
1963	38
1964	26
1965	31
1966	41
1967	42
1968	32
1969	28
1970	36
1971	24
1972	30
1973	34
1974	29
1975	42
1976	37
1977	38
1978	26
1979	26
1980	41
1981	26
1982	48
1983	37
1984	41
1985	35
1986	24
1987	29
1988	33
1989	22
1990	36
1991	37
1992	30
1993	25
1994	31
1995	34
1996	27
1997	39
1998	24
1999	42
2000	39
2001	35
2002	26
2003	41
2004	36
2005	29
2006	28
2007	29
2008	26
2009	34
2010	21
2011	29
2012	31
2013	23
2014	32
2015	19
2016	41
2017	34
2018	36
2019	32
2020	33
2021	35
2022	31
2023	36
2024	33
2025	25
2026	31
2027	34
2028	31
2029	31
2030	29
2031	37
2032	24
2033	31
2034	35
2035	33
2036	33
2037	34
2038	25
2039	29
2040	36
2041	26
2042	25
2043	30
2044	36
2045	25
2046	43
2047	26
2048	34
2049	25
2050	23
2051	28
2052	22
2053	27
2054	31
2055	35
2056	29
2057	28
2058	32
2059	29
2060	29
2061	29
2062	38
2063	36
2064	37
2065	24
2066	25
2067	30
2068	19
2069	33
2070	18
2071	30
2072	29
2073	35
2074	30
2075	43
2076	19
2077	30
2078	38
2079	25
2080	32
2081	27
2082	33
2083	24
2084	37
2085	35
2086	40
2087	32
2088	32
2089	25
2090	29
2091	28
2092	31
2093	32
2094	40
2095	35
2096	27
2097	30
2098	29
2099	22
2100	32
2101	26
2102	36
2103	26
2104	31
2105	39
2106	22
2107	30
2108	21
2109	23
2110	31
2111	26
2112	41
2113	33
2114	36
2115	42
2116	29
2117	38
2118	31
2119	28
2120	38
2121	35
2122	27
2123	36
2124	27
2125	27
2126	30
2127	19
2128	24
2129	24
2130	22
2131	37
2132	32
2133	24
2134	34
2135	23
2136	27
2137	33
2138	31
2139	34
2140	26
2141	40
2142	40
2143	32
2144	26
2145	33
2146	41
2147	26
2148	34
2149	26
2150	33
2151	31
2152	31
2153	31
2154	29
2155	38
2156	36
2157	24
2158	18
2159	33
2160	31
2161	37
2162	31
2163	28
2164	39
2165	29
2166	34
2167	29
2168	36
2169	23
2170	27
2171	31
2172	24
2173	35
2174	31
2175	27
2176	28
2177	23
2178	23
2179	29
2180	32
2181	34
2182	26
2183	23
2184	34
2185	30
2186	30
2187	32
2188	29
2189	23
2190	29
2191	25
2192	35
2193	26
2194	32
2195	25
2196	20
2197	35
2198	31
2199	27
2200	32
2201	27
2202	24
2203	26
2204	28
2205	23
2206	32
2207	28
2208	25
2209	28
2210	27
2211	33
2212	28
2213	24
2214	21
2215	23
2216	32
2217	27
2218	27
2219	18
2220	34
2221	30
2222	31
2223	31
2224	18
2225	32
2226	32
2227	30
2228	16
2229	31
2230	31
2231	28
2232	29
2233	34
2234	24
2235	16
2236	23
2237	27
2238	25
2239	32
2240	30
2241	45
2242	25
2243	22
2244	41
2245	23
2246	26
2247	21
2248	21
2249	27
2250	20
2251	28
2252	27
2253	29
2254	24
2255	37
2256	31
2257	23
2258	24
2259	25
2260	27
2261	20
2262	18
2263	21
2264	31
2265	32
2266	28
2267	23
2268	21
2269	37
2270	42
2271	28
2272	30
2273	18
2274	26
2275	28
2276	32
2277	33
2278	24
2279	27
2280	26
2281	29
2282	25
2283	34
2284	27
2285	27
2286	34
2287	22
2288	24
2289	25
2290	23
2291	27
2292	32
2293	30
2294	43
2295	24
2296	29
2297	23
2298	23
2299	23
2300	39
2301	22
2302	30
2303	28
2304	39
2305	34
2306	33
2307	26
2308	25
2309	23
2310	28
2311	27
2312	25
2313	25
2314	23
2315	21
2316	32
2317	30
2318	30
2319	19
2320	28
2321	27
2322	16
2323	24
2324	28
2325	28
2326	37
2327	37
2328	14
2329	19
2330	21
2331	25
2332	24
2333	23
2334	28
2335	23
2336	25
2337	25
2338	27
2339	24
2340	19
2341	34
2342	26
2343	27
2344	24
2345	24
2346	29
2347	33
2348	20
2349	25
2350	31
2351	32
2352	31
2353	24
2354	20
2355	28
2356	32
2357	26
2358	17
2359	34
2360	29
2361	30
2362	20
2363	34
2364	21
2365	31
2366	24
2367	27
2368	12
2369	25
2370	29
2371	37
2372	22
2373	23
2374	34
2375	20
2376	23
2377	31
2378	27
2379	29
2380	22
2381	20
2382	23
2383	22
2384	36
2385	24
2386	30
2387	31
2388	24
2389	32
2390	27
2391	31
2392	23
2393	25
2394	29
2395	27
2396	30
2397	26
2398	31
2399	29
2400	25
2401	29
2402	25
2403	25
2404	27
2405	23
2406	21
2407	33
2408	31
2409	34
2410	17
2411	22
2412	25
2413	34
2414	30
2415	23
2416	29
2417	28
2418	22
2419	23
2420	20
2421	25
2422	27
2423	23
2424	34
2425	34
2426	18
2427	29
2428	27
2429	29
2430	30
2431	26
2432	25
2433	31
2434	23
2435	26
2436	17
2437	30
2438	30
2439	30
2440	27
2441	23
2442	21
2443	23
2444	19
2445	24
2446	29
2447	26
2448	25
2449	32
2450	16
2451	26
2452	28
2453	24
2454	17
2455	29
2456	19
2457	30
2458	26
2459	30
2460	20
2461	36
2462	37
2463	32
2464	30
2465	17
2466	24
2467	27
2468	42
2469	21
2470	24
2471	29
2472	28
2473	31
2474	28
2475	29
2476	26
2477	21
2478	24
2479	25
2480	29
2481	25
2482	21
2483	20
2484	19
2485	33
2486	21
2487	30
2488	21
2489	25
2490	28
2491	18
2492	23
2493	19
2494	24
2495	20
2496	19
2497	17
2498	19
2499	24
2500	31
2501	26
2502	24
2503	34
2504	25
2505	30
2506	27
2507	27
2508	21
2509	20
2510	24
2511	25
2512	29
2513	23
2514	30
2515	33
2516	27
2517	22
2518	19
2519	21
2520	23
2521	31
2522	32
2523	28
2524	25
2525	40
2526	33
2527	26
2528	18
2529	33
2530	21
2531	30
2532	31
2533	20
2534	35
2535	17
2536	32
2537	27
2538	26
2539	33
2540	28
2541	32
2542	24
2543	23
2544	23
2545	24
2546	28
2547	16
2548	28
2549	27
2550	24
2551	27
2552	33
2553	31
2554	23
2555	19
2556	23
2557	35
2558	25
2559	20
2560	24
2561	24
2562	31
2563	27
2564	27
2565	14
2566	28
2567	31
2568	18
2569	27
2570	30
2571	22
2572	31
2573	26
2574	15
2575	23
2576	20
2577	20
2578	26
2579	23
2580	21
2581	31
2582	25
2583	28
2584	26
2585	31
2586	20
2587	28
2588	19
2589	19
2590	27
2591	19
2592	22
2593	22
2594	20
2595	14
2596	29
2597	23
2598	19
2599	26
2600	31
2601	23
2602	24
2603	18
2604	23
2605	26
2606	27
2607	28
2608	22
2609	30
2610	24
2611	23
2612	21
2613	27
2614	21
2615	17
2616	24
2617	25
2618	28
2619	24
2620	29
2621	30
2622	30
2623	23
2624	29
2625	22
2626	23
2627	34
2628	24
2629	23
2630	27
2631	14
2632	24
2633	23
2634	28
2635	28
2636	17
2637	20
2638	27
2639	25
2640	29
2641	29
2642	30
2643	35
2644	27
2645	32
2646	28
2647	27
2648	32
2649	23
2650	26
2651	21
2652	22
2653	30
2654	19
2655	26
2656	31
2657	27
2658	28
2659	25
2660	20
2661	30
2662	27
2663	22
2664	17
2665	21
2666	16
2667	31
2668	21
2669	15
2670	19
2671	19
2672	29
2673	27
2674	27
2675	21
2676	21
2677	30
2678	25
2679	25
2680	21
2681	32
2682	31
2683	21
2684	29
2685	22
2686	21
2687	23
2688	28
2689	26
2690	21
2691	17
2692	27
2693	25
2694	37
2695	27
2696	18
2697	31
2698	29
2699	25
2700	18
2701	18
2702	33
2703	24
2704	20
2705	23
2706	16
2707	25
2708	22
2709	27
2710	23
2711	23
2712	28
2713	24
2714	26
2715	20
2716	23
2717	22
2718	25
2719	28
2720	32
2721	24
2722	25
2723	28
2724	31
2725	20
2726	21
2727	18
2728	33
2729	26
2730	23
2731	23
2732	19
2733	24
2734	27
2735	25
2736	22
2737	30
2738	22
2739	18
2740	20
2741	28
2742	37
2743	22
2744	17
2745	28
2746	38
2747	24
2748	25
2749	20
2750	25
2751	24
2752	15
2753	19
2754	23
2755	28
2756	19
2757	25
2758	17
2759	19
2760	13
2761	28
2762	28
2763	18
2764	22
2765	19
2766	20
2767	33
2768	30
2769	25
2770	23
2771	15
2772	26
2773	25
2774	25
2775	16
2776	27
2777	20
2778	31
2779	27
2780	16
2781	25
2782	33
2783	23
2784	23
2785	25
2786	22
2787	27
2788	24
2789	20
2790	22
2791	26
2792	21
2793	14
2794	24
2795	21
2796	24
2797	20
2798	31
2799	21
2800	26
2801	24
2802	24
2803	23
2804	26
2805	30
2806	26
2807	13
2808	26
2809	21
2810	25
2811	17
2812	24
2813	22
2814	28
2815	24
2816	21
2817	25
2818	32
2819	27
2820	22
2821	24
2822	19
2823	26
2824	17
2825	19
2826	27
2827	28
2828	22
2829	25
2830	23
2831	27
2832	24
2833	22
2834	15
2835	25
2836	22
2837	29
2838	23
2839	20
2840	21
2841	22
2842	23
2843	14
2844	22
2845	25
2846	18
2847	31
2848	29
2849	22
2850	27
2851	12
2852	22
2853	16
2854	25
2855	30
2856	16
2857	21
2858	25
2859	17
2860	17
2861	22
2862	28
2863	16
2864	19
2865	20
2866	18
2867	17
2868	23
2869	18
2870	15
2871	20
2872	31
2873	27
2874	22
2875	17
2876	20
2877	19
2878	17
2879	21
2880	21
2881	19
2882	28
2883	23
2884	29
2885	27
2886	23
2887	27
2888	21
2889	20
2890	20
2891	24
2892	26
2893	24
2894	22
2895	23
2896	12
2897	16
2898	22
2899	17
2900	29
2901	18
2902	15
2903	18
2904	17
2905	22
2906	23
2907	25
2908	29
2909	22
2910	25
2911	25
2912	19
2913	24
2914	28
2915	27
2916	15
2917	15
2918	25
2919	27
2920	22
2921	21
2922	24
2923	16
2924	26
2925	12
2926	24
2927	23
2928	20
2929	18
2930	21
2931	17
2932	24
2933	26
2934	18
2935	18
2936	29
2937	26
2938	21
2939	30
2940	25
2941	20
2942	27
2943	25
2944	24
2945	19
2946	16
2947	23
2948	18
2949	28
2950	21
2951	15
2952	13
2953	19
2954	20
2955	24
2956	19
2957	28
2958	15
2959	14
2960	19
2961	20
2962	21
2963	27
2964	25
2965	17
2966	15
2967	18
2968	10
2969	9
2970	22
2971	21
2972	22
2973	17
2974	14
2975	18
2976	24
2977	19
2978	19
2979	21
2980	15
2981	14
2982	22
2983	23
2984	21
2985	15
2986	22
2987	27
2988	19
2989	23
2990	17
2991	27
2992	24
2993	19
2994	19
2995	18
2996	20
2997	18
2998	22
2999	17
3000	11
3001	25
3002	35
3003	16
3004	18
3005	23
3006	19
3007	25
3008	16
3009	31
3010	19
3011	17
3012	15
3013	16
3014	16
3015	25
3016	20
3017	17
3018	24
3019	19
3020	18
3021	26
3022	10
3023	20
3024	20
3025	18
3026	18
3027	23
3028	30
3029	17
3030	18
3031	24
3032	25
3033	21
3034	20
3035	24
3036	22
3037	19
3038	15
3039	22
3040	24
3041	28
3042	22
3043	23
3044	22
3045	15
3046	18
3047	22
3048	17
3049	19
3050	24
3051	13
3052	16
3053	16
3054	12
3055	27
3056	25
3057	23
3058	20
3059	21
3060	28
3061	25
3062	22
3063	22
3064	22
3065	11
3066	21
3067	16
3068	22
3069	20
3070	24
3071	22
3072	14
3073	19
3074	20
3075	21
3076	16
3077	26
3078	19
3079	17
3080	22
3081	20
3082	20
3083	14
3084	29
3085	22
3086	26
3087	10
3088	8
3089	19
3090	29
3091	19
3092	14
3093	15
3094	17
3095	26
3096	27
3097	16
3098	25
3099	16
3100	23
3101	19
3102	16
3103	24
3104	18
3105	17
3106	24
3107	26
3108	25
3109	18
3110	17
3111	21
3112	26
3113	21
3114	10
3115	23
3116	17
3117	19
3118	26
3119	21
3120	21
3121	22
3122	26
3123	17
3124	14
3125	22
3126	26
3127	18
3128	15
3129	20
3130	15
3131	18
3132	15
3133	18
3134	14
3135	18
3136	26
3137	18
3138	18
3139	23
3140	16
3141	22
3142	25
3143	17
3144	21
3145	21
3146	23
3147	20
3148	21
3149	20
3150	15
3151	20
3152	13
3153	17
3154	25
3155	20
3156	15
3157	23
3158	21
3159	18
3160	17
3161	17
3162	20
3163	20
3164	15
3165	27
3166	16
3167	21
3168	15
3169	18
3170	24
3171	17
3172	22
3173	24
3174	14
3175	24
3176	24
3177	20
3178	18
3179	17
3180	14
3181	19
3182	19
3183	27
3184	17
3185	13
3186	13
3187	15
3188	20
3189	29
3190	19
3191	15
3192	25
3193	23
3194	24
3195	24
3196	20
3197	25
3198	17
3199	21
3200	22
3201	15
3202	11
3203	17
3204	16
3205	17
3206	13
3207	25
3208	26
3209	20
3210	16
3211	24
3212	12
3213	24
3214	21
3215	36
3216	28
3217	21
3218	20
3219	26
3220	12
3221	29
3222	29
3223	19
3224	12
3225	27
3226	16
3227	26
3228	24
3229	26
3230	21
3231	8
3232	20
3233	21
3234	24
3235	19
3236	22
3237	22
3238	24
3239	20
3240	26
3241	21
3242	21
3243	21
3244	30
3245	20
3246	24
3247	14
3248	18
3249	16
3250	11
3251	16
3252	23
3253	12
3254	12
3255	25
3256	19
3257	22
3258	26
3259	20
3260	16
3261	18
3262	25
3263	16
3264	19
3265	19
3266	25
3267	15
3268	15
3269	18
3270	17
3271	25
3272	21
3273	20
3274	28
3275	12
3276	18
3277	12
3278	16
3279	17
3280	23
3281	15
3282	24
3283	19
3284	19
3285	16
3286	22
3287	21
3288	17
3289	18
3290	17
3291	25
3292	20
3293	20
3294	20
3295	24
3296	26
3297	24
3298	23
3299	19
3300	22
3301	17
3302	11
3303	19
3304	25
3305	20
3306	19
3307	21
3308	24
3309	10
3310	20
3311	22
3312	13
3313	19
3314	16
3315	26
3316	20
3317	26
3318	19
3319	23
3320	24
3321	19
3322	15
3323	13
3324	16
3325	21
3326	25
3327	18
3328	18
3329	21
3330	23
3331	27
3332	17
3333	25
3334	23
3335	21
3336	18
3337	19
3338	23
3339	26
3340	24
3341	23
3342	17
3343	31
3344	20
3345	16
3346	22
3347	23
3348	26
3349	17
3350	19
3351	19
3352	17
3353	19
3354	26
3355	37
3356	16
3357	15
3358	25
3359	16
3360	19
3361	13
3362	30
3363	28
3364	20
3365	23
3366	13
3367	23
3368	16
3369	23
3370	25
3371	32
3372	21
3373	14
3374	15
3375	25
3376	19
3377	22
3378	22
3379	21
3380	18
3381	16
3382	18
3383	19
3384	18
3385	18
3386	24
3387	15
3388	20
3389	26
3390	20
3391	22
3392	19
3393	22
3394	24
3395	21
3396	24
3397	22
3398	26
3399	21
3400	20
3401	18
3402	23
3403	18
3404	19
3405	11
3406	28
3407	24
3408	15
3409	19
3410	17
3411	19
3412	20
3413	19
3414	25
3415	20
3416	20
3417	21
3418	21
3419	17
3420	19
3421	14
3422	21
3423	21
3424	27
3425	17
3426	16
3427	21
3428	27
3429	14
3430	16
3431	22
3432	19
3433	19
3434	26
3435	15
3436	21
3437	18
3438	26
3439	20
3440	17
3441	23
3442	22
3443	19
3444	21
3445	15
3446	23
3447	15
3448	24
3449	21
3450	20
3451	18
3452	18
3453	25
3454	20
3455	27
3456	19
3457	15
3458	20
3459	18
3460	23
3461	20
3462	15
3463	27
3464	17
3465	12
3466	21
3467	15
3468	22
3469	17
3470	15
3471	21
3472	25
3473	26
3474	24
3475	23
3476	24
3477	30
3478	23
3479	12
3480	27
3481	18
3482	16
3483	19
3484	28
3485	21
3486	22
3487	13
3488	20
3489	16
3490	17
3491	22
3492	29
3493	18
3494	22
3495	24
3496	18
3497	33
3498	14
3499	27
3500	16
3501	15
3502	25
3503	21
3504	18
3505	30
3506	17
3507	20
3508	24
3509	24
3510	21
3511	17
3512	20
3513	22
3514	27
3515	21
3516	21
3517	20
3518	28
3519	25
3520	25
3521	17
3522	23
3523	25
3524	20
3525	18
3526	16
3527	16
3528	30
3529	27
3530	18
3531	27
3532	34
3533	18
3534	16
3535	16
3536	26
3537	18
3538	22
3539	26
3540	18
3541	20
3542	27
3543	24
3544	18
3545	21
3546	20
3547	20
3548	23
3549	18
3550	34
3551	20
3552	20
3553	20
3554	15
3555	31
3556	20
3557	23
3558	18
3559	19
3560	25
3561	25
3562	23
3563	23
3564	30
3565	17
3566	23
3567	32
3568	27
3569	13
3570	21
3571	21
3572	24
3573	22
3574	20
3575	21
3576	21
3577	23
3578	17
3579	30
3580	25
3581	19
3582	18
3583	26
3584	14
3585	19
3586	24
3587	32
3588	26
3589	21
3590	25
3591	22
3592	26
3593	18
3594	32
3595	19
3596	21
3597	19
3598	29
3599	32
3600	28
3601	23
3602	24
3603	25
3604	28
3605	20
3606	15
3607	28
3608	32
3609	21
3610	24
3611	24
3612	16
3613	26
3614	17
3615	27
3616	36
3617	21
3618	21
3619	22
3620	14
3621	15
3622	32
3623	26
3624	14
3625	16
3626	11
3627	19
3628	15
3629	21
3630	30
3631	31
3632	28
3633	12
3634	20
3635	22
3636	17
3637	27
3638	22
3639	18
3640	21
3641	28
3642	27
3643	17
3644	28
3645	21
3646	16
3647	28
3648	15
3649	28
3650	23
3651	16
3652	27
3653	28
3654	26
3655	20
3656	18
3657	31
3658	18
3659	25
3660	20
3661	18
3662	23
3663	23
3664	22
3665	31
3666	21
3667	27
3668	19
3669	19
3670	22
3671	22
3672	26
3673	18
3674	22
3675	16
3676	23
3677	24
3678	31
3679	28
3680	16
3681	25
3682	15
3683	19
3684	16
3685	28
3686	23
3687	27
3688	20
3689	26
3690	21
3691	15
3692	15
3693	23
3694	23
3695	27
3696	28
3697	21
3698	22
3699	29
3700	28
3701	18
3702	18
3703	27
3704	19
3705	24
3706	24
3707	16
3708	19
3709	30
3710	26
3711	28
3712	27
3713	34
3714	17
3715	19
3716	27
3717	25
3718	23
3719	32
3720	25
3721	22
3722	19
3723	26
3724	24
3725	23
3726	26
3727	30
3728	23
3729	28
3730	31
3731	22
3732	21
3733	28
3734	30
3735	24
3736	15
3737	24
3738	23
3739	18
3740	21
3741	14
3742	20
3743	25
3744	17
3745	16
3746	23
3747	24
3748	28
3749	26
3750	18
3751	18
3752	24
3753	16
3754	25
3755	21
3756	22
3757	27
3758	18
3759	24
3760	28
3761	12
3762	22
3763	29
3764	23
3765	20
3766	24
3767	18
3768	19
3769	29
3770	18
3771	36
3772	20
3773	27
3774	21
3775	16
3776	27
3777	15
3778	23
3779	19
3780	27
3781	22
3782	31
3783	19
3784	33
3785	30
3786	25
3787	30
3788	29
3789	27
3790	31
3791	23
3792	24
3793	20
3794	29
3795	18
3796	30
3797	25
3798	34
3799	30
3800	21
3801	27
3802	21
3803	15
3804	14
3805	32
3806	16
3807	27
3808	19
3809	25
3810	27
3811	24
3812	34
3813	29
3814	20
3815	25
3816	28
3817	30
3818	24
3819	37
3820	27
3821	35
3822	26
3823	30
3824	33
3825	25
3826	32
3827	26
3828	23
3829	28
3830	22
3831	21
3832	26
3833	30
3834	22
3835	17
3836	21
3837	32
3838	25
3839	20
3840	25
3841	21
3842	24
3843	28
3844	32
3845	25
3846	21
3847	23
3848	23
3849	25
3850	32
3851	29
3852	32
3853	37
3854	28
3855	24
3856	24
3857	28
3858	29
3859	38
3860	26
3861	29
3862	25
3863	27
3864	27
3865	28
3866	22
3867	30
3868	33
3869	29
3870	20
3871	36
3872	38
3873	25
3874	31
3875	32
3876	30
3877	25
3878	25
3879	33
3880	27
3881	23
3882	18
3883	38
3884	32
3885	34
3886	22
3887	31
3888	30
3889	31
3890	26
3891	31
3892	29
3893	27
3894	31
3895	35
3896	30
3897	39
3898	32
3899	39
3900	23
3901	25
3902	26
3903	22
3904	27
3905	39
3906	28
3907	29
3908	31
3909	25
3910	37
3911	41
3912	26
3913	31
3914	33
3915	33
3916	27
3917	41
3918	21
3919	26
3920	29
3921	34
3922	32
3923	28
3924	29
3925	23
3926	33
3927	24
3928	32
3929	35
3930	22
3931	25
3932	26
3933	24
3934	31
3935	35
3936	31
3937	33
3938	33
3939	39
3940	34
3941	33
3942	36
3943	37
3944	33
3945	35
3946	40
3947	27
3948	24
3949	37
3950	31
3951	23
3952	48
3953	33
3954	38
3955	37
3956	36
3957	48
3958	25
3959	49
3960	33
3961	26
3962	40
3963	32
3964	36
3965	40
3966	36
3967	31
3968	47
3969	36
3970	34
3971	42
3972	49
3973	32
3974	37
3975	31
3976	31
3977	36
3978	37
3979	37
3980	35
3981	23
3982	44
3983	35
3984	32
3985	45
3986	39
3987	39
3988	33
3989	41
3990	45
3991	37
3992	40
3993	36
3994	35
3995	33
3996	40
3997	42
3998	44
3999	41
4000	46
4001	38
4002	43
4003	43
4004	35
4005	42
4006	53
4007	34
4008	28
4009	42
4010	35
4011	42
4012	49
4013	45
4014	29
4015	40
4016	39
4017	31
4018	50
4019	37
4020	37
4021	45
4022	32
4023	44
4024	40
4025	34
4026	34
4027	38
4028	37
4029	42
4030	33
4031	49
4032	34
4033	33
4034	33
4035	44
4036	36
4037	40
4038	34
4039	39
4040	36
4041	37
4042	41
4043	34
4044	45
4045	44
4046	45
4047	42
4048	45
4049	41
4050	42
4051	39
4052	56
4053	50
4054	35
4055	41
4056	41
4057	39
4058	42
4059	36
4060	48
4061	43
4062	44
4063	44
4064	39
4065	37
4066	35
4067	41
4068	35
4069	44
4070	49
4071	42
4072	39
4073	47
4074	44
4075	46
4076	39
4077	49
4078	40
4079	50
4080	38
4081	48
4082	46
4083	48
4084	29
4085	53
4086	42
4087	32
4088	36
4089	30
4090	64
4091	48
4092	49
4093	48
4094	51
4095	41
4096	43
4097	47
4098	40
4099	45
4100	53
4101	38
4102	44
4103	49
4104	49
4105	42
4106	54
4107	51
4108	40
4109	42
4110	57
4111	47
4112	28
4113	33
4114	40
4115	44
4116	43
4117	44
4118	52
4119	40
4120	37
4121	40
4122	44
4123	63
4124	38
4125	33
4126	46
4127	34
4128	45
4129	33
4130	46
4131	42
4132	39
4133	33
4134	53
4135	37
4136	53
4137	35
4138	54
4139	31
4140	41
4141	33
4142	34
4143	41
4144	41
4145	39
4146	41
4147	48
4148	44
4149	45
4150	43
4151	40
4152	29
4153	38
4154	57
4155	39
4156	40
4157	43
4158	41
4159	23
4160	37
4161	51
4162	40
4163	41
4164	44
4165	44
4166	46
4167	31
4168	41
4169	23
4170	35
4171	39
4172	38
4173	30
4174	38
4175	39
4176	42
4177	37
4178	40
4179	28
4180	32
4181	38
4182	29
4183	48
4184	34
4185	25
4186	31
4187	39
4188	23
4189	37
4190	31
4191	33
4192	33
4193	29
4194	44
4195	26
4196	25
4197	27
4198	28
4199	31
4200	22
4201	33
4202	33
4203	28
4204	29
4205	36
4206	31
4207	25
4208	34
4209	32
4210	21
4211	19
4212	21
4213	24
4214	35
4215	21
4216	32
4217	34
4218	26
4219	22
4220	32
4221	25
4222	26
4223	30
4224	24
4225	25
4226	29
4227	27
4228	26
4229	22
4230	29
4231	16
4232	21
4233	34
4234	24
4235	23
4236	22
4237	26
4238	30
4239	26
4240	20
4241	18
4242	29
4243	30
4244	24
4245	22
4246	19
4247	24
4248	28
4249	24
4250	18
4251	19
4252	21
4253	24
4254	24
4255	18
4256	19
4257	30
4258	22
4259	12
4260	21
4261	27
4262	22
4263	21
4264	18
4265	20
4266	24
4267	24
4268	15
4269	21
4270	10
4271	11
4272	27
4273	17
4274	20
4275	17
4276	12
4277	15
4278	19
4279	17
4280	19
4281	26
4282	21
4283	13
4284	18
4285	21
4286	15
4287	10
4288	15
4289	11
4290	14
4291	17
4292	20
4293	17
4294	9
4295	14
4296	18
4297	15
4298	19
4299	13
4300	9
4301	16
4302	18
4303	15
4304	11
4305	14
4306	12
4307	13
4308	8
4309	9
4310	13
4311	15
4312	10
4313	14
4314	2
4315	4
4316	8
4317	13
4318	24
4319	10
4320	6
4321	16
4322	7
4323	10
4324	9
4325	5
4326	8
4327	11
4328	9
4329	2
4330	4
4331	11
4332	8
4333	10
4334	13
4335	5
4336	13
4337	8
4338	12
4339	7
4340	9
4341	7
4342	10
4343	4
4344	9
4345	8
4346	9
4347	6
4348	7
4349	8
4350	6
4351	10
4352	5
4353	4
4354	8
4355	4
4356	3
4357	7
4358	9
4359	7
4360	8
4361	5
4362	10
4363	4
4364	7
4365	3
4366	7
4367	6
4368	2
4369	4
4370	6
4371	4
4372	3
4373	5
4374	3
4375	7
4376	5
4377	5
4378	5
4379	4
4380	3
4381	1
4382	4
4383	2
4384	3
4385	5
4386	3
4387	5
4388	1
4389	9
4390	5
4391	7
4392	4
4393	5
4394	2
4395	1
4396	3
4397	3
4398	7
4399	4
4400	3
4401	2
4402	2
4403	7
4404	6
4405	3
4406	0
4407	4
4408	5
4409	3
4410	3
4411	3
4412	5
4413	0
4414	5
4415	5
4416	3
4417	2
4418	3
4419	5
4420	1
4421	2
4422	4
4423	5
4424	3
4425	2
4426	1
4427	2
4428	3
4429	1
4430	4
4431	2
4432	6
4433	1
4434	4
4435	1
4436	1
4437	4
4438	1
4439	3
4440	1
4441	4
4442	3
4443	1
4444	1
4445	4
4446	0
4447	2
4448	0
4449	2
4450	4
4451	2
4452	1
4453	0
4454	1
4455	3
4456	0
4457	1
4458	2
4459	2
4460	2
4461	1
4462	1
4463	1
4464	0
4465	0
4466	3
4467	1
4468	2
4469	1
4470	4
4471	2
4472	1
4473	0
4474	0
4475	2
4476	3
4477	3
4478	2
4479	1
4480	2
4481	1
4482	4
4483	2
4484	0
4485	0
4486	1
4487	1
4488	1
4489	0
4490	2
4491	1
4492	0
4493	1
4494	1
4495	1
4496	2
4497	1
4498	1
4499	0
4500	0
4501	3
4502	1
4503	2
4504	1
4505	1
4506	0
4507	0
4508	0
4509	0
4510	1
4511	2
4512	0
4513	0
4514	1
4515	1
4516	1
4517	2
4518	0
4519	1
4520	1
4521	3
4522	1
4523	0
4524	2
4525	1
4526	1
4527	2
4528	1
4529	2
4530	0
4531	0
4532	1
4533	1
4534	1
4535	2
4536	1
4537	1
4538	0
4539	3
4540	0
4541	2
4542	1
4543	0
4544	1
4545	0
4546	1
4547	0
4548	2
4549	2
4550	0
4551	1
4552	1
4553	1
4554	0
4555	1
4556	0
4557	3
4558	4
4559	2
4560	1
4561	0
4562	0
4563	0
4564	1
4565	1
4566	3
4567	0
4568	1
4569	1
4570	1
4571	1
4572	1
4573	0
4574	0
4575	0
4576	1
4577	2
4578	1
4579	2
4580	2
4581	1
4582	2
4583	0
4584	0
4585	0
4586	1
4587	0
4588	0
4589	1
4590	1
4591	2
4592	0
4593	2
4594	0
4595	0
4596	0
4597	1
4598	0
4599	1
4600	2
4601	1
4602	0
4603	2
4604	1
4605	1
4606	1
4607	0
4608	1
4609	0
4610	0
4611	0
4612	1
4613	1
4614	0
4615	1
4616	1
4617	1
4618	1
4619	1
4620	1
4621	0
4622	1
4623	1
4624	2
4625	1
4626	1
4627	2
4628	1
4629	1
4630	0
4631	0
4632	1
4633	2
4634	2
4635	0
4636	1
4637	3
4638	2
4639	1
4640	2
4641	1
4642	0
4643	2
4644	0
4645	0
4646	1
4647	1
4648	0
4649	1
4650	0
4651	0
4652	1
4653	0
4654	2
4655	1
4656	2
4657	0
4658	0
4659	0
4660	0
4661	0
4662	1
4663	2
4664	1
4665	0
4666	0
4667	1
4668	1
4669	1
4670	2
4671	1
4672	0
4673	0
4674	0
4675	0
4676	1
4677	0
4678	0
4679	0
4680	0
4681	2
4682	1
4683	1
4684	0
4685	0
4686	0
4687	0
4688	1
4689	0
4690	0
4691	0
4692	1
4693	0
4694	0
4695	0
4696	0
4697	0
4698	1
4699	0
4700	0
4701	0
4702	1
4703	1
4704	1
4705	1
4706	0
4707	1
4708	3
4709	2
4710	0
4711	1
4712	0
4713	0
4714	0
4715	0
4716	1
4717	0
4718	1
4719	1
4720	2
4721	0
4722	1
4723	0
4724	1
4725	0
4726	1
4727	2
4728	0
4729	2
4730	0
4731	1
4732	4
4733	1
4734	0
4735	0
4736	1
4737	0
4738	1
4739	1
4740	0
4741	0
4742	0
4743	0
4744	1
4745	1
4746	0
4747	0
4748	0
4749	0
4750	0
4751	0
4752	3
4753	0
4754	3
4755	1
4756	0
4757	0
4758	1
4759	1
4760	0
4761	2
4762	1
4763	0
4764	0
4765	2
4766	1
4767	2
4768	2
4769	1
4770	0
4771	2
4772	0
4773	0
4774	0
4775	2
4776	1
4777	1
4778	1
4779	2
4780	0
4781	1
4782	0
4783	0
4784	0
4785	2
4786	1
4787	1
4788	0
4789	0
4790	2
4791	0
4792	0
4793	2
4794	0
4795	0
4796	0
4797	3
4798	0
4799	2
4800	0
4801	1
4802	1
4803	0
4804	0
4805	1
4806	0
4807	1
4808	0
4809	1
4810	2
4811	0
4812	1
4813	0
4814	2
4815	1
4816	1
4817	0
4818	1
4819	0
4820	0
4821	0
4822	0
4823	0
4824	0
4825	0
4826	1
4827	0
4828	0
4829	1
4830	1
4831	1
4832	1
4833	0
4834	2
4835	1
4836	0
4837	0
4838	0
4839	1
4840	3
4841	1
4842	0
4843	1
4844	2
4845	0
4846	1
4847	0
4848	3
4849	0
4850	0
4851	0
4852	0
4853	0
4854	1
4855	1
4856	0
4857	1
4858	0
4859	1
4860	0
4861	0
4862	1
4863	1
4864	0
4865	3
4866	2
4867	1
4868	0
4869	0
4870	1
4871	1
4872	1
4873	0
4874	0
4875	0
4876	0
4877	1
4878	1
4879	2
4880	1
4881	1
4882	0
4883	0
4884	1
4885	1
4886	1
4887	2
4888	1
4889	1
4890	1
4891	0
4892	2
4893	0
4894	2
4895	0
4896	1
4897	1
4898	1
4899	1
4900	1
4901	0
4902	0
4903	0
4904	1
4905	0
4906	0
4907	1
4908	1
4909	0
4910	0
4911	1
4912	0
4913	1
4914	0
4915	0
4916	1
4917	0
4918	1
4919	1
4920	1
4921	1
4922	1
4923	0
4924	3
4925	0
4926	0
4927	0
4928	0
4929	1
4930	1
4931	1
4932	1
4933	2
4934	0
4935	0
4936	0
4937	0
4938	2
4939	0
4940	0
4941	0
4942	0
4943	1
4944	0
4945	1
4946	0
4947	0
4948	2
4949	0
4950	0
4951	0
4952	1
4953	2
4954	0
4955	0
4956	2
4957	2
4958	2
4959	0
4960	2
4961	0
4962	0
4963	0
4964	0
4965	0
4966	1
4967	1
4968	0
4969	0
4970	0
4971	1
4972	0
4973	1
4974	1
4975	0
4976	2
4977	2
4978	0
4979	0
4980	0
4981	2
4982	1
4983	0
4984	3
4985	0
4986	1
4987	1
4988	1
4989	0
4990	2
4991	1
4992	2
4993	1
4994	1
4995	0
4996	0
4997	0
4998	1
4999	1
5000	0
5001	0
5002	2
5003	0
5004	4
5005	1
5006	0
5007	0
5008	0
5009	0
5010	2
5011	0
5012	0
5013	0
5014	1
5015	1
5016	1
5017	2
5018	0
5019	1
5020	0
5021	0
5022	0
5023	1
5024	0
5025	1
5026	1
5027	2
5028	1
5029	1
5030	3
5031	1
5032	0
5033	1
5034	1
5035	2
5036	0
5037	0
5038	0
5039	1
5040	2
5041	3
5042	1
5043	1
5044	0
5045	2
5046	1
5047	1
5048	0
5049	0
5050	0
5051	1
5052	0
5053	2
5054	0
5055	0
5056	2
5057	1
5058	0
5059	1
5060	1
5061	0
5062	4
5063	2
5064	0
5065	0
5066	0
5067	0
5068	0
5069	1
5070	1
5071	1
5072	2
5073	0
5074	0
5075	0
5076	0
5077	0
5078	0
5079	0
5080	0
5081	1
5082	1
5083	0
5084	0
5085	1
5086	0
5087	2
5088	1
5089	0
5090	0
5091	0
5092	1
5093	1
5094	1
5095	0
5096	1
5097	0
5098	1
5099	0
5100	0
5101	0
5102	0
5103	2
5104	2
5105	1
5106	1
5107	1
5108	1
5109	0
5110	1
5111	0
5112	2
5113	0
5114	1
5115	0
5116	0
5117	1
5118	3
5119	0
5120	2
5121	3
5122	1
5123	4
5124	2
5125	0
5126	0
5127	0
5128	2
5129	0
5130	0
5131	0
5132	2
5133	2
5134	1
5135	1
5136	1
5137	1
5138	1
5139	2
5140	2
5141	1
5142	0
5143	3
5144	1
5145	0
5146	0
5147	1
5148	2
5149	0
5150	1
5151	0
5152	1
5153	0
5154	1
5155	0
5156	1
5157	2
5158	0
5159	1
5160	0
5161	3
5162	2
5163	0
5164	1
5165	0
5166	4
5167	0
5168	0
5169	0
5170	0
5171	0
5172	0
5173	2
5174	0
5175	1
5176	0
5177	0
5178	0
5179	0
5180	1
5181	2
5182	0
5183	1
5184	0
5185	2
5186	1
5187	0
5188	1
5189	0
5190	1
5191	0
5192	0
5193	1
5194	1
5195	1
5196	0
5197	0
5198	0
5199	2
5200	2
5201	2
5202	1
5203	0
5204	0
5205	0
5206	1
5207	0
5208	1
5209	0
5210	0
5211	1
5212	0
5213	0
5214	0
5215	1
5216	0
5217	0
5218	0
5219	1
5220	1
5221	0
5222	0
5223	1
5224	0
5225	1
5226	2
5227	0
5228	0
5229	0
5230	0
5231	0
5232	0
5233	1
5234	0
5235	0
5236	0
5237	0
5238	1
5239	0
5240	0
5241	0
5242	1
5243	0
5244	0
5245	2
5246	0
5247	1
5248	2
5249	0
5250	0
5251	0
5252	0
5253	2
5254	2
5255	1
5256	0
5257	0
5258	0
5259	0
5260	1
5261	0
5262	1
5263	0
5264	1
5265	0
5266	0
5267	1
5268	0
5269	0
5270	0
5271	0
5272	0
5273	1
5274	0
5275	3
5276	0
5277	0
5278	1
5279	0
5280	1
5281	1
5282	0
5283	2
5284	0
5285	1
5286	0
5287	0
5288	1
5289	1
5290	0
5291	0
5292	0
5293	0
5294	0
5295	1
5296	0
5297	0
5298	1
5299	1
5300	1
5301	0
5302	0
5303	0
5304	1
5305	1
5306	1
5307	0
5308	0
5309	1
5310	1
5311	2
5312	1
5313	0
5314	0
5315	1
5316	1
5317	1
5318	0
5319	0
5320	0
5321	1
5322	0
5323	0
5324	0
5325	0
5326	1
5327	0
5328	0
5329	2
5330	0
5331	1
5332	0
5333	0
5334	0
5335	0
5336	0
5337	1
5338	1
5339	0
5340	2
5341	1
5342	0
5343	1
5344	0
5345	1
5346	1
5347	1
5348	0
5349	0
5350	1
5351	0
5352	2
5353	1
5354	0
5355	2
5356	1
5357	0
5358	2
5359	0
5360	2
5361	0
5362	0
5363	0
5364	0
5365	0
5366	0
5367	1
5368	1
5369	0
5370	0
5371	0
5372	1
5373	0
5374	0
5375	0
5376	0
5377	0
5378	0
5379	0
5380	0
5381	1
5382	1
5383	2
5384	1
5385	1
5386	0
5387	0
5388	1
5389	0
5390	0
5391	0
5392	0
5393	1
5394	0
5395	0
5396	2
5397	1
5398	1
5399	0
5400	0
5401	1
5402	0
5403	0
5404	0
5405	0
5406	0
5407	1
5408	0
5409	2
5410	1
5411	0
5412	1
5413	0
5414	0
5415	1
5416	1
5417	0
5418	1
5419	1
5420	1
5421	2
5422	0
5423	0
5424	1
5425	1
5426	1
5427	1
5428	0
5429	0
5430	0
5431	0
5432	0
5433	0
5434	0
5435	0
5436	1
5437	2
5438	1
5439	0
5440	1
5441	0
5442	0
5443	0
5444	0
5445	3
5446	2
5447	1
5448	1
5449	2
5450	2
5451	0
5452	0
5453	0
5454	1
5455	0
5456	2
5457	0
5458	1
5459	1
5460	2
5461	0
5462	2
5463	0
5464	0
5465	0
5466	1
5467	1
5468	0
5469	1
5470	1
5471	1
5472	1
5473	1
5474	2
5475	0
5476	0
5477	0
5478	0
5479	1
5480	0
5481	0
5482	0
5483	1
5484	0
5485	2
5486	0
5487	0
5488	0
5489	1
5490	0
5491	1
5492	2
5493	0
5494	1
5495	0
5496	0
5497	0
5498	2
5499	0
5500	0
5501	2
5502	3
5503	2
5504	2
5505	1
5506	0
5507	0
5508	1
5509	2
5510	0
5511	0
5512	0
5513	1
5514	0
5515	1
5516	0
5517	0
5518	1
5519	0
5520	1
5521	1
5522	0
5523	0
5524	2
5525	0
5526	0
5527	2
5528	0
5529	0
5530	1
5531	1
5532	0
5533	0
5534	0
5535	1
5536	1
5537	1
5538	1
5539	0
5540	1
5541	2
5542	0
5543	1
5544	1
5545	0
5546	0
5547	0
5548	0
5549	1
5550	1
5551	0
5552	2
5553	1
5554	0
5555	0
5556	2
5557	1
5558	0
5559	3
5560	1
5561	1
5562	0
5563	1
5564	0
5565	2
5566	1
5567	0
5568	0
5569	0
5570	0
5571	0
5572	1
5573	1
5574	0
5575	1
5576	0
5577	1
5578	0
5579	1
5580	0
5581	1
5582	0
5583	2
5584	3
5585	0
5586	0
5587	0
5588	3
5589	0
5590	0
5591	1
5592	1
5593	1
5594	0
5595	2
5596	0
5597	0
5598	2
5599	0
5600	1
5601	0
5602	1
5603	1
5604	0
5605	1
5606	0
5607	0
5608	0
5609	1
5610	1
5611	0
5612	0
5613	0
5614	0
5615	0
5616	1
5617	0
5618	1
5619	0
5620	0
5621	1
5622	0
5623	2
5624	1
5625	1
5626	1
5627	0
5628	2
5629	1
5630	1
5631	0
5632	3
5633	2
5634	1
5635	0
5636	2
5637	2
5638	0
5639	0
5640	0
5641	2
5642	0
5643	0
5644	1
5645	0
5646	0
5647	1
5648	1
5649	0
5650	0
5651	0
5652	0
5653	0
5654	0
5655	0
5656	2
5657	2
5658	2
5659	0
5660	2
5661	1
5662	1
5663	0
5664	2
5665	1
5666	0
5667	1
5668	1
5669	0
5670	1
5671	0
5672	1
5673	1
5674	0
5675	1
5676	2
5677	0
5678	0
5679	0
5680	0
5681	1
5682	0
5683	1
5684	0
5685	1
5686	1
5687	0
5688	0
5689	0
5690	0
5691	0
5692	0
5693	1
5694	0
5695	0
5696	0
5697	1
5698	1
5699	5
5700	0
5701	0
5702	2
5703	0
5704	0
5705	0
5706	0
5707	0
5708	0
5709	1
5710	4
5711	0
5712	0
5713	0
5714	2
5715	0
5716	1
5717	0
5718	0
5719	0
5720	0
5721	0
5722	2
5723	1
5724	0
5725	1
5726	0
5727	2
5728	0
5729	0
5730	0
5731	1
5732	1
5733	0
5734	1
5735	1
5736	2
5737	0
5738	1
5739	1
5740	1
5741	1
5742	1
5743	1
5744	0
5745	1
5746	1
5747	1
5748	0
5749	2
5750	2
5751	0
5752	1
5753	0
5754	0
5755	0
5756	1
5757	0
5758	1
5759	1
5760	0
5761	0
5762	0
5763	1
5764	0
5765	0
5766	1
5767	0
5768	0
5769	1
5770	0
5771	1
5772	1
5773	0
5774	0
5775	0
5776	0
5777	0
5778	0
5779	1
5780	0
5781	0
5782	0
5783	1
5784	0
5785	0
5786	0
5787	0
5788	0
5789	0
5790	1
5791	1
5792	0
5793	0
5794	0
5795	0
5796	2
5797	0
5798	0
5799	0
5800	1
5801	0
5802	0
5803	0
5804	0
5805	0
5806	0
5807	2
5808	1
5809	0
5810	1
5811	1
5812	0
5813	0
5814	1
5815	0
5816	0
5817	0
5818	1
5819	1
5820	1
5821	0
5822	1
5823	1
5824	0
5825	1
5826	1
5827	1
5828	1
5829	2
5830	1
5831	0
5832	0
5833	2
5834	0
5835	1
5836	0
5837	0
5838	2
5839	1
5840	1
5841	1
5842	2
5843	0
5844	0
5845	0
5846	1
5847	1
5848	3
5849	1
5850	3
5851	0
5852	0
5853	0
5854	1
5855	2
5856	1
5857	4
5858	0
5859	1
5860	0
5861	1
5862	1
5863	1
5864	1
5865	0
5866	0
5867	0
5868	0
5869	1
5870	0
5871	0
5872	1
5873	0
5874	0
5875	0
5876	0
5877	0
5878	0
5879	0
5880	3
5881	0
5882	1
5883	0
5884	1
5885	1
5886	0
5887	0
5888	0
5889	0
5890	1
5891	0
5892	2
5893	1
5894	3
5895	0
5896	0
5897	0
5898	3
5899	0
5900	0
5901	1
5902	2
5903	0
5904	1
5905	2
5906	0
5907	0
5908	0
5909	0
5910	0
5911	1
5912	1
5913	0
5914	2
5915	1
5916	0
5917	2
5918	0
5919	1
5920	1
5921	0
5922	1
5923	0
5924	0
5925	1
5926	0
5927	0
5928	2
5929	0
5930	1
5931	0
5932	0
5933	0
5934	1
5935	1
5936	0
5937	0
5938	0
5939	0
5940	0
5941	0
5942	2
5943	0
5944	0
5945	0
5946	0
5947	0
5948	0
5949	0
5950	2
5951	0
5952	1
5953	0
5954	1
5955	0
5956	0
5957	1
5958	0
5959	0
5960	0
5961	1
5962	0
5963	0
5964	1
5965	0
5966	1
5967	1
5968	2
5969	1
5970	1
5971	1
5972	0
5973	0
5974	0
5975	0
5976	2
5977	2
5978	0
5979	0
5980	0
5981	0
5982	0
5983	0
5984	0
5985	1
5986	0
5987	0
5988	0
5989	1
5990	0
5991	1
5992	1
5993	1
5994	1
5995	0
5996	1
5997	1
5998	0
5999	0
6000	0
6001	2
6002	1
6003	2
6004	1
6005	0
6006	0
6007	2
6008	0
6009	0
6010	0
6011	0
6012	1
6013	0
6014	0
6015	0
6016	1
6017	1
6018	0
6019	1
6020	1
6021	1
6022	3
6023	1
6024	0
6025	2
6026	2
6027	1
6028	1
6029	3
6030	0
6031	0
6032	2
6033	0
6034	1
6035	0
6036	1
6037	0
6038	0
6039	0
6040	2
6041	0
6042	1
6043	1
6044	3
6045	0
6046	0
6047	1
6048	0
6049	0
6050	0
6051	0
6052	0
6053	2
6054	1
6055	0
6056	0
6057	0
6058	0
6059	0
6060	0
6061	0
6062	0
6063	1
6064	2
6065	0
6066	0
6067	0
6068	1
6069	0
6070	2
6071	0
6072	0
6073	1
6074	0
6075	0
6076	1
6077	1
6078	1
6079	0
6080	1
6081	1
6082	0
6083	1
6084	1
6085	1
6086	1
6087	0
6088	1
6089	0
6090	0
6091	0
6092	3
6093	0
6094	0
6095	1
6096	0
6097	0
6098	2
6099	0
6100	1
6101	0
6102	0
6103	0
6104	0
6105	0
6106	1
6107	0
6108	0
6109	1
6110	0
6111	0
6112	0
6113	2
6114	0
6115	0
6116	0
6117	0
6118	0
6119	1
6120	0
6121	0
6122	0
6123	0
6124	0
6125	1
6126	0
6127	1
6128	0
6129	1
6130	0
6131	1
6132	0
6133	0
6134	0
6135	2
6136	0
6137	1
6138	1
6139	0
6140	0
6141	0
6142	1
6143	0
6144	0
6145	1
6146	0
6147	0
6148	0
6149	0
6150	1
6151	2
6152	0
6153	0
6154	1
6155	0
6156	1
6157	0
6158	1
6159	1
6160	0
6161	0
6162	1
6163	0
6164	0
6165	0
6166	0
6167	0
6168	0
6169	0
6170	1
6171	1
6172	0
6173	0
6174	0
6175	0
6176	0
6177	1
6178	1
6179	0
6180	0
6181	0
6182	1
6183	1
6184	0
6185	0
6186	1
6187	0
6188	0
6189	0
6190	1
6191	0
6192	0
6193	0
6194	0
6195	0
6196	0
6197	0
6198	0
6199	0
6200	1
6201	0
6202	1
6203	1
6204	0
6205	0
6206	0
6207	2
6208	0
6209	1
6210	2
6211	2
6212	0
6213	0
6214	0
6215	1
6216	0
6217	0
6218	0
6219	0
6220	1
6221	0
6222	0
6223	0
6224	0
6225	0
6226	2
6227	0
6228	0
6229	0
6230	0
6231	0
6232	1
6233	1
6234	0
6235	0
6236	1
6237	2
6238	0
6239	0
6240	0
6241	0
6242	0
6243	1
6244	0
6245	0
6246	0
6247	0
6248	0
6249	2
6250	1
6251	0
6252	0
6253	0
6254	0
6255	1
6256	0
6257	1
6258	1
6259	1
6260	1
6261	0
6262	1
6263	1
6264	0
6265	0
6266	1
6267	0
6268	0
6269	2
6270	0
6271	0
6272	0
6273	0
6274	1
6275	0
6276	0
6277	0
6278	0
6279	0
6280	1
6281	1
6282	0
6283	0
6284	1
6285	1
6286	0
6287	1
6288	0
6289	0
6290	1
6291	0
6292	0
6293	2
6294	1
6295	0
6296	0
6297	0
6298	1
6299	0
6300	0
6301	0
6302	0
6303	0
6304	0
6305	0
6306	0
6307	0
6308	1
6309	0
6310	0
6311	1
6312	0
6313	2
6314	0
6315	0
6316	0
6317	0
6318	1
6319	0
6320	1
6321	1
6322	0
6323	0
6324	0
6325	0
6326	1
6327	0
6328	0
6329	2
6330	0
6331	0
6332	0
6333	1
6334	2
6335	0
6336	0
6337	0
6338	0
6339	0
6340	1
6341	0
6342	0
6343	1
6344	1
6345	0
6346	1
6347	1
6348	0
6349	0
6350	1
6351	1
6352	0
6353	0
6354	0
6355	0
6356	0
6357	0
6358	0
6359	0
6360	1
6361	2
6362	2
6363	2
6364	0
6365	0
6366	2
6367	0
6368	0
6369	0
6370	0
6371	1
6372	1
6373	2
6374	1
6375	0
6376	0
6377	0
6378	1
6379	1
6380	2
6381	1
6382	0
6383	0
6384	0
6385	0
6386	1
6387	0
6388	0
6389	1
6390	0
6391	0
6392	0
6393	2
6394	0
6395	1
6396	0
6397	1
6398	0
6399	0
6400	1
6401	1
6402	1
6403	0
6404	0
6405	0
6406	0
6407	2
6408	1
6409	0
6410	0
6411	1
6412	0
6413	0
6414	0
6415	0
6416	1
6417	1
6418	0
6419	0
6420	1
6421	0
6422	1
6423	0
6424	0
6425	0
6426	1
6427	0
6428	0
6429	1
6430	0
6431	2
6432	0
6433	0
6434	0
6435	0
6436	1
6437	0
6438	0
6439	0
6440	0
6441	1
6442	0
6443	0
6444	0
6445	0
6446	0
6447	1
6448	0
6449	2
6450	1
6451	0
6452	0
6453	0
6454	0
6455	1
6456	0
6457	0
6458	1
6459	2
6460	1
6461	1
6462	1
6463	0
6464	1
6465	0
6466	0
6467	0
6468	0
6469	1
6470	2
6471	1
6472	1
6473	0
6474	0
6475	0
6476	2
6477	1
6478	0
6479	0
6480	1
6481	1
6482	0
6483	0
6484	1
6485	0
6486	0
6487	0
6488	1
6489	0
6490	0
6491	1
6492	0
6493	1
6494	0
6495	1
6496	0
6497	0
6498	2
6499	0
6500	0
6501	1
6502	1
6503	0
6504	0
6505	0
6506	0
6507	0
6508	1
6509	0
6510	0
6511	1
6512	0
6513	0
6514	0
6515	0
6516	0
6517	1
6518	0
6519	1
6520	0
6521	0
6522	0
6523	0
6524	0
6525	1
6526	0
6527	0
6528	2
6529	0
6530	1
6531	0
6532	0
6533	0
6534	1
6535	0
6536	0
6537	0
6538	0
6539	1
6540	0
6541	0
6542	1
6543	1
6544	0
6545	1
6546	0
6547	1
6548	0
6549	1
6550	1
6551	0
6552	1
6553	0
6554	0
6555	0
6556	0
6557	1
6558	2
6559	1
6560	0
6561	0
6562	0
6563	1
6564	0
6565	1
6566	0
6567	0
6568	0
6569	0
6570	1
6571	1
6572	0
6573	2
6574	0
6575	0
6576	0
6577	0
6578	0
6579	0
6580	1
6581	0
6582	0
6583	0
6584	0
6585	0
6586	0
6587	1
6588	0
6589	1
6590	1
6591	0
6592	1
6593	0
6594	1
6595	0
6596	0
6597	1
6598	0
6599	0
6600	0
6601	0
6602	0
6603	0
6604	1
6605	0
6606	2
6607	0
6608	1
6609	1
6610	0
6611	1
6612	0
6613	0
6614	0
6615	1
6616	1
6617	0
6618	1
6619	0
6620	0
6621	0
6622	0
6623	0
6624	0
6625	0
6626	0
6627	0
6628	0
6629	0
6630	1
6631	0
6632	1
6633	2
6634	0
6635	0
6636	1
6637	0
6638	1
6639	1
6640	1
6641	0
6642	0
6643	0
6644	0
6645	0
6646	0
6647	0
6648	0
6649	0
6650	0
6651	1
6652	0
6653	1
6654	1
6655	0
6656	0
6657	0
6658	1
6659	0
6660	0
6661	1
6662	0
6663	0
6664	0
6665	0
6666	1
6667	0
6668	0
6669	0
6670	0
6671	0
6672	1
6673	0
6674	0
6675	0
6676	0
6677	0
6678	0
6679	0
6680	3
6681	1
6682	0
6683	1
6684	0
6685	0
6686	0
6687	0
6688	0
6689	1
6690	1
6691	0
6692	0
6693	0
6694	0
6695	0
6696	1
6697	0
6698	1
6699	0
6700	1
6701	0
6702	0
6703	0
6704	0
6705	0
6706	0
6707	0
6708	3
6709	0
6710	0
6711	0
6712	0
6713	2
6714	1
6715	2
6716	0
6717	0
6718	0
6719	1
6720	0
6721	0
6722	0
6723	0
6724	0
6725	1
6726	2
6727	0
6728	0
6729	0
6730	1
6731	0
6732	0
6733	0
6734	0
6735	0
6736	0
6737	0
6738	1
6739	0
6740	0
6741	0
6742	1
6743	1
6744	0
6745	0
6746	0
6747	1
6748	0
6749	0
6750	0
6751	0
6752	0
6753	2
6754	0
6755	1
6756	0
6757	1
6758	1
6759	0
6760	0
6761	1
6762	0
6763	0
6764	0
6765	0
6766	0
6767	0
6768	1
6769	0
6770	0
6771	0
6772	0
6773	1
6774	0
6775	2
6776	3
6777	0
6778	1
6779	0
6780	0
6781	0
6782	0
6783	1
6784	0
6785	1
6786	0
6787	1
6788	0
6789	0
6790	0
6791	0
6792	2
6793	0
6794	1
6795	1
6796	1
6797	0
6798	0
6799	0
6800	0
6801	0
6802	0
6803	1
6804	2
6805	0
6806	1
6807	0
6808	0
6809	1
6810	0
6811	2
6812	0
6813	1
6814	1
6815	0
6816	1
6817	0
6818	0
6819	0
6820	0
6821	0
6822	1
6823	1
6824	1
6825	0
6826	0
6827	0
6828	2
6829	0
6830	2
6831	0
6832	1
6833	0
6834	3
6835	0
6836	0
6837	0
6838	0
6839	1
6840	0
6841	1
6842	0
6843	0
6844	0
6845	0
6846	2
6847	1
6848	1
6849	0
6850	1
6851	0
6852	1
6853	1
6854	0
6855	0
6856	0
6857	0
6858	0
6859	0
6860	1
6861	0
6862	0
6863	1
6864	0
6865	0
6866	0
6867	0
6868	1
6869	0
6870	0
6871	1
6872	0
6873	0
6874	0
6875	1
6876	0
6877	1
6878	0
6879	0
6880	1
6881	0
6882	0
6883	2
6884	1
6885	1
6886	0
6887	2
6888	0
6889	0
6890	0
6891	1
6892	1
6893	0
6894	0
6895	2
6896	0
6897	0
6898	0
6899	0
6900	1
6901	0
6902	0
6903	0
6904	0
6905	0
6906	0
6907	0
6908	3
6909	0
6910	0
6911	2
6912	1
6913	1
6914	0
6915	0
6916	0
6917	2
6918	0
6919	0
6920	0
6921	1
6922	0
6923	0
6924	0
6925	0
6926	0
6927	2
6928	1
6929	1
6930	1
6931	1
6932	0
6933	1
6934	0
6935	0
6936	0
6937	0
6938	0
6939	0
6940	0
6941	0
6942	2
6943	0
6944	0
6945	1
6946	1
6947	1
6948	2
6949	1
6950	0
6951	1
6952	0
6953	0
6954	1
6955	0
6956	0
6957	0
6958	1
6959	0
6960	2
6961	0
6962	0
6963	0
6964	0
6965	0
6966	0
6967	1
6968	0
6969	0
6970	0
6971	1
6972	1
6973	1
6974	0
6975	1
6976	0
6977	0
6978	0
6979	0
6980	1
6981	2
6982	0
6983	0
6984	0
6985	1
6986	0
6987	0
6988	0
6989	1
6990	1
6991	0
6992	1
6993	0
6994	0
6995	1
6996	1
6997	0
6998	2
6999	4
7000	0
7001	0
7002	1
7003	1
7004	0
7005	0
7006	1
7007	0
7008	0
7009	0
7010	3
7011	0
7012	0
7013	0
7014	0
7015	0
7016	0
7017	1
7018	1
7019	0
7020	1
7021	1
7022	2
7023	0
7024	1
7025	2
7026	2
7027	1
7028	1
7029	0
7030	1
7031	0
7032	0
7033	0
7034	0
7035	1
7036	0
7037	1
7038	0
7039	1
7040	1
7041	0
7042	0
7043	0
7044	1
7045	1
7046	1
7047	1
7048	0
7049	0
7050	0
7051	1
7052	1
7053	0
7054	1
7055	0
7056	1
7057	0
7058	0
7059	1
7060	1
7061	1
7062	0
7063	1
7064	0
7065	1
7066	1
7067	3
7068	0
7069	0
7070	1
7071	1
7072	0
7073	1
7074	0
7075	2
7076	2
7077	0
7078	1
7079	1
7080	0
7081	0
7082	0
7083	1
7084	1
7085	1
7086	2
7087	0
7088	3
7089	0
7090	0
7091	1
7092	1
7093	1
7094	0
7095	1
7096	0
7097	0
7098	1
7099	0
7100	0
7101	1
7102	0
7103	0
7104	1
7105	0
7106	1
7107	1
7108	0
7109	1
7110	0
7111	0
7112	0
7113	0
7114	1
7115	0
7116	1
7117	0
7118	0
7119	1
7120	0
7121	2
7122	0
7123	0
7124	0
7125	0
7126	0
7127	0
7128	0
7129	0
7130	0
7131	0
7132	0
7133	0
7134	0
7135	0
7136	0
7137	0
7138	2
7139	0
7140	0
7141	0
7142	0
7143	0
7144	1
7145	0
7146	0
7147	0
7148	2
7149	0
7150	0
7151	1
7152	1
7153	0
7154	1
7155	1
7156	0
7157	0
7158	0
7159	2
7160	1
7161	0
7162	2
7163	0
7164	1
7165	0
7166	0
7167	0
7168	0
7169	0
7170	1
7171	0
7172	0
7173	0
7174	0
7175	0
7176	0
7177	1
7178	1
7179	1
7180	0
7181	0
7182	3
7183	0
7184	0
7185	1
7186	0
7187	0
7188	0
7189	1
7190	0
7191	1
7192	0
7193	2
7194	0
7195	1
7196	2
7197	0
7198	0
7199	1
7200	0
7201	0
7202	3
7203	0
7204	0
7205	2
7206	1
7207	1
7208	0
7209	1
7210	2
7211	0
7212	0
7213	1
7214	0
7215	0
7216	0
7217	1
7218	1
7219	1
7220	0
7221	0
7222	0
7223	0
7224	0
7225	1
7226	0
7227	0
7228	0
7229	1
7230	0
7231	1
7232	2
7233	0
7234	2
7235	0
7236	0
7237	1
7238	1
7239	0
7240	0
7241	2
7242	0
7243	4
7244	0
7245	0
7246	0
7247	1
7248	2
7249	1
7250	0
7251	0
7252	0
7253	1
7254	2
7255	1
7256	0
7257	2
7258	0
7259	0
7260	0
7261	2
7262	1
7263	0
7264	1
7265	1
7266	1
7267	1
7268	0
7269	1
7270	0
7271	0
7272	0
7273	1
7274	1
7275	0
7276	1
7277	1
7278	0
7279	1
7280	0
7281	1
7282	0
7283	0
7284	0
7285	0
7286	1
7287	1
7288	0
7289	0
7290	1
7291	0
7292	1
7293	1
7294	0
7295	1
7296	1
7297	0
7298	0
7299	0
7300	1
7301	0
7302	0
7303	0
7304	1
7305	0
7306	0
7307	1
7308	0
7309	0
7310	0
7311	1
7312	2
7313	0
7314	0
7315	1
7316	0
7317	0
7318	0
7319	2
7320	0
7321	0
7322	1
7323	2
7324	0
7325	0
7326	2
7327	1
7328	0
7329	0
7330	1
7331	0
7332	0
7333	0
7334	0
7335	1
7336	0
7337	0
7338	0
7339	0
7340	1
7341	0
7342	0
7343	1
7344	1
7345	0
7346	0
7347	1
7348	0
7349	0
7350	0
7351	1
7352	0
7353	0
7354	0
7355	1
7356	2
7357	0
7358	0
7359	1
7360	1
7361	0
7362	0
7363	0
7364	1
7365	1
7366	0
7367	0
7368	2
7369	0
7370	1
7371	0
7372	0
7373	2
7374	0
7375	0
7376	0
7377	1
7378	0
7379	0
7380	0
7381	1
7382	0
7383	0
7384	0
7385	0
7386	0
7387	0
7388	0
7389	0
7390	0
7391	2
7392	0
7393	0
7394	0
7395	0
7396	0
7397	0
7398	0
7399	0
7400	0
7401	0
7402	2
7403	0
7404	1
7405	0
7406	0
7407	0
7408	0
7409	0
7410	0
7411	0
7412	1
7413	1
7414	0
7415	0
7416	0
7417	0
7418	2
7419	0
7420	0
7421	1
7422	1
7423	1
7424	0
7425	0
7426	1
7427	0
7428	1
7429	0
7430	0
7431	0
7432	0
7433	0
7434	1
7435	0
7436	0
7437	1
7438	0
7439	3
7440	1
7441	1
7442	0
7443	1
7444	0
7445	1
7446	0
7447	0
7448	1
7449	1
7450	1
7451	1
7452	1
7453	0
7454	2
7455	0
7456	0
7457	0
7458	0
7459	0
7460	0
7461	0
7462	0
7463	0
7464	1
7465	0
7466	0
7467	0
7468	0
7469	0
7470	0
7471	0
7472	0
7473	0
7474	0
7475	0
7476	1
7477	0
7478	0
7479	1
7480	0
7481	0
7482	0
7483	0
7484	0
7485	0
7486	1
7487	1
7488	1
7489	0
7490	1
7491	0
7492	1
7493	0
7494	0
7495	0
7496	0
7497	0
7498	0
7499	0
7500	0
7501	0
7502	1
7503	0
7504	0
7505	1
7506	1
7507	1
7508	0
7509	0
7510	0
7511	0
7512	0
7513	1
7514	1
7515	0
7516	0
7517	0
7518	0
7519	0
7520	1
7521	0
7522	0
7523	3
7524	0
7525	0
7526	1
7527	1
7528	0
7529	0
7530	1
7531	1
7532	0
7533	0
7534	0
7535	0
7536	0
7537	0
7538	0
7539	0
7540	0
7541	0
7542	0
7543	0
7544	1
7545	1
7546	1
7547	1
7548	0
7549	0
7550	0
7551	0
7552	1
7553	1
7554	0
7555	0
7556	0
7557	0
7558	0
7559	0
7560	1
7561	0
7562	0
7563	1
7564	0
7565	0
7566	0
7567	0
7568	0
7569	0
7570	1
7571	2
7572	0
7573	0
7574	1
7575	0
7576	0
7577	0
7578	0
7579	0
7580	0
7581	1
7582	0
7583	0
7584	1
7585	0
7586	1
7587	0
7588	0
7589	0
7590	0
7591	0
7592	1
7593	0
7594	1
7595	0
7596	0
7597	0
7598	0
7599	1
7600	0
7601	0
7602	0
7603	0
7604	0
7605	0
7606	1
7607	0
7608	0
7609	0
7610	0
7611	0
7612	0
7613	1
7614	0
7615	0
7616	0
7617	0
7618	0
7619	0
7620	0
7621	1
7622	0
7623	0
7624	0
7625	0
7626	0
7627	1
7628	0
7629	0
7630	0
7631	0
7632	0
7633	0
7634	0
7635	0
7636	0
7637	0
7638	0
7639	1
7640	0
7641	0
7642	0
7643	0
7644	1
7645	1
7646	1
7647	0
7648	0
7649	0
7650	1
7651	0
7652	0
7653	0
7654	0
7655	0
7656	0
7657	0
7658	1
7659	0
7660	0
7661	0
7662	0
7663	1
7664	0
7665	0
7666	0
7667	1
7668	0
7669	0
7670	0
7671	0
7672	0
7673	2
7674	0
7675	0
7676	0
7677	0
7678	2
7679	0
7680	0
7681	0
7682	0
7683	1
7684	0
7685	1
7686	0
7687	0
7688	1
7689	2
7690	0
7691	0
7692	0
7693	0
7694	0
7695	0
7696	0
7697	0
7698	1
7699	0
7700	0
7701	0
7702	0
7703	0
7704	1
7705	0
7706	0
7707	0
7708	0
7709	1
7710	0
7711	0
7712	0
7713	0
7714	0
7715	0
7716	1
7717	0
7718	0
7719	0
7720	0
7721	0
7722	0
7723	0
7724	0
7725	0
7726	0
7727	0
7728	1
7729	0
7730	0
7731	1
7732	0
7733	1
7734	0
7735	0
7736	0
7737	0
7738	1
7739	0
7740	0
7741	0
7742	0
7743	0
7744	0
7745	0
7746	0
7747	0
7748	0
7749	1
7750	0
7751	1
7752	1
7753	1
7754	0
7755	1
7756	0
7757	0
7758	2
7759	0
7760	0
7761	0
7762	1
7763	0
7764	0
7765	1
7766	1
7767	0
7768	0
7769	0
7770	0
7771	0
7772	0
7773	0
7774	1
7775	1
7776	0
7777	1
7778	0
7779	0
7780	0
7781	0
7782	0
7783	0
7784	0
7785	0
7786	0
7787	0
7788	0
7789	1
7790	1
7791	0
7792	1
7793	0
7794	0
7795	0
7796	0
7797	1
7798	1
7799	0
7800	1
7801	0
7802	0
7803	0
7804	0
7805	0
7806	0
7807	0
7808	0
7809	0
7810	0
7811	0
7812	0
7813	0
7814	0
7815	0
7816	0
7817	4
7818	0
7819	0
7820	0
7821	1
7822	0
7823	0
7824	0
7825	1
7826	0
7827	0
7828	0
7829	1
7830	0
7831	0
7832	0
7833	0
7834	1
7835	0
7836	0
7837	0
7838	0
7839	0
7840	0
7841	0
7842	0
7843	0
7844	0
7845	1
7846	1
7847	0
7848	0
7849	0
7850	1
7851	1
7852	0
7853	0
7854	0
7855	0
7856	0
7857	0
7858	0
7859	0
7860	0
7861	1
7862	0
7863	0
7864	0
7865	1
7866	0
7867	0
7868	1
7869	1
7870	0
7871	0
7872	0
7873	0
7874	0
7875	1
7876	0
7877	0
7878	0
7879	0
7880	0
7881	0
7882	0
7883	0
7884	0
7885	0
7886	0
7887	0
7888	0
7889	0
7890	1
7891	0
7892	0
7893	0
7894	0
7895	0
7896	2
7897	1
7898	0
7899	0
7900	0
7901	0
7902	0
7903	0
7904	0
7905	0
7906	1
7907	0
7908	0
7909	0
7910	0
7911	0
7912	0
7913	0
7914	0
7915	0
7916	0
7917	0
7918	0
7919	0
7920	0
7921	0
7922	0
7923	0
7924	0
7925	0
7926	0
7927	0
7928	0
7929	0
7930	0
7931	0
7932	0
7933	0
7934	0
7935	0
7936	0
7937	0
7938	0
7939	0
7940	0
7941	0
7942	0
7943	0
7944	0
7945	0
7946	0
7947	0
7948	0
7949	0
7950	0
7951	0
7952	0
7953	0
7954	0
7955	0
7956	0
7957	0
7958	0
7959	0
7960	0
7961	0
7962	0
7963	0
7964	0
7965	0
7966	0
7967	0
7968	0
7969	0
7970	0
7971	0
7972	0
7973	0
7974	0
7975	0
7976	0
7977	0
7978	0
7979	0
7980	0
7981	0
7982	0
7983	0
7984	0
7985	0
7986	0
7987	0
7988	0
7989	0
7990	0
7991	0
7992	0
7993	0
7994	0
7995	0
7996	0
7997	0
7998	0
7999	0
8000	0
8001	0
8002	0
8003	0
8004	0
8005	0
8006	0
8007	0
8008	0
8009	0
8010	0
8011	0
8012	0
8013	0
8014	0
8015	0
8016	0
8017	0
8018	0
8019	0
8020	0
8021	0
8022	0
8023	0
8024	0
8025	0
8026	0
8027	0
8028	0
8029	0
8030	0
8031	0
8032	0
8033	0
8034	0
8035	0
8036	0
8037	0
8038	0
8039	0
8040	0
8041	0
8042	0
8043	0
8044	0
8045	0
8046	0
8047	0
8048	0
8049	0
8050	0
8051	0
8052	0
8053	0
8054	0
8055	0
8056	0
8057	0
8058	0
8059	0
8060	0
8061	0
8062	0
8063	0
8064	0
8065	0
8066	0
8067	0
8068	0
8069	0
8070	0
8071	0
8072	0
8073	0
8074	0
8075	0
8076	0
8077	0
8078	0
8079	0
8080	0
8081	0
8082	0
8083	0
8084	0
8085	0
8086	0
8087	0
8088	0
8089	0
8090	0
8091	0
8092	0
8093	0
8094	0
8095	0
8096	0
8097	0
8098	0
8099	0
8100	0
8101	0
8102	0
8103	0
8104	0
8105	0
8106	0
8107	0
8108	0
8109	0
8110	0
8111	0
8112	0
8113	0
8114	0
8115	0
8116	0
8117	0
8118	0
8119	0
8120	0
8121	0
8122	0
8123	0
8124	0
8125	0
8126	0
8127	0
8128	0
8129	0
8130	0
8131	0
8132	0
8133	0
8134	0
8135	0
8136	0
8137	0
8138	0
8139	0
8140	0
8141	0
8142	0
8143	0
8144	0
8145	0
8146	0
8147	0
8148	0
8149	0
8150	0
8151	0
8152	0
8153	0
8154	0
8155	0
8156	0
8157	0
8158	0
8159	0
8160	0
8161	0
8162	0
8163	0
8164	0
8165	0
8166	0
8167	0
8168	0
8169	0
8170	0
8171	0
8172	0
8173	0
8174	0
8175	0
8176	0
8177	0
8178	0
8179	0
8180	0
8181	0
8182	0
8183	0
8184	0
8185	0
8186	0
8187	0
8188	0
8189	0
8190	0
8191	0
