0	0
1	0
2	0
3	0
4	0
5	0
6	0
7	0
8	0
9	0
10	0
11	0
12	0
13	0
14	0
15	0
16	0
17	0
18	0
19	0
20	0
21	0
22	0
23	0
24	0
25	0
26	0
27	0
28	0
29	0
30	0
31	0
32	0
33	0
34	0
35	0
36	0
37	0
38	0
39	0
40	0
41	0
42	0
43	0
44	0
45	0
46	0
47	0
48	0
49	0
50	0
51	0
52	0
53	0
54	0
55	0
56	0
57	0
58	0
59	0
60	0
61	0
62	0
63	0
64	0
65	0
66	0
67	0
68	0
69	0
70	0
71	0
72	0
73	0
74	0
75	0
76	0
77	0
78	0
79	0
80	0
81	0
82	1
83	4
84	15
85	15
86	22
87	15
88	16
89	14
90	19
91	19
92	18
93	15
94	25
95	23
96	22
97	19
98	20
99	15
100	18
101	25
102	14
103	21
104	17
105	21
106	20
107	20
108	15
109	17
110	13
111	30
112	16
113	26
114	19
115	18
116	21
117	14
118	17
119	24
120	15
121	22
122	27
123	21
124	20
125	21
126	17
127	23
128	30
129	18
130	17
131	15
132	20
133	11
134	13
135	12
136	17
137	18
138	18
139	22
140	24
141	22
142	20
143	16
144	18
145	22
146	18
147	17
148	26
149	26
150	19
151	18
152	23
153	21
154	23
155	15
156	14
157	14
158	23
159	20
160	23
161	23
162	17
163	28
164	17
165	21
166	28
167	21
168	23
169	13
170	23
171	17
172	21
173	9
174	21
175	19
176	12
177	15
178	19
179	14
180	28
181	21
182	18
183	20
184	22
185	18
186	31
187	21
188	24
189	14
190	22
191	20
192	23
193	13
194	21
195	18
196	28
197	23
198	26
199	21
200	27
201	24
202	19
203	21
204	17
205	19
206	29
207	27
208	17
209	22
210	29
211	20
212	18
213	17
214	30
215	17
216	25
217	23
218	13
219	26
220	17
221	25
222	20
223	19
224	36
225	23
226	15
227	24
228	23
229	21
230	22
231	21
232	20
233	19
234	17
235	15
236	19
237	19
238	15
239	20
240	20
241	16
242	24
243	24
244	19
245	18
246	30
247	19
248	15
249	25
250	20
251	33
252	17
253	22
254	19
255	31
256	34
257	19
258	28
259	33
260	22
261	20
262	27
263	23
264	20
265	12
266	21
267	20
268	14
269	18
270	20
271	24
272	18
273	22
274	22
275	25
276	16
277	11
278	19
279	17
280	28
281	23
282	23
283	25
284	22
285	31
286	25
287	31
288	27
289	23
290	30
291	16
292	28
293	14
294	23
295	21
296	24
297	33
298	22
299	27
300	28
301	18
302	28
303	24
304	24
305	26
306	22
307	21
308	20
309	23
310	28
311	21
312	23
313	22
314	23
315	26
316	25
317	20
318	22
319	22
320	24
321	28
322	23
323	22
324	27
325	18
326	23
327	29
328	15
329	22
330	27
331	24
332	25
333	25
334	21
335	18
336	27
337	18
338	28
339	29
340	27
341	29
342	21
343	20
344	20
345	23
346	24
347	22
348	26
349	24
350	18
351	25
352	23
353	22
354	28
355	27
356	16
357	22
358	21
359	28
360	19
361	30
362	31
363	20
364	21
365	23
366	24
367	26
368	28
369	27
370	22
371	19
372	30
373	25
374	19
375	26
376	19
377	22
378	28
379	18
380	22
381	25
382	24
383	25
384	21
385	24
386	29
387	19
388	28
389	25
390	25
391	26
392	27
393	24
394	32
395	27
396	33
397	16
398	26
399	29
400	23
401	26
402	30
403	33
404	17
405	33
406	34
407	20
408	25
409	22
410	22
411	20
412	25
413	26
414	21
415	22
416	28
417	20
418	34
419	22
420	27
421	20
422	18
423	23
424	20
425	24
426	21
427	26
428	25
429	19
430	26
431	23
432	23
433	21
434	17
435	29
436	26
437	22
438	21
439	35
440	27
441	29
442	31
443	35
444	29
445	14
446	26
447	26
448	32
449	24
450	25
451	36
452	19
453	28
454	18
455	20
456	25
457	29
458	23
459	32
460	31
461	32
462	21
463	32
464	14
465	28
466	18
467	36
468	41
469	31
470	30
471	35
472	29
473	32
474	27
475	26
476	36
477	39
478	34
479	36
480	31
481	42
482	41
483	28
484	35
485	39
486	29
487	31
488	30
489	24
490	32
491	42
492	31
493	28
494	32
495	37
496	39
497	38
498	38
499	42
500	48
501	45
502	35
503	38
504	39
505	45
506	32
507	41
508	27
509	37
510	32
511	38
512	42
513	51
514	30
515	49
516	42
517	41
518	44
519	38
520	45
521	42
522	26
523	32
524	34
525	45
526	44
527	48
528	46
529	44
530	31
531	23
532	22
533	34
534	41
535	34
536	36
537	28
538	43
539	42
540	50
541	28
542	38
543	40
544	39
545	32
546	34
547	33
548	27
549	30
550	20
551	29
552	34
553	51
554	23
555	42
556	32
557	36
558	41
559	28
560	35
561	33
562	25
563	33
564	29
565	28
566	40
567	39
568	27
569	27
570	47
571	27
572	25
573	29
574	34
575	33
576	32
577	32
578	42
579	40
580	34
581	30
582	33
583	35
584	39
585	32
586	35
587	29
588	31
589	33
590	35
591	31
592	29
593	35
594	27
595	27
596	44
597	20
598	36
599	29
600	29
601	34
602	33
603	39
604	30
605	22
606	40
607	33
608	31
609	31
610	40
611	29
612	40
613	25
614	32
615	35
616	29
617	28
618	38
619	29
620	26
621	29
622	32
623	21
624	39
625	22
626	29
627	33
628	35
629	33
630	34
631	28
632	32
633	38
634	32
635	33
636	25
637	25
638	26
639	37
640	34
641	26
642	30
643	32
644	22
645	39
646	28
647	30
648	26
649	40
650	32
651	36
652	37
653	35
654	40
655	40
656	24
657	30
658	37
659	26
660	33
661	28
662	29
663	42
664	30
665	24
666	36
667	30
668	24
669	28
670	27
671	25
672	22
673	31
674	42
675	31
676	32
677	39
678	34
679	34
680	29
681	22
682	37
683	33
684	38
685	31
686	27
687	39
688	33
689	29
690	26
691	44
692	39
693	31
694	22
695	30
696	29
697	29
698	35
699	25
700	26
701	25
702	25
703	46
704	39
705	37
706	20
707	33
708	34
709	24
710	38
711	32
712	26
713	32
714	27
715	32
716	31
717	37
718	24
719	35
720	24
721	33
722	36
723	35
724	34
725	38
726	36
727	34
728	42
729	29
730	27
731	37
732	30
733	45
734	30
735	44
736	43
737	34
738	29
739	31
740	34
741	38
742	29
743	43
744	38
745	26
746	32
747	39
748	39
749	30
750	29
751	33
752	29
753	36
754	36
755	41
756	37
757	36
758	29
759	40
760	34
761	34
762	37
763	32
764	33
765	37
766	36
767	37
768	26
769	27
770	37
771	43
772	44
773	46
774	30
775	36
776	33
777	43
778	43
779	45
780	24
781	33
782	51
783	35
784	40
785	39
786	29
787	37
788	37
789	32
790	35
791	40
792	44
793	40
794	34
795	42
796	41
797	36
798	35
799	46
800	44
801	40
802	31
803	41
804	22
805	35
806	36
807	21
808	37
809	37
810	45
811	39
812	25
813	33
814	33
815	38
816	38
817	35
818	50
819	49
820	40
821	41
822	41
823	33
824	38
825	42
826	44
827	38
828	38
829	34
830	45
831	47
832	40
833	48
834	43
835	42
836	40
837	40
838	29
839	33
840	41
841	33
842	54
843	43
844	36
845	45
846	32
847	42
848	38
849	57
850	39
851	46
852	43
853	46
854	47
855	42
856	41
857	42
858	30
859	32
860	37
861	38
862	38
863	47
864	45
865	38
866	48
867	37
868	46
869	42
870	39
871	41
872	38
873	32
874	31
875	43
876	39
877	39
878	37
879	38
880	53
881	44
882	45
883	46
884	32
885	47
886	34
887	55
888	43
889	36
890	48
891	36
892	40
893	46
894	48
895	49
896	50
897	45
898	41
899	47
900	55
901	39
902	37
903	42
904	53
905	53
906	38
907	45
908	33
909	35
910	36
911	31
912	45
913	36
914	45
915	40
916	50
917	31
918	48
919	42
920	38
921	46
922	41
923	54
924	43
925	35
926	43
927	39
928	32
929	45
930	46
931	31
932	35
933	45
934	41
935	46
936	41
937	32
938	36
939	44
940	52
941	43
942	44
943	38
944	44
945	40
946	46
947	37
948	38
949	44
950	46
951	41
952	34
953	42
954	42
955	46
956	49
957	46
958	48
959	38
960	41
961	40
962	52
963	41
964	52
965	45
966	49
967	42
968	41
969	46
970	45
971	53
972	33
973	33
974	32
975	40
976	57
977	39
978	38
979	43
980	35
981	39
982	41
983	49
984	39
985	39
986	53
987	29
988	35
989	44
990	50
991	45
992	43
993	48
994	46
995	44
996	32
997	39
998	41
999	51
1000	33
1001	48
1002	43
1003	35
1004	45
1005	40
1006	56
1007	50
1008	37
1009	42
1010	51
1011	37
1012	47
1013	40
1014	57
1015	36
1016	43
1017	49
1018	35
1019	35
1020	62
1021	49
1022	43
1023	46
1024	49
1025	52
1026	42
1027	37
1028	34
1029	42
1030	51
1031	41
1032	39
1033	41
1034	41
1035	44
1036	43
1037	53
1038	53
1039	42
1040	46
1041	49
1042	46
1043	43
1044	47
1045	27
1046	41
1047	49
1048	40
1049	52
1050	35
1051	56
1052	37
1053	52
1054	46
1055	38
1056	55
1057	48
1058	43
1059	45
1060	42
1061	52
1062	40
1063	48
1064	53
1065	57
1066	52
1067	49
1068	28
1069	44
1070	42
1071	51
1072	34
1073	43
1074	43
1075	46
1076	50
1077	43
1078	49
1079	47
1080	51
1081	48
1082	62
1083	35
1084	57
1085	45
1086	49
1087	43
1088	44
1089	56
1090	49
1091	55
1092	51
1093	62
1094	52
1095	44
1096	47
1097	33
1098	42
1099	43
1100	46
1101	50
1102	54
1103	49
1104	45
1105	41
1106	51
1107	45
1108	39
1109	45
1110	54
1111	40
1112	44
1113	45
1114	55
1115	48
1116	41
1117	38
1118	49
1119	41
1120	49
1121	55
1122	38
1123	53
1124	52
1125	41
1126	52
1127	46
1128	52
1129	56
1130	50
1131	50
1132	50
1133	48
1134	56
1135	46
1136	43
1137	48
1138	59
1139	49
1140	48
1141	60
1142	48
1143	50
1144	40
1145	51
1146	45
1147	59
1148	56
1149	34
1150	44
1151	52
1152	48
1153	36
1154	44
1155	33
1156	55
1157	52
1158	41
1159	53
1160	53
1161	49
1162	41
1163	45
1164	48
1165	55
1166	40
1167	45
1168	61
1169	52
1170	39
1171	47
1172	53
1173	58
1174	50
1175	49
1176	55
1177	61
1178	57
1179	54
1180	46
1181	52
1182	62
1183	49
1184	58
1185	62
1186	45
1187	45
1188	49
1189	45
1190	43
1191	43
1192	44
1193	59
1194	50
1195	44
1196	55
1197	53
1198	46
1199	59
1200	56
1201	41
1202	53
1203	40
1204	55
1205	48
1206	55
1207	57
1208	64
1209	48
1210	47
1211	42
1212	59
1213	45
1214	52
1215	47
1216	39
1217	54
1218	52
1219	56
1220	51
1221	44
1222	50
1223	44
1224	46
1225	52
1226	59
1227	51
1228	65
1229	51
1230	53
1231	41
1232	56
1233	36
1234	48
1235	38
1236	46
1237	58
1238	49
1239	51
1240	50
1241	39
1242	53
1243	57
1244	49
1245	47
1246	58
1247	46
1248	56
1249	54
1250	47
1251	43
1252	59
1253	46
1254	44
1255	52
1256	47
1257	49
1258	51
1259	51
1260	56
1261	47
1262	48
1263	36
1264	52
1265	48
1266	59
1267	54
1268	40
1269	43
1270	48
1271	58
1272	65
1273	38
1274	58
1275	58
1276	42
1277	39
1278	58
1279	45
1280	46
1281	55
1282	52
1283	55
1284	47
1285	47
1286	51
1287	53
1288	45
1289	50
1290	56
1291	39
1292	53
1293	43
1294	46
1295	52
1296	42
1297	50
1298	40
1299	50
1300	57
1301	48
1302	48
1303	45
1304	62
1305	49
1306	36
1307	46
1308	55
1309	52
1310	55
1311	55
1312	42
1313	44
1314	47
1315	50
1316	49
1317	46
1318	43
1319	60
1320	47
1321	53
1322	40
1323	48
1324	43
1325	50
1326	45
1327	55
1328	57
1329	42
1330	41
1331	52
1332	50
1333	45
1334	37
1335	49
1336	65
1337	45
1338	49
1339	45
1340	41
1341	53
1342	45
1343	55
1344	48
1345	40
1346	44
1347	44
1348	38
1349	47
1350	48
1351	59
1352	39
1353	41
1354	50
1355	47
1356	41
1357	38
1358	44
1359	48
1360	48
1361	48
1362	54
1363	55
1364	37
1365	42
1366	48
1367	41
1368	57
1369	40
1370	47
1371	48
1372	62
1373	46
1374	51
1375	48
1376	45
1377	56
1378	53
1379	45
1380	53
1381	51
1382	53
1383	46
1384	39
1385	49
1386	41
1387	37
1388	39
1389	39
1390	35
1391	38
1392	50
1393	40
1394	45
1395	43
1396	48
1397	45
1398	47
1399	40
1400	43
1401	51
1402	49
1403	45
1404	52
1405	34
1406	35
1407	43
1408	44
1409	39
1410	41
1411	41
1412	40
1413	44
1414	40
1415	49
1416	49
1417	47
1418	45
1419	35
1420	46
1421	55
1422	39
1423	41
1424	48
1425	38
1426	45
1427	44
1428	41
1429	43
1430	53
1431	45
1432	54
1433	50
1434	42
1435	42
1436	48
1437	45
1438	37
1439	33
1440	48
1441	42
1442	38
1443	39
1444	43
1445	39
1446	46
1447	44
1448	38
1449	43
1450	42
1451	45
1452	42
1453	45
1454	50
1455	50
1456	49
1457	35
1458	45
1459	41
1460	43
1461	41
1462	36
1463	36
1464	45
1465	43
1466	34
1467	46
1468	41
1469	48
1470	38
1471	53
1472	42
1473	56
1474	38
1475	38
1476	46
1477	36
1478	38
1479	47
1480	30
1481	45
1482	47
1483	48
1484	47
1485	31
1486	34
1487	43
1488	35
1489	42
1490	39
1491	37
1492	42
1493	38
1494	41
1495	41
1496	45
1497	38
1498	41
1499	41
1500	37
1501	43
1502	47
1503	36
1504	46
1505	33
1506	36
1507	35
1508	38
1509	48
1510	40
1511	33
1512	40
1513	43
1514	43
1515	47
1516	42
1517	42
1518	49
1519	38
1520	48
1521	46
1522	46
1523	38
1524	35
1525	38
1526	46
1527	33
1528	34
1529	42
1530	45
1531	50
1532	40
1533	37
1534	38
1535	32
1536	51
1537	31
1538	48
1539	51
1540	44
1541	42
1542	44
1543	36
1544	24
1545	50
1546	38
1547	35
1548	33
1549	39
1550	42
1551	35
1552	54
1553	30
1554	34
1555	41
1556	32
1557	42
1558	36
1559	35
1560	50
1561	54
1562	37
1563	45
1564	43
1565	38
1566	36
1567	37
1568	37
1569	40
1570	44
1571	34
1572	45
1573	51
1574	32
1575	43
1576	44
1577	43
1578	30
1579	41
1580	39
1581	42
1582	39
1583	45
1584	37
1585	41
1586	34
1587	48
1588	37
1589	34
1590	45
1591	40
1592	50
1593	41
1594	34
1595	36
1596	53
1597	37
1598	43
1599	31
1600	39
1601	41
1602	36
1603	39
1604	31
1605	49
1606	32
1607	35
1608	31
1609	30
1610	32
1611	43
1612	41
1613	27
1614	39
1615	31
1616	37
1617	35
1618	40
1619	32
1620	33
1621	41
1622	35
1623	46
1624	42
1625	48
1626	29
1627	42
1628	40
1629	32
1630	39
1631	32
1632	35
1633	24
1634	34
1635	31
1636	46
1637	28
1638	38
1639	32
1640	29
1641	38
1642	44
1643	36
1644	28
1645	32
1646	34
1647	32
1648	40
1649	42
1650	46
1651	38
1652	32
1653	34
1654	44
1655	42
1656	31
1657	36
1658	33
1659	30
1660	25
1661	38
1662	35
1663	33
1664	32
1665	29
1666	30
1667	19
1668	47
1669	38
1670	38
1671	30
1672	44
1673	35
1674	32
1675	44
1676	40
1677	39
1678	47
1679	39
1680	38
1681	37
1682	37
1683	37
1684	44
1685	32
1686	28
1687	30
1688	39
1689	40
1690	34
1691	41
1692	40
1693	30
1694	33
1695	32
1696	32
1697	41
1698	32
1699	24
1700	42
1701	31
1702	42
1703	38
1704	39
1705	30
1706	40
1707	35
1708	38
1709	44
1710	32
1711	24
1712	37
1713	32
1714	39
1715	33
1716	33
1717	35
1718	45
1719	38
1720	39
1721	33
1722	32
1723	34
1724	32
1725	29
1726	23
1727	35
1728	28
1729	30
1730	32
1731	43
1732	26
1733	24
1734	31
1735	33
1736	33
1737	35
1738	36
1739	36
1740	23
1741	31
1742	34
1743	29
1744	36
1745	37
1746	24
1747	36
1748	33
1749	38
1750	33
1751	42
1752	28
1753	29
1754	35
1755	25
1756	27
1757	24
1758	30
1759	36
1760	33
1761	39
1762	36
1763	30
1764	37
1765	30
1766	34
1767	31
1768	32
1769	32
1770	44
1771	29
1772	34
1773	33
1774	33
1775	40
1776	41
1777	39
1778	32
1779	30
1780	28
1781	33
1782	36
1783	36
1784	31
1785	32
1786	38
1787	33
1788	31
1789	37
1790	43
1791	32
1792	44
1793	26
1794	32
1795	38
1796	26
1797	32
1798	35
1799	27
1800	28
1801	32
1802	31
1803	40
1804	38
1805	40
1806	39
1807	39
1808	27
1809	28
1810	36
1811	44
1812	24
1813	38
1814	37
1815	41
1816	27
1817	38
1818	28
1819	26
1820	37
1821	43
1822	27
1823	34
1824	39
1825	33
1826	34
1827	35
1828	31
1829	40
1830	36
1831	36
1832	41
1833	36
1834	34
1835	26
1836	44
1837	46
1838	31
1839	45
1840	42
1841	38
1842	39
1843	28
1844	36
1845	38
1846	39
1847	27
1848	25
1849	40
1850	37
1851	36
1852	33
1853	31
1854	29
1855	34
1856	37
1857	28
1858	19
1859	40
1860	43
1861	24
1862	20
1863	35
1864	38
1865	41
1866	47
1867	36
1868	37
1869	30
1870	40
1871	31
1872	33
1873	32
1874	40
1875	36
1876	30
1877	42
1878	31
1879	28
1880	34
1881	32
1882	31
1883	25
1884	31
1885	35
1886	21
1887	37
1888	28
1889	28
1890	29
1891	40
1892	26
1893	39
1894	30
1895	30
1896	29
1897	30
1898	30
1899	27
1900	41
1901	26
1902	30
1903	27
1904	38
1905	42
1906	27
1907	41
1908	29
1909	25
1910	40
1911	31
1912	34
1913	25
1914	32
1915	43
1916	33
1917	25
1918	37
1919	28
1920	23
1921	22
1922	23
1923	46
1924	30
1925	31
1926	32
1927	33
1928	29
1929	34
1930	36
1931	32
1932	24
1933	39
1934	18
1935	42
1936	39
1937	37
1938	42
1939	29
1940	28
1941	23
1942	33
1943	26
1944	23
1945	32
1946	32
1947	39
1948	24
1949	30
1950	41
1951	29
1952	32
1953	31
1954	32
1955	32
1956	40
1957	37
1958	24
1959	34
1960	29
1961	39
1962	30
1963	27
1964	26
1965	30
1966	28
1967	31
1968	33
1969	31
1970	39
1971	31
1972	27
1973	31
1974	34
1975	27
1976	30
1977	31
1978	25
1979	36
1980	29
1981	24
1982	26
1983	33
1984	32
1985	25
1986	32
1987	21
1988	29
1989	34
1990	27
1991	40
1992	29
1993	32
1994	34
1995	27
1996	30
1997	34
1998	39
1999	29
2000	32
2001	32
2002	27
2003	35
2004	24
2005	21
2006	28
2007	33
2008	33
2009	33
2010	19
2011	29
2012	31
2013	35
2014	37
2015	32
2016	40
2017	32
2018	29
2019	22
2020	31
2021	33
2022	26
2023	28
2024	36
2025	36
2026	38
2027	24
2028	42
2029	33
2030	29
2031	37
2032	31
2033	27
2034	25
2035	32
2036	29
2037	23
2038	31
2039	40
2040	32
2041	38
2042	26
2043	27
2044	27
2045	22
2046	29
2047	32
2048	38
2049	30
2050	39
2051	27
2052	27
2053	36
2054	35
2055	26
2056	33
2057	28
2058	24
2059	25
2060	33
2061	36
2062	28
2063	26
2064	29
2065	35
2066	27
2067	32
2068	27
2069	24
2070	28
2071	34
2072	33
2073	37
2074	36
2075	36
2076	38
2077	30
2078	28
2079	33
2080	29
2081	26
2082	31
2083	44
2084	28
2085	23
2086	30
2087	39
2088	33
2089	31
2090	31
2091	26
2092	33
2093	35
2094	33
2095	22
2096	32
2097	27
2098	25
2099	23
2100	23
2101	40
2102	23
2103	30
2104	30
2105	16
2106	42
2107	28
2108	32
2109	28
2110	30
2111	40
2112	45
2113	32
2114	30
2115	25
2116	31
2117	23
2118	29
2119	32
2120	31
2121	25
2122	32
2123	20
2124	25
2125	38
2126	29
2127	30
2128	39
2129	25
2130	24
2131	28
2132	33
2133	28
2134	27
2135	29
2136	24
2137	20
2138	30
2139	23
2140	32
2141	34
2142	29
2143	36
2144	30
2145	35
2146	33
2147	29
2148	35
2149	21
2150	19
2151	31
2152	42
2153	29
2154	23
2155	26
2156	24
2157	30
2158	28
2159	25
2160	23
2161	31
2162	37
2163	26
2164	41
2165	27
2166	20
2167	21
2168	30
2169	26
2170	22
2171	26
2172	24
2173	35
2174	27
2175	43
2176	31
2177	28
2178	27
2179	20
2180	24
2181	26
2182	18
2183	28
2184	27
2185	29
2186	38
2187	30
2188	25
2189	33
2190	26
2191	32
2192	25
2193	29
2194	36
2195	20
2196	32
2197	33
2198	28
2199	28
2200	30
2201	34
2202	27
2203	27
2204	41
2205	25
2206	31
2207	19
2208	30
2209	32
2210	25
2211	28
2212	23
2213	25
2214	32
2215	29
2216	24
2217	24
2218	29
2219	32
2220	30
2221	35
2222	28
2223	28
2224	32
2225	42
2226	42
2227	36
2228	19
2229	24
2230	28
2231	34
2232	23
2233	26
2234	18
2235	32
2236	32
2237	21
2238	26
2239	23
2240	29
2241	30
2242	26
2243	28
2244	29
2245	27
2246	26
2247	33
2248	24
2249	27
2250	26
2251	47
2252	35
2253	22
2254	31
2255	20
2256	29
2257	24
2258	26
2259	35
2260	35
2261	22
2262	27
2263	24
2264	21
2265	31
2266	24
2267	25
2268	27
2269	28
2270	22
2271	30
2272	18
2273	23
2274	29
2275	28
2276	23
2277	39
2278	20
2279	24
2280	23
2281	30
2282	30
2283	35
2284	23
2285	25
2286	28
2287	24
2288	35
2289	22
2290	30
2291	32
2292	27
2293	29
2294	26
2295	30
2296	14
2297	35
2298	21
2299	23
2300	40
2301	25
2302	16
2303	34
2304	25
2305	26
2306	24
2307	40
2308	36
2309	26
2310	29
2311	24
2312	25
2313	25
2314	26
2315	30
2316	34
2317	32
2318	29
2319	27
2320	33
2321	31
2322	29
2323	36
2324	29
2325	26
2326	27
2327	23
2328	28
2329	24
2330	28
2331	30
2332	23
2333	36
2334	29
2335	30
2336	23
2337	33
2338	17
2339	26
2340	26
2341	23
2342	32
2343	27
2344	27
2345	27
2346	21
2347	34
2348	20
2349	26
2350	19
2351	24
2352	36
2353	26
2354	23
2355	29
2356	30
2357	37
2358	30
2359	24
2360	29
2361	25
2362	27
2363	34
2364	22
2365	25
2366	30
2367	28
2368	28
2369	29
2370	25
2371	24
2372	26
2373	28
2374	16
2375	16
2376	24
2377	23
2378	32
2379	30
2380	17
2381	25
2382	27
2383	22
2384	29
2385	20
2386	25
2387	15
2388	24
2389	27
2390	25
2391	27
2392	33
2393	27
2394	28
2395	22
2396	28
2397	25
2398	20
2399	32
2400	25
2401	29
2402	31
2403	28
2404	25
2405	19
2406	26
2407	23
2408	19
2409	27
2410	25
2411	26
2412	19
2413	28
2414	25
2415	25
2416	22
2417	27
2418	29
2419	28
2420	32
2421	23
2422	25
2423	35
2424	27
2425	28
2426	24
2427	32
2428	15
2429	36
2430	27
2431	29
2432	24
2433	29
2434	31
2435	24
2436	24
2437	28
2438	31
2439	32
2440	23
2441	27
2442	32
2443	30
2444	31
2445	27
2446	35
2447	25
2448	32
2449	26
2450	32
2451	21
2452	26
2453	16
2454	23
2455	34
2456	24
2457	24
2458	25
2459	26
2460	23
2461	35
2462	20
2463	21
2464	28
2465	23
2466	16
2467	22
2468	34
2469	34
2470	31
2471	12
2472	26
2473	28
2474	21
2475	22
2476	28
2477	29
2478	28
2479	23
2480	30
2481	40
2482	26
2483	17
2484	21
2485	34
2486	24
2487	23
2488	25
2489	20
2490	30
2491	29
2492	32
2493	25
2494	27
2495	23
2496	24
2497	33
2498	29
2499	26
2500	27
2501	28
2502	20
2503	21
2504	19
2505	31
2506	23
2507	29
2508	21
2509	25
2510	18
2511	19
2512	31
2513	29
2514	23
2515	29
2516	23
2517	26
2518	27
2519	22
2520	32
2521	30
2522	24
2523	38
2524	35
2525	19
2526	28
2527	15
2528	31
2529	29
2530	27
2531	23
2532	19
2533	26
2534	23
2535	27
2536	32
2537	17
2538	31
2539	32
2540	28
2541	33
2542	36
2543	28
2544	27
2545	17
2546	33
2547	26
2548	24
2549	29
2550	28
2551	18
2552	29
2553	22
2554	35
2555	18
2556	28
2557	34
2558	32
2559	25
2560	27
2561	31
2562	24
2563	19
2564	29
2565	32
2566	25
2567	30
2568	22
2569	20
2570	29
2571	36
2572	21
2573	26
2574	11
2575	33
2576	33
2577	31
2578	21
2579	24
2580	22
2581	29
2582	28
2583	17
2584	31
2585	18
2586	26
2587	23
2588	34
2589	26
2590	27
2591	28
2592	25
2593	24
2594	24
2595	22
2596	22
2597	33
2598	27
2599	38
2600	18
2601	25
2602	25
2603	26
2604	22
2605	19
2606	24
2607	31
2608	24
2609	27
2610	21
2611	24
2612	25
2613	19
2614	26
2615	29
2616	14
2617	21
2618	23
2619	25
2620	30
2621	28
2622	28
2623	24
2624	25
2625	16
2626	30
2627	24
2628	22
2629	24
2630	23
2631	23
2632	23
2633	20
2634	24
2635	26
2636	20
2637	28
2638	32
2639	23
2640	24
2641	28
2642	28
2643	23
2644	25
2645	27
2646	24
2647	23
2648	18
2649	31
2650	26
2651	22
2652	19
2653	28
2654	29
2655	23
2656	26
2657	18
2658	18
2659	29
2660	30
2661	29
2662	19
2663	26
2664	25
2665	21
2666	19
2667	22
2668	18
2669	35
2670	28
2671	12
2672	21
2673	18
2674	25
2675	29
2676	17
2677	30
2678	37
2679	22
2680	23
2681	23
2682	25
2683	30
2684	22
2685	26
2686	24
2687	20
2688	30
2689	16
2690	11
2691	25
2692	20
2693	19
2694	30
2695	27
2696	18
2697	27
2698	27
2699	28
2700	29
2701	23
2702	29
2703	30
2704	26
2705	27
2706	27
2707	34
2708	29
2709	34
2710	30
2711	19
2712	24
2713	25
2714	28
2715	22
2716	22
2717	26
2718	31
2719	30
2720	25
2721	22
2722	24
2723	20
2724	22
2725	23
2726	23
2727	24
2728	22
2729	26
2730	25
2731	26
2732	25
2733	22
2734	22
2735	23
2736	19
2737	24
2738	23
2739	18
2740	21
2741	18
2742	16
2743	24
2744	32
2745	16
2746	16
2747	30
2748	21
2749	26
2750	26
2751	24
2752	19
2753	16
2754	9
2755	20
2756	27
2757	28
2758	28
2759	17
2760	27
2761	25
2762	29
2763	20
2764	25
2765	19
2766	22
2767	28
2768	26
2769	17
2770	28
2771	24
2772	21
2773	19
2774	18
2775	33
2776	22
2777	22
2778	33
2779	23
2780	26
2781	24
2782	32
2783	28
2784	27
2785	26
2786	23
2787	30
2788	12
2789	20
2790	23
2791	15
2792	26
2793	33
2794	32
2795	19
2796	19
2797	17
2798	16
2799	28
2800	23
2801	22
2802	19
2803	29
2804	12
2805	29
2806	21
2807	24
2808	24
2809	24
2810	20
2811	18
2812	23
2813	25
2814	26
2815	19
2816	26
2817	20
2818	24
2819	25
2820	17
2821	15
2822	19
2823	14
2824	26
2825	24
2826	21
2827	26
2828	33
2829	27
2830	23
2831	28
2832	16
2833	25
2834	20
2835	23
2836	22
2837	26
2838	13
2839	17
2840	18
2841	23
2842	23
2843	22
2844	18
2845	22
2846	36
2847	17
2848	17
2849	17
2850	30
2851	25
2852	25
2853	10
2854	24
2855	26
2856	23
2857	25
2858	29
2859	22
2860	21
2861	14
2862	28
2863	24
2864	25
2865	29
2866	25
2867	23
2868	21
2869	23
2870	22
2871	27
2872	33
2873	30
2874	20
2875	19
2876	32
2877	19
2878	15
2879	17
2880	19
2881	27
2882	26
2883	26
2884	20
2885	25
2886	23
2887	25
2888	21
2889	14
2890	20
2891	16
2892	24
2893	18
2894	16
2895	26
2896	21
2897	23
2898	24
2899	34
2900	27
2901	20
2902	26
2903	24
2904	16
2905	16
2906	23
2907	20
2908	21
2909	24
2910	18
2911	18
2912	25
2913	24
2914	16
2915	15
2916	16
2917	20
2918	19
2919	21
2920	16
2921	21
2922	21
2923	21
2924	19
2925	16
2926	26
2927	20
2928	20
2929	17
2930	16
2931	21
2932	28
2933	23
2934	17
2935	25
2936	28
2937	20
2938	18
2939	25
2940	16
2941	22
2942	18
2943	20
2944	26
2945	18
2946	18
2947	24
2948	19
2949	14
2950	21
2951	23
2952	28
2953	23
2954	20
2955	26
2956	20
2957	20
2958	13
2959	18
2960	19
2961	21
2962	21
2963	20
2964	17
2965	26
2966	22
2967	17
2968	17
2969	29
2970	21
2971	16
2972	16
2973	12
2974	15
2975	16
2976	25
2977	21
2978	17
2979	18
2980	14
2981	25
2982	16
2983	21
2984	29
2985	23
2986	21
2987	12
2988	29
2989	19
2990	17
2991	21
2992	27
2993	20
2994	20
2995	23
2996	20
2997	23
2998	20
2999	18
3000	22
3001	21
3002	17
3003	19
3004	19
3005	25
3006	28
3007	15
3008	20
3009	20
3010	20
3011	20
3012	31
3013	19
3014	18
3015	24
3016	16
3017	16
3018	21
3019	28
3020	33
3021	24
3022	28
3023	21
3024	25
3025	21
3026	21
3027	32
3028	15
3029	17
3030	21
3031	17
3032	27
3033	21
3034	26
3035	20
3036	26
3037	26
3038	32
3039	24
3040	32
3041	23
3042	15
3043	28
3044	24
3045	20
3046	28
3047	15
3048	27
3049	14
3050	25
3051	21
3052	18
3053	11
3054	20
3055	23
3056	20
3057	26
3058	17
3059	20
3060	26
3061	17
3062	19
3063	29
3064	20
3065	19
3066	17
3067	15
3068	23
3069	22
3070	17
3071	22
3072	28
3073	13
3074	21
3075	13
3076	25
3077	22
3078	14
3079	22
3080	23
3081	24
3082	31
3083	23
3084	14
3085	18
3086	25
3087	19
3088	21
3089	14
3090	22
3091	22
3092	18
3093	28
3094	25
3095	15
3096	22
3097	27
3098	20
3099	28
3100	24
3101	27
3102	18
3103	20
3104	18
3105	24
3106	21
3107	14
3108	23
3109	21
3110	22
3111	25
3112	20
3113	20
3114	22
3115	14
3116	25
3117	18
3118	17
3119	23
3120	29
3121	17
3122	19
3123	23
3124	14
3125	18
3126	20
3127	17
3128	16
3129	23
3130	16
3131	29
3132	27
3133	21
3134	19
3135	25
3136	28
3137	21
3138	17
3139	12
3140	19
3141	23
3142	25
3143	20
3144	19
3145	21
3146	21
3147	17
3148	26
3149	23
3150	21
3151	14
3152	23
3153	11
3154	19
3155	24
3156	18
3157	24
3158	26
3159	12
3160	12
3161	18
3162	21
3163	16
3164	14
3165	12
3166	11
3167	20
3168	21
3169	16
3170	11
3171	19
3172	26
3173	23
3174	16
3175	21
3176	15
3177	16
3178	17
3179	12
3180	19
3181	15
3182	18
3183	22
3184	18
3185	23
3186	20
3187	22
3188	16
3189	23
3190	27
3191	24
3192	16
3193	19
3194	21
3195	25
3196	30
3197	19
3198	26
3199	18
3200	16
3201	22
3202	19
3203	23
3204	17
3205	13
3206	24
3207	24
3208	21
3209	11
3210	17
3211	20
3212	26
3213	17
3214	17
3215	17
3216	18
3217	19
3218	22
3219	18
3220	30
3221	20
3222	18
3223	16
3224	17
3225	15
3226	29
3227	18
3228	18
3229	17
3230	27
3231	33
3232	23
3233	29
3234	22
3235	24
3236	27
3237	26
3238	22
3239	13
3240	23
3241	18
3242	13
3243	14
3244	23
3245	25
3246	23
3247	19
3248	30
3249	19
3250	14
3251	17
3252	25
3253	22
3254	29
3255	24
3256	22
3257	23
3258	23
3259	13
3260	20
3261	22
3262	26
3263	18
3264	14
3265	23
3266	16
3267	23
3268	22
3269	23
3270	22
3271	11
3272	20
3273	20
3274	16
3275	14
3276	24
3277	27
3278	20
3279	18
3280	27
3281	20
3282	20
3283	16
3284	19
3285	20
3286	29
3287	17
3288	17
3289	22
3290	25
3291	25
3292	16
3293	25
3294	27
3295	23
3296	19
3297	21
3298	14
3299	21
3300	16
3301	15
3302	26
3303	24
3304	21
3305	19
3306	13
3307	20
3308	18
3309	20
3310	15
3311	20
3312	20
3313	20
3314	24
3315	16
3316	12
3317	10
3318	24
3319	15
3320	21
3321	17
3322	34
3323	17
3324	22
3325	20
3326	18
3327	19
3328	21
3329	8
3330	20
3331	17
3332	20
3333	27
3334	17
3335	15
3336	24
3337	21
3338	22
3339	21
3340	24
3341	19
3342	21
3343	18
3344	20
3345	12
3346	26
3347	19
3348	26
3349	22
3350	18
3351	17
3352	24
3353	15
3354	23
3355	21
3356	19
3357	18
3358	33
3359	19
3360	18
3361	21
3362	12
3363	10
3364	14
3365	24
3366	20
3367	17
3368	24
3369	17
3370	19
3371	24
3372	16
3373	24
3374	23
3375	28
3376	20
3377	22
3378	24
3379	16
3380	18
3381	25
3382	22
3383	21
3384	15
3385	22
3386	23
3387	22
3388	23
3389	26
3390	23
3391	25
3392	20
3393	17
3394	16
3395	15
3396	26
3397	13
3398	11
3399	15
3400	12
3401	24
3402	25
3403	12
3404	21
3405	25
3406	27
3407	19
3408	21
3409	20
3410	13
3411	14
3412	21
3413	21
3414	19
3415	23
3416	24
3417	18
3418	20
3419	23
3420	17
3421	27
3422	26
3423	24
3424	23
3425	19
3426	26
3427	17
3428	21
3429	17
3430	22
3431	22
3432	22
3433	17
3434	14
3435	15
3436	20
3437	34
3438	23
3439	20
3440	21
3441	21
3442	18
3443	14
3444	23
3445	26
3446	23
3447	21
3448	23
3449	25
3450	24
3451	23
3452	28
3453	24
3454	24
3455	19
3456	20
3457	21
3458	16
3459	21
3460	19
3461	18
3462	15
3463	27
3464	24
3465	26
3466	18
3467	17
3468	24
3469	20
3470	9
3471	20
3472	23
3473	20
3474	18
3475	22
3476	21
3477	21
3478	16
3479	21
3480	15
3481	26
3482	18
3483	23
3484	22
3485	19
3486	18
3487	25
3488	15
3489	27
3490	20
3491	20
3492	23
3493	24
3494	23
3495	22
3496	22
3497	18
3498	19
3499	21
3500	25
3501	19
3502	20
3503	26
3504	25
3505	17
3506	16
3507	16
3508	32
3509	20
3510	19
3511	22
3512	15
3513	24
3514	15
3515	17
3516	19
3517	30
3518	18
3519	20
3520	24
3521	21
3522	19
3523	16
3524	15
3525	20
3526	20
3527	21
3528	12
3529	15
3530	16
3531	21
3532	19
3533	25
3534	27
3535	27
3536	20
3537	21
3538	22
3539	21
3540	23
3541	24
3542	24
3543	20
3544	20
3545	19
3546	16
3547	26
3548	24
3549	26
3550	19
3551	21
3552	26
3553	23
3554	21
3555	19
3556	23
3557	20
3558	20
3559	19
3560	26
3561	20
3562	18
3563	22
3564	27
3565	24
3566	16
3567	28
3568	31
3569	17
3570	16
3571	19
3572	24
3573	21
3574	17
3575	24
3576	27
3577	24
3578	15
3579	18
3580	29
3581	19
3582	14
3583	24
3584	17
3585	17
3586	28
3587	25
3588	23
3589	16
3590	24
3591	17
3592	17
3593	22
3594	16
3595	24
3596	27
3597	18
3598	22
3599	22
3600	23
3601	20
3602	20
3603	24
3604	28
3605	20
3606	27
3607	31
3608	28
3609	25
3610	24
3611	20
3612	27
3613	21
3614	23
3615	17
3616	17
3617	26
3618	27
3619	18
3620	16
3621	24
3622	20
3623	25
3624	24
3625	18
3626	20
3627	28
3628	18
3629	20
3630	17
3631	26
3632	27
3633	28
3634	25
3635	28
3636	32
3637	21
3638	20
3639	16
3640	23
3641	20
3642	27
3643	33
3644	30
3645	18
3646	29
3647	23
3648	17
3649	28
3650	20
3651	34
3652	14
3653	20
3654	20
3655	31
3656	16
3657	18
3658	21
3659	29
3660	23
3661	30
3662	16
3663	15
3664	20
3665	23
3666	32
3667	20
3668	28
3669	29
3670	26
3671	25
3672	22
3673	24
3674	11
3675	19
3676	17
3677	26
3678	22
3679	24
3680	17
3681	28
3682	13
3683	29
3684	23
3685	15
3686	17
3687	31
3688	18
3689	23
3690	21
3691	23
3692	23
3693	25
3694	24
3695	18
3696	26
3697	24
3698	27
3699	22
3700	21
3701	18
3702	16
3703	25
3704	24
3705	18
3706	16
3707	27
3708	17
3709	22
3710	21
3711	17
3712	25
3713	16
3714	21
3715	21
3716	18
3717	32
3718	17
3719	19
3720	22
3721	29
3722	23
3723	35
3724	16
3725	24
3726	22
3727	21
3728	25
3729	21
3730	26
3731	32
3732	23
3733	22
3734	29
3735	20
3736	18
3737	26
3738	21
3739	28
3740	25
3741	32
3742	28
3743	18
3744	20
3745	37
3746	31
3747	28
3748	26
3749	26
3750	27
3751	17
3752	31
3753	25
3754	19
3755	14
3756	26
3757	22
3758	26
3759	32
3760	28
3761	21
3762	26
3763	24
3764	28
3765	21
3766	34
3767	30
3768	25
3769	26
3770	17
3771	30
3772	34
3773	26
3774	25
3775	20
3776	20
3777	23
3778	22
3779	27
3780	19
3781	14
3782	20
3783	26
3784	26
3785	25
3786	25
3787	25
3788	22
3789	31
3790	19
3791	21
3792	22
3793	33
3794	23
3795	30
3796	22
3797	29
3798	21
3799	20
3800	25
3801	23
3802	23
3803	29
3804	24
3805	26
3806	28
3807	27
3808	17
3809	26
3810	26
3811	25
3812	15
3813	19
3814	27
3815	28
3816	17
3817	31
3818	17
3819	22
3820	16
3821	27
3822	25
3823	34
3824	32
3825	19
3826	30
3827	22
3828	29
3829	24
3830	23
3831	24
3832	26
3833	27
3834	25
3835	26
3836	31
3837	28
3838	25
3839	27
3840	23
3841	33
3842	21
3843	25
3844	23
3845	28
3846	21
3847	21
3848	29
3849	27
3850	27
3851	26
3852	27
3853	33
3854	32
3855	33
3856	22
3857	22
3858	26
3859	23
3860	29
3861	22
3862	27
3863	33
3864	23
3865	26
3866	32
3867	21
3868	27
3869	22
3870	32
3871	17
3872	28
3873	29
3874	37
3875	30
3876	21
3877	25
3878	32
3879	30
3880	31
3881	39
3882	26
3883	27
3884	24
3885	28
3886	33
3887	40
3888	35
3889	28
3890	38
3891	34
3892	43
3893	34
3894	32
3895	43
3896	28
3897	29
3898	40
3899	42
3900	22
3901	27
3902	31
3903	33
3904	27
3905	32
3906	27
3907	24
3908	37
3909	28
3910	26
3911	32
3912	26
3913	28
3914	24
3915	25
3916	28
3917	20
3918	32
3919	40
3920	38
3921	23
3922	20
3923	28
3924	36
3925	36
3926	26
3927	33
3928	28
3929	40
3930	30
3931	35
3932	36
3933	25
3934	33
3935	27
3936	19
3937	29
3938	26
3939	27
3940	42
3941	46
3942	29
3943	37
3944	36
3945	35
3946	35
3947	35
3948	33
3949	30
3950	27
3951	30
3952	39
3953	29
3954	33
3955	34
3956	27
3957	31
3958	36
3959	42
3960	46
3961	37
3962	37
3963	42
3964	33
3965	40
3966	37
3967	45
3968	42
3969	41
3970	30
3971	39
3972	28
3973	30
3974	39
3975	42
3976	37
3977	33
3978	43
3979	43
3980	28
3981	41
3982	34
3983	43
3984	38
3985	34
3986	33
3987	31
3988	31
3989	40
3990	45
3991	39
3992	27
3993	38
3994	33
3995	43
3996	40
3997	43
3998	50
3999	34
4000	32
4001	39
4002	40
4003	35
4004	42
4005	35
4006	34
4007	49
4008	24
4009	31
4010	34
4011	39
4012	41
4013	40
4014	44
4015	49
4016	36
4017	49
4018	30
4019	49
4020	48
4021	39
4022	38
4023	44
4024	34
4025	40
4026	38
4027	37
4028	36
4029	44
4030	43
4031	41
4032	47
4033	52
4034	43
4035	39
4036	40
4037	39
4038	40
4039	49
4040	39
4041	43
4042	39
4043	48
4044	32
4045	50
4046	44
4047	45
4048	42
4049	40
4050	28
4051	33
4052	45
4053	54
4054	35
4055	34
4056	42
4057	50
4058	58
4059	50
4060	46
4061	44
4062	38
4063	30
4064	44
4065	40
4066	46
4067	45
4068	40
4069	43
4070	40
4071	38
4072	38
4073	45
4074	47
4075	52
4076	46
4077	53
4078	58
4079	43
4080	59
4081	39
4082	46
4083	30
4084	50
4085	33
4086	57
4087	44
4088	34
4089	46
4090	35
4091	41
4092	52
4093	38
4094	35
4095	50
4096	30
4097	43
4098	37
4099	52
4100	40
4101	43
4102	41
4103	50
4104	41
4105	48
4106	51
4107	44
4108	41
4109	49
4110	40
4111	51
4112	47
4113	36
4114	42
4115	42
4116	43
4117	53
4118	44
4119	39
4120	43
4121	46
4122	44
4123	46
4124	51
4125	37
4126	41
4127	43
4128	46
4129	49
4130	35
4131	40
4132	32
4133	33
4134	44
4135	43
4136	54
4137	32
4138	51
4139	45
4140	44
4141	42
4142	51
4143	37
4144	47
4145	34
4146	42
4147	46
4148	48
4149	36
4150	44
4151	32
4152	49
4153	43
4154	35
4155	37
4156	37
4157	46
4158	40
4159	46
4160	44
4161	31
4162	42
4163	37
4164	38
4165	39
4166	42
4167	27
4168	37
4169	32
4170	27
4171	38
4172	31
4173	36
4174	35
4175	33
4176	51
4177	47
4178	40
4179	38
4180	37
4181	38
4182	31
4183	32
4184	28
4185	31
4186	18
4187	38
4188	40
4189	42
4190	41
4191	39
4192	37
4193	26
4194	33
4195	40
4196	40
4197	23
4198	24
4199	28
4200	33
4201	34
4202	23
4203	30
4204	46
4205	28
4206	23
4207	33
4208	25
4209	39
4210	32
4211	37
4212	30
4213	30
4214	26
4215	21
4216	22
4217	35
4218	19
4219	31
4220	31
4221	29
4222	26
4223	30
4224	33
4225	31
4226	37
4227	30
4228	28
4229	29
4230	26
4231	25
4232	26
4233	16
4234	28
4235	23
4236	30
4237	19
4238	25
4239	25
4240	20
4241	12
4242	19
4243	26
4244	26
4245	29
4246	30
4247	23
4248	23
4249	18
4250	28
4251	19
4252	15
4253	22
4254	27
4255	21
4256	27
4257	22
4258	19
4259	20
4260	16
4261	26
4262	16
4263	15
4264	14
4265	24
4266	17
4267	15
4268	17
4269	17
4270	16
4271	16
4272	13
4273	22
4274	16
4275	23
4276	21
4277	21
4278	12
4279	20
4280	18
4281	16
4282	20
4283	13
4284	7
4285	16
4286	25
4287	15
4288	15
4289	12
4290	14
4291	11
4292	21
4293	10
4294	17
4295	15
4296	12
4297	13
4298	11
4299	12
4300	16
4301	16
4302	7
4303	19
4304	15
4305	13
4306	9
4307	13
4308	14
4309	8
4310	13
4311	16
4312	9
4313	12
4314	19
4315	15
4316	8
4317	12
4318	2
4319	9
4320	13
4321	6
4322	9
4323	13
4324	8
4325	4
4326	10
4327	15
4328	6
4329	3
4330	11
4331	12
4332	9
4333	5
4334	7
4335	12
4336	8
4337	10
4338	18
4339	7
4340	14
4341	6
4342	6
4343	5
4344	8
4345	10
4346	6
4347	11
4348	9
4349	7
4350	6
4351	7
4352	6
4353	6
4354	8
4355	6
4356	8
4357	5
4358	6
4359	1
4360	4
4361	5
4362	10
4363	5
4364	5
4365	4
4366	7
4367	4
4368	5
4369	5
4370	5
4371	7
4372	5
4373	11
4374	6
4375	1
4376	5
4377	6
4378	7
4379	2
4380	7
4381	5
4382	11
4383	2
4384	3
4385	6
4386	4
4387	2
4388	5
4389	1
4390	6
4391	4
4392	3
4393	2
4394	8
4395	1
4396	7
4397	1
4398	1
4399	3
4400	5
4401	0
4402	2
4403	3
4404	2
4405	4
4406	5
4407	3
4408	2
4409	3
4410	2
4411	3
4412	1
4413	2
4414	6
4415	3
4416	5
4417	1
4418	4
4419	0
4420	1
4421	6
4422	3
4423	2
4424	2
4425	3
4426	5
4427	4
4428	2
4429	2
4430	0
4431	2
4432	0
4433	4
4434	4
4435	2
4436	2
4437	3
4438	2
4439	1
4440	5
4441	2
4442	4
4443	5
4444	0
4445	3
4446	0
4447	2
4448	0
4449	1
4450	1
4451	1
4452	4
4453	2
4454	1
4455	2
4456	1
4457	0
4458	2
4459	0
4460	3
4461	2
4462	1
4463	1
4464	4
4465	2
4466	1
4467	0
4468	1
4469	1
4470	1
4471	0
4472	3
4473	3
4474	1
4475	3
4476	3
4477	1
4478	0
4479	1
4480	2
4481	1
4482	0
4483	0
4484	0
4485	1
4486	1
4487	0
4488	3
4489	1
4490	2
4491	0
4492	2
4493	0
4494	1
4495	0
4496	2
4497	0
4498	0
4499	3
4500	1
4501	1
4502	2
4503	1
4504	0
4505	1
4506	0
4507	1
4508	2
4509	1
4510	1
4511	0
4512	1
4513	1
4514	0
4515	2
4516	1
4517	2
4518	2
4519	1
4520	1
4521	0
4522	1
4523	0
4524	1
4525	2
4526	0
4527	2
4528	1
4529	0
4530	2
4531	1
4532	0
4533	3
4534	1
4535	1
4536	1
4537	0
4538	0
4539	1
4540	2
4541	2
4542	1
4543	1
4544	0
4545	1
4546	1
4547	0
4548	0
4549	1
4550	2
4551	0
4552	0
4553	1
4554	1
4555	1
4556	0
4557	1
4558	1
4559	0
4560	0
4561	1
4562	0
4563	1
4564	1
4565	1
4566	0
4567	0
4568	1
4569	0
4570	1
4571	0
4572	0
4573	0
4574	1
4575	4
4576	1
4577	0
4578	1
4579	0
4580	0
4581	3
4582	1
4583	3
4584	0
4585	1
4586	1
4587	0
4588	1
4589	0
4590	0
4591	0
4592	1
4593	0
4594	1
4595	0
4596	0
4597	2
4598	0
4599	2
4600	0
4601	0
4602	0
4603	0
4604	1
4605	0
4606	1
4607	0
4608	2
4609	3
4610	1
4611	1
4612	3
4613	0
4614	0
4615	0
4616	3
4617	1
4618	0
4619	0
4620	1
4621	1
4622	1
4623	0
4624	2
4625	1
4626	3
4627	0
4628	2
4629	1
4630	0
4631	0
4632	0
4633	1
4634	0
4635	2
4636	0
4637	3
4638	0
4639	0
4640	1
4641	1
4642	0
4643	0
4644	2
4645	1
4646	0
4647	0
4648	0
4649	0
4650	0
4651	0
4652	2
4653	1
4654	0
4655	0
4656	1
4657	0
4658	1
4659	0
4660	0
4661	2
4662	1
4663	2
4664	0
4665	0
4666	1
4667	0
4668	0
4669	0
4670	1
4671	0
4672	0
4673	1
4674	2
4675	4
4676	1
4677	0
4678	1
4679	0
4680	1
4681	3
4682	1
4683	0
4684	1
4685	0
4686	0
4687	1
4688	0
4689	0
4690	1
4691	0
4692	0
4693	0
4694	1
4695	1
4696	2
4697	0
4698	1
4699	0
4700	1
4701	0
4702	1
4703	1
4704	1
4705	0
4706	0
4707	0
4708	0
4709	0
4710	1
4711	0
4712	3
4713	1
4714	0
4715	2
4716	2
4717	2
4718	1
4719	0
4720	1
4721	0
4722	0
4723	2
4724	0
4725	0
4726	1
4727	0
4728	0
4729	1
4730	0
4731	0
4732	0
4733	0
4734	1
4735	0
4736	2
4737	0
4738	0
4739	0
4740	0
4741	0
4742	0
4743	1
4744	2
4745	0
4746	1
4747	2
4748	2
4749	0
4750	1
4751	1
4752	1
4753	0
4754	0
4755	3
4756	1
4757	1
4758	1
4759	0
4760	1
4761	0
4762	1
4763	1
4764	1
4765	2
4766	1
4767	2
4768	0
4769	0
4770	1
4771	0
4772	1
4773	3
4774	0
4775	0
4776	1
4777	0
4778	2
4779	0
4780	0
4781	2
4782	3
4783	0
4784	0
4785	0
4786	0
4787	1
4788	3
4789	0
4790	1
4791	0
4792	1
4793	1
4794	1
4795	1
4796	1
4797	2
4798	0
4799	0
4800	2
4801	0
4802	1
4803	1
4804	2
4805	1
4806	0
4807	1
4808	1
4809	1
4810	0
4811	0
4812	0
4813	1
4814	0
4815	1
4816	1
4817	0
4818	0
4819	1
4820	0
4821	2
4822	2
4823	0
4824	0
4825	0
4826	2
4827	1
4828	0
4829	0
4830	0
4831	1
4832	1
4833	1
4834	2
4835	0
4836	3
4837	0
4838	0
4839	0
4840	1
4841	2
4842	0
4843	0
4844	0
4845	1
4846	1
4847	0
4848	1
4849	0
4850	4
4851	0
4852	2
4853	0
4854	1
4855	0
4856	0
4857	1
4858	1
4859	2
4860	0
4861	0
4862	1
4863	0
4864	0
4865	0
4866	0
4867	1
4868	0
4869	2
4870	0
4871	1
4872	1
4873	0
4874	0
4875	3
4876	1
4877	3
4878	3
4879	0
4880	2
4881	1
4882	1
4883	0
4884	1
4885	1
4886	0
4887	1
4888	0
4889	0
4890	0
4891	0
4892	3
4893	1
4894	0
4895	1
4896	1
4897	0
4898	0
4899	1
4900	2
4901	0
4902	0
4903	2
4904	0
4905	0
4906	1
4907	0
4908	2
4909	2
4910	0
4911	1
4912	1
4913	2
4914	0
4915	1
4916	0
4917	0
4918	0
4919	1
4920	0
4921	0
4922	1
4923	0
4924	0
4925	0
4926	1
4927	0
4928	1
4929	1
4930	1
4931	0
4932	1
4933	1
4934	0
4935	1
4936	2
4937	0
4938	1
4939	0
4940	1
4941	0
4942	2
4943	0
4944	0
4945	0
4946	0
4947	0
4948	0
4949	0
4950	1
4951	0
4952	1
4953	0
4954	0
4955	2
4956	0
4957	2
4958	0
4959	0
4960	2
4961	0
4962	0
4963	3
4964	0
4965	0
4966	2
4967	0
4968	1
4969	2
4970	1
4971	0
4972	0
4973	1
4974	1
4975	0
4976	0
4977	0
4978	0
4979	0
4980	2
4981	0
4982	0
4983	0
4984	0
4985	0
4986	1
4987	0
4988	0
4989	1
4990	2
4991	0
4992	0
4993	0
4994	0
4995	2
4996	2
4997	0
4998	1
4999	0
5000	2
5001	0
5002	1
5003	1
5004	0
5005	0
5006	0
5007	2
5008	1
5009	1
5010	0
5011	2
5012	0
5013	2
5014	0
5015	0
5016	0
5017	1
5018	1
5019	1
5020	1
5021	2
5022	1
5023	0
5024	0
5025	1
5026	0
5027	1
5028	2
5029	1
5030	0
5031	0
5032	2
5033	1
5034	2
5035	2
5036	0
5037	1
5038	2
5039	0
5040	1
5041	0
5042	1
5043	1
5044	0
5045	1
5046	1
5047	1
5048	1
5049	0
5050	1
5051	2
5052	1
5053	0
5054	0
5055	0
5056	0
5057	0
5058	2
5059	0
5060	2
5061	0
5062	0
5063	1
5064	0
5065	3
5066	0
5067	2
5068	0
5069	0
5070	1
5071	1
5072	0
5073	0
5074	2
5075	0
5076	1
5077	2
5078	2
5079	0
5080	0
5081	1
5082	1
5083	0
5084	0
5085	0
5086	3
5087	0
5088	2
5089	1
5090	1
5091	2
5092	1
5093	0
5094	1
5095	1
5096	0
5097	0
5098	0
5099	0
5100	0
5101	3
5102	0
5103	0
5104	0
5105	1
5106	2
5107	0
5108	0
5109	0
5110	0
5111	0
5112	0
5113	0
5114	0
5115	1
5116	0
5117	1
5118	1
5119	0
5120	0
5121	0
5122	1
5123	1
5124	1
5125	1
5126	0
5127	0
5128	0
5129	0
5130	0
5131	0
5132	1
5133	0
5134	0
5135	1
5136	0
5137	0
5138	1
5139	1
5140	0
5141	1
5142	0
5143	0
5144	1
5145	1
5146	2
5147	1
5148	0
5149	2
5150	1
5151	2
5152	1
5153	1
5154	0
5155	0
5156	0
5157	1
5158	1
5159	1
5160	2
5161	1
5162	2
5163	2
5164	1
5165	1
5166	0
5167	1
5168	0
5169	3
5170	0
5171	1
5172	1
5173	1
5174	0
5175	1
5176	0
5177	1
5178	1
5179	2
5180	0
5181	1
5182	0
5183	3
5184	0
5185	0
5186	0
5187	1
5188	2
5189	0
5190	1
5191	0
5192	3
5193	1
5194	1
5195	2
5196	0
5197	0
5198	0
5199	1
5200	1
5201	0
5202	0
5203	0
5204	1
5205	0
5206	2
5207	0
5208	1
5209	0
5210	1
5211	1
5212	0
5213	0
5214	0
5215	0
5216	0
5217	1
5218	1
5219	1
5220	1
5221	1
5222	0
5223	1
5224	0
5225	0
5226	1
5227	0
5228	1
5229	1
5230	0
5231	3
5232	3
5233	0
5234	0
5235	0
5236	2
5237	0
5238	0
5239	1
5240	0
5241	0
5242	0
5243	0
5244	1
5245	2
5246	1
5247	0
5248	0
5249	2
5250	2
5251	1
5252	0
5253	2
5254	0
5255	2
5256	0
5257	1
5258	1
5259	0
5260	0
5261	1
5262	1
5263	1
5264	0
5265	0
5266	1
5267	0
5268	0
5269	3
5270	0
5271	1
5272	0
5273	0
5274	0
5275	1
5276	0
5277	1
5278	1
5279	0
5280	0
5281	0
5282	1
5283	1
5284	0
5285	0
5286	1
5287	2
5288	1
5289	1
5290	0
5291	0
5292	0
5293	0
5294	0
5295	1
5296	0
5297	0
5298	0
5299	0
5300	2
5301	0
5302	1
5303	1
5304	0
5305	2
5306	1
5307	1
5308	0
5309	0
5310	0
5311	1
5312	2
5313	0
5314	1
5315	0
5316	0
5317	1
5318	2
5319	0
5320	1
5321	2
5322	1
5323	0
5324	0
5325	2
5326	0
5327	1
5328	1
5329	1
5330	0
5331	1
5332	1
5333	1
5334	0
5335	1
5336	1
5337	2
5338	0
5339	1
5340	1
5341	0
5342	0
5343	2
5344	0
5345	1
5346	0
5347	1
5348	1
5349	1
5350	0
5351	0
5352	0
5353	0
5354	0
5355	0
5356	0
5357	1
5358	0
5359	0
5360	0
5361	0
5362	0
5363	0
5364	0
5365	0
5366	0
5367	0
5368	0
5369	0
5370	1
5371	0
5372	0
5373	0
5374	0
5375	0
5376	0
5377	0
5378	0
5379	1
5380	1
5381	0
5382	1
5383	1
5384	0
5385	0
5386	1
5387	1
5388	1
5389	0
5390	0
5391	0
5392	1
5393	0
5394	0
5395	1
5396	1
5397	0
5398	1
5399	1
5400	2
5401	0
5402	0
5403	2
5404	0
5405	0
5406	0
5407	0
5408	1
5409	1
5410	1
5411	1
5412	1
5413	0
5414	0
5415	0
5416	0
5417	2
5418	1
5419	0
5420	1
5421	0
5422	1
5423	0
5424	0
5425	0
5426	1
5427	1
5428	0
5429	0
5430	2
5431	0
5432	1
5433	0
5434	0
5435	1
5436	1
5437	0
5438	1
5439	0
5440	1
5441	1
5442	3
5443	1
5444	1
5445	0
5446	0
5447	0
5448	0
5449	2
5450	0
5451	0
5452	2
5453	2
5454	1
5455	2
5456	0
5457	0
5458	0
5459	0
5460	3
5461	0
5462	0
5463	0
5464	1
5465	0
5466	1
5467	0
5468	0
5469	1
5470	1
5471	2
5472	1
5473	0
5474	1
5475	0
5476	1
5477	0
5478	0
5479	2
5480	0
5481	1
5482	0
5483	0
5484	1
5485	2
5486	1
5487	0
5488	1
5489	0
5490	1
5491	1
5492	0
5493	0
5494	0
5495	1
5496	0
5497	0
5498	0
5499	0
5500	0
5501	1
5502	1
5503	0
5504	0
5505	0
5506	3
5507	0
5508	0
5509	0
5510	0
5511	0
5512	0
5513	2
5514	0
5515	0
5516	0
5517	0
5518	1
5519	1
5520	0
5521	2
5522	2
5523	0
5524	0
5525	0
5526	0
5527	1
5528	1
5529	0
5530	1
5531	0
5532	0
5533	1
5534	2
5535	0
5536	3
5537	1
5538	1
5539	0
5540	0
5541	0
5542	0
5543	1
5544	1
5545	0
5546	1
5547	3
5548	0
5549	1
5550	1
5551	0
5552	2
5553	0
5554	0
5555	1
5556	0
5557	0
5558	1
5559	1
5560	0
5561	1
5562	1
5563	1
5564	0
5565	0
5566	0
5567	4
5568	0
5569	0
5570	0
5571	0
5572	1
5573	0
5574	1
5575	1
5576	1
5577	0
5578	0
5579	1
5580	0
5581	0
5582	1
5583	0
5584	0
5585	0
5586	1
5587	1
5588	0
5589	1
5590	0
5591	0
5592	1
5593	0
5594	1
5595	1
5596	1
5597	1
5598	0
5599	3
5600	0
5601	0
5602	1
5603	0
5604	3
5605	0
5606	0
5607	0
5608	1
5609	0
5610	1
5611	0
5612	1
5613	1
5614	1
5615	2
5616	0
5617	0
5618	0
5619	0
5620	0
5621	0
5622	1
5623	0
5624	1
5625	1
5626	1
5627	1
5628	1
5629	1
5630	1
5631	2
5632	0
5633	1
5634	1
5635	0
5636	1
5637	1
5638	0
5639	1
5640	1
5641	1
5642	0
5643	2
5644	2
5645	0
5646	1
5647	0
5648	0
5649	0
5650	1
5651	0
5652	3
5653	0
5654	1
5655	0
5656	0
5657	1
5658	0
5659	2
5660	1
5661	0
5662	1
5663	1
5664	2
5665	1
5666	1
5667	0
5668	0
5669	0
5670	1
5671	1
5672	1
5673	1
5674	0
5675	0
5676	1
5677	0
5678	0
5679	0
5680	0
5681	1
5682	0
5683	1
5684	1
5685	3
5686	2
5687	0
5688	1
5689	0
5690	0
5691	2
5692	0
5693	0
5694	0
5695	1
5696	1
5697	0
5698	0
5699	2
5700	0
5701	0
5702	1
5703	0
5704	2
5705	1
5706	2
5707	1
5708	1
5709	0
5710	0
5711	1
5712	0
5713	0
5714	0
5715	2
5716	0
5717	0
5718	2
5719	1
5720	0
5721	1
5722	1
5723	1
5724	0
5725	0
5726	0
5727	1
5728	1
5729	1
5730	1
5731	1
5732	1
5733	1
5734	2
5735	0
5736	0
5737	0
5738	0
5739	0
5740	0
5741	0
5742	0
5743	1
5744	1
5745	0
5746	0
5747	0
5748	0
5749	0
5750	1
5751	0
5752	0
5753	0
5754	2
5755	0
5756	0
5757	0
5758	0
5759	1
5760	1
5761	1
5762	2
5763	0
5764	0
5765	1
5766	1
5767	1
5768	1
5769	1
5770	0
5771	0
5772	1
5773	0
5774	2
5775	0
5776	1
5777	2
5778	0
5779	0
5780	1
5781	0
5782	0
5783	2
5784	1
5785	0
5786	1
5787	0
5788	0
5789	3
5790	0
5791	1
5792	0
5793	0
5794	1
5795	0
5796	0
5797	0
5798	1
5799	1
5800	1
5801	3
5802	0
5803	0
5804	1
5805	1
5806	0
5807	0
5808	1
5809	0
5810	0
5811	0
5812	3
5813	0
5814	0
5815	0
5816	1
5817	2
5818	1
5819	0
5820	1
5821	1
5822	1
5823	1
5824	0
5825	2
5826	2
5827	1
5828	1
5829	0
5830	0
5831	0
5832	1
5833	0
5834	2
5835	0
5836	1
5837	1
5838	0
5839	0
5840	2
5841	1
5842	0
5843	0
5844	1
5845	0
5846	0
5847	0
5848	1
5849	1
5850	0
5851	1
5852	0
5853	4
5854	1
5855	2
5856	0
5857	0
5858	0
5859	0
5860	0
5861	0
5862	0
5863	4
5864	1
5865	0
5866	1
5867	2
5868	0
5869	1
5870	1
5871	1
5872	1
5873	1
5874	1
5875	1
5876	0
5877	1
5878	0
5879	1
5880	0
5881	0
5882	1
5883	0
5884	1
5885	1
5886	1
5887	0
5888	0
5889	1
5890	0
5891	0
5892	2
5893	1
5894	0
5895	0
5896	1
5897	0
5898	0
5899	0
5900	1
5901	0
5902	0
5903	2
5904	0
5905	0
5906	1
5907	0
5908	2
5909	2
5910	0
5911	0
5912	1
5913	1
5914	1
5915	0
5916	0
5917	1
5918	1
5919	0
5920	0
5921	0
5922	1
5923	0
5924	2
5925	1
5926	1
5927	1
5928	1
5929	5
5930	1
5931	1
5932	0
5933	0
5934	0
5935	0
5936	0
5937	0
5938	0
5939	0
5940	0
5941	0
5942	1
5943	1
5944	0
5945	0
5946	1
5947	0
5948	0
5949	1
5950	0
5951	0
5952	1
5953	0
5954	2
5955	0
5956	1
5957	1
5958	1
5959	1
5960	1
5961	4
5962	0
5963	0
5964	1
5965	1
5966	0
5967	1
5968	0
5969	0
5970	1
5971	0
5972	0
5973	0
5974	0
5975	0
5976	1
5977	1
5978	0
5979	0
5980	1
5981	1
5982	1
5983	2
5984	0
5985	2
5986	0
5987	1
5988	0
5989	0
5990	1
5991	3
5992	1
5993	0
5994	0
5995	0
5996	0
5997	0
5998	0
5999	0
6000	0
6001	0
6002	0
6003	1
6004	1
6005	0
6006	1
6007	0
6008	1
6009	0
6010	0
6011	2
6012	1
6013	0
6014	0
6015	0
6016	0
6017	2
6018	0
6019	0
6020	0
6021	0
6022	0
6023	1
6024	2
6025	0
6026	1
6027	1
6028	2
6029	0
6030	0
6031	0
6032	0
6033	1
6034	1
6035	1
6036	1
6037	0
6038	1
6039	1
6040	1
6041	0
6042	2
6043	1
6044	0
6045	0
6046	2
6047	1
6048	0
6049	0
6050	1
6051	1
6052	0
6053	0
6054	0
6055	0
6056	0
6057	0
6058	1
6059	1
6060	0
6061	1
6062	0
6063	1
6064	1
6065	1
6066	1
6067	0
6068	0
6069	1
6070	0
6071	0
6072	0
6073	1
6074	1
6075	1
6076	0
6077	0
6078	1
6079	0
6080	1
6081	0
6082	1
6083	1
6084	1
6085	1
6086	0
6087	0
6088	0
6089	0
6090	0
6091	2
6092	1
6093	0
6094	0
6095	1
6096	1
6097	2
6098	0
6099	0
6100	0
6101	0
6102	1
6103	0
6104	0
6105	1
6106	1
6107	0
6108	0
6109	0
6110	0
6111	0
6112	1
6113	0
6114	1
6115	0
6116	0
6117	0
6118	0
6119	0
6120	1
6121	0
6122	0
6123	2
6124	1
6125	1
6126	1
6127	0
6128	0
6129	0
6130	0
6131	1
6132	0
6133	1
6134	0
6135	2
6136	0
6137	0
6138	0
6139	0
6140	0
6141	2
6142	0
6143	0
6144	1
6145	0
6146	1
6147	0
6148	0
6149	1
6150	2
6151	1
6152	1
6153	1
6154	0
6155	0
6156	0
6157	0
6158	0
6159	2
6160	1
6161	0
6162	0
6163	0
6164	0
6165	2
6166	0
6167	1
6168	1
6169	0
6170	1
6171	1
6172	0
6173	1
6174	0
6175	0
6176	1
6177	2
6178	1
6179	0
6180	0
6181	0
6182	2
6183	0
6184	0
6185	0
6186	0
6187	1
6188	0
6189	2
6190	0
6191	0
6192	0
6193	1
6194	0
6195	1
6196	0
6197	0
6198	2
6199	1
6200	1
6201	0
6202	0
6203	1
6204	0
6205	1
6206	1
6207	1
6208	1
6209	1
6210	0
6211	0
6212	1
6213	0
6214	0
6215	0
6216	1
6217	0
6218	0
6219	0
6220	0
6221	1
6222	1
6223	1
6224	0
6225	0
6226	0
6227	0
6228	1
6229	0
6230	3
6231	0
6232	0
6233	0
6234	2
6235	0
6236	2
6237	1
6238	0
6239	0
6240	1
6241	0
6242	0
6243	1
6244	0
6245	1
6246	1
6247	2
6248	0
6249	0
6250	0
6251	0
6252	0
6253	1
6254	0
6255	0
6256	0
6257	1
6258	0
6259	1
6260	0
6261	0
6262	0
6263	0
6264	0
6265	2
6266	0
6267	0
6268	1
6269	0
6270	0
6271	0
6272	1
6273	0
6274	0
6275	2
6276	0
6277	0
6278	2
6279	0
6280	1
6281	0
6282	1
6283	0
6284	1
6285	1
6286	0
6287	1
6288	0
6289	0
6290	1
6291	0
6292	0
6293	0
6294	1
6295	1
6296	1
6297	0
6298	0
6299	1
6300	1
6301	0
6302	1
6303	1
6304	2
6305	0
6306	3
6307	0
6308	0
6309	1
6310	0
6311	0
6312	0
6313	1
6314	1
6315	1
6316	0
6317	1
6318	0
6319	1
6320	0
6321	0
6322	0
6323	0
6324	1
6325	1
6326	1
6327	1
6328	0
6329	0
6330	0
6331	1
6332	0
6333	1
6334	1
6335	0
6336	1
6337	0
6338	0
6339	0
6340	1
6341	0
6342	1
6343	0
6344	0
6345	0
6346	1
6347	0
6348	0
6349	0
6350	0
6351	2
6352	2
6353	0
6354	1
6355	0
6356	3
6357	0
6358	2
6359	0
6360	0
6361	0
6362	0
6363	0
6364	1
6365	0
6366	0
6367	0
6368	0
6369	0
6370	0
6371	3
6372	2
6373	0
6374	0
6375	1
6376	0
6377	0
6378	0
6379	1
6380	0
6381	1
6382	1
6383	1
6384	0
6385	1
6386	0
6387	1
6388	1
6389	1
6390	0
6391	0
6392	1
6393	0
6394	0
6395	1
6396	0
6397	0
6398	0
6399	0
6400	1
6401	0
6402	0
6403	1
6404	0
6405	1
6406	1
6407	0
6408	3
6409	0
6410	0
6411	0
6412	0
6413	1
6414	0
6415	1
6416	1
6417	0
6418	2
6419	0
6420	3
6421	0
6422	0
6423	1
6424	2
6425	0
6426	0
6427	0
6428	1
6429	2
6430	0
6431	1
6432	1
6433	1
6434	0
6435	0
6436	0
6437	0
6438	1
6439	1
6440	1
6441	0
6442	0
6443	0
6444	1
6445	0
6446	0
6447	0
6448	0
6449	2
6450	1
6451	0
6452	0
6453	1
6454	1
6455	0
6456	0
6457	0
6458	0
6459	0
6460	0
6461	0
6462	0
6463	0
6464	0
6465	0
6466	0
6467	0
6468	0
6469	0
6470	0
6471	0
6472	0
6473	1
6474	0
6475	0
6476	1
6477	0
6478	0
6479	0
6480	2
6481	0
6482	1
6483	0
6484	0
6485	0
6486	1
6487	0
6488	1
6489	1
6490	1
6491	0
6492	0
6493	1
6494	0
6495	0
6496	0
6497	1
6498	0
6499	1
6500	2
6501	0
6502	1
6503	0
6504	0
6505	0
6506	0
6507	1
6508	0
6509	1
6510	0
6511	0
6512	0
6513	0
6514	3
6515	0
6516	2
6517	0
6518	0
6519	0
6520	0
6521	1
6522	0
6523	1
6524	0
6525	0
6526	0
6527	0
6528	2
6529	0
6530	2
6531	2
6532	0
6533	0
6534	0
6535	0
6536	1
6537	1
6538	0
6539	2
6540	2
6541	0
6542	0
6543	1
6544	0
6545	0
6546	1
6547	1
6548	0
6549	1
6550	1
6551	1
6552	0
6553	0
6554	0
6555	0
6556	1
6557	0
6558	0
6559	0
6560	0
6561	0
6562	1
6563	2
6564	0
6565	0
6566	0
6567	0
6568	0
6569	0
6570	1
6571	0
6572	0
6573	2
6574	1
6575	1
6576	0
6577	1
6578	1
6579	0
6580	0
6581	1
6582	0
6583	1
6584	0
6585	0
6586	0
6587	0
6588	2
6589	0
6590	0
6591	0
6592	0
6593	0
6594	1
6595	1
6596	0
6597	1
6598	0
6599	0
6600	3
6601	1
6602	1
6603	0
6604	0
6605	3
6606	0
6607	1
6608	0
6609	0
6610	2
6611	1
6612	0
6613	1
6614	0
6615	0
6616	2
6617	1
6618	1
6619	1
6620	0
6621	0
6622	1
6623	0
6624	0
6625	1
6626	0
6627	0
6628	0
6629	0
6630	0
6631	0
6632	0
6633	0
6634	1
6635	1
6636	0
6637	0
6638	0
6639	1
6640	1
6641	0
6642	0
6643	0
6644	0
6645	1
6646	0
6647	1
6648	1
6649	0
6650	1
6651	0
6652	1
6653	3
6654	0
6655	0
6656	0
6657	1
6658	0
6659	0
6660	0
6661	0
6662	0
6663	0
6664	0
6665	0
6666	0
6667	0
6668	0
6669	1
6670	1
6671	0
6672	0
6673	2
6674	0
6675	1
6676	0
6677	0
6678	0
6679	0
6680	1
6681	0
6682	0
6683	1
6684	1
6685	0
6686	3
6687	0
6688	1
6689	0
6690	3
6691	1
6692	0
6693	1
6694	1
6695	0
6696	0
6697	0
6698	0
6699	3
6700	0
6701	1
6702	1
6703	1
6704	0
6705	0
6706	0
6707	0
6708	0
6709	1
6710	0
6711	0
6712	0
6713	0
6714	1
6715	1
6716	1
6717	1
6718	1
6719	0
6720	1
6721	0
6722	0
6723	0
6724	0
6725	0
6726	1
6727	1
6728	0
6729	0
6730	3
6731	0
6732	1
6733	0
6734	2
6735	1
6736	2
6737	1
6738	1
6739	0
6740	1
6741	0
6742	0
6743	1
6744	0
6745	0
6746	0
6747	1
6748	0
6749	1
6750	1
6751	1
6752	1
6753	0
6754	2
6755	0
6756	0
6757	1
6758	0
6759	0
6760	1
6761	2
6762	1
6763	0
6764	0
6765	0
6766	1
6767	0
6768	1
6769	0
6770	0
6771	0
6772	1
6773	0
6774	0
6775	0
6776	0
6777	0
6778	0
6779	1
6780	0
6781	0
6782	0
6783	0
6784	1
6785	1
6786	4
6787	0
6788	1
6789	0
6790	0
6791	0
6792	0
6793	0
6794	1
6795	0
6796	1
6797	0
6798	0
6799	0
6800	2
6801	1
6802	0
6803	0
6804	1
6805	1
6806	1
6807	1
6808	2
6809	1
6810	1
6811	0
6812	1
6813	2
6814	0
6815	1
6816	1
6817	2
6818	1
6819	0
6820	1
6821	0
6822	2
6823	1
6824	0
6825	0
6826	1
6827	0
6828	0
6829	0
6830	1
6831	0
6832	0
6833	0
6834	0
6835	1
6836	0
6837	1
6838	0
6839	0
6840	1
6841	0
6842	0
6843	0
6844	0
6845	0
6846	0
6847	0
6848	1
6849	1
6850	1
6851	0
6852	0
6853	0
6854	0
6855	1
6856	2
6857	0
6858	0
6859	0
6860	1
6861	1
6862	1
6863	0
6864	1
6865	0
6866	1
6867	2
6868	1
6869	0
6870	1
6871	2
6872	1
6873	0
6874	0
6875	0
6876	0
6877	0
6878	2
6879	1
6880	0
6881	0
6882	1
6883	3
6884	1
6885	0
6886	0
6887	0
6888	0
6889	0
6890	0
6891	0
6892	0
6893	1
6894	0
6895	0
6896	0
6897	0
6898	1
6899	0
6900	1
6901	0
6902	1
6903	0
6904	0
6905	0
6906	1
6907	1
6908	0
6909	0
6910	1
6911	1
6912	0
6913	1
6914	0
6915	0
6916	0
6917	0
6918	0
6919	0
6920	2
6921	1
6922	0
6923	0
6924	0
6925	0
6926	1
6927	0
6928	2
6929	2
6930	0
6931	0
6932	0
6933	2
6934	1
6935	0
6936	1
6937	1
6938	0
6939	1
6940	0
6941	1
6942	0
6943	1
6944	0
6945	0
6946	0
6947	0
6948	1
6949	2
6950	2
6951	0
6952	0
6953	0
6954	2
6955	0
6956	1
6957	0
6958	0
6959	0
6960	0
6961	0
6962	1
6963	0
6964	0
6965	0
6966	0
6967	0
6968	1
6969	0
6970	0
6971	1
6972	2
6973	0
6974	0
6975	1
6976	0
6977	0
6978	0
6979	0
6980	0
6981	1
6982	0
6983	1
6984	0
6985	2
6986	0
6987	0
6988	2
6989	1
6990	0
6991	0
6992	0
6993	0
6994	0
6995	0
6996	0
6997	0
6998	2
6999	0
7000	0
7001	0
7002	1
7003	0
7004	0
7005	0
7006	1
7007	1
7008	2
7009	2
7010	0
7011	1
7012	2
7013	0
7014	0
7015	0
7016	2
7017	0
7018	0
7019	0
7020	0
7021	0
7022	0
7023	0
7024	0
7025	0
7026	1
7027	0
7028	0
7029	0
7030	1
7031	0
7032	0
7033	0
7034	1
7035	0
7036	3
7037	0
7038	0
7039	2
7040	1
7041	1
7042	1
7043	0
7044	1
7045	1
7046	0
7047	0
7048	0
7049	0
7050	0
7051	0
7052	1
7053	0
7054	3
7055	1
7056	1
7057	0
7058	0
7059	0
7060	1
7061	1
7062	0
7063	1
7064	0
7065	3
7066	1
7067	1
7068	0
7069	0
7070	1
7071	0
7072	1
7073	1
7074	0
7075	0
7076	0
7077	0
7078	1
7079	1
7080	1
7081	2
7082	1
7083	0
7084	1
7085	1
7086	0
7087	1
7088	1
7089	2
7090	1
7091	0
7092	0
7093	0
7094	1
7095	2
7096	1
7097	1
7098	0
7099	0
7100	1
7101	1
7102	0
7103	0
7104	0
7105	1
7106	0
7107	0
7108	0
7109	1
7110	1
7111	0
7112	0
7113	0
7114	0
7115	1
7116	3
7117	0
7118	0
7119	0
7120	0
7121	0
7122	4
7123	0
7124	0
7125	0
7126	0
7127	1
7128	0
7129	0
7130	1
7131	0
7132	0
7133	1
7134	1
7135	0
7136	0
7137	0
7138	0
7139	0
7140	2
7141	0
7142	0
7143	1
7144	2
7145	0
7146	1
7147	0
7148	1
7149	0
7150	0
7151	0
7152	1
7153	0
7154	1
7155	1
7156	1
7157	0
7158	0
7159	0
7160	0
7161	0
7162	1
7163	0
7164	1
7165	0
7166	0
7167	0
7168	2
7169	0
7170	0
7171	0
7172	1
7173	0
7174	1
7175	1
7176	1
7177	0
7178	0
7179	1
7180	1
7181	0
7182	3
7183	0
7184	1
7185	0
7186	0
7187	0
7188	1
7189	3
7190	1
7191	1
7192	0
7193	1
7194	0
7195	1
7196	1
7197	0
7198	0
7199	1
7200	0
7201	0
7202	0
7203	0
7204	0
7205	0
7206	0
7207	1
7208	0
7209	0
7210	1
7211	1
7212	0
7213	0
7214	2
7215	0
7216	0
7217	1
7218	1
7219	0
7220	1
7221	1
7222	1
7223	1
7224	1
7225	0
7226	2
7227	2
7228	1
7229	0
7230	0
7231	1
7232	1
7233	0
7234	2
7235	2
7236	0
7237	1
7238	1
7239	0
7240	1
7241	0
7242	1
7243	0
7244	0
7245	0
7246	0
7247	2
7248	1
7249	1
7250	1
7251	1
7252	0
7253	0
7254	1
7255	0
7256	0
7257	0
7258	0
7259	0
7260	0
7261	1
7262	0
7263	0
7264	0
7265	0
7266	0
7267	0
7268	1
7269	0
7270	3
7271	0
7272	0
7273	1
7274	0
7275	0
7276	1
7277	0
7278	2
7279	0
7280	0
7281	0
7282	0
7283	0
7284	1
7285	0
7286	1
7287	1
7288	1
7289	1
7290	0
7291	0
7292	0
7293	0
7294	0
7295	1
7296	0
7297	0
7298	0
7299	0
7300	0
7301	0
7302	0
7303	0
7304	1
7305	2
7306	1
7307	0
7308	1
7309	1
7310	2
7311	0
7312	1
7313	0
7314	0
7315	0
7316	0
7317	0
7318	1
7319	1
7320	2
7321	0
7322	0
7323	1
7324	0
7325	0
7326	1
7327	0
7328	1
7329	1
7330	0
7331	1
7332	0
7333	0
7334	0
7335	0
7336	0
7337	0
7338	0
7339	0
7340	0
7341	1
7342	0
7343	0
7344	1
7345	0
7346	0
7347	0
7348	0
7349	1
7350	1
7351	1
7352	0
7353	0
7354	0
7355	0
7356	0
7357	0
7358	0
7359	1
7360	0
7361	0
7362	1
7363	0
7364	1
7365	0
7366	0
7367	0
7368	0
7369	0
7370	0
7371	0
7372	0
7373	0
7374	0
7375	0
7376	1
7377	0
7378	0
7379	0
7380	1
7381	0
7382	0
7383	0
7384	0
7385	0
7386	1
7387	0
7388	2
7389	1
7390	0
7391	1
7392	1
7393	1
7394	0
7395	0
7396	0
7397	0
7398	0
7399	0
7400	0
7401	1
7402	0
7403	1
7404	1
7405	0
7406	0
7407	0
7408	0
7409	0
7410	0
7411	0
7412	0
7413	2
7414	0
7415	0
7416	0
7417	0
7418	0
7419	0
7420	1
7421	0
7422	0
7423	0
7424	1
7425	0
7426	0
7427	0
7428	1
7429	0
7430	0
7431	1
7432	2
7433	0
7434	0
7435	2
7436	0
7437	0
7438	0
7439	0
7440	0
7441	1
7442	0
7443	0
7444	2
7445	0
7446	0
7447	1
7448	0
7449	0
7450	0
7451	1
7452	1
7453	1
7454	0
7455	0
7456	0
7457	0
7458	1
7459	2
7460	0
7461	0
7462	0
7463	0
7464	1
7465	1
7466	0
7467	2
7468	1
7469	0
7470	1
7471	0
7472	0
7473	1
7474	0
7475	0
7476	1
7477	0
7478	0
7479	0
7480	0
7481	1
7482	1
7483	0
7484	0
7485	0
7486	0
7487	0
7488	0
7489	0
7490	0
7491	2
7492	0
7493	0
7494	0
7495	0
7496	0
7497	1
7498	1
7499	0
7500	0
7501	0
7502	1
7503	1
7504	0
7505	0
7506	0
7507	1
7508	0
7509	1
7510	2
7511	0
7512	0
7513	0
7514	0
7515	1
7516	0
7517	2
7518	0
7519	0
7520	0
7521	1
7522	0
7523	1
7524	0
7525	0
7526	2
7527	0
7528	0
7529	1
7530	0
7531	0
7532	0
7533	0
7534	0
7535	0
7536	0
7537	0
7538	0
7539	0
7540	0
7541	0
7542	1
7543	0
7544	1
7545	0
7546	0
7547	0
7548	0
7549	0
7550	0
7551	0
7552	1
7553	0
7554	1
7555	0
7556	0
7557	0
7558	0
7559	0
7560	0
7561	0
7562	0
7563	0
7564	0
7565	0
7566	1
7567	1
7568	0
7569	0
7570	0
7571	0
7572	0
7573	0
7574	0
7575	1
7576	0
7577	0
7578	1
7579	0
7580	0
7581	1
7582	1
7583	0
7584	0
7585	0
7586	0
7587	0
7588	0
7589	0
7590	0
7591	1
7592	0
7593	0
7594	0
7595	0
7596	0
7597	0
7598	0
7599	0
7600	0
7601	1
7602	0
7603	1
7604	1
7605	0
7606	1
7607	0
7608	1
7609	0
7610	0
7611	0
7612	0
7613	0
7614	0
7615	1
7616	0
7617	0
7618	0
7619	0
7620	0
7621	0
7622	0
7623	0
7624	0
7625	0
7626	0
7627	1
7628	0
7629	1
7630	0
7631	0
7632	2
7633	0
7634	0
7635	0
7636	0
7637	0
7638	0
7639	0
7640	0
7641	0
7642	0
7643	1
7644	0
7645	0
7646	0
7647	0
7648	0
7649	0
7650	0
7651	0
7652	0
7653	0
7654	0
7655	0
7656	0
7657	1
7658	0
7659	0
7660	0
7661	0
7662	0
7663	0
7664	0
7665	0
7666	1
7667	0
7668	0
7669	0
7670	0
7671	1
7672	0
7673	0
7674	0
7675	1
7676	0
7677	0
7678	0
7679	0
7680	0
7681	0
7682	0
7683	1
7684	0
7685	0
7686	0
7687	0
7688	0
7689	0
7690	0
7691	0
7692	0
7693	0
7694	0
7695	1
7696	0
7697	0
7698	0
7699	1
7700	0
7701	0
7702	0
7703	0
7704	0
7705	0
7706	0
7707	1
7708	0
7709	0
7710	0
7711	1
7712	0
7713	1
7714	0
7715	0
7716	0
7717	0
7718	0
7719	1
7720	0
7721	0
7722	0
7723	0
7724	0
7725	0
7726	0
7727	0
7728	0
7729	1
7730	2
7731	0
7732	0
7733	0
7734	2
7735	1
7736	0
7737	0
7738	0
7739	0
7740	0
7741	0
7742	1
7743	0
7744	1
7745	1
7746	0
7747	0
7748	0
7749	0
7750	0
7751	1
7752	0
7753	0
7754	0
7755	0
7756	0
7757	1
7758	0
7759	1
7760	0
7761	1
7762	0
7763	1
7764	0
7765	1
7766	1
7767	0
7768	0
7769	1
7770	1
7771	0
7772	0
7773	0
7774	0
7775	0
7776	0
7777	0
7778	0
7779	1
7780	1
7781	0
7782	0
7783	0
7784	0
7785	0
7786	1
7787	0
7788	1
7789	0
7790	0
7791	0
7792	0
7793	1
7794	0
7795	0
7796	0
7797	0
7798	0
7799	0
7800	0
7801	0
7802	1
7803	0
7804	0
7805	0
7806	1
7807	0
7808	2
7809	1
7810	0
7811	0
7812	0
7813	0
7814	0
7815	0
7816	0
7817	0
7818	1
7819	1
7820	0
7821	0
7822	1
7823	1
7824	1
7825	0
7826	0
7827	0
7828	1
7829	1
7830	0
7831	0
7832	0
7833	0
7834	0
7835	0
7836	1
7837	1
7838	0
7839	0
7840	0
7841	0
7842	0
7843	0
7844	1
7845	0
7846	0
7847	0
7848	0
7849	0
7850	1
7851	0
7852	0
7853	0
7854	1
7855	0
7856	1
7857	0
7858	1
7859	0
7860	2
7861	0
7862	0
7863	0
7864	1
7865	0
7866	0
7867	0
7868	1
7869	0
7870	0
7871	0
7872	0
7873	1
7874	0
7875	0
7876	0
7877	0
7878	0
7879	1
7880	0
7881	0
7882	1
7883	1
7884	1
7885	0
7886	0
7887	0
7888	1
7889	0
7890	0
7891	0
7892	0
7893	0
7894	1
7895	0
7896	0
7897	0
7898	0
7899	0
7900	1
7901	0
7902	0
7903	1
7904	1
7905	1
7906	0
7907	1
7908	0
7909	0
7910	0
7911	0
7912	0
7913	0
7914	0
7915	0
7916	0
7917	0
7918	0
7919	0
7920	0
7921	0
7922	0
7923	0
7924	0
7925	0
7926	0
7927	0
7928	0
7929	0
7930	0
7931	0
7932	0
7933	0
7934	0
7935	0
7936	0
7937	0
7938	0
7939	0
7940	0
7941	0
7942	0
7943	0
7944	0
7945	0
7946	0
7947	0
7948	0
7949	0
7950	0
7951	0
7952	0
7953	0
7954	0
7955	0
7956	0
7957	0
7958	0
7959	0
7960	0
7961	0
7962	0
7963	0
7964	0
7965	0
7966	0
7967	0
7968	0
7969	0
7970	0
7971	0
7972	0
7973	0
7974	0
7975	0
7976	0
7977	0
7978	0
7979	0
7980	0
7981	0
7982	0
7983	0
7984	0
7985	0
7986	0
7987	0
7988	0
7989	0
7990	0
7991	0
7992	0
7993	0
7994	0
7995	0
7996	0
7997	0
7998	0
7999	0
8000	0
8001	0
8002	0
8003	0
8004	0
8005	0
8006	0
8007	0
8008	0
8009	0
8010	0
8011	0
8012	0
8013	0
8014	0
8015	0
8016	0
8017	0
8018	0
8019	0
8020	0
8021	0
8022	0
8023	0
8024	0
8025	0
8026	0
8027	0
8028	0
8029	0
8030	0
8031	0
8032	0
8033	0
8034	0
8035	0
8036	0
8037	0
8038	0
8039	0
8040	0
8041	0
8042	0
8043	0
8044	0
8045	0
8046	0
8047	0
8048	0
8049	0
8050	0
8051	0
8052	0
8053	0
8054	0
8055	0
8056	0
8057	0
8058	0
8059	0
8060	0
8061	0
8062	0
8063	0
8064	0
8065	0
8066	0
8067	0
8068	0
8069	0
8070	0
8071	0
8072	0
8073	0
8074	0
8075	0
8076	0
8077	0
8078	0
8079	0
8080	0
8081	0
8082	0
8083	0
8084	0
8085	0
8086	0
8087	0
8088	0
8089	0
8090	0
8091	0
8092	0
8093	0
8094	0
8095	0
8096	0
8097	0
8098	0
8099	0
8100	0
8101	0
8102	0
8103	0
8104	0
8105	0
8106	0
8107	0
8108	0
8109	0
8110	0
8111	0
8112	0
8113	0
8114	0
8115	0
8116	0
8117	0
8118	0
8119	0
8120	0
8121	0
8122	0
8123	0
8124	0
8125	0
8126	0
8127	0
8128	0
8129	0
8130	0
8131	0
8132	0
8133	0
8134	0
8135	0
8136	0
8137	0
8138	0
8139	0
8140	0
8141	0
8142	0
8143	0
8144	0
8145	0
8146	0
8147	0
8148	0
8149	0
8150	0
8151	0
8152	0
8153	0
8154	0
8155	0
8156	0
8157	0
8158	0
8159	0
8160	0
8161	0
8162	0
8163	0
8164	0
8165	0
8166	0
8167	0
8168	0
8169	0
8170	0
8171	0
8172	0
8173	0
8174	0
8175	0
8176	0
8177	0
8178	0
8179	0
8180	0
8181	0
8182	0
8183	0
8184	0
8185	0
8186	0
8187	0
8188	0
8189	0
8190	0
8191	0
