0	0
1	0
2	0
3	0
4	0
5	0
6	0
7	0
8	0
9	0
10	0
11	0
12	0
13	0
14	0
15	0
16	0
17	0
18	0
19	0
20	0
21	0
22	0
23	0
24	0
25	0
26	0
27	0
28	0
29	0
30	0
31	0
32	0
33	0
34	0
35	0
36	0
37	0
38	0
39	0
40	0
41	0
42	0
43	0
44	0
45	0
46	0
47	0
48	0
49	0
50	0
51	0
52	0
53	0
54	0
55	0
56	0
57	0
58	0
59	0
60	0
61	0
62	0
63	0
64	0
65	0
66	0
67	0
68	0
69	0
70	0
71	0
72	0
73	0
74	0
75	0
76	0
77	0
78	0
79	0
80	0
81	0
82	1
83	8
84	15
85	22
86	25
87	27
88	24
89	22
90	18
91	30
92	26
93	21
94	29
95	27
96	15
97	15
98	16
99	28
100	25
101	25
102	25
103	16
104	19
105	19
106	30
107	28
108	27
109	28
110	20
111	27
112	21
113	24
114	24
115	27
116	21
117	26
118	18
119	16
120	18
121	23
122	19
123	28
124	27
125	31
126	27
127	19
128	25
129	16
130	21
131	33
132	16
133	33
134	23
135	22
136	16
137	24
138	15
139	28
140	21
141	17
142	19
143	27
144	23
145	23
146	28
147	24
148	32
149	24
150	21
151	13
152	23
153	19
154	21
155	27
156	18
157	24
158	18
159	25
160	32
161	29
162	23
163	14
164	21
165	23
166	26
167	35
168	17
169	18
170	21
171	26
172	21
173	23
174	17
175	15
176	24
177	20
178	20
179	22
180	25
181	15
182	22
183	27
184	35
185	27
186	21
187	20
188	23
189	23
190	27
191	23
192	22
193	21
194	15
195	23
196	21
197	29
198	28
199	26
200	31
201	19
202	23
203	30
204	32
205	27
206	21
207	20
208	21
209	26
210	18
211	19
212	26
213	24
214	22
215	29
216	27
217	29
218	29
219	23
220	29
221	26
222	27
223	25
224	23
225	19
226	27
227	19
228	23
229	18
230	26
231	24
232	29
233	21
234	19
235	24
236	25
237	27
238	24
239	23
240	25
241	34
242	30
243	34
244	18
245	32
246	21
247	30
248	21
249	22
250	26
251	25
252	25
253	18
254	37
255	33
256	16
257	24
258	41
259	24
260	24
261	25
262	32
263	22
264	36
265	14
266	22
267	23
268	30
269	33
270	27
271	18
272	25
273	30
274	34
275	31
276	28
277	25
278	24
279	16
280	33
281	23
282	27
283	17
284	22
285	26
286	22
287	26
288	32
289	26
290	29
291	21
292	22
293	31
294	28
295	29
296	38
297	29
298	27
299	28
300	23
301	26
302	26
303	32
304	29
305	25
306	20
307	32
308	24
309	18
310	20
311	27
312	27
313	20
314	24
315	25
316	30
317	22
318	21
319	25
320	36
321	26
322	28
323	24
324	33
325	23
326	23
327	26
328	36
329	27
330	23
331	31
332	22
333	22
334	24
335	20
336	24
337	31
338	25
339	17
340	33
341	30
342	27
343	25
344	38
345	27
346	28
347	25
348	33
349	20
350	22
351	21
352	30
353	27
354	30
355	20
356	27
357	28
358	21
359	21
360	20
361	29
362	27
363	32
364	42
365	26
366	37
367	21
368	31
369	37
370	23
371	29
372	29
373	24
374	32
375	21
376	21
377	29
378	31
379	28
380	26
381	27
382	34
383	21
384	31
385	32
386	20
387	23
388	21
389	21
390	31
391	20
392	31
393	36
394	19
395	25
396	25
397	23
398	31
399	21
400	22
401	31
402	21
403	21
404	30
405	33
406	37
407	32
408	31
409	39
410	30
411	27
412	25
413	27
414	19
415	24
416	28
417	20
418	33
419	31
420	28
421	37
422	24
423	39
424	24
425	30
426	19
427	24
428	35
429	25
430	38
431	37
432	33
433	28
434	29
435	27
436	31
437	34
438	27
439	31
440	26
441	40
442	26
443	28
444	39
445	31
446	25
447	31
448	33
449	23
450	28
451	28
452	33
453	31
454	35
455	31
456	26
457	33
458	28
459	35
460	41
461	38
462	31
463	29
464	31
465	27
466	39
467	35
468	42
469	36
470	33
471	41
472	27
473	43
474	38
475	38
476	27
477	43
478	32
479	38
480	33
481	31
482	36
483	32
484	39
485	33
486	24
487	38
488	48
489	45
490	41
491	41
492	32
493	43
494	51
495	40
496	40
497	42
498	59
499	48
500	49
501	41
502	37
503	43
504	47
505	43
506	48
507	45
508	48
509	47
510	46
511	35
512	59
513	35
514	46
515	39
516	50
517	32
518	46
519	51
520	55
521	52
522	41
523	54
524	47
525	40
526	40
527	51
528	31
529	42
530	37
531	40
532	34
533	52
534	46
535	41
536	46
537	50
538	39
539	39
540	31
541	38
542	39
543	37
544	48
545	37
546	42
547	47
548	42
549	28
550	37
551	38
552	42
553	37
554	38
555	46
556	42
557	35
558	46
559	38
560	44
561	35
562	34
563	40
564	39
565	35
566	42
567	27
568	33
569	41
570	34
571	36
572	27
573	35
574	36
575	36
576	44
577	27
578	32
579	40
580	36
581	25
582	32
583	45
584	22
585	33
586	34
587	37
588	30
589	33
590	36
591	28
592	40
593	39
594	50
595	37
596	44
597	33
598	41
599	31
600	41
601	36
602	24
603	33
604	34
605	35
606	46
607	35
608	36
609	39
610	26
611	30
612	29
613	39
614	40
615	37
616	35
617	46
618	44
619	42
620	36
621	31
622	35
623	40
624	31
625	27
626	27
627	32
628	39
629	38
630	32
631	23
632	43
633	30
634	31
635	33
636	35
637	33
638	38
639	29
640	38
641	41
642	40
643	28
644	40
645	24
646	36
647	32
648	32
649	36
650	34
651	33
652	37
653	24
654	35
655	25
656	35
657	32
658	33
659	33
660	47
661	43
662	34
663	38
664	34
665	26
666	36
667	31
668	36
669	36
670	30
671	41
672	29
673	29
674	42
675	46
676	22
677	44
678	38
679	34
680	30
681	23
682	36
683	40
684	51
685	29
686	31
687	26
688	40
689	39
690	41
691	32
692	39
693	32
694	35
695	43
696	31
697	38
698	35
699	37
700	34
701	36
702	42
703	44
704	33
705	35
706	43
707	37
708	35
709	31
710	41
711	31
712	34
713	27
714	47
715	29
716	31
717	32
718	39
719	29
720	36
721	34
722	44
723	32
724	34
725	21
726	44
727	39
728	38
729	49
730	40
731	34
732	32
733	31
734	39
735	36
736	35
737	36
738	38
739	36
740	41
741	38
742	35
743	43
744	36
745	42
746	42
747	32
748	37
749	39
750	42
751	44
752	48
753	38
754	30
755	35
756	38
757	43
758	41
759	34
760	39
761	35
762	43
763	34
764	33
765	35
766	51
767	41
768	37
769	48
770	38
771	30
772	45
773	37
774	41
775	39
776	50
777	41
778	40
779	46
780	40
781	42
782	43
783	45
784	37
785	46
786	29
787	43
788	36
789	39
790	31
791	44
792	44
793	51
794	42
795	39
796	38
797	47
798	38
799	50
800	48
801	36
802	49
803	40
804	37
805	46
806	43
807	47
808	39
809	47
810	44
811	35
812	38
813	46
814	51
815	49
816	52
817	38
818	44
819	43
820	49
821	40
822	40
823	38
824	34
825	46
826	39
827	49
828	45
829	51
830	40
831	59
832	32
833	45
834	35
835	43
836	40
837	50
838	36
839	41
840	40
841	35
842	43
843	35
844	38
845	49
846	43
847	46
848	43
849	30
850	41
851	41
852	40
853	41
854	42
855	36
856	53
857	33
858	37
859	47
860	43
861	39
862	41
863	53
864	51
865	35
866	51
867	44
868	39
869	54
870	57
871	42
872	26
873	46
874	57
875	56
876	51
877	48
878	49
879	47
880	44
881	47
882	42
883	50
884	46
885	46
886	45
887	57
888	46
889	50
890	44
891	54
892	43
893	44
894	35
895	50
896	48
897	60
898	49
899	52
900	42
901	45
902	39
903	44
904	53
905	38
906	59
907	50
908	45
909	42
910	48
911	39
912	46
913	38
914	48
915	47
916	47
917	46
918	55
919	48
920	56
921	45
922	56
923	40
924	37
925	38
926	36
927	49
928	58
929	46
930	55
931	42
932	38
933	47
934	43
935	53
936	50
937	43
938	45
939	45
940	51
941	52
942	61
943	56
944	53
945	31
946	52
947	64
948	51
949	45
950	46
951	50
952	53
953	35
954	48
955	46
956	54
957	46
958	46
959	47
960	42
961	50
962	39
963	57
964	52
965	51
966	60
967	45
968	51
969	49
970	58
971	52
972	58
973	41
974	48
975	48
976	50
977	46
978	43
979	38
980	41
981	49
982	42
983	57
984	51
985	44
986	38
987	46
988	39
989	43
990	55
991	46
992	54
993	42
994	51
995	63
996	52
997	41
998	45
999	42
1000	45
1001	33
1002	37
1003	55
1004	58
1005	49
1006	47
1007	42
1008	52
1009	43
1010	39
1011	43
1012	56
1013	44
1014	47
1015	39
1016	48
1017	63
1018	49
1019	39
1020	45
1021	43
1022	39
1023	40
1024	55
1025	34
1026	53
1027	45
1028	49
1029	42
1030	53
1031	58
1032	44
1033	44
1034	41
1035	51
1036	48
1037	46
1038	60
1039	53
1040	37
1041	52
1042	40
1043	48
1044	65
1045	42
1046	52
1047	47
1048	56
1049	55
1050	45
1051	54
1052	56
1053	57
1054	43
1055	46
1056	45
1057	42
1058	55
1059	49
1060	46
1061	61
1062	63
1063	48
1064	39
1065	58
1066	55
1067	50
1068	61
1069	48
1070	60
1071	56
1072	52
1073	44
1074	46
1075	47
1076	57
1077	45
1078	56
1079	50
1080	57
1081	44
1082	55
1083	50
1084	53
1085	57
1086	53
1087	46
1088	48
1089	46
1090	57
1091	43
1092	42
1093	42
1094	41
1095	58
1096	47
1097	49
1098	57
1099	54
1100	44
1101	67
1102	53
1103	52
1104	46
1105	54
1106	53
1107	54
1108	48
1109	53
1110	51
1111	42
1112	54
1113	56
1114	45
1115	53
1116	45
1117	48
1118	55
1119	59
1120	64
1121	54
1122	57
1123	51
1124	56
1125	39
1126	47
1127	73
1128	60
1129	71
1130	49
1131	57
1132	50
1133	46
1134	59
1135	52
1136	52
1137	46
1138	63
1139	47
1140	57
1141	38
1142	50
1143	43
1144	63
1145	51
1146	55
1147	69
1148	44
1149	62
1150	43
1151	61
1152	61
1153	50
1154	53
1155	50
1156	54
1157	62
1158	54
1159	65
1160	44
1161	43
1162	64
1163	54
1164	72
1165	56
1166	41
1167	57
1168	57
1169	49
1170	47
1171	55
1172	50
1173	60
1174	50
1175	44
1176	52
1177	55
1178	51
1179	59
1180	58
1181	43
1182	63
1183	53
1184	62
1185	49
1186	61
1187	51
1188	60
1189	49
1190	61
1191	60
1192	49
1193	56
1194	57
1195	50
1196	43
1197	64
1198	64
1199	50
1200	47
1201	50
1202	55
1203	59
1204	46
1205	52
1206	69
1207	45
1208	71
1209	48
1210	58
1211	63
1212	54
1213	63
1214	57
1215	57
1216	44
1217	49
1218	47
1219	60
1220	63
1221	53
1222	50
1223	59
1224	56
1225	58
1226	45
1227	51
1228	54
1229	53
1230	52
1231	66
1232	54
1233	50
1234	59
1235	64
1236	53
1237	56
1238	50
1239	60
1240	51
1241	52
1242	55
1243	56
1244	50
1245	63
1246	55
1247	53
1248	49
1249	45
1250	52
1251	60
1252	47
1253	61
1254	54
1255	62
1256	54
1257	57
1258	49
1259	63
1260	56
1261	51
1262	46
1263	54
1264	53
1265	57
1266	61
1267	61
1268	54
1269	58
1270	54
1271	42
1272	60
1273	64
1274	57
1275	55
1276	61
1277	54
1278	53
1279	61
1280	51
1281	58
1282	63
1283	53
1284	47
1285	53
1286	42
1287	63
1288	52
1289	64
1290	58
1291	61
1292	43
1293	47
1294	50
1295	45
1296	53
1297	61
1298	56
1299	52
1300	48
1301	49
1302	49
1303	60
1304	47
1305	55
1306	57
1307	55
1308	50
1309	66
1310	48
1311	47
1312	74
1313	46
1314	67
1315	65
1316	60
1317	48
1318	58
1319	47
1320	41
1321	69
1322	56
1323	65
1324	53
1325	52
1326	54
1327	61
1328	56
1329	54
1330	71
1331	54
1332	62
1333	54
1334	48
1335	57
1336	55
1337	44
1338	55
1339	44
1340	55
1341	48
1342	59
1343	59
1344	68
1345	55
1346	53
1347	55
1348	55
1349	56
1350	46
1351	45
1352	56
1353	54
1354	56
1355	48
1356	63
1357	44
1358	40
1359	66
1360	60
1361	56
1362	53
1363	58
1364	62
1365	60
1366	51
1367	54
1368	54
1369	57
1370	55
1371	75
1372	57
1373	51
1374	57
1375	53
1376	49
1377	51
1378	50
1379	51
1380	44
1381	54
1382	66
1383	59
1384	52
1385	60
1386	44
1387	61
1388	54
1389	47
1390	55
1391	61
1392	51
1393	63
1394	54
1395	54
1396	59
1397	52
1398	53
1399	48
1400	56
1401	59
1402	53
1403	60
1404	52
1405	67
1406	50
1407	51
1408	60
1409	51
1410	50
1411	70
1412	54
1413	49
1414	53
1415	76
1416	58
1417	69
1418	53
1419	56
1420	51
1421	61
1422	80
1423	59
1424	56
1425	55
1426	57
1427	50
1428	57
1429	70
1430	52
1431	72
1432	63
1433	79
1434	71
1435	51
1436	49
1437	72
1438	55
1439	48
1440	60
1441	73
1442	60
1443	62
1444	55
1445	52
1446	62
1447	63
1448	62
1449	45
1450	61
1451	69
1452	72
1453	60
1454	67
1455	69
1456	65
1457	63
1458	78
1459	78
1460	68
1461	53
1462	58
1463	59
1464	55
1465	67
1466	63
1467	64
1468	70
1469	55
1470	61
1471	62
1472	64
1473	62
1474	51
1475	72
1476	48
1477	62
1478	67
1479	87
1480	64
1481	79
1482	79
1483	77
1484	76
1485	85
1486	62
1487	76
1488	72
1489	46
1490	66
1491	68
1492	61
1493	84
1494	76
1495	57
1496	73
1497	68
1498	84
1499	74
1500	73
1501	79
1502	96
1503	74
1504	88
1505	71
1506	73
1507	83
1508	64
1509	89
1510	71
1511	93
1512	79
1513	79
1514	78
1515	82
1516	63
1517	62
1518	70
1519	79
1520	63
1521	83
1522	82
1523	64
1524	83
1525	74
1526	77
1527	81
1528	73
1529	76
1530	70
1531	68
1532	85
1533	71
1534	91
1535	77
1536	83
1537	83
1538	70
1539	68
1540	80
1541	63
1542	70
1543	71
1544	66
1545	88
1546	72
1547	61
1548	86
1549	82
1550	81
1551	83
1552	63
1553	78
1554	83
1555	87
1556	68
1557	67
1558	76
1559	72
1560	81
1561	81
1562	78
1563	75
1564	73
1565	58
1566	63
1567	74
1568	59
1569	84
1570	64
1571	76
1572	85
1573	68
1574	73
1575	68
1576	69
1577	71
1578	78
1579	59
1580	80
1581	63
1582	82
1583	80
1584	82
1585	84
1586	72
1587	64
1588	57
1589	92
1590	73
1591	84
1592	70
1593	77
1594	55
1595	72
1596	74
1597	60
1598	61
1599	61
1600	74
1601	67
1602	71
1603	63
1604	78
1605	54
1606	68
1607	72
1608	61
1609	67
1610	73
1611	54
1612	72
1613	76
1614	71
1615	71
1616	61
1617	54
1618	59
1619	58
1620	59
1621	79
1622	80
1623	83
1624	68
1625	62
1626	54
1627	60
1628	64
1629	63
1630	62
1631	50
1632	67
1633	61
1634	59
1635	63
1636	71
1637	57
1638	56
1639	54
1640	58
1641	58
1642	63
1643	58
1644	73
1645	74
1646	54
1647	44
1648	58
1649	39
1650	65
1651	73
1652	49
1653	57
1654	59
1655	66
1656	64
1657	55
1658	51
1659	63
1660	52
1661	64
1662	43
1663	53
1664	34
1665	61
1666	50
1667	68
1668	56
1669	55
1670	44
1671	49
1672	48
1673	64
1674	59
1675	66
1676	51
1677	54
1678	53
1679	51
1680	62
1681	47
1682	54
1683	65
1684	49
1685	40
1686	56
1687	44
1688	49
1689	51
1690	52
1691	59
1692	43
1693	56
1694	46
1695	74
1696	52
1697	46
1698	35
1699	48
1700	46
1701	57
1702	37
1703	49
1704	41
1705	52
1706	47
1707	45
1708	50
1709	45
1710	36
1711	41
1712	43
1713	48
1714	48
1715	55
1716	52
1717	58
1718	45
1719	39
1720	49
1721	43
1722	46
1723	45
1724	40
1725	57
1726	41
1727	35
1728	42
1729	52
1730	50
1731	56
1732	45
1733	36
1734	55
1735	41
1736	36
1737	55
1738	42
1739	46
1740	37
1741	47
1742	33
1743	40
1744	55
1745	38
1746	47
1747	42
1748	41
1749	46
1750	40
1751	34
1752	42
1753	55
1754	45
1755	53
1756	45
1757	45
1758	51
1759	30
1760	36
1761	31
1762	41
1763	36
1764	43
1765	34
1766	41
1767	48
1768	39
1769	41
1770	35
1771	35
1772	44
1773	46
1774	43
1775	41
1776	35
1777	42
1778	37
1779	27
1780	40
1781	32
1782	34
1783	41
1784	53
1785	37
1786	39
1787	42
1788	32
1789	44
1790	43
1791	42
1792	38
1793	34
1794	32
1795	44
1796	41
1797	35
1798	39
1799	27
1800	33
1801	44
1802	33
1803	43
1804	39
1805	41
1806	43
1807	43
1808	36
1809	42
1810	30
1811	30
1812	35
1813	29
1814	36
1815	41
1816	36
1817	36
1818	39
1819	46
1820	34
1821	43
1822	43
1823	39
1824	28
1825	44
1826	28
1827	34
1828	32
1829	23
1830	36
1831	26
1832	38
1833	45
1834	46
1835	39
1836	37
1837	35
1838	35
1839	57
1840	40
1841	22
1842	38
1843	31
1844	49
1845	40
1846	42
1847	35
1848	36
1849	40
1850	34
1851	36
1852	34
1853	37
1854	35
1855	49
1856	39
1857	43
1858	32
1859	38
1860	31
1861	46
1862	23
1863	49
1864	37
1865	34
1866	39
1867	36
1868	41
1869	42
1870	37
1871	39
1872	38
1873	32
1874	43
1875	34
1876	34
1877	31
1878	40
1879	42
1880	25
1881	32
1882	35
1883	29
1884	27
1885	29
1886	40
1887	34
1888	43
1889	35
1890	29
1891	31
1892	29
1893	31
1894	33
1895	34
1896	38
1897	31
1898	52
1899	36
1900	45
1901	45
1902	36
1903	39
1904	52
1905	37
1906	27
1907	42
1908	34
1909	38
1910	31
1911	40
1912	33
1913	41
1914	33
1915	42
1916	27
1917	40
1918	47
1919	36
1920	31
1921	40
1922	33
1923	38
1924	36
1925	37
1926	25
1927	33
1928	37
1929	44
1930	23
1931	33
1932	28
1933	30
1934	42
1935	34
1936	28
1937	38
1938	47
1939	39
1940	30
1941	34
1942	25
1943	42
1944	31
1945	26
1946	38
1947	38
1948	41
1949	38
1950	37
1951	31
1952	31
1953	33
1954	23
1955	33
1956	34
1957	36
1958	35
1959	28
1960	40
1961	39
1962	29
1963	42
1964	26
1965	33
1966	27
1967	40
1968	42
1969	27
1970	39
1971	28
1972	37
1973	36
1974	35
1975	24
1976	28
1977	30
1978	27
1979	27
1980	41
1981	20
1982	26
1983	43
1984	29
1985	32
1986	41
1987	31
1988	32
1989	42
1990	31
1991	32
1992	30
1993	25
1994	47
1995	32
1996	43
1997	22
1998	32
1999	38
2000	27
2001	33
2002	37
2003	37
2004	28
2005	39
2006	23
2007	34
2008	38
2009	27
2010	33
2011	25
2012	43
2013	25
2014	36
2015	49
2016	32
2017	22
2018	36
2019	34
2020	39
2021	22
2022	33
2023	36
2024	44
2025	33
2026	31
2027	32
2028	28
2029	32
2030	27
2031	36
2032	35
2033	31
2034	30
2035	25
2036	34
2037	41
2038	24
2039	43
2040	40
2041	45
2042	29
2043	25
2044	34
2045	33
2046	33
2047	41
2048	34
2049	27
2050	29
2051	30
2052	27
2053	22
2054	34
2055	34
2056	18
2057	28
2058	32
2059	29
2060	36
2061	28
2062	31
2063	28
2064	30
2065	30
2066	37
2067	37
2068	24
2069	32
2070	31
2071	30
2072	34
2073	36
2074	38
2075	27
2076	28
2077	35
2078	32
2079	23
2080	40
2081	38
2082	27
2083	34
2084	30
2085	28
2086	21
2087	33
2088	37
2089	32
2090	29
2091	34
2092	33
2093	32
2094	33
2095	31
2096	33
2097	28
2098	29
2099	33
2100	37
2101	31
2102	26
2103	29
2104	29
2105	35
2106	26
2107	42
2108	32
2109	35
2110	34
2111	33
2112	28
2113	40
2114	47
2115	38
2116	30
2117	29
2118	23
2119	40
2120	30
2121	30
2122	29
2123	35
2124	30
2125	23
2126	26
2127	34
2128	31
2129	37
2130	23
2131	26
2132	28
2133	34
2134	25
2135	29
2136	41
2137	33
2138	25
2139	38
2140	30
2141	26
2142	34
2143	48
2144	24
2145	34
2146	36
2147	32
2148	31
2149	25
2150	32
2151	32
2152	31
2153	28
2154	34
2155	32
2156	38
2157	39
2158	21
2159	27
2160	34
2161	39
2162	29
2163	33
2164	27
2165	19
2166	26
2167	28
2168	37
2169	36
2170	32
2171	27
2172	37
2173	30
2174	35
2175	38
2176	32
2177	35
2178	27
2179	27
2180	26
2181	38
2182	33
2183	23
2184	38
2185	37
2186	22
2187	42
2188	30
2189	31
2190	40
2191	21
2192	31
2193	37
2194	47
2195	33
2196	37
2197	28
2198	34
2199	29
2200	27
2201	37
2202	28
2203	33
2204	41
2205	33
2206	26
2207	25
2208	29
2209	39
2210	40
2211	26
2212	35
2213	35
2214	28
2215	32
2216	34
2217	25
2218	28
2219	22
2220	31
2221	27
2222	23
2223	25
2224	25
2225	32
2226	28
2227	31
2228	33
2229	23
2230	36
2231	24
2232	37
2233	21
2234	31
2235	27
2236	21
2237	33
2238	39
2239	31
2240	28
2241	31
2242	32
2243	39
2244	33
2245	31
2246	32
2247	26
2248	30
2249	37
2250	30
2251	30
2252	44
2253	28
2254	34
2255	26
2256	35
2257	23
2258	40
2259	39
2260	26
2261	29
2262	40
2263	25
2264	28
2265	30
2266	33
2267	35
2268	31
2269	39
2270	26
2271	34
2272	25
2273	28
2274	33
2275	43
2276	34
2277	30
2278	23
2279	41
2280	37
2281	22
2282	28
2283	32
2284	30
2285	33
2286	33
2287	30
2288	34
2289	29
2290	31
2291	43
2292	31
2293	30
2294	26
2295	34
2296	45
2297	35
2298	26
2299	27
2300	18
2301	25
2302	35
2303	32
2304	19
2305	32
2306	28
2307	37
2308	39
2309	28
2310	25
2311	37
2312	41
2313	26
2314	39
2315	29
2316	24
2317	39
2318	41
2319	32
2320	34
2321	21
2322	26
2323	35
2324	30
2325	30
2326	40
2327	31
2328	38
2329	27
2330	30
2331	38
2332	28
2333	30
2334	37
2335	33
2336	30
2337	30
2338	21
2339	36
2340	26
2341	22
2342	34
2343	35
2344	27
2345	36
2346	32
2347	33
2348	30
2349	36
2350	31
2351	31
2352	30
2353	43
2354	25
2355	24
2356	17
2357	29
2358	34
2359	21
2360	32
2361	25
2362	33
2363	24
2364	27
2365	34
2366	31
2367	27
2368	25
2369	38
2370	29
2371	30
2372	31
2373	25
2374	41
2375	33
2376	28
2377	24
2378	31
2379	23
2380	40
2381	24
2382	35
2383	33
2384	36
2385	35
2386	33
2387	24
2388	28
2389	41
2390	27
2391	25
2392	15
2393	25
2394	37
2395	26
2396	33
2397	31
2398	28
2399	47
2400	23
2401	25
2402	34
2403	30
2404	23
2405	32
2406	20
2407	18
2408	21
2409	33
2410	19
2411	29
2412	28
2413	26
2414	19
2415	21
2416	22
2417	28
2418	36
2419	27
2420	25
2421	37
2422	26
2423	33
2424	30
2425	29
2426	26
2427	32
2428	32
2429	28
2430	40
2431	30
2432	23
2433	31
2434	21
2435	23
2436	32
2437	22
2438	25
2439	27
2440	23
2441	36
2442	25
2443	29
2444	26
2445	28
2446	25
2447	27
2448	20
2449	30
2450	26
2451	29
2452	33
2453	17
2454	34
2455	19
2456	40
2457	36
2458	41
2459	36
2460	32
2461	22
2462	32
2463	29
2464	38
2465	37
2466	26
2467	25
2468	31
2469	29
2470	39
2471	34
2472	29
2473	28
2474	25
2475	27
2476	34
2477	24
2478	24
2479	25
2480	30
2481	41
2482	28
2483	37
2484	20
2485	25
2486	30
2487	34
2488	37
2489	29
2490	28
2491	24
2492	25
2493	25
2494	32
2495	24
2496	37
2497	34
2498	31
2499	30
2500	29
2501	26
2502	25
2503	30
2504	26
2505	27
2506	32
2507	22
2508	29
2509	31
2510	39
2511	36
2512	36
2513	40
2514	22
2515	43
2516	29
2517	22
2518	28
2519	32
2520	28
2521	34
2522	36
2523	25
2524	26
2525	27
2526	26
2527	34
2528	26
2529	22
2530	22
2531	39
2532	25
2533	25
2534	33
2535	21
2536	28
2537	24
2538	23
2539	36
2540	28
2541	18
2542	25
2543	29
2544	39
2545	33
2546	26
2547	29
2548	33
2549	25
2550	22
2551	22
2552	24
2553	35
2554	30
2555	36
2556	24
2557	23
2558	22
2559	32
2560	27
2561	29
2562	26
2563	43
2564	29
2565	23
2566	25
2567	27
2568	19
2569	22
2570	33
2571	32
2572	38
2573	31
2574	22
2575	20
2576	40
2577	29
2578	26
2579	30
2580	34
2581	26
2582	20
2583	24
2584	26
2585	31
2586	27
2587	30
2588	26
2589	33
2590	26
2591	21
2592	30
2593	25
2594	24
2595	25
2596	23
2597	27
2598	25
2599	36
2600	39
2601	28
2602	27
2603	21
2604	29
2605	29
2606	27
2607	28
2608	32
2609	27
2610	27
2611	25
2612	24
2613	43
2614	25
2615	33
2616	30
2617	30
2618	23
2619	37
2620	32
2621	32
2622	21
2623	29
2624	31
2625	27
2626	22
2627	40
2628	32
2629	31
2630	28
2631	23
2632	32
2633	30
2634	31
2635	26
2636	25
2637	24
2638	17
2639	22
2640	27
2641	20
2642	29
2643	31
2644	25
2645	24
2646	28
2647	22
2648	30
2649	25
2650	42
2651	20
2652	23
2653	23
2654	31
2655	19
2656	28
2657	26
2658	45
2659	35
2660	30
2661	30
2662	25
2663	33
2664	23
2665	24
2666	29
2667	28
2668	33
2669	24
2670	24
2671	30
2672	28
2673	24
2674	20
2675	25
2676	20
2677	37
2678	32
2679	20
2680	22
2681	26
2682	29
2683	31
2684	25
2685	33
2686	31
2687	24
2688	23
2689	24
2690	29
2691	23
2692	36
2693	26
2694	23
2695	24
2696	28
2697	35
2698	22
2699	33
2700	22
2701	16
2702	27
2703	19
2704	29
2705	26
2706	31
2707	25
2708	19
2709	45
2710	36
2711	25
2712	26
2713	32
2714	25
2715	20
2716	26
2717	32
2718	24
2719	19
2720	21
2721	23
2722	21
2723	23
2724	30
2725	24
2726	27
2727	36
2728	29
2729	27
2730	36
2731	27
2732	29
2733	24
2734	15
2735	25
2736	21
2737	29
2738	30
2739	24
2740	26
2741	18
2742	27
2743	29
2744	24
2745	20
2746	27
2747	34
2748	25
2749	16
2750	20
2751	29
2752	25
2753	32
2754	25
2755	30
2756	25
2757	26
2758	37
2759	22
2760	19
2761	31
2762	17
2763	24
2764	23
2765	22
2766	36
2767	30
2768	31
2769	20
2770	15
2771	35
2772	23
2773	24
2774	29
2775	21
2776	26
2777	24
2778	21
2779	25
2780	23
2781	20
2782	24
2783	31
2784	25
2785	26
2786	31
2787	24
2788	29
2789	28
2790	27
2791	27
2792	24
2793	33
2794	19
2795	22
2796	27
2797	23
2798	21
2799	21
2800	28
2801	24
2802	23
2803	25
2804	26
2805	28
2806	22
2807	25
2808	33
2809	30
2810	26
2811	24
2812	32
2813	19
2814	19
2815	27
2816	29
2817	28
2818	24
2819	26
2820	28
2821	28
2822	30
2823	29
2824	25
2825	23
2826	28
2827	26
2828	41
2829	28
2830	32
2831	29
2832	24
2833	17
2834	21
2835	26
2836	24
2837	34
2838	32
2839	26
2840	29
2841	25
2842	31
2843	26
2844	23
2845	28
2846	29
2847	30
2848	23
2849	20
2850	24
2851	26
2852	29
2853	20
2854	22
2855	33
2856	27
2857	30
2858	29
2859	19
2860	21
2861	26
2862	29
2863	29
2864	32
2865	23
2866	24
2867	22
2868	14
2869	26
2870	22
2871	19
2872	24
2873	27
2874	19
2875	19
2876	16
2877	25
2878	30
2879	29
2880	24
2881	21
2882	23
2883	22
2884	24
2885	30
2886	20
2887	31
2888	23
2889	19
2890	33
2891	27
2892	32
2893	15
2894	26
2895	27
2896	22
2897	35
2898	27
2899	24
2900	21
2901	27
2902	25
2903	29
2904	28
2905	30
2906	30
2907	23
2908	22
2909	17
2910	18
2911	20
2912	19
2913	13
2914	24
2915	29
2916	20
2917	22
2918	22
2919	24
2920	19
2921	17
2922	22
2923	17
2924	26
2925	16
2926	19
2927	29
2928	27
2929	22
2930	23
2931	16
2932	19
2933	28
2934	22
2935	19
2936	19
2937	19
2938	18
2939	13
2940	21
2941	24
2942	24
2943	18
2944	28
2945	22
2946	27
2947	30
2948	24
2949	22
2950	20
2951	30
2952	15
2953	21
2954	20
2955	21
2956	24
2957	35
2958	21
2959	19
2960	17
2961	19
2962	21
2963	14
2964	24
2965	18
2966	25
2967	21
2968	23
2969	19
2970	23
2971	16
2972	26
2973	26
2974	23
2975	13
2976	29
2977	18
2978	26
2979	29
2980	23
2981	22
2982	20
2983	18
2984	26
2985	21
2986	22
2987	18
2988	16
2989	15
2990	22
2991	24
2992	29
2993	25
2994	25
2995	17
2996	19
2997	27
2998	27
2999	22
3000	11
3001	21
3002	20
3003	22
3004	29
3005	26
3006	25
3007	20
3008	23
3009	21
3010	26
3011	23
3012	23
3013	21
3014	29
3015	26
3016	27
3017	21
3018	20
3019	23
3020	29
3021	21
3022	31
3023	23
3024	15
3025	20
3026	19
3027	18
3028	23
3029	24
3030	13
3031	26
3032	31
3033	19
3034	18
3035	25
3036	17
3037	15
3038	27
3039	29
3040	23
3041	28
3042	20
3043	20
3044	21
3045	28
3046	28
3047	20
3048	26
3049	22
3050	34
3051	23
3052	21
3053	27
3054	18
3055	24
3056	19
3057	21
3058	25
3059	22
3060	20
3061	17
3062	29
3063	20
3064	14
3065	24
3066	15
3067	21
3068	19
3069	17
3070	21
3071	22
3072	26
3073	17
3074	16
3075	24
3076	25
3077	31
3078	27
3079	19
3080	24
3081	25
3082	15
3083	21
3084	27
3085	19
3086	24
3087	19
3088	25
3089	14
3090	17
3091	23
3092	28
3093	25
3094	27
3095	24
3096	24
3097	22
3098	12
3099	23
3100	18
3101	31
3102	17
3103	18
3104	27
3105	22
3106	20
3107	21
3108	26
3109	29
3110	17
3111	24
3112	13
3113	17
3114	16
3115	19
3116	20
3117	24
3118	25
3119	21
3120	12
3121	15
3122	25
3123	29
3124	16
3125	16
3126	21
3127	31
3128	27
3129	18
3130	20
3131	19
3132	23
3133	21
3134	31
3135	20
3136	18
3137	24
3138	25
3139	27
3140	22
3141	26
3142	22
3143	25
3144	21
3145	28
3146	20
3147	18
3148	21
3149	21
3150	15
3151	15
3152	16
3153	18
3154	24
3155	18
3156	18
3157	26
3158	13
3159	25
3160	25
3161	24
3162	26
3163	21
3164	18
3165	18
3166	20
3167	23
3168	19
3169	29
3170	21
3171	23
3172	20
3173	17
3174	25
3175	26
3176	20
3177	29
3178	25
3179	20
3180	23
3181	21
3182	30
3183	21
3184	28
3185	12
3186	15
3187	27
3188	15
3189	24
3190	35
3191	22
3192	19
3193	13
3194	21
3195	17
3196	28
3197	19
3198	20
3199	23
3200	29
3201	14
3202	23
3203	24
3204	25
3205	28
3206	25
3207	20
3208	31
3209	22
3210	24
3211	18
3212	22
3213	25
3214	19
3215	23
3216	23
3217	26
3218	32
3219	24
3220	20
3221	23
3222	18
3223	28
3224	22
3225	19
3226	20
3227	27
3228	32
3229	25
3230	12
3231	31
3232	16
3233	29
3234	18
3235	25
3236	26
3237	13
3238	23
3239	19
3240	24
3241	20
3242	16
3243	20
3244	28
3245	24
3246	20
3247	31
3248	21
3249	23
3250	17
3251	19
3252	16
3253	28
3254	17
3255	20
3256	23
3257	20
3258	22
3259	21
3260	19
3261	27
3262	20
3263	27
3264	17
3265	20
3266	19
3267	18
3268	21
3269	26
3270	24
3271	21
3272	25
3273	21
3274	26
3275	28
3276	15
3277	23
3278	29
3279	27
3280	13
3281	28
3282	29
3283	20
3284	26
3285	20
3286	13
3287	20
3288	26
3289	27
3290	21
3291	18
3292	28
3293	23
3294	23
3295	19
3296	20
3297	23
3298	13
3299	22
3300	23
3301	25
3302	26
3303	23
3304	13
3305	16
3306	16
3307	19
3308	23
3309	19
3310	20
3311	25
3312	20
3313	21
3314	20
3315	27
3316	19
3317	27
3318	23
3319	23
3320	15
3321	25
3322	38
3323	23
3324	24
3325	26
3326	20
3327	17
3328	17
3329	21
3330	15
3331	24
3332	20
3333	19
3334	24
3335	19
3336	18
3337	12
3338	23
3339	13
3340	22
3341	22
3342	29
3343	29
3344	23
3345	20
3346	26
3347	19
3348	32
3349	22
3350	22
3351	16
3352	19
3353	37
3354	22
3355	26
3356	26
3357	31
3358	21
3359	19
3360	24
3361	28
3362	29
3363	29
3364	24
3365	17
3366	28
3367	23
3368	23
3369	20
3370	21
3371	19
3372	26
3373	22
3374	24
3375	20
3376	29
3377	19
3378	26
3379	22
3380	19
3381	21
3382	21
3383	27
3384	25
3385	16
3386	32
3387	34
3388	25
3389	23
3390	27
3391	24
3392	22
3393	21
3394	29
3395	15
3396	20
3397	21
3398	28
3399	26
3400	18
3401	20
3402	28
3403	26
3404	30
3405	24
3406	21
3407	27
3408	18
3409	26
3410	36
3411	19
3412	12
3413	24
3414	19
3415	27
3416	22
3417	23
3418	23
3419	25
3420	24
3421	28
3422	27
3423	23
3424	24
3425	23
3426	28
3427	22
3428	18
3429	17
3430	20
3431	25
3432	21
3433	29
3434	27
3435	17
3436	21
3437	20
3438	37
3439	21
3440	19
3441	16
3442	25
3443	17
3444	28
3445	21
3446	20
3447	19
3448	27
3449	21
3450	21
3451	21
3452	22
3453	24
3454	20
3455	25
3456	14
3457	19
3458	30
3459	21
3460	18
3461	22
3462	31
3463	25
3464	19
3465	29
3466	23
3467	21
3468	24
3469	24
3470	21
3471	24
3472	18
3473	20
3474	26
3475	24
3476	22
3477	23
3478	29
3479	28
3480	28
3481	29
3482	22
3483	19
3484	19
3485	21
3486	30
3487	27
3488	21
3489	26
3490	15
3491	28
3492	24
3493	27
3494	26
3495	22
3496	14
3497	28
3498	29
3499	30
3500	27
3501	25
3502	24
3503	24
3504	24
3505	25
3506	32
3507	22
3508	21
3509	18
3510	33
3511	20
3512	19
3513	20
3514	20
3515	19
3516	26
3517	29
3518	14
3519	16
3520	25
3521	36
3522	26
3523	25
3524	18
3525	30
3526	24
3527	35
3528	25
3529	24
3530	27
3531	28
3532	26
3533	21
3534	14
3535	24
3536	28
3537	18
3538	22
3539	21
3540	17
3541	24
3542	28
3543	17
3544	21
3545	28
3546	25
3547	26
3548	28
3549	24
3550	32
3551	22
3552	18
3553	29
3554	24
3555	17
3556	20
3557	22
3558	21
3559	28
3560	29
3561	19
3562	17
3563	28
3564	20
3565	17
3566	24
3567	19
3568	23
3569	23
3570	17
3571	23
3572	19
3573	22
3574	28
3575	30
3576	33
3577	27
3578	32
3579	24
3580	15
3581	32
3582	20
3583	24
3584	28
3585	17
3586	24
3587	22
3588	31
3589	30
3590	33
3591	29
3592	22
3593	26
3594	18
3595	25
3596	28
3597	23
3598	25
3599	19
3600	32
3601	24
3602	20
3603	22
3604	24
3605	18
3606	20
3607	20
3608	29
3609	19
3610	34
3611	27
3612	29
3613	19
3614	36
3615	21
3616	31
3617	30
3618	23
3619	20
3620	25
3621	21
3622	24
3623	22
3624	22
3625	23
3626	23
3627	28
3628	22
3629	17
3630	28
3631	20
3632	19
3633	19
3634	26
3635	27
3636	21
3637	18
3638	28
3639	14
3640	27
3641	24
3642	18
3643	28
3644	31
3645	31
3646	19
3647	38
3648	16
3649	28
3650	23
3651	17
3652	33
3653	24
3654	24
3655	23
3656	26
3657	28
3658	26
3659	31
3660	29
3661	24
3662	26
3663	23
3664	25
3665	22
3666	24
3667	26
3668	23
3669	23
3670	19
3671	25
3672	28
3673	36
3674	26
3675	25
3676	22
3677	26
3678	19
3679	26
3680	29
3681	33
3682	26
3683	24
3684	23
3685	27
3686	30
3687	27
3688	29
3689	28
3690	31
3691	27
3692	29
3693	23
3694	32
3695	31
3696	33
3697	26
3698	23
3699	32
3700	25
3701	34
3702	25
3703	20
3704	21
3705	29
3706	19
3707	23
3708	31
3709	31
3710	31
3711	27
3712	27
3713	26
3714	25
3715	32
3716	16
3717	28
3718	25
3719	25
3720	30
3721	28
3722	18
3723	21
3724	27
3725	31
3726	26
3727	24
3728	27
3729	26
3730	23
3731	28
3732	24
3733	22
3734	28
3735	22
3736	19
3737	25
3738	28
3739	16
3740	24
3741	26
3742	21
3743	44
3744	32
3745	20
3746	15
3747	29
3748	32
3749	32
3750	18
3751	22
3752	29
3753	27
3754	26
3755	31
3756	32
3757	25
3758	31
3759	31
3760	31
3761	22
3762	25
3763	25
3764	19
3765	35
3766	27
3767	26
3768	32
3769	14
3770	22
3771	19
3772	28
3773	23
3774	36
3775	29
3776	21
3777	28
3778	31
3779	34
3780	33
3781	24
3782	27
3783	28
3784	40
3785	21
3786	32
3787	21
3788	27
3789	31
3790	29
3791	27
3792	32
3793	32
3794	29
3795	32
3796	31
3797	20
3798	31
3799	32
3800	24
3801	27
3802	23
3803	32
3804	30
3805	26
3806	33
3807	46
3808	23
3809	18
3810	37
3811	42
3812	25
3813	24
3814	18
3815	24
3816	27
3817	21
3818	36
3819	36
3820	33
3821	30
3822	31
3823	29
3824	29
3825	20
3826	18
3827	27
3828	18
3829	35
3830	26
3831	36
3832	28
3833	27
3834	36
3835	32
3836	29
3837	23
3838	32
3839	26
3840	27
3841	29
3842	33
3843	31
3844	34
3845	31
3846	29
3847	23
3848	31
3849	34
3850	25
3851	36
3852	30
3853	31
3854	38
3855	30
3856	29
3857	35
3858	27
3859	33
3860	32
3861	22
3862	30
3863	37
3864	21
3865	28
3866	30
3867	38
3868	36
3869	32
3870	32
3871	27
3872	36
3873	28
3874	32
3875	27
3876	36
3877	33
3878	28
3879	27
3880	40
3881	25
3882	32
3883	32
3884	33
3885	35
3886	18
3887	33
3888	24
3889	30
3890	28
3891	34
3892	39
3893	39
3894	40
3895	29
3896	31
3897	32
3898	38
3899	37
3900	28
3901	29
3902	32
3903	25
3904	29
3905	36
3906	37
3907	44
3908	30
3909	27
3910	36
3911	35
3912	28
3913	30
3914	30
3915	32
3916	36
3917	41
3918	27
3919	37
3920	27
3921	26
3922	37
3923	32
3924	42
3925	40
3926	34
3927	26
3928	36
3929	33
3930	41
3931	42
3932	37
3933	33
3934	41
3935	38
3936	43
3937	36
3938	40
3939	37
3940	42
3941	40
3942	31
3943	34
3944	24
3945	40
3946	34
3947	48
3948	35
3949	34
3950	39
3951	38
3952	36
3953	30
3954	41
3955	32
3956	42
3957	29
3958	39
3959	44
3960	27
3961	43
3962	40
3963	31
3964	41
3965	41
3966	33
3967	36
3968	39
3969	39
3970	39
3971	42
3972	42
3973	48
3974	37
3975	31
3976	33
3977	46
3978	38
3979	50
3980	40
3981	34
3982	44
3983	49
3984	45
3985	45
3986	45
3987	50
3988	32
3989	37
3990	27
3991	47
3992	33
3993	41
3994	45
3995	37
3996	49
3997	27
3998	42
3999	42
4000	41
4001	45
4002	42
4003	37
4004	52
4005	39
4006	31
4007	42
4008	46
4009	49
4010	45
4011	37
4012	57
4013	43
4014	30
4015	40
4016	52
4017	57
4018	48
4019	39
4020	36
4021	41
4022	44
4023	42
4024	45
4025	43
4026	50
4027	47
4028	43
4029	41
4030	42
4031	52
4032	47
4033	46
4034	50
4035	44
4036	48
4037	49
4038	35
4039	45
4040	55
4041	55
4042	56
4043	48
4044	47
4045	57
4046	41
4047	45
4048	43
4049	52
4050	42
4051	34
4052	61
4053	40
4054	43
4055	43
4056	48
4057	49
4058	54
4059	37
4060	47
4061	53
4062	51
4063	54
4064	52
4065	51
4066	44
4067	53
4068	41
4069	50
4070	49
4071	45
4072	49
4073	50
4074	41
4075	53
4076	55
4077	47
4078	49
4079	43
4080	49
4081	52
4082	41
4083	45
4084	40
4085	41
4086	43
4087	44
4088	49
4089	44
4090	57
4091	62
4092	43
4093	39
4094	49
4095	48
4096	48
4097	39
4098	50
4099	38
4100	53
4101	49
4102	51
4103	63
4104	53
4105	46
4106	63
4107	49
4108	52
4109	51
4110	52
4111	49
4112	44
4113	48
4114	42
4115	57
4116	53
4117	53
4118	44
4119	52
4120	51
4121	47
4122	44
4123	47
4124	52
4125	43
4126	48
4127	32
4128	52
4129	42
4130	46
4131	38
4132	54
4133	47
4134	51
4135	37
4136	54
4137	42
4138	45
4139	52
4140	38
4141	53
4142	49
4143	31
4144	44
4145	48
4146	47
4147	52
4148	68
4149	41
4150	42
4151	41
4152	45
4153	36
4154	55
4155	55
4156	57
4157	45
4158	44
4159	40
4160	35
4161	47
4162	44
4163	35
4164	26
4165	25
4166	48
4167	42
4168	45
4169	45
4170	51
4171	46
4172	47
4173	52
4174	37
4175	40
4176	37
4177	37
4178	41
4179	31
4180	42
4181	45
4182	39
4183	34
4184	39
4185	32
4186	41
4187	34
4188	38
4189	40
4190	41
4191	34
4192	34
4193	34
4194	35
4195	36
4196	43
4197	41
4198	38
4199	46
4200	35
4201	24
4202	40
4203	36
4204	37
4205	32
4206	36
4207	31
4208	32
4209	38
4210	42
4211	35
4212	26
4213	24
4214	43
4215	33
4216	28
4217	34
4218	27
4219	27
4220	30
4221	40
4222	16
4223	32
4224	31
4225	41
4226	34
4227	39
4228	26
4229	26
4230	20
4231	26
4232	29
4233	31
4234	26
4235	21
4236	36
4237	25
4238	35
4239	26
4240	18
4241	28
4242	28
4243	21
4244	31
4245	36
4246	21
4247	25
4248	25
4249	22
4250	27
4251	23
4252	29
4253	18
4254	24
4255	22
4256	36
4257	30
4258	17
4259	18
4260	21
4261	26
4262	20
4263	28
4264	27
4265	28
4266	15
4267	21
4268	25
4269	27
4270	25
4271	22
4272	29
4273	20
4274	23
4275	23
4276	22
4277	15
4278	28
4279	14
4280	16
4281	21
4282	20
4283	21
4284	14
4285	18
4286	15
4287	18
4288	21
4289	12
4290	20
4291	17
4292	20
4293	8
4294	21
4295	24
4296	14
4297	15
4298	17
4299	15
4300	20
4301	22
4302	12
4303	15
4304	20
4305	11
4306	16
4307	12
4308	11
4309	8
4310	10
4311	14
4312	9
4313	16
4314	10
4315	12
4316	13
4317	7
4318	9
4319	9
4320	15
4321	8
4322	21
4323	7
4324	12
4325	12
4326	12
4327	14
4328	13
4329	12
4330	13
4331	14
4332	12
4333	11
4334	5
4335	5
4336	14
4337	8
4338	16
4339	15
4340	12
4341	7
4342	12
4343	9
4344	4
4345	7
4346	8
4347	11
4348	12
4349	12
4350	6
4351	7
4352	8
4353	11
4354	7
4355	6
4356	7
4357	8
4358	5
4359	4
4360	5
4361	3
4362	11
4363	11
4364	13
4365	5
4366	5
4367	7
4368	3
4369	5
4370	11
4371	7
4372	4
4373	8
4374	7
4375	1
4376	6
4377	9
4378	4
4379	6
4380	6
4381	5
4382	4
4383	5
4384	6
4385	6
4386	5
4387	9
4388	8
4389	11
4390	4
4391	4
4392	7
4393	8
4394	6
4395	5
4396	1
4397	2
4398	4
4399	3
4400	2
4401	2
4402	6
4403	9
4404	2
4405	3
4406	4
4407	3
4408	2
4409	7
4410	5
4411	3
4412	2
4413	6
4414	2
4415	2
4416	0
4417	2
4418	2
4419	3
4420	3
4421	3
4422	2
4423	3
4424	1
4425	1
4426	3
4427	3
4428	2
4429	3
4430	1
4431	2
4432	0
4433	1
4434	3
4435	2
4436	3
4437	1
4438	3
4439	4
4440	1
4441	1
4442	2
4443	2
4444	1
4445	1
4446	0
4447	2
4448	2
4449	2
4450	6
4451	3
4452	0
4453	2
4454	1
4455	1
4456	1
4457	1
4458	5
4459	2
4460	2
4461	3
4462	2
4463	1
4464	1
4465	1
4466	1
4467	1
4468	0
4469	2
4470	2
4471	1
4472	6
4473	2
4474	1
4475	1
4476	1
4477	0
4478	2
4479	2
4480	1
4481	1
4482	2
4483	0
4484	0
4485	1
4486	2
4487	0
4488	0
4489	1
4490	1
4491	0
4492	1
4493	2
4494	1
4495	0
4496	1
4497	2
4498	2
4499	1
4500	2
4501	0
4502	1
4503	1
4504	0
4505	1
4506	0
4507	1
4508	0
4509	1
4510	2
4511	0
4512	0
4513	2
4514	1
4515	0
4516	0
4517	0
4518	1
4519	0
4520	1
4521	0
4522	2
4523	0
4524	1
4525	0
4526	2
4527	1
4528	2
4529	1
4530	1
4531	0
4532	1
4533	0
4534	3
4535	0
4536	1
4537	0
4538	1
4539	1
4540	1
4541	0
4542	1
4543	1
4544	1
4545	0
4546	1
4547	1
4548	1
4549	0
4550	1
4551	1
4552	0
4553	1
4554	2
4555	0
4556	2
4557	1
4558	0
4559	1
4560	2
4561	0
4562	2
4563	1
4564	2
4565	0
4566	2
4567	0
4568	1
4569	0
4570	1
4571	1
4572	1
4573	0
4574	2
4575	1
4576	0
4577	0
4578	0
4579	0
4580	0
4581	1
4582	0
4583	0
4584	1
4585	1
4586	0
4587	0
4588	1
4589	0
4590	1
4591	0
4592	1
4593	0
4594	1
4595	0
4596	0
4597	1
4598	1
4599	0
4600	0
4601	0
4602	1
4603	0
4604	1
4605	1
4606	2
4607	1
4608	2
4609	0
4610	1
4611	0
4612	0
4613	0
4614	0
4615	2
4616	2
4617	0
4618	0
4619	2
4620	0
4621	1
4622	1
4623	0
4624	0
4625	0
4626	1
4627	2
4628	2
4629	2
4630	0
4631	0
4632	1
4633	1
4634	0
4635	0
4636	1
4637	1
4638	2
4639	0
4640	0
4641	0
4642	1
4643	0
4644	1
4645	1
4646	1
4647	1
4648	0
4649	0
4650	2
4651	0
4652	1
4653	0
4654	0
4655	0
4656	0
4657	2
4658	1
4659	0
4660	0
4661	0
4662	0
4663	0
4664	0
4665	0
4666	0
4667	1
4668	3
4669	3
4670	2
4671	2
4672	1
4673	0
4674	2
4675	1
4676	1
4677	0
4678	0
4679	0
4680	0
4681	0
4682	2
4683	0
4684	0
4685	2
4686	0
4687	1
4688	0
4689	2
4690	0
4691	0
4692	1
4693	0
4694	3
4695	0
4696	0
4697	0
4698	0
4699	1
4700	0
4701	1
4702	1
4703	0
4704	0
4705	2
4706	1
4707	2
4708	2
4709	0
4710	2
4711	0
4712	0
4713	0
4714	1
4715	2
4716	1
4717	2
4718	0
4719	1
4720	0
4721	0
4722	0
4723	1
4724	3
4725	0
4726	3
4727	1
4728	1
4729	1
4730	0
4731	0
4732	0
4733	1
4734	1
4735	3
4736	1
4737	0
4738	1
4739	1
4740	0
4741	1
4742	1
4743	0
4744	1
4745	1
4746	1
4747	1
4748	0
4749	1
4750	2
4751	2
4752	1
4753	0
4754	1
4755	1
4756	1
4757	1
4758	1
4759	0
4760	0
4761	1
4762	0
4763	0
4764	0
4765	1
4766	0
4767	1
4768	0
4769	0
4770	0
4771	1
4772	0
4773	2
4774	0
4775	2
4776	2
4777	0
4778	0
4779	0
4780	0
4781	0
4782	0
4783	0
4784	1
4785	1
4786	2
4787	0
4788	2
4789	1
4790	1
4791	0
4792	0
4793	0
4794	1
4795	1
4796	0
4797	2
4798	0
4799	0
4800	1
4801	3
4802	1
4803	1
4804	0
4805	0
4806	1
4807	0
4808	0
4809	0
4810	1
4811	2
4812	1
4813	1
4814	0
4815	0
4816	2
4817	0
4818	1
4819	0
4820	0
4821	2
4822	1
4823	0
4824	2
4825	1
4826	0
4827	1
4828	1
4829	0
4830	0
4831	1
4832	1
4833	1
4834	0
4835	1
4836	0
4837	0
4838	1
4839	0
4840	1
4841	2
4842	0
4843	1
4844	0
4845	0
4846	2
4847	5
4848	0
4849	1
4850	1
4851	0
4852	1
4853	0
4854	2
4855	1
4856	0
4857	1
4858	0
4859	1
4860	1
4861	0
4862	0
4863	1
4864	1
4865	1
4866	1
4867	4
4868	2
4869	1
4870	1
4871	2
4872	0
4873	0
4874	1
4875	0
4876	0
4877	0
4878	0
4879	0
4880	0
4881	1
4882	1
4883	1
4884	0
4885	1
4886	2
4887	0
4888	1
4889	0
4890	0
4891	0
4892	1
4893	2
4894	2
4895	2
4896	1
4897	1
4898	0
4899	0
4900	0
4901	1
4902	0
4903	1
4904	0
4905	1
4906	0
4907	2
4908	1
4909	0
4910	1
4911	0
4912	0
4913	2
4914	1
4915	0
4916	0
4917	0
4918	0
4919	1
4920	4
4921	2
4922	1
4923	1
4924	0
4925	1
4926	1
4927	0
4928	1
4929	1
4930	1
4931	0
4932	2
4933	2
4934	0
4935	0
4936	1
4937	0
4938	2
4939	2
4940	1
4941	2
4942	0
4943	2
4944	0
4945	1
4946	0
4947	4
4948	2
4949	4
4950	2
4951	0
4952	0
4953	2
4954	1
4955	2
4956	0
4957	0
4958	2
4959	1
4960	1
4961	0
4962	2
4963	0
4964	0
4965	0
4966	1
4967	1
4968	2
4969	0
4970	1
4971	0
4972	1
4973	2
4974	3
4975	0
4976	3
4977	1
4978	0
4979	2
4980	0
4981	1
4982	0
4983	0
4984	0
4985	0
4986	2
4987	0
4988	1
4989	1
4990	1
4991	0
4992	0
4993	0
4994	1
4995	2
4996	0
4997	2
4998	2
4999	0
5000	2
5001	2
5002	0
5003	1
5004	0
5005	0
5006	0
5007	0
5008	0
5009	1
5010	0
5011	0
5012	1
5013	0
5014	0
5015	1
5016	1
5017	0
5018	1
5019	2
5020	0
5021	0
5022	2
5023	2
5024	1
5025	2
5026	2
5027	1
5028	1
5029	0
5030	0
5031	0
5032	1
5033	0
5034	0
5035	0
5036	2
5037	2
5038	1
5039	1
5040	0
5041	1
5042	0
5043	1
5044	1
5045	0
5046	0
5047	0
5048	2
5049	0
5050	0
5051	1
5052	0
5053	0
5054	0
5055	0
5056	0
5057	1
5058	0
5059	0
5060	0
5061	2
5062	0
5063	0
5064	0
5065	0
5066	1
5067	0
5068	3
5069	0
5070	1
5071	0
5072	1
5073	0
5074	0
5075	1
5076	0
5077	0
5078	1
5079	0
5080	0
5081	1
5082	0
5083	2
5084	0
5085	0
5086	0
5087	2
5088	1
5089	0
5090	0
5091	1
5092	0
5093	0
5094	2
5095	0
5096	1
5097	0
5098	0
5099	0
5100	1
5101	0
5102	2
5103	1
5104	2
5105	3
5106	2
5107	0
5108	1
5109	1
5110	1
5111	0
5112	1
5113	0
5114	2
5115	2
5116	1
5117	1
5118	1
5119	0
5120	0
5121	0
5122	1
5123	0
5124	1
5125	0
5126	1
5127	1
5128	0
5129	0
5130	2
5131	2
5132	0
5133	0
5134	1
5135	0
5136	2
5137	1
5138	0
5139	1
5140	0
5141	0
5142	0
5143	2
5144	0
5145	1
5146	1
5147	0
5148	1
5149	2
5150	1
5151	0
5152	0
5153	0
5154	0
5155	3
5156	0
5157	0
5158	2
5159	1
5160	0
5161	1
5162	0
5163	1
5164	1
5165	0
5166	0
5167	2
5168	2
5169	0
5170	0
5171	2
5172	0
5173	1
5174	2
5175	0
5176	2
5177	0
5178	0
5179	2
5180	0
5181	1
5182	0
5183	0
5184	0
5185	0
5186	0
5187	1
5188	0
5189	0
5190	1
5191	0
5192	1
5193	0
5194	0
5195	2
5196	1
5197	3
5198	1
5199	2
5200	0
5201	0
5202	0
5203	1
5204	1
5205	1
5206	1
5207	0
5208	0
5209	1
5210	0
5211	0
5212	2
5213	0
5214	0
5215	0
5216	0
5217	0
5218	0
5219	0
5220	0
5221	0
5222	1
5223	2
5224	0
5225	0
5226	0
5227	1
5228	1
5229	1
5230	1
5231	0
5232	1
5233	0
5234	2
5235	1
5236	2
5237	0
5238	2
5239	0
5240	3
5241	1
5242	0
5243	1
5244	1
5245	1
5246	1
5247	0
5248	0
5249	1
5250	1
5251	0
5252	1
5253	0
5254	0
5255	0
5256	0
5257	2
5258	1
5259	1
5260	0
5261	3
5262	0
5263	1
5264	2
5265	1
5266	0
5267	3
5268	0
5269	1
5270	0
5271	2
5272	1
5273	1
5274	0
5275	3
5276	0
5277	1
5278	0
5279	0
5280	1
5281	0
5282	1
5283	1
5284	0
5285	0
5286	1
5287	0
5288	0
5289	2
5290	1
5291	0
5292	2
5293	0
5294	2
5295	1
5296	0
5297	0
5298	2
5299	0
5300	1
5301	1
5302	0
5303	0
5304	2
5305	0
5306	0
5307	0
5308	2
5309	0
5310	1
5311	1
5312	1
5313	0
5314	1
5315	1
5316	0
5317	0
5318	1
5319	0
5320	0
5321	2
5322	0
5323	0
5324	0
5325	1
5326	2
5327	0
5328	0
5329	3
5330	2
5331	0
5332	1
5333	1
5334	0
5335	0
5336	1
5337	1
5338	0
5339	1
5340	0
5341	0
5342	0
5343	0
5344	2
5345	0
5346	2
5347	1
5348	0
5349	0
5350	0
5351	2
5352	1
5353	1
5354	4
5355	0
5356	1
5357	0
5358	0
5359	0
5360	0
5361	0
5362	0
5363	1
5364	0
5365	1
5366	1
5367	0
5368	0
5369	0
5370	0
5371	2
5372	0
5373	0
5374	2
5375	0
5376	0
5377	0
5378	2
5379	2
5380	0
5381	0
5382	0
5383	1
5384	1
5385	0
5386	2
5387	0
5388	0
5389	2
5390	1
5391	1
5392	2
5393	0
5394	0
5395	0
5396	0
5397	0
5398	1
5399	1
5400	0
5401	0
5402	0
5403	1
5404	2
5405	0
5406	0
5407	1
5408	0
5409	0
5410	1
5411	1
5412	0
5413	0
5414	3
5415	1
5416	1
5417	0
5418	0
5419	1
5420	1
5421	2
5422	1
5423	1
5424	1
5425	2
5426	2
5427	0
5428	0
5429	0
5430	0
5431	0
5432	0
5433	0
5434	0
5435	1
5436	0
5437	0
5438	0
5439	0
5440	0
5441	1
5442	0
5443	1
5444	1
5445	1
5446	1
5447	0
5448	0
5449	2
5450	1
5451	0
5452	1
5453	1
5454	0
5455	0
5456	0
5457	0
5458	0
5459	1
5460	0
5461	0
5462	0
5463	0
5464	1
5465	1
5466	1
5467	1
5468	0
5469	3
5470	0
5471	2
5472	1
5473	0
5474	1
5475	1
5476	1
5477	1
5478	0
5479	2
5480	1
5481	1
5482	1
5483	0
5484	0
5485	0
5486	0
5487	0
5488	1
5489	2
5490	0
5491	0
5492	0
5493	0
5494	1
5495	1
5496	0
5497	0
5498	0
5499	0
5500	0
5501	0
5502	1
5503	0
5504	2
5505	0
5506	1
5507	1
5508	0
5509	1
5510	0
5511	2
5512	0
5513	1
5514	0
5515	0
5516	0
5517	0
5518	0
5519	1
5520	0
5521	1
5522	0
5523	0
5524	0
5525	0
5526	1
5527	0
5528	0
5529	0
5530	0
5531	0
5532	1
5533	3
5534	0
5535	1
5536	2
5537	1
5538	1
5539	0
5540	0
5541	1
5542	0
5543	0
5544	0
5545	0
5546	0
5547	0
5548	1
5549	0
5550	0
5551	1
5552	0
5553	0
5554	1
5555	1
5556	0
5557	0
5558	2
5559	0
5560	1
5561	1
5562	0
5563	0
5564	0
5565	1
5566	1
5567	0
5568	0
5569	2
5570	0
5571	0
5572	0
5573	0
5574	2
5575	1
5576	0
5577	0
5578	1
5579	0
5580	2
5581	0
5582	0
5583	0
5584	0
5585	0
5586	0
5587	0
5588	1
5589	2
5590	0
5591	1
5592	0
5593	0
5594	2
5595	0
5596	3
5597	0
5598	0
5599	1
5600	0
5601	1
5602	0
5603	3
5604	0
5605	0
5606	1
5607	0
5608	1
5609	0
5610	0
5611	1
5612	1
5613	1
5614	0
5615	1
5616	2
5617	0
5618	0
5619	0
5620	2
5621	1
5622	1
5623	0
5624	1
5625	1
5626	0
5627	0
5628	0
5629	0
5630	0
5631	0
5632	0
5633	0
5634	2
5635	1
5636	0
5637	1
5638	0
5639	0
5640	0
5641	0
5642	0
5643	0
5644	0
5645	0
5646	3
5647	0
5648	0
5649	0
5650	2
5651	0
5652	0
5653	0
5654	2
5655	0
5656	0
5657	0
5658	0
5659	1
5660	1
5661	0
5662	0
5663	2
5664	0
5665	0
5666	1
5667	0
5668	1
5669	0
5670	0
5671	0
5672	0
5673	0
5674	0
5675	0
5676	1
5677	1
5678	1
5679	0
5680	0
5681	0
5682	1
5683	0
5684	0
5685	0
5686	1
5687	0
5688	2
5689	0
5690	0
5691	0
5692	1
5693	0
5694	0
5695	0
5696	1
5697	3
5698	0
5699	1
5700	0
5701	0
5702	0
5703	2
5704	0
5705	0
5706	1
5707	1
5708	0
5709	0
5710	0
5711	0
5712	2
5713	0
5714	1
5715	0
5716	1
5717	1
5718	1
5719	1
5720	1
5721	1
5722	0
5723	0
5724	1
5725	0
5726	0
5727	1
5728	0
5729	1
5730	0
5731	1
5732	1
5733	2
5734	1
5735	0
5736	1
5737	0
5738	0
5739	1
5740	0
5741	0
5742	1
5743	0
5744	1
5745	1
5746	1
5747	1
5748	0
5749	0
5750	0
5751	0
5752	1
5753	1
5754	0
5755	0
5756	0
5757	0
5758	1
5759	1
5760	1
5761	0
5762	1
5763	1
5764	0
5765	1
5766	1
5767	1
5768	2
5769	1
5770	2
5771	1
5772	0
5773	0
5774	2
5775	0
5776	0
5777	0
5778	1
5779	0
5780	1
5781	0
5782	0
5783	0
5784	3
5785	0
5786	0
5787	0
5788	0
5789	2
5790	0
5791	0
5792	2
5793	0
5794	1
5795	0
5796	1
5797	0
5798	1
5799	0
5800	1
5801	0
5802	0
5803	1
5804	1
5805	0
5806	0
5807	0
5808	0
5809	0
5810	0
5811	0
5812	0
5813	0
5814	0
5815	2
5816	0
5817	1
5818	0
5819	0
5820	1
5821	1
5822	2
5823	2
5824	0
5825	0
5826	0
5827	3
5828	0
5829	0
5830	0
5831	0
5832	2
5833	1
5834	0
5835	0
5836	0
5837	1
5838	2
5839	0
5840	0
5841	0
5842	0
5843	0
5844	1
5845	1
5846	0
5847	0
5848	0
5849	0
5850	1
5851	0
5852	2
5853	1
5854	1
5855	0
5856	0
5857	0
5858	1
5859	0
5860	1
5861	2
5862	1
5863	0
5864	0
5865	0
5866	1
5867	0
5868	0
5869	0
5870	0
5871	3
5872	1
5873	1
5874	1
5875	0
5876	1
5877	0
5878	0
5879	0
5880	1
5881	0
5882	1
5883	1
5884	0
5885	1
5886	2
5887	0
5888	0
5889	0
5890	0
5891	0
5892	1
5893	0
5894	0
5895	1
5896	0
5897	0
5898	0
5899	0
5900	0
5901	0
5902	2
5903	1
5904	1
5905	0
5906	1
5907	0
5908	0
5909	2
5910	2
5911	0
5912	0
5913	0
5914	0
5915	0
5916	0
5917	1
5918	0
5919	1
5920	0
5921	0
5922	1
5923	0
5924	0
5925	1
5926	0
5927	0
5928	0
5929	0
5930	1
5931	0
5932	1
5933	2
5934	0
5935	0
5936	0
5937	1
5938	3
5939	1
5940	0
5941	0
5942	1
5943	1
5944	0
5945	0
5946	1
5947	1
5948	0
5949	2
5950	0
5951	0
5952	3
5953	0
5954	0
5955	1
5956	0
5957	1
5958	1
5959	2
5960	0
5961	0
5962	1
5963	0
5964	0
5965	0
5966	0
5967	1
5968	0
5969	0
5970	1
5971	0
5972	0
5973	1
5974	1
5975	0
5976	0
5977	0
5978	1
5979	0
5980	0
5981	0
5982	0
5983	1
5984	2
5985	0
5986	1
5987	1
5988	0
5989	0
5990	2
5991	0
5992	1
5993	0
5994	0
5995	1
5996	0
5997	1
5998	0
5999	0
6000	1
6001	1
6002	0
6003	2
6004	0
6005	0
6006	0
6007	0
6008	0
6009	0
6010	0
6011	1
6012	0
6013	0
6014	0
6015	1
6016	2
6017	0
6018	0
6019	0
6020	0
6021	0
6022	0
6023	2
6024	0
6025	1
6026	0
6027	1
6028	2
6029	1
6030	0
6031	1
6032	1
6033	2
6034	0
6035	0
6036	0
6037	0
6038	1
6039	0
6040	1
6041	0
6042	2
6043	0
6044	0
6045	0
6046	1
6047	0
6048	0
6049	2
6050	0
6051	0
6052	0
6053	1
6054	1
6055	1
6056	1
6057	0
6058	0
6059	1
6060	1
6061	0
6062	0
6063	0
6064	1
6065	0
6066	1
6067	0
6068	0
6069	0
6070	3
6071	0
6072	0
6073	0
6074	0
6075	1
6076	0
6077	0
6078	2
6079	0
6080	1
6081	1
6082	1
6083	1
6084	0
6085	0
6086	0
6087	0
6088	1
6089	0
6090	0
6091	1
6092	1
6093	0
6094	0
6095	0
6096	1
6097	2
6098	0
6099	1
6100	1
6101	0
6102	1
6103	3
6104	0
6105	3
6106	0
6107	0
6108	0
6109	1
6110	1
6111	0
6112	0
6113	1
6114	0
6115	0
6116	0
6117	1
6118	1
6119	1
6120	0
6121	0
6122	0
6123	0
6124	0
6125	2
6126	0
6127	1
6128	3
6129	0
6130	0
6131	0
6132	1
6133	0
6134	0
6135	1
6136	0
6137	0
6138	1
6139	0
6140	0
6141	2
6142	1
6143	2
6144	0
6145	0
6146	0
6147	0
6148	1
6149	0
6150	1
6151	0
6152	0
6153	1
6154	0
6155	0
6156	0
6157	0
6158	0
6159	1
6160	1
6161	0
6162	0
6163	0
6164	1
6165	0
6166	0
6167	0
6168	3
6169	0
6170	1
6171	0
6172	1
6173	1
6174	1
6175	0
6176	0
6177	0
6178	1
6179	2
6180	0
6181	0
6182	0
6183	0
6184	0
6185	1
6186	0
6187	1
6188	0
6189	1
6190	0
6191	0
6192	1
6193	0
6194	1
6195	1
6196	0
6197	0
6198	0
6199	1
6200	0
6201	0
6202	0
6203	0
6204	0
6205	1
6206	0
6207	0
6208	0
6209	1
6210	1
6211	0
6212	1
6213	1
6214	1
6215	0
6216	0
6217	0
6218	1
6219	0
6220	1
6221	2
6222	0
6223	0
6224	1
6225	0
6226	1
6227	0
6228	0
6229	0
6230	0
6231	1
6232	0
6233	0
6234	0
6235	2
6236	0
6237	0
6238	1
6239	1
6240	2
6241	0
6242	0
6243	1
6244	1
6245	1
6246	0
6247	0
6248	0
6249	0
6250	0
6251	0
6252	1
6253	0
6254	0
6255	0
6256	1
6257	0
6258	0
6259	0
6260	2
6261	0
6262	2
6263	0
6264	0
6265	0
6266	0
6267	1
6268	0
6269	0
6270	0
6271	1
6272	0
6273	1
6274	2
6275	0
6276	2
6277	1
6278	1
6279	0
6280	0
6281	1
6282	1
6283	2
6284	0
6285	0
6286	0
6287	0
6288	1
6289	1
6290	0
6291	0
6292	0
6293	0
6294	1
6295	0
6296	0
6297	0
6298	0
6299	0
6300	0
6301	0
6302	0
6303	1
6304	0
6305	0
6306	1
6307	0
6308	1
6309	0
6310	0
6311	0
6312	1
6313	2
6314	0
6315	0
6316	0
6317	1
6318	2
6319	1
6320	0
6321	1
6322	0
6323	0
6324	1
6325	0
6326	0
6327	1
6328	0
6329	1
6330	0
6331	0
6332	0
6333	0
6334	0
6335	0
6336	0
6337	2
6338	0
6339	0
6340	0
6341	1
6342	0
6343	0
6344	0
6345	0
6346	1
6347	0
6348	0
6349	0
6350	0
6351	0
6352	0
6353	0
6354	0
6355	0
6356	0
6357	0
6358	0
6359	0
6360	0
6361	0
6362	1
6363	1
6364	2
6365	0
6366	0
6367	2
6368	2
6369	0
6370	0
6371	0
6372	1
6373	0
6374	0
6375	0
6376	1
6377	0
6378	0
6379	1
6380	0
6381	1
6382	0
6383	2
6384	0
6385	0
6386	0
6387	1
6388	1
6389	0
6390	0
6391	0
6392	1
6393	0
6394	0
6395	0
6396	1
6397	1
6398	0
6399	1
6400	0
6401	0
6402	1
6403	0
6404	0
6405	0
6406	1
6407	0
6408	0
6409	0
6410	0
6411	0
6412	1
6413	0
6414	0
6415	0
6416	0
6417	1
6418	0
6419	0
6420	0
6421	0
6422	0
6423	1
6424	1
6425	0
6426	0
6427	1
6428	0
6429	0
6430	0
6431	0
6432	1
6433	2
6434	1
6435	0
6436	0
6437	0
6438	0
6439	0
6440	1
6441	2
6442	0
6443	0
6444	0
6445	1
6446	0
6447	0
6448	1
6449	0
6450	0
6451	1
6452	0
6453	1
6454	1
6455	0
6456	0
6457	0
6458	1
6459	2
6460	0
6461	0
6462	2
6463	0
6464	0
6465	0
6466	1
6467	0
6468	1
6469	1
6470	0
6471	0
6472	1
6473	1
6474	0
6475	0
6476	0
6477	0
6478	1
6479	1
6480	1
6481	0
6482	0
6483	1
6484	1
6485	0
6486	0
6487	0
6488	0
6489	1
6490	0
6491	1
6492	0
6493	1
6494	1
6495	1
6496	0
6497	1
6498	0
6499	0
6500	0
6501	0
6502	1
6503	0
6504	1
6505	0
6506	0
6507	0
6508	0
6509	1
6510	1
6511	0
6512	0
6513	0
6514	0
6515	0
6516	0
6517	0
6518	0
6519	0
6520	0
6521	0
6522	0
6523	1
6524	0
6525	1
6526	0
6527	0
6528	0
6529	0
6530	0
6531	0
6532	0
6533	0
6534	0
6535	0
6536	2
6537	0
6538	1
6539	0
6540	1
6541	1
6542	0
6543	0
6544	1
6545	1
6546	0
6547	0
6548	0
6549	0
6550	1
6551	1
6552	0
6553	0
6554	0
6555	0
6556	1
6557	0
6558	0
6559	0
6560	1
6561	0
6562	0
6563	0
6564	1
6565	0
6566	1
6567	0
6568	1
6569	0
6570	1
6571	0
6572	0
6573	0
6574	0
6575	0
6576	0
6577	1
6578	1
6579	0
6580	0
6581	1
6582	0
6583	1
6584	0
6585	0
6586	1
6587	1
6588	1
6589	0
6590	0
6591	0
6592	0
6593	2
6594	0
6595	0
6596	0
6597	0
6598	2
6599	1
6600	0
6601	0
6602	0
6603	0
6604	1
6605	1
6606	0
6607	0
6608	0
6609	0
6610	1
6611	0
6612	2
6613	1
6614	0
6615	0
6616	1
6617	0
6618	0
6619	0
6620	0
6621	1
6622	1
6623	0
6624	0
6625	0
6626	2
6627	0
6628	1
6629	0
6630	0
6631	0
6632	0
6633	0
6634	0
6635	0
6636	0
6637	0
6638	1
6639	0
6640	2
6641	1
6642	0
6643	1
6644	0
6645	1
6646	3
6647	1
6648	0
6649	0
6650	0
6651	0
6652	1
6653	0
6654	1
6655	2
6656	0
6657	2
6658	1
6659	1
6660	0
6661	1
6662	0
6663	0
6664	0
6665	2
6666	1
6667	0
6668	0
6669	0
6670	0
6671	0
6672	0
6673	0
6674	0
6675	0
6676	1
6677	1
6678	0
6679	1
6680	0
6681	0
6682	0
6683	0
6684	1
6685	1
6686	2
6687	1
6688	0
6689	0
6690	0
6691	2
6692	0
6693	0
6694	0
6695	0
6696	0
6697	0
6698	1
6699	2
6700	0
6701	1
6702	0
6703	1
6704	0
6705	0
6706	1
6707	0
6708	0
6709	0
6710	0
6711	2
6712	0
6713	2
6714	1
6715	1
6716	0
6717	2
6718	1
6719	1
6720	0
6721	0
6722	1
6723	0
6724	0
6725	0
6726	0
6727	0
6728	0
6729	1
6730	0
6731	0
6732	1
6733	0
6734	0
6735	0
6736	0
6737	2
6738	0
6739	0
6740	1
6741	0
6742	0
6743	1
6744	0
6745	0
6746	0
6747	1
6748	1
6749	2
6750	0
6751	1
6752	1
6753	1
6754	2
6755	0
6756	0
6757	0
6758	0
6759	0
6760	0
6761	0
6762	1
6763	0
6764	0
6765	0
6766	0
6767	2
6768	0
6769	0
6770	0
6771	0
6772	1
6773	1
6774	0
6775	0
6776	0
6777	1
6778	1
6779	0
6780	0
6781	0
6782	0
6783	0
6784	0
6785	0
6786	0
6787	1
6788	1
6789	1
6790	0
6791	0
6792	0
6793	1
6794	0
6795	0
6796	0
6797	0
6798	0
6799	0
6800	0
6801	0
6802	0
6803	0
6804	1
6805	0
6806	0
6807	0
6808	0
6809	0
6810	1
6811	0
6812	1
6813	0
6814	1
6815	2
6816	1
6817	1
6818	0
6819	1
6820	1
6821	1
6822	0
6823	1
6824	0
6825	2
6826	0
6827	0
6828	0
6829	2
6830	1
6831	0
6832	1
6833	0
6834	0
6835	0
6836	0
6837	0
6838	1
6839	0
6840	0
6841	1
6842	2
6843	0
6844	0
6845	2
6846	0
6847	0
6848	1
6849	2
6850	0
6851	0
6852	0
6853	0
6854	0
6855	0
6856	1
6857	1
6858	1
6859	0
6860	1
6861	0
6862	0
6863	1
6864	0
6865	0
6866	0
6867	1
6868	0
6869	0
6870	0
6871	0
6872	0
6873	0
6874	1
6875	0
6876	1
6877	0
6878	1
6879	0
6880	2
6881	0
6882	1
6883	0
6884	0
6885	0
6886	1
6887	0
6888	0
6889	0
6890	1
6891	1
6892	0
6893	0
6894	1
6895	0
6896	0
6897	0
6898	0
6899	1
6900	1
6901	0
6902	1
6903	1
6904	0
6905	1
6906	0
6907	0
6908	0
6909	0
6910	2
6911	0
6912	0
6913	0
6914	0
6915	0
6916	1
6917	1
6918	1
6919	0
6920	1
6921	0
6922	1
6923	0
6924	0
6925	0
6926	0
6927	1
6928	0
6929	0
6930	0
6931	1
6932	0
6933	0
6934	0
6935	0
6936	0
6937	0
6938	1
6939	0
6940	0
6941	1
6942	0
6943	0
6944	1
6945	0
6946	0
6947	0
6948	0
6949	1
6950	0
6951	1
6952	0
6953	0
6954	2
6955	2
6956	0
6957	0
6958	0
6959	2
6960	2
6961	0
6962	0
6963	0
6964	1
6965	1
6966	1
6967	1
6968	0
6969	1
6970	1
6971	0
6972	0
6973	0
6974	0
6975	1
6976	1
6977	0
6978	1
6979	2
6980	0
6981	0
6982	0
6983	0
6984	1
6985	0
6986	0
6987	0
6988	0
6989	0
6990	0
6991	0
6992	1
6993	0
6994	0
6995	0
6996	1
6997	0
6998	0
6999	0
7000	0
7001	2
7002	2
7003	1
7004	3
7005	1
7006	0
7007	1
7008	1
7009	0
7010	0
7011	0
7012	0
7013	1
7014	0
7015	0
7016	1
7017	2
7018	0
7019	0
7020	0
7021	0
7022	0
7023	1
7024	0
7025	1
7026	0
7027	0
7028	1
7029	0
7030	0
7031	0
7032	0
7033	2
7034	0
7035	0
7036	0
7037	0
7038	0
7039	1
7040	0
7041	2
7042	0
7043	1
7044	0
7045	1
7046	0
7047	1
7048	1
7049	0
7050	0
7051	0
7052	0
7053	0
7054	0
7055	0
7056	0
7057	0
7058	2
7059	0
7060	0
7061	2
7062	1
7063	1
7064	0
7065	0
7066	0
7067	0
7068	2
7069	0
7070	0
7071	2
7072	0
7073	0
7074	0
7075	1
7076	1
7077	1
7078	0
7079	1
7080	1
7081	0
7082	1
7083	0
7084	0
7085	1
7086	0
7087	1
7088	0
7089	0
7090	0
7091	0
7092	1
7093	0
7094	0
7095	0
7096	0
7097	1
7098	0
7099	1
7100	0
7101	0
7102	0
7103	0
7104	0
7105	0
7106	0
7107	0
7108	1
7109	0
7110	2
7111	0
7112	0
7113	0
7114	0
7115	0
7116	1
7117	0
7118	0
7119	0
7120	0
7121	1
7122	0
7123	0
7124	0
7125	1
7126	0
7127	0
7128	0
7129	0
7130	1
7131	0
7132	0
7133	0
7134	0
7135	1
7136	1
7137	0
7138	2
7139	2
7140	1
7141	1
7142	0
7143	0
7144	1
7145	0
7146	0
7147	1
7148	1
7149	1
7150	0
7151	0
7152	0
7153	0
7154	0
7155	3
7156	0
7157	0
7158	0
7159	1
7160	0
7161	0
7162	0
7163	1
7164	2
7165	0
7166	0
7167	0
7168	0
7169	0
7170	1
7171	0
7172	2
7173	2
7174	0
7175	1
7176	0
7177	1
7178	0
7179	1
7180	1
7181	1
7182	0
7183	0
7184	0
7185	0
7186	0
7187	0
7188	0
7189	0
7190	0
7191	0
7192	0
7193	2
7194	2
7195	1
7196	0
7197	1
7198	0
7199	1
7200	0
7201	0
7202	0
7203	1
7204	0
7205	0
7206	1
7207	0
7208	1
7209	0
7210	0
7211	1
7212	3
7213	0
7214	0
7215	0
7216	0
7217	0
7218	0
7219	1
7220	0
7221	1
7222	1
7223	0
7224	0
7225	2
7226	0
7227	1
7228	0
7229	0
7230	1
7231	0
7232	0
7233	0
7234	1
7235	1
7236	0
7237	0
7238	0
7239	0
7240	2
7241	0
7242	0
7243	0
7244	0
7245	0
7246	0
7247	1
7248	1
7249	1
7250	1
7251	2
7252	0
7253	1
7254	0
7255	1
7256	0
7257	0
7258	0
7259	1
7260	0
7261	0
7262	0
7263	0
7264	0
7265	0
7266	0
7267	0
7268	1
7269	0
7270	0
7271	0
7272	1
7273	0
7274	0
7275	0
7276	0
7277	0
7278	1
7279	0
7280	0
7281	1
7282	0
7283	0
7284	0
7285	0
7286	0
7287	1
7288	0
7289	1
7290	1
7291	0
7292	1
7293	0
7294	1
7295	1
7296	0
7297	1
7298	2
7299	0
7300	0
7301	0
7302	1
7303	1
7304	1
7305	1
7306	0
7307	0
7308	1
7309	0
7310	0
7311	1
7312	1
7313	0
7314	0
7315	0
7316	0
7317	1
7318	0
7319	0
7320	1
7321	0
7322	0
7323	0
7324	0
7325	1
7326	0
7327	1
7328	0
7329	2
7330	0
7331	0
7332	1
7333	0
7334	0
7335	0
7336	0
7337	0
7338	0
7339	1
7340	0
7341	0
7342	1
7343	0
7344	1
7345	2
7346	1
7347	1
7348	2
7349	1
7350	1
7351	0
7352	0
7353	1
7354	0
7355	1
7356	2
7357	0
7358	2
7359	1
7360	0
7361	1
7362	0
7363	0
7364	0
7365	1
7366	0
7367	0
7368	0
7369	0
7370	0
7371	2
7372	1
7373	0
7374	0
7375	0
7376	0
7377	0
7378	0
7379	0
7380	0
7381	0
7382	1
7383	0
7384	0
7385	1
7386	0
7387	1
7388	0
7389	1
7390	0
7391	0
7392	0
7393	1
7394	0
7395	0
7396	0
7397	0
7398	0
7399	1
7400	1
7401	1
7402	0
7403	1
7404	0
7405	0
7406	0
7407	1
7408	0
7409	0
7410	0
7411	0
7412	0
7413	0
7414	1
7415	0
7416	0
7417	0
7418	0
7419	0
7420	0
7421	1
7422	0
7423	0
7424	0
7425	0
7426	1
7427	0
7428	0
7429	1
7430	0
7431	0
7432	1
7433	0
7434	1
7435	0
7436	0
7437	0
7438	0
7439	0
7440	0
7441	0
7442	0
7443	0
7444	0
7445	0
7446	0
7447	1
7448	0
7449	0
7450	0
7451	0
7452	2
7453	0
7454	0
7455	0
7456	0
7457	0
7458	0
7459	0
7460	0
7461	1
7462	0
7463	0
7464	1
7465	0
7466	1
7467	0
7468	0
7469	1
7470	0
7471	0
7472	1
7473	0
7474	0
7475	0
7476	0
7477	1
7478	0
7479	1
7480	2
7481	2
7482	0
7483	1
7484	0
7485	0
7486	0
7487	0
7488	0
7489	0
7490	1
7491	0
7492	0
7493	0
7494	0
7495	0
7496	0
7497	0
7498	1
7499	0
7500	0
7501	0
7502	2
7503	0
7504	0
7505	0
7506	1
7507	0
7508	0
7509	0
7510	0
7511	0
7512	0
7513	2
7514	0
7515	1
7516	0
7517	0
7518	0
7519	1
7520	0
7521	0
7522	0
7523	0
7524	0
7525	0
7526	0
7527	2
7528	0
7529	0
7530	1
7531	0
7532	1
7533	0
7534	0
7535	0
7536	0
7537	0
7538	0
7539	0
7540	1
7541	1
7542	0
7543	0
7544	0
7545	1
7546	0
7547	0
7548	0
7549	0
7550	0
7551	0
7552	1
7553	0
7554	0
7555	0
7556	0
7557	1
7558	0
7559	0
7560	0
7561	0
7562	0
7563	0
7564	0
7565	0
7566	0
7567	0
7568	0
7569	0
7570	1
7571	0
7572	0
7573	1
7574	0
7575	0
7576	0
7577	0
7578	0
7579	0
7580	1
7581	1
7582	0
7583	0
7584	0
7585	2
7586	0
7587	0
7588	0
7589	0
7590	3
7591	1
7592	0
7593	0
7594	0
7595	1
7596	0
7597	0
7598	0
7599	0
7600	1
7601	0
7602	1
7603	1
7604	0
7605	0
7606	0
7607	0
7608	0
7609	0
7610	0
7611	1
7612	0
7613	0
7614	1
7615	0
7616	0
7617	1
7618	0
7619	0
7620	0
7621	0
7622	1
7623	0
7624	0
7625	0
7626	0
7627	0
7628	0
7629	0
7630	0
7631	0
7632	0
7633	0
7634	0
7635	0
7636	0
7637	0
7638	0
7639	0
7640	1
7641	0
7642	0
7643	0
7644	0
7645	0
7646	1
7647	0
7648	0
7649	0
7650	0
7651	0
7652	0
7653	0
7654	0
7655	0
7656	0
7657	0
7658	0
7659	0
7660	0
7661	0
7662	0
7663	0
7664	0
7665	1
7666	0
7667	0
7668	0
7669	0
7670	0
7671	1
7672	0
7673	0
7674	0
7675	1
7676	0
7677	1
7678	0
7679	0
7680	0
7681	0
7682	0
7683	0
7684	0
7685	0
7686	0
7687	1
7688	0
7689	0
7690	0
7691	0
7692	0
7693	0
7694	0
7695	1
7696	0
7697	0
7698	0
7699	0
7700	1
7701	0
7702	0
7703	0
7704	0
7705	0
7706	0
7707	1
7708	0
7709	2
7710	1
7711	0
7712	0
7713	1
7714	0
7715	0
7716	0
7717	0
7718	1
7719	0
7720	0
7721	0
7722	1
7723	0
7724	0
7725	1
7726	1
7727	0
7728	1
7729	0
7730	0
7731	0
7732	0
7733	0
7734	1
7735	0
7736	0
7737	0
7738	0
7739	0
7740	0
7741	1
7742	0
7743	1
7744	2
7745	0
7746	0
7747	0
7748	0
7749	0
7750	0
7751	0
7752	1
7753	0
7754	0
7755	0
7756	1
7757	0
7758	0
7759	1
7760	0
7761	0
7762	0
7763	0
7764	1
7765	0
7766	0
7767	0
7768	0
7769	1
7770	1
7771	0
7772	0
7773	0
7774	0
7775	0
7776	0
7777	0
7778	0
7779	0
7780	0
7781	0
7782	0
7783	0
7784	0
7785	1
7786	0
7787	0
7788	0
7789	0
7790	0
7791	1
7792	0
7793	0
7794	0
7795	0
7796	0
7797	0
7798	0
7799	0
7800	0
7801	1
7802	0
7803	0
7804	0
7805	0
7806	0
7807	0
7808	0
7809	0
7810	1
7811	0
7812	0
7813	0
7814	0
7815	0
7816	0
7817	3
7818	0
7819	0
7820	0
7821	1
7822	0
7823	0
7824	0
7825	0
7826	2
7827	0
7828	1
7829	0
7830	0
7831	1
7832	0
7833	1
7834	0
7835	0
7836	0
7837	0
7838	1
7839	0
7840	0
7841	0
7842	0
7843	0
7844	0
7845	0
7846	1
7847	0
7848	0
7849	0
7850	0
7851	0
7852	0
7853	0
7854	0
7855	0
7856	0
7857	0
7858	1
7859	0
7860	0
7861	0
7862	0
7863	0
7864	0
7865	1
7866	1
7867	0
7868	0
7869	0
7870	0
7871	1
7872	0
7873	0
7874	1
7875	0
7876	0
7877	2
7878	0
7879	0
7880	0
7881	0
7882	0
7883	0
7884	0
7885	0
7886	0
7887	0
7888	0
7889	0
7890	0
7891	0
7892	0
7893	0
7894	0
7895	0
7896	0
7897	0
7898	0
7899	0
7900	0
7901	0
7902	1
7903	0
7904	0
7905	0
7906	0
7907	0
7908	0
7909	0
7910	0
7911	0
7912	0
7913	0
7914	0
7915	0
7916	0
7917	0
7918	0
7919	0
7920	0
7921	0
7922	0
7923	0
7924	0
7925	0
7926	0
7927	0
7928	0
7929	0
7930	0
7931	0
7932	0
7933	0
7934	0
7935	0
7936	0
7937	0
7938	0
7939	0
7940	0
7941	0
7942	0
7943	0
7944	0
7945	0
7946	0
7947	0
7948	0
7949	0
7950	0
7951	0
7952	0
7953	0
7954	0
7955	0
7956	0
7957	0
7958	0
7959	0
7960	0
7961	0
7962	0
7963	0
7964	0
7965	0
7966	0
7967	0
7968	0
7969	0
7970	0
7971	0
7972	0
7973	0
7974	0
7975	0
7976	0
7977	0
7978	0
7979	0
7980	0
7981	0
7982	0
7983	0
7984	0
7985	0
7986	0
7987	0
7988	0
7989	0
7990	0
7991	0
7992	0
7993	0
7994	0
7995	0
7996	0
7997	0
7998	0
7999	0
8000	0
8001	0
8002	0
8003	0
8004	0
8005	0
8006	0
8007	0
8008	0
8009	0
8010	0
8011	0
8012	0
8013	0
8014	0
8015	0
8016	0
8017	0
8018	0
8019	0
8020	0
8021	0
8022	0
8023	0
8024	0
8025	0
8026	0
8027	0
8028	0
8029	0
8030	0
8031	0
8032	0
8033	0
8034	0
8035	0
8036	0
8037	0
8038	0
8039	0
8040	0
8041	0
8042	0
8043	0
8044	0
8045	0
8046	0
8047	0
8048	0
8049	0
8050	0
8051	0
8052	0
8053	0
8054	0
8055	0
8056	0
8057	0
8058	0
8059	0
8060	0
8061	0
8062	0
8063	0
8064	0
8065	0
8066	0
8067	0
8068	0
8069	0
8070	0
8071	0
8072	0
8073	0
8074	0
8075	0
8076	0
8077	0
8078	0
8079	0
8080	0
8081	0
8082	0
8083	0
8084	0
8085	0
8086	0
8087	0
8088	0
8089	0
8090	0
8091	0
8092	0
8093	0
8094	0
8095	0
8096	0
8097	0
8098	0
8099	0
8100	0
8101	0
8102	0
8103	0
8104	0
8105	0
8106	0
8107	0
8108	0
8109	0
8110	0
8111	0
8112	0
8113	0
8114	0
8115	0
8116	0
8117	0
8118	0
8119	0
8120	0
8121	0
8122	0
8123	0
8124	0
8125	0
8126	0
8127	0
8128	0
8129	0
8130	0
8131	0
8132	0
8133	0
8134	0
8135	0
8136	0
8137	0
8138	0
8139	0
8140	0
8141	0
8142	0
8143	0
8144	0
8145	0
8146	0
8147	0
8148	0
8149	0
8150	0
8151	0
8152	0
8153	0
8154	0
8155	0
8156	0
8157	0
8158	0
8159	0
8160	0
8161	0
8162	0
8163	0
8164	0
8165	0
8166	0
8167	0
8168	0
8169	0
8170	0
8171	0
8172	0
8173	0
8174	0
8175	0
8176	0
8177	0
8178	0
8179	0
8180	0
8181	0
8182	0
8183	0
8184	0
8185	0
8186	0
8187	0
8188	0
8189	0
8190	0
8191	0
