0	0
1	0
2	0
3	0
4	0
5	0
6	0
7	0
8	0
9	0
10	0
11	0
12	0
13	0
14	0
15	0
16	0
17	0
18	0
19	0
20	0
21	0
22	0
23	0
24	0
25	0
26	0
27	0
28	0
29	0
30	0
31	0
32	0
33	0
34	0
35	0
36	0
37	0
38	0
39	0
40	0
41	0
42	0
43	0
44	0
45	0
46	0
47	0
48	0
49	0
50	0
51	0
52	0
53	0
54	0
55	0
56	0
57	0
58	0
59	0
60	0
61	0
62	0
63	0
64	0
65	0
66	0
67	0
68	0
69	0
70	0
71	0
72	0
73	0
74	0
75	0
76	0
77	0
78	0
79	0
80	0
81	0
82	0
83	5
84	17
85	13
86	19
87	23
88	27
89	29
90	19
91	24
92	16
93	20
94	20
95	20
96	24
97	25
98	20
99	20
100	12
101	20
102	21
103	18
104	15
105	19
106	26
107	24
108	22
109	24
110	26
111	13
112	31
113	21
114	17
115	21
116	22
117	22
118	24
119	26
120	26
121	25
122	18
123	24
124	23
125	15
126	22
127	26
128	24
129	21
130	22
131	21
132	24
133	25
134	30
135	23
136	16
137	27
138	20
139	14
140	25
141	28
142	21
143	27
144	24
145	20
146	20
147	13
148	25
149	17
150	26
151	34
152	24
153	23
154	20
155	22
156	18
157	14
158	26
159	22
160	26
161	22
162	18
163	22
164	28
165	28
166	20
167	17
168	29
169	17
170	32
171	27
172	19
173	25
174	25
175	19
176	24
177	16
178	24
179	30
180	17
181	25
182	25
183	19
184	21
185	15
186	26
187	26
188	29
189	25
190	17
191	22
192	21
193	23
194	33
195	16
196	22
197	26
198	23
199	24
200	26
201	33
202	25
203	22
204	27
205	35
206	24
207	22
208	20
209	20
210	32
211	27
212	26
213	21
214	25
215	29
216	25
217	33
218	22
219	26
220	24
221	25
222	15
223	21
224	22
225	18
226	34
227	20
228	24
229	24
230	19
231	30
232	21
233	25
234	22
235	31
236	23
237	19
238	29
239	24
240	25
241	26
242	24
243	26
244	29
245	26
246	29
247	22
248	29
249	32
250	18
251	15
252	17
253	33
254	31
255	27
256	29
257	18
258	21
259	23
260	18
261	29
262	24
263	22
264	28
265	32
266	21
267	15
268	28
269	20
270	30
271	25
272	24
273	27
274	26
275	25
276	23
277	21
278	21
279	24
280	24
281	23
282	29
283	27
284	31
285	31
286	23
287	21
288	20
289	26
290	30
291	21
292	28
293	31
294	26
295	23
296	34
297	24
298	25
299	22
300	29
301	22
302	28
303	27
304	29
305	25
306	24
307	21
308	22
309	25
310	35
311	27
312	20
313	17
314	30
315	21
316	31
317	27
318	35
319	29
320	31
321	20
322	28
323	29
324	28
325	18
326	24
327	18
328	29
329	25
330	21
331	21
332	31
333	28
334	19
335	32
336	20
337	15
338	34
339	29
340	29
341	27
342	22
343	28
344	20
345	27
346	41
347	24
348	19
349	25
350	22
351	16
352	24
353	28
354	26
355	22
356	27
357	20
358	18
359	28
360	20
361	32
362	25
363	22
364	27
365	32
366	18
367	22
368	30
369	22
370	31
371	29
372	28
373	25
374	22
375	27
376	29
377	29
378	25
379	22
380	19
381	33
382	27
383	27
384	23
385	20
386	30
387	27
388	25
389	34
390	30
391	23
392	19
393	35
394	18
395	25
396	30
397	26
398	25
399	24
400	31
401	23
402	33
403	26
404	19
405	31
406	21
407	23
408	25
409	26
410	32
411	26
412	22
413	32
414	22
415	24
416	27
417	35
418	25
419	29
420	24
421	23
422	17
423	32
424	28
425	29
426	20
427	35
428	27
429	24
430	30
431	21
432	22
433	28
434	29
435	27
436	35
437	31
438	27
439	36
440	31
441	29
442	34
443	20
444	21
445	31
446	25
447	29
448	26
449	32
450	28
451	26
452	40
453	33
454	32
455	32
456	30
457	33
458	30
459	33
460	33
461	30
462	25
463	23
464	30
465	21
466	38
467	31
468	35
469	27
470	32
471	31
472	35
473	26
474	24
475	41
476	32
477	37
478	37
479	45
480	30
481	35
482	35
483	36
484	38
485	34
486	30
487	38
488	40
489	33
490	31
491	48
492	33
493	25
494	42
495	48
496	36
497	37
498	34
499	51
500	50
501	33
502	42
503	37
504	29
505	33
506	49
507	36
508	32
509	52
510	37
511	39
512	41
513	39
514	41
515	33
516	48
517	38
518	38
519	42
520	40
521	46
522	37
523	43
524	46
525	35
526	38
527	47
528	47
529	40
530	45
531	47
532	37
533	34
534	49
535	38
536	34
537	48
538	41
539	34
540	46
541	29
542	37
543	39
544	35
545	22
546	49
547	41
548	33
549	42
550	33
551	34
552	38
553	32
554	37
555	36
556	39
557	42
558	31
559	29
560	49
561	33
562	43
563	50
564	32
565	43
566	37
567	41
568	32
569	38
570	42
571	36
572	38
573	31
574	30
575	45
576	44
577	21
578	32
579	39
580	38
581	37
582	34
583	36
584	31
585	37
586	30
587	38
588	37
589	42
590	40
591	39
592	44
593	34
594	32
595	33
596	32
597	26
598	34
599	31
600	52
601	21
602	25
603	35
604	37
605	25
606	33
607	35
608	37
609	37
610	42
611	31
612	32
613	22
614	22
615	42
616	28
617	32
618	42
619	28
620	40
621	29
622	27
623	34
624	38
625	35
626	37
627	39
628	30
629	23
630	24
631	29
632	41
633	26
634	45
635	32
636	36
637	36
638	34
639	21
640	29
641	21
642	24
643	37
644	34
645	24
646	34
647	41
648	28
649	42
650	29
651	40
652	36
653	36
654	41
655	31
656	29
657	27
658	31
659	31
660	34
661	26
662	27
663	23
664	35
665	45
666	26
667	36
668	42
669	29
670	29
671	23
672	34
673	23
674	31
675	32
676	30
677	32
678	40
679	25
680	26
681	44
682	21
683	27
684	45
685	31
686	34
687	22
688	40
689	42
690	27
691	38
692	32
693	34
694	37
695	24
696	28
697	32
698	46
699	35
700	38
701	57
702	32
703	36
704	41
705	39
706	35
707	36
708	29
709	31
710	39
711	35
712	52
713	35
714	33
715	45
716	47
717	33
718	27
719	36
720	34
721	30
722	30
723	29
724	28
725	30
726	36
727	30
728	36
729	38
730	46
731	40
732	35
733	40
734	40
735	36
736	35
737	34
738	39
739	36
740	38
741	36
742	33
743	33
744	43
745	40
746	35
747	45
748	46
749	41
750	37
751	36
752	37
753	42
754	24
755	38
756	31
757	35
758	38
759	34
760	36
761	37
762	36
763	38
764	38
765	34
766	50
767	33
768	37
769	42
770	31
771	43
772	28
773	28
774	44
775	45
776	47
777	47
778	34
779	40
780	36
781	38
782	40
783	46
784	40
785	39
786	38
787	45
788	26
789	30
790	37
791	39
792	41
793	39
794	52
795	42
796	34
797	41
798	55
799	45
800	44
801	37
802	41
803	45
804	41
805	57
806	39
807	48
808	34
809	39
810	58
811	36
812	50
813	34
814	44
815	48
816	46
817	38
818	30
819	39
820	40
821	39
822	35
823	44
824	40
825	38
826	41
827	48
828	44
829	45
830	40
831	42
832	36
833	35
834	53
835	46
836	47
837	42
838	51
839	51
840	36
841	39
842	41
843	27
844	38
845	50
846	41
847	36
848	51
849	50
850	40
851	40
852	41
853	44
854	45
855	34
856	50
857	27
858	52
859	43
860	31
861	39
862	42
863	49
864	41
865	49
866	45
867	47
868	35
869	47
870	35
871	56
872	57
873	48
874	35
875	40
876	46
877	35
878	45
879	55
880	45
881	37
882	35
883	53
884	48
885	44
886	44
887	68
888	46
889	43
890	42
891	52
892	35
893	40
894	48
895	53
896	39
897	52
898	49
899	39
900	38
901	41
902	52
903	39
904	39
905	39
906	40
907	38
908	41
909	52
910	43
911	52
912	43
913	37
914	43
915	43
916	38
917	54
918	40
919	42
920	44
921	47
922	44
923	45
924	48
925	31
926	49
927	47
928	54
929	35
930	54
931	39
932	34
933	53
934	46
935	44
936	45
937	47
938	41
939	48
940	52
941	38
942	54
943	45
944	55
945	52
946	60
947	44
948	42
949	44
950	47
951	46
952	49
953	49
954	48
955	60
956	43
957	49
958	48
959	49
960	45
961	44
962	40
963	41
964	55
965	28
966	44
967	42
968	50
969	60
970	51
971	48
972	38
973	42
974	58
975	43
976	49
977	45
978	40
979	40
980	44
981	57
982	42
983	55
984	49
985	51
986	52
987	34
988	47
989	44
990	43
991	59
992	50
993	49
994	56
995	47
996	44
997	52
998	47
999	37
1000	53
1001	59
1002	42
1003	52
1004	50
1005	48
1006	46
1007	51
1008	44
1009	51
1010	42
1011	31
1012	48
1013	47
1014	51
1015	45
1016	50
1017	49
1018	51
1019	54
1020	36
1021	48
1022	51
1023	40
1024	33
1025	47
1026	54
1027	43
1028	38
1029	50
1030	38
1031	54
1032	38
1033	51
1034	43
1035	43
1036	59
1037	49
1038	68
1039	51
1040	51
1041	45
1042	54
1043	54
1044	55
1045	46
1046	53
1047	58
1048	45
1049	63
1050	33
1051	31
1052	45
1053	53
1054	45
1055	51
1056	39
1057	49
1058	45
1059	51
1060	42
1061	48
1062	47
1063	49
1064	48
1065	51
1066	37
1067	52
1068	59
1069	47
1070	38
1071	53
1072	49
1073	47
1074	63
1075	50
1076	54
1077	42
1078	44
1079	61
1080	54
1081	54
1082	47
1083	49
1084	53
1085	41
1086	48
1087	46
1088	57
1089	40
1090	49
1091	53
1092	48
1093	47
1094	37
1095	66
1096	39
1097	41
1098	59
1099	57
1100	43
1101	56
1102	54
1103	47
1104	52
1105	49
1106	50
1107	53
1108	54
1109	53
1110	54
1111	47
1112	41
1113	59
1114	46
1115	52
1116	61
1117	48
1118	62
1119	53
1120	50
1121	57
1122	41
1123	57
1124	43
1125	64
1126	53
1127	47
1128	56
1129	48
1130	54
1131	49
1132	54
1133	53
1134	45
1135	49
1136	54
1137	56
1138	59
1139	44
1140	55
1141	61
1142	53
1143	56
1144	59
1145	54
1146	55
1147	52
1148	43
1149	45
1150	58
1151	49
1152	52
1153	39
1154	52
1155	50
1156	47
1157	49
1158	62
1159	54
1160	47
1161	48
1162	48
1163	47
1164	58
1165	58
1166	56
1167	45
1168	51
1169	47
1170	43
1171	45
1172	57
1173	44
1174	50
1175	60
1176	61
1177	65
1178	49
1179	57
1180	50
1181	43
1182	45
1183	54
1184	54
1185	43
1186	49
1187	38
1188	66
1189	57
1190	61
1191	67
1192	64
1193	52
1194	53
1195	49
1196	59
1197	54
1198	51
1199	43
1200	62
1201	51
1202	53
1203	40
1204	45
1205	50
1206	64
1207	53
1208	44
1209	53
1210	49
1211	52
1212	59
1213	53
1214	51
1215	62
1216	68
1217	52
1218	57
1219	64
1220	30
1221	61
1222	49
1223	61
1224	57
1225	52
1226	37
1227	51
1228	48
1229	48
1230	62
1231	55
1232	56
1233	42
1234	41
1235	56
1236	50
1237	63
1238	49
1239	53
1240	46
1241	42
1242	50
1243	58
1244	53
1245	57
1246	44
1247	46
1248	56
1249	57
1250	39
1251	54
1252	49
1253	56
1254	41
1255	49
1256	54
1257	52
1258	67
1259	47
1260	45
1261	61
1262	46
1263	56
1264	48
1265	46
1266	60
1267	60
1268	57
1269	41
1270	44
1271	59
1272	54
1273	54
1274	49
1275	51
1276	56
1277	55
1278	37
1279	44
1280	52
1281	46
1282	63
1283	52
1284	50
1285	59
1286	59
1287	44
1288	65
1289	60
1290	55
1291	50
1292	64
1293	52
1294	25
1295	57
1296	52
1297	60
1298	47
1299	59
1300	49
1301	37
1302	49
1303	60
1304	53
1305	59
1306	50
1307	39
1308	52
1309	62
1310	47
1311	43
1312	51
1313	47
1314	45
1315	39
1316	52
1317	61
1318	52
1319	51
1320	45
1321	39
1322	49
1323	53
1324	56
1325	53
1326	54
1327	44
1328	52
1329	50
1330	50
1331	60
1332	58
1333	47
1334	57
1335	48
1336	49
1337	57
1338	52
1339	44
1340	56
1341	49
1342	45
1343	62
1344	54
1345	48
1346	39
1347	51
1348	48
1349	40
1350	50
1351	42
1352	53
1353	53
1354	52
1355	43
1356	52
1357	58
1358	42
1359	47
1360	46
1361	48
1362	50
1363	36
1364	44
1365	52
1366	45
1367	52
1368	36
1369	58
1370	55
1371	45
1372	50
1373	39
1374	47
1375	48
1376	46
1377	49
1378	55
1379	43
1380	51
1381	52
1382	38
1383	45
1384	47
1385	49
1386	37
1387	56
1388	46
1389	40
1390	43
1391	48
1392	47
1393	41
1394	38
1395	41
1396	40
1397	37
1398	44
1399	60
1400	49
1401	43
1402	47
1403	43
1404	51
1405	57
1406	37
1407	52
1408	41
1409	52
1410	43
1411	42
1412	52
1413	55
1414	50
1415	55
1416	46
1417	45
1418	46
1419	49
1420	51
1421	47
1422	58
1423	41
1424	54
1425	46
1426	39
1427	44
1428	47
1429	41
1430	45
1431	51
1432	38
1433	51
1434	50
1435	48
1436	43
1437	48
1438	40
1439	47
1440	40
1441	46
1442	46
1443	50
1444	43
1445	49
1446	48
1447	42
1448	32
1449	45
1450	48
1451	42
1452	42
1453	58
1454	42
1455	49
1456	38
1457	51
1458	43
1459	40
1460	43
1461	44
1462	44
1463	49
1464	43
1465	30
1466	41
1467	47
1468	45
1469	45
1470	41
1471	33
1472	48
1473	44
1474	39
1475	47
1476	44
1477	47
1478	48
1479	44
1480	42
1481	46
1482	55
1483	32
1484	43
1485	41
1486	45
1487	43
1488	45
1489	52
1490	48
1491	48
1492	36
1493	53
1494	43
1495	45
1496	46
1497	35
1498	43
1499	38
1500	52
1501	42
1502	45
1503	45
1504	42
1505	39
1506	50
1507	31
1508	48
1509	49
1510	36
1511	36
1512	41
1513	53
1514	35
1515	31
1516	42
1517	53
1518	43
1519	44
1520	48
1521	43
1522	48
1523	38
1524	38
1525	54
1526	46
1527	56
1528	34
1529	53
1530	44
1531	36
1532	50
1533	45
1534	31
1535	39
1536	52
1537	45
1538	49
1539	52
1540	48
1541	43
1542	33
1543	48
1544	43
1545	34
1546	45
1547	37
1548	44
1549	35
1550	37
1551	45
1552	47
1553	46
1554	51
1555	43
1556	32
1557	43
1558	43
1559	52
1560	41
1561	49
1562	38
1563	43
1564	55
1565	47
1566	36
1567	36
1568	34
1569	47
1570	32
1571	51
1572	46
1573	42
1574	34
1575	39
1576	44
1577	51
1578	37
1579	38
1580	38
1581	40
1582	43
1583	47
1584	31
1585	45
1586	50
1587	65
1588	42
1589	34
1590	37
1591	45
1592	37
1593	24
1594	43
1595	38
1596	33
1597	51
1598	37
1599	39
1600	38
1601	43
1602	48
1603	50
1604	37
1605	46
1606	35
1607	45
1608	38
1609	38
1610	43
1611	28
1612	40
1613	39
1614	41
1615	55
1616	51
1617	31
1618	37
1619	41
1620	35
1621	33
1622	33
1623	43
1624	40
1625	37
1626	40
1627	44
1628	42
1629	40
1630	31
1631	57
1632	36
1633	41
1634	43
1635	32
1636	37
1637	39
1638	38
1639	34
1640	36
1641	38
1642	36
1643	26
1644	32
1645	43
1646	44
1647	41
1648	38
1649	46
1650	29
1651	50
1652	30
1653	40
1654	45
1655	44
1656	44
1657	49
1658	40
1659	35
1660	40
1661	33
1662	33
1663	45
1664	39
1665	20
1666	37
1667	32
1668	33
1669	47
1670	38
1671	31
1672	46
1673	33
1674	34
1675	29
1676	46
1677	42
1678	53
1679	35
1680	37
1681	36
1682	35
1683	38
1684	42
1685	41
1686	49
1687	44
1688	55
1689	36
1690	40
1691	37
1692	41
1693	39
1694	31
1695	37
1696	34
1697	36
1698	39
1699	25
1700	47
1701	48
1702	40
1703	42
1704	44
1705	35
1706	38
1707	42
1708	46
1709	48
1710	41
1711	32
1712	44
1713	51
1714	37
1715	42
1716	44
1717	42
1718	34
1719	41
1720	45
1721	49
1722	38
1723	49
1724	32
1725	32
1726	35
1727	35
1728	41
1729	45
1730	34
1731	44
1732	39
1733	27
1734	44
1735	47
1736	39
1737	39
1738	40
1739	48
1740	20
1741	31
1742	39
1743	35
1744	54
1745	37
1746	30
1747	36
1748	33
1749	35
1750	41
1751	41
1752	32
1753	38
1754	30
1755	40
1756	33
1757	33
1758	36
1759	39
1760	41
1761	34
1762	53
1763	29
1764	36
1765	39
1766	36
1767	30
1768	42
1769	39
1770	41
1771	45
1772	38
1773	37
1774	28
1775	39
1776	41
1777	33
1778	33
1779	42
1780	50
1781	31
1782	39
1783	43
1784	37
1785	44
1786	42
1787	43
1788	33
1789	40
1790	38
1791	36
1792	37
1793	36
1794	35
1795	44
1796	36
1797	41
1798	37
1799	30
1800	40
1801	46
1802	33
1803	41
1804	44
1805	41
1806	32
1807	35
1808	30
1809	30
1810	41
1811	33
1812	32
1813	34
1814	44
1815	34
1816	27
1817	42
1818	35
1819	29
1820	32
1821	32
1822	33
1823	37
1824	35
1825	31
1826	40
1827	35
1828	35
1829	35
1830	40
1831	32
1832	45
1833	39
1834	38
1835	40
1836	46
1837	32
1838	46
1839	48
1840	35
1841	29
1842	33
1843	38
1844	40
1845	28
1846	35
1847	27
1848	42
1849	34
1850	36
1851	41
1852	47
1853	34
1854	44
1855	46
1856	31
1857	34
1858	36
1859	32
1860	30
1861	23
1862	32
1863	29
1864	39
1865	31
1866	34
1867	42
1868	39
1869	45
1870	27
1871	41
1872	37
1873	38
1874	38
1875	30
1876	34
1877	30
1878	39
1879	39
1880	33
1881	34
1882	42
1883	35
1884	38
1885	29
1886	37
1887	29
1888	43
1889	27
1890	34
1891	33
1892	36
1893	26
1894	33
1895	39
1896	44
1897	43
1898	37
1899	32
1900	30
1901	30
1902	30
1903	31
1904	34
1905	29
1906	45
1907	40
1908	31
1909	31
1910	36
1911	39
1912	42
1913	42
1914	38
1915	36
1916	35
1917	29
1918	28
1919	28
1920	35
1921	31
1922	34
1923	31
1924	42
1925	27
1926	31
1927	42
1928	31
1929	25
1930	32
1931	40
1932	31
1933	31
1934	23
1935	46
1936	43
1937	35
1938	39
1939	38
1940	31
1941	36
1942	35
1943	37
1944	25
1945	26
1946	33
1947	33
1948	39
1949	29
1950	33
1951	35
1952	28
1953	31
1954	25
1955	23
1956	30
1957	34
1958	39
1959	42
1960	40
1961	32
1962	28
1963	35
1964	42
1965	34
1966	40
1967	35
1968	35
1969	36
1970	32
1971	39
1972	38
1973	33
1974	32
1975	28
1976	27
1977	38
1978	28
1979	27
1980	46
1981	25
1982	27
1983	32
1984	30
1985	37
1986	27
1987	34
1988	38
1989	38
1990	43
1991	30
1992	30
1993	39
1994	38
1995	38
1996	24
1997	36
1998	33
1999	24
2000	31
2001	38
2002	37
2003	22
2004	31
2005	27
2006	45
2007	35
2008	45
2009	34
2010	30
2011	35
2012	40
2013	37
2014	35
2015	20
2016	35
2017	39
2018	42
2019	29
2020	43
2021	37
2022	35
2023	34
2024	44
2025	32
2026	27
2027	33
2028	32
2029	27
2030	35
2031	29
2032	39
2033	32
2034	30
2035	34
2036	30
2037	31
2038	37
2039	30
2040	25
2041	30
2042	43
2043	31
2044	38
2045	30
2046	35
2047	31
2048	29
2049	35
2050	41
2051	25
2052	33
2053	32
2054	28
2055	34
2056	31
2057	32
2058	36
2059	31
2060	31
2061	26
2062	31
2063	22
2064	34
2065	35
2066	29
2067	37
2068	36
2069	35
2070	41
2071	25
2072	34
2073	29
2074	35
2075	44
2076	33
2077	29
2078	25
2079	34
2080	41
2081	31
2082	29
2083	29
2084	24
2085	37
2086	23
2087	28
2088	26
2089	32
2090	31
2091	30
2092	18
2093	46
2094	28
2095	37
2096	37
2097	26
2098	42
2099	24
2100	34
2101	28
2102	20
2103	33
2104	28
2105	42
2106	29
2107	20
2108	26
2109	49
2110	37
2111	29
2112	33
2113	30
2114	39
2115	23
2116	30
2117	20
2118	29
2119	41
2120	32
2121	33
2122	38
2123	35
2124	28
2125	19
2126	26
2127	37
2128	37
2129	30
2130	31
2131	36
2132	41
2133	40
2134	33
2135	24
2136	20
2137	35
2138	33
2139	34
2140	29
2141	29
2142	30
2143	36
2144	32
2145	43
2146	27
2147	22
2148	37
2149	28
2150	29
2151	34
2152	26
2153	31
2154	26
2155	39
2156	32
2157	42
2158	33
2159	39
2160	27
2161	31
2162	31
2163	32
2164	28
2165	35
2166	22
2167	24
2168	36
2169	30
2170	31
2171	29
2172	36
2173	35
2174	30
2175	30
2176	23
2177	22
2178	28
2179	29
2180	30
2181	37
2182	36
2183	29
2184	28
2185	25
2186	41
2187	39
2188	32
2189	22
2190	42
2191	22
2192	35
2193	26
2194	23
2195	29
2196	34
2197	40
2198	42
2199	36
2200	35
2201	34
2202	37
2203	24
2204	42
2205	26
2206	25
2207	38
2208	28
2209	33
2210	33
2211	49
2212	24
2213	33
2214	25
2215	27
2216	34
2217	42
2218	43
2219	33
2220	35
2221	36
2222	26
2223	37
2224	28
2225	26
2226	40
2227	33
2228	36
2229	23
2230	39
2231	23
2232	31
2233	32
2234	27
2235	18
2236	20
2237	29
2238	32
2239	34
2240	30
2241	25
2242	30
2243	32
2244	26
2245	30
2246	36
2247	36
2248	37
2249	28
2250	39
2251	23
2252	23
2253	25
2254	33
2255	32
2256	37
2257	23
2258	23
2259	33
2260	30
2261	27
2262	26
2263	34
2264	28
2265	32
2266	32
2267	32
2268	41
2269	31
2270	39
2271	33
2272	23
2273	29
2274	26
2275	34
2276	43
2277	24
2278	31
2279	35
2280	24
2281	23
2282	30
2283	29
2284	29
2285	29
2286	36
2287	34
2288	39
2289	31
2290	35
2291	29
2292	28
2293	27
2294	26
2295	41
2296	17
2297	21
2298	36
2299	28
2300	40
2301	22
2302	27
2303	33
2304	22
2305	35
2306	30
2307	32
2308	30
2309	28
2310	25
2311	31
2312	33
2313	27
2314	31
2315	35
2316	28
2317	33
2318	28
2319	38
2320	29
2321	21
2322	24
2323	26
2324	26
2325	24
2326	24
2327	30
2328	26
2329	24
2330	30
2331	26
2332	25
2333	28
2334	24
2335	29
2336	26
2337	30
2338	22
2339	31
2340	30
2341	35
2342	32
2343	34
2344	19
2345	22
2346	28
2347	35
2348	28
2349	33
2350	27
2351	24
2352	26
2353	34
2354	27
2355	27
2356	31
2357	27
2358	37
2359	29
2360	23
2361	28
2362	23
2363	40
2364	37
2365	30
2366	28
2367	34
2368	35
2369	21
2370	31
2371	24
2372	29
2373	28
2374	23
2375	33
2376	27
2377	36
2378	32
2379	34
2380	28
2381	28
2382	34
2383	31
2384	30
2385	30
2386	34
2387	28
2388	26
2389	37
2390	35
2391	37
2392	29
2393	29
2394	43
2395	17
2396	34
2397	28
2398	35
2399	25
2400	21
2401	30
2402	26
2403	28
2404	30
2405	28
2406	26
2407	16
2408	34
2409	32
2410	24
2411	28
2412	29
2413	30
2414	28
2415	25
2416	28
2417	35
2418	36
2419	30
2420	27
2421	25
2422	31
2423	41
2424	31
2425	32
2426	29
2427	25
2428	24
2429	33
2430	35
2431	24
2432	28
2433	29
2434	33
2435	24
2436	32
2437	35
2438	27
2439	32
2440	27
2441	22
2442	25
2443	24
2444	35
2445	31
2446	26
2447	26
2448	26
2449	27
2450	29
2451	25
2452	31
2453	22
2454	26
2455	38
2456	31
2457	25
2458	32
2459	26
2460	31
2461	26
2462	31
2463	22
2464	34
2465	19
2466	15
2467	30
2468	27
2469	39
2470	31
2471	24
2472	39
2473	27
2474	28
2475	31
2476	28
2477	26
2478	41
2479	30
2480	23
2481	35
2482	29
2483	21
2484	21
2485	38
2486	31
2487	33
2488	31
2489	25
2490	30
2491	25
2492	33
2493	26
2494	35
2495	33
2496	32
2497	20
2498	36
2499	36
2500	29
2501	29
2502	29
2503	30
2504	25
2505	32
2506	36
2507	35
2508	29
2509	25
2510	27
2511	26
2512	26
2513	26
2514	31
2515	28
2516	30
2517	33
2518	32
2519	30
2520	30
2521	31
2522	34
2523	24
2524	21
2525	25
2526	31
2527	22
2528	28
2529	30
2530	30
2531	27
2532	34
2533	23
2534	24
2535	35
2536	35
2537	26
2538	26
2539	41
2540	31
2541	23
2542	26
2543	39
2544	26
2545	29
2546	37
2547	30
2548	23
2549	30
2550	31
2551	27
2552	21
2553	29
2554	27
2555	25
2556	27
2557	32
2558	23
2559	36
2560	20
2561	33
2562	38
2563	31
2564	32
2565	28
2566	30
2567	35
2568	38
2569	26
2570	33
2571	35
2572	29
2573	20
2574	32
2575	30
2576	35
2577	28
2578	39
2579	33
2580	33
2581	31
2582	28
2583	26
2584	26
2585	24
2586	31
2587	39
2588	29
2589	39
2590	20
2591	28
2592	29
2593	27
2594	22
2595	30
2596	33
2597	19
2598	29
2599	31
2600	39
2601	26
2602	28
2603	25
2604	25
2605	22
2606	27
2607	28
2608	34
2609	28
2610	28
2611	31
2612	22
2613	22
2614	34
2615	38
2616	38
2617	34
2618	24
2619	32
2620	29
2621	26
2622	19
2623	30
2624	29
2625	29
2626	25
2627	35
2628	21
2629	36
2630	24
2631	23
2632	17
2633	36
2634	20
2635	33
2636	32
2637	17
2638	31
2639	30
2640	24
2641	18
2642	24
2643	26
2644	30
2645	24
2646	18
2647	29
2648	28
2649	23
2650	11
2651	36
2652	30
2653	22
2654	29
2655	30
2656	27
2657	28
2658	29
2659	21
2660	26
2661	29
2662	24
2663	23
2664	39
2665	19
2666	28
2667	28
2668	27
2669	30
2670	36
2671	29
2672	27
2673	28
2674	32
2675	27
2676	28
2677	21
2678	25
2679	30
2680	24
2681	29
2682	23
2683	20
2684	24
2685	37
2686	29
2687	23
2688	28
2689	33
2690	26
2691	14
2692	31
2693	22
2694	20
2695	29
2696	21
2697	30
2698	22
2699	18
2700	22
2701	28
2702	33
2703	21
2704	24
2705	25
2706	28
2707	16
2708	31
2709	24
2710	19
2711	34
2712	26
2713	23
2714	28
2715	30
2716	23
2717	24
2718	24
2719	24
2720	25
2721	26
2722	21
2723	28
2724	26
2725	25
2726	35
2727	28
2728	29
2729	31
2730	35
2731	31
2732	31
2733	21
2734	26
2735	25
2736	39
2737	29
2738	25
2739	27
2740	25
2741	20
2742	26
2743	28
2744	24
2745	40
2746	19
2747	23
2748	38
2749	27
2750	23
2751	31
2752	34
2753	33
2754	27
2755	27
2756	26
2757	23
2758	27
2759	25
2760	43
2761	23
2762	25
2763	27
2764	23
2765	31
2766	30
2767	26
2768	30
2769	27
2770	24
2771	22
2772	29
2773	28
2774	22
2775	36
2776	21
2777	27
2778	25
2779	23
2780	27
2781	28
2782	27
2783	28
2784	31
2785	31
2786	28
2787	28
2788	22
2789	14
2790	24
2791	25
2792	33
2793	26
2794	21
2795	26
2796	31
2797	29
2798	19
2799	28
2800	25
2801	18
2802	30
2803	16
2804	21
2805	27
2806	30
2807	29
2808	29
2809	22
2810	16
2811	22
2812	18
2813	26
2814	28
2815	25
2816	24
2817	32
2818	23
2819	27
2820	21
2821	29
2822	24
2823	45
2824	25
2825	28
2826	20
2827	16
2828	23
2829	28
2830	18
2831	22
2832	25
2833	21
2834	27
2835	34
2836	27
2837	26
2838	21
2839	23
2840	24
2841	18
2842	30
2843	18
2844	33
2845	24
2846	26
2847	22
2848	28
2849	30
2850	24
2851	28
2852	18
2853	18
2854	28
2855	21
2856	22
2857	28
2858	25
2859	22
2860	34
2861	18
2862	25
2863	25
2864	22
2865	25
2866	21
2867	29
2868	26
2869	27
2870	25
2871	22
2872	23
2873	15
2874	18
2875	32
2876	13
2877	18
2878	27
2879	22
2880	39
2881	28
2882	31
2883	28
2884	24
2885	33
2886	27
2887	28
2888	24
2889	27
2890	32
2891	25
2892	25
2893	20
2894	28
2895	12
2896	29
2897	29
2898	32
2899	26
2900	27
2901	25
2902	23
2903	30
2904	20
2905	24
2906	23
2907	26
2908	28
2909	24
2910	21
2911	26
2912	23
2913	24
2914	18
2915	27
2916	23
2917	22
2918	29
2919	23
2920	15
2921	30
2922	20
2923	30
2924	24
2925	23
2926	23
2927	23
2928	28
2929	20
2930	33
2931	22
2932	21
2933	21
2934	19
2935	22
2936	26
2937	25
2938	28
2939	20
2940	27
2941	19
2942	24
2943	23
2944	23
2945	25
2946	24
2947	21
2948	25
2949	31
2950	24
2951	27
2952	20
2953	25
2954	23
2955	15
2956	23
2957	22
2958	16
2959	28
2960	27
2961	16
2962	27
2963	27
2964	32
2965	27
2966	24
2967	29
2968	29
2969	20
2970	21
2971	23
2972	28
2973	23
2974	26
2975	23
2976	31
2977	27
2978	16
2979	16
2980	25
2981	27
2982	30
2983	33
2984	17
2985	20
2986	22
2987	17
2988	16
2989	17
2990	23
2991	20
2992	24
2993	22
2994	23
2995	23
2996	15
2997	28
2998	22
2999	28
3000	22
3001	29
3002	26
3003	27
3004	18
3005	28
3006	23
3007	14
3008	23
3009	21
3010	16
3011	24
3012	25
3013	20
3014	21
3015	25
3016	31
3017	27
3018	20
3019	23
3020	30
3021	22
3022	21
3023	18
3024	11
3025	11
3026	25
3027	28
3028	18
3029	28
3030	23
3031	26
3032	20
3033	21
3034	16
3035	23
3036	26
3037	29
3038	21
3039	27
3040	18
3041	18
3042	23
3043	23
3044	8
3045	25
3046	18
3047	30
3048	23
3049	31
3050	31
3051	17
3052	23
3053	14
3054	20
3055	23
3056	21
3057	28
3058	26
3059	25
3060	21
3061	18
3062	23
3063	27
3064	23
3065	18
3066	26
3067	20
3068	15
3069	25
3070	15
3071	14
3072	26
3073	28
3074	21
3075	24
3076	26
3077	24
3078	21
3079	24
3080	31
3081	31
3082	24
3083	30
3084	22
3085	27
3086	24
3087	16
3088	26
3089	22
3090	23
3091	22
3092	28
3093	27
3094	22
3095	33
3096	20
3097	21
3098	25
3099	29
3100	33
3101	18
3102	18
3103	25
3104	24
3105	20
3106	22
3107	25
3108	20
3109	23
3110	22
3111	26
3112	15
3113	17
3114	24
3115	19
3116	21
3117	32
3118	23
3119	27
3120	21
3121	25
3122	24
3123	19
3124	28
3125	22
3126	32
3127	24
3128	31
3129	12
3130	25
3131	20
3132	28
3133	28
3134	23
3135	19
3136	18
3137	27
3138	17
3139	26
3140	28
3141	17
3142	31
3143	19
3144	19
3145	20
3146	17
3147	34
3148	20
3149	20
3150	18
3151	22
3152	26
3153	28
3154	29
3155	21
3156	23
3157	16
3158	22
3159	24
3160	20
3161	26
3162	20
3163	29
3164	23
3165	21
3166	24
3167	19
3168	17
3169	13
3170	19
3171	28
3172	21
3173	16
3174	26
3175	26
3176	24
3177	27
3178	24
3179	25
3180	26
3181	27
3182	18
3183	19
3184	27
3185	24
3186	28
3187	25
3188	22
3189	20
3190	26
3191	18
3192	24
3193	19
3194	19
3195	33
3196	18
3197	17
3198	23
3199	21
3200	18
3201	25
3202	27
3203	22
3204	26
3205	25
3206	32
3207	22
3208	32
3209	28
3210	18
3211	12
3212	20
3213	24
3214	19
3215	13
3216	31
3217	23
3218	16
3219	23
3220	13
3221	26
3222	20
3223	14
3224	18
3225	26
3226	24
3227	22
3228	21
3229	17
3230	25
3231	17
3232	15
3233	24
3234	14
3235	24
3236	16
3237	18
3238	23
3239	23
3240	28
3241	29
3242	19
3243	19
3244	30
3245	21
3246	24
3247	19
3248	22
3249	17
3250	21
3251	15
3252	16
3253	27
3254	21
3255	25
3256	24
3257	30
3258	20
3259	12
3260	18
3261	16
3262	28
3263	24
3264	24
3265	25
3266	26
3267	15
3268	24
3269	21
3270	19
3271	24
3272	32
3273	28
3274	19
3275	22
3276	18
3277	21
3278	20
3279	18
3280	27
3281	26
3282	24
3283	21
3284	16
3285	21
3286	24
3287	24
3288	23
3289	24
3290	21
3291	24
3292	19
3293	19
3294	17
3295	28
3296	28
3297	21
3298	23
3299	24
3300	20
3301	24
3302	25
3303	28
3304	28
3305	17
3306	18
3307	25
3308	28
3309	21
3310	22
3311	14
3312	19
3313	22
3314	25
3315	23
3316	25
3317	19
3318	26
3319	19
3320	28
3321	26
3322	35
3323	15
3324	15
3325	17
3326	23
3327	25
3328	19
3329	29
3330	18
3331	24
3332	20
3333	20
3334	18
3335	25
3336	12
3337	22
3338	20
3339	24
3340	27
3341	16
3342	21
3343	25
3344	21
3345	22
3346	21
3347	30
3348	27
3349	13
3350	24
3351	18
3352	20
3353	23
3354	25
3355	20
3356	25
3357	17
3358	26
3359	17
3360	26
3361	24
3362	16
3363	21
3364	31
3365	18
3366	16
3367	19
3368	29
3369	21
3370	23
3371	29
3372	27
3373	30
3374	28
3375	23
3376	27
3377	15
3378	21
3379	23
3380	21
3381	12
3382	23
3383	23
3384	26
3385	19
3386	16
3387	18
3388	26
3389	25
3390	34
3391	16
3392	22
3393	13
3394	21
3395	26
3396	20
3397	25
3398	23
3399	43
3400	25
3401	25
3402	26
3403	23
3404	18
3405	24
3406	18
3407	18
3408	29
3409	26
3410	18
3411	16
3412	26
3413	24
3414	31
3415	19
3416	21
3417	23
3418	24
3419	19
3420	30
3421	31
3422	27
3423	23
3424	27
3425	24
3426	24
3427	15
3428	13
3429	29
3430	29
3431	32
3432	25
3433	18
3434	26
3435	26
3436	18
3437	22
3438	29
3439	16
3440	23
3441	14
3442	32
3443	24
3444	25
3445	22
3446	24
3447	27
3448	30
3449	19
3450	27
3451	23
3452	26
3453	30
3454	20
3455	18
3456	16
3457	21
3458	22
3459	21
3460	18
3461	29
3462	27
3463	26
3464	33
3465	22
3466	26
3467	21
3468	23
3469	20
3470	29
3471	27
3472	32
3473	23
3474	28
3475	28
3476	24
3477	20
3478	20
3479	23
3480	23
3481	22
3482	24
3483	19
3484	26
3485	14
3486	18
3487	25
3488	31
3489	19
3490	21
3491	20
3492	29
3493	29
3494	29
3495	19
3496	29
3497	17
3498	22
3499	17
3500	32
3501	26
3502	19
3503	21
3504	24
3505	28
3506	26
3507	24
3508	19
3509	20
3510	29
3511	25
3512	15
3513	20
3514	26
3515	27
3516	18
3517	16
3518	21
3519	31
3520	32
3521	34
3522	31
3523	26
3524	22
3525	20
3526	23
3527	25
3528	20
3529	32
3530	21
3531	29
3532	19
3533	22
3534	30
3535	42
3536	25
3537	22
3538	24
3539	26
3540	14
3541	32
3542	18
3543	29
3544	11
3545	27
3546	21
3547	24
3548	29
3549	25
3550	24
3551	15
3552	32
3553	26
3554	25
3555	16
3556	23
3557	25
3558	22
3559	27
3560	28
3561	17
3562	34
3563	29
3564	33
3565	22
3566	22
3567	24
3568	20
3569	28
3570	23
3571	24
3572	23
3573	19
3574	24
3575	28
3576	34
3577	22
3578	29
3579	36
3580	30
3581	19
3582	23
3583	24
3584	25
3585	23
3586	23
3587	21
3588	25
3589	25
3590	18
3591	23
3592	24
3593	23
3594	22
3595	26
3596	25
3597	24
3598	19
3599	23
3600	17
3601	24
3602	34
3603	24
3604	28
3605	24
3606	27
3607	24
3608	18
3609	21
3610	22
3611	27
3612	19
3613	18
3614	31
3615	22
3616	24
3617	24
3618	18
3619	27
3620	23
3621	21
3622	26
3623	24
3624	18
3625	29
3626	21
3627	15
3628	19
3629	17
3630	39
3631	25
3632	25
3633	26
3634	21
3635	30
3636	30
3637	28
3638	29
3639	25
3640	19
3641	20
3642	28
3643	20
3644	18
3645	23
3646	31
3647	22
3648	26
3649	22
3650	27
3651	29
3652	20
3653	15
3654	23
3655	15
3656	33
3657	26
3658	18
3659	33
3660	26
3661	29
3662	19
3663	25
3664	27
3665	25
3666	23
3667	27
3668	33
3669	25
3670	25
3671	26
3672	18
3673	25
3674	23
3675	43
3676	26
3677	27
3678	16
3679	36
3680	18
3681	27
3682	18
3683	17
3684	20
3685	28
3686	23
3687	28
3688	25
3689	21
3690	20
3691	23
3692	22
3693	28
3694	25
3695	33
3696	27
3697	27
3698	37
3699	22
3700	28
3701	30
3702	28
3703	36
3704	21
3705	32
3706	28
3707	25
3708	27
3709	24
3710	18
3711	22
3712	26
3713	26
3714	21
3715	18
3716	25
3717	26
3718	25
3719	28
3720	23
3721	21
3722	28
3723	22
3724	30
3725	22
3726	25
3727	17
3728	26
3729	30
3730	25
3731	29
3732	27
3733	28
3734	24
3735	25
3736	34
3737	22
3738	24
3739	26
3740	18
3741	19
3742	30
3743	23
3744	20
3745	27
3746	31
3747	28
3748	28
3749	30
3750	25
3751	26
3752	26
3753	31
3754	21
3755	26
3756	24
3757	23
3758	34
3759	39
3760	21
3761	21
3762	21
3763	22
3764	23
3765	23
3766	29
3767	19
3768	32
3769	27
3770	28
3771	28
3772	25
3773	26
3774	38
3775	26
3776	27
3777	31
3778	29
3779	26
3780	21
3781	24
3782	27
3783	31
3784	27
3785	34
3786	23
3787	32
3788	29
3789	30
3790	28
3791	25
3792	28
3793	28
3794	32
3795	24
3796	25
3797	41
3798	17
3799	31
3800	24
3801	25
3802	24
3803	29
3804	21
3805	32
3806	23
3807	29
3808	20
3809	24
3810	28
3811	29
3812	30
3813	27
3814	25
3815	22
3816	39
3817	23
3818	32
3819	26
3820	33
3821	22
3822	27
3823	26
3824	20
3825	32
3826	25
3827	33
3828	39
3829	28
3830	23
3831	24
3832	23
3833	32
3834	29
3835	24
3836	22
3837	20
3838	32
3839	38
3840	21
3841	26
3842	33
3843	31
3844	40
3845	28
3846	28
3847	39
3848	24
3849	30
3850	38
3851	28
3852	29
3853	30
3854	34
3855	38
3856	30
3857	22
3858	27
3859	30
3860	19
3861	46
3862	32
3863	30
3864	30
3865	29
3866	25
3867	39
3868	33
3869	35
3870	34
3871	38
3872	33
3873	31
3874	28
3875	33
3876	31
3877	28
3878	37
3879	27
3880	34
3881	37
3882	34
3883	38
3884	33
3885	26
3886	28
3887	34
3888	38
3889	29
3890	25
3891	28
3892	31
3893	37
3894	42
3895	25
3896	35
3897	30
3898	38
3899	37
3900	31
3901	30
3902	37
3903	33
3904	35
3905	38
3906	23
3907	36
3908	34
3909	43
3910	28
3911	42
3912	41
3913	26
3914	34
3915	30
3916	26
3917	36
3918	29
3919	34
3920	26
3921	23
3922	30
3923	42
3924	43
3925	34
3926	30
3927	40
3928	30
3929	28
3930	43
3931	39
3932	28
3933	39
3934	44
3935	33
3936	37
3937	39
3938	29
3939	37
3940	24
3941	34
3942	44
3943	39
3944	43
3945	37
3946	43
3947	38
3948	27
3949	51
3950	37
3951	37
3952	52
3953	40
3954	43
3955	53
3956	36
3957	50
3958	34
3959	33
3960	48
3961	38
3962	33
3963	27
3964	37
3965	30
3966	37
3967	46
3968	38
3969	37
3970	42
3971	40
3972	36
3973	44
3974	34
3975	40
3976	34
3977	34
3978	42
3979	45
3980	38
3981	30
3982	42
3983	29
3984	41
3985	29
3986	43
3987	33
3988	42
3989	35
3990	39
3991	40
3992	36
3993	47
3994	44
3995	44
3996	41
3997	52
3998	42
3999	50
4000	37
4001	57
4002	50
4003	28
4004	48
4005	39
4006	40
4007	39
4008	50
4009	52
4010	46
4011	36
4012	40
4013	44
4014	42
4015	43
4016	40
4017	52
4018	57
4019	58
4020	30
4021	57
4022	41
4023	48
4024	45
4025	40
4026	51
4027	37
4028	48
4029	44
4030	44
4031	49
4032	44
4033	60
4034	59
4035	50
4036	45
4037	49
4038	33
4039	38
4040	48
4041	45
4042	43
4043	57
4044	59
4045	37
4046	41
4047	36
4048	58
4049	68
4050	41
4051	42
4052	43
4053	48
4054	47
4055	44
4056	50
4057	42
4058	45
4059	48
4060	45
4061	51
4062	39
4063	45
4064	45
4065	69
4066	49
4067	38
4068	59
4069	37
4070	47
4071	48
4072	61
4073	50
4074	45
4075	41
4076	56
4077	49
4078	61
4079	43
4080	41
4081	54
4082	40
4083	36
4084	53
4085	36
4086	44
4087	41
4088	43
4089	42
4090	67
4091	45
4092	53
4093	37
4094	58
4095	51
4096	55
4097	44
4098	53
4099	51
4100	57
4101	41
4102	42
4103	41
4104	51
4105	48
4106	57
4107	70
4108	52
4109	43
4110	53
4111	56
4112	40
4113	54
4114	38
4115	37
4116	49
4117	40
4118	45
4119	45
4120	50
4121	43
4122	52
4123	49
4124	54
4125	56
4126	42
4127	54
4128	45
4129	50
4130	44
4131	48
4132	46
4133	40
4134	43
4135	40
4136	35
4137	46
4138	38
4139	45
4140	46
4141	47
4142	51
4143	45
4144	40
4145	44
4146	46
4147	52
4148	50
4149	40
4150	56
4151	34
4152	55
4153	49
4154	46
4155	63
4156	40
4157	48
4158	40
4159	46
4160	42
4161	52
4162	54
4163	36
4164	53
4165	50
4166	55
4167	42
4168	50
4169	45
4170	53
4171	42
4172	39
4173	37
4174	40
4175	39
4176	34
4177	42
4178	38
4179	36
4180	44
4181	34
4182	51
4183	42
4184	38
4185	33
4186	35
4187	43
4188	47
4189	28
4190	50
4191	33
4192	36
4193	34
4194	35
4195	31
4196	34
4197	37
4198	34
4199	23
4200	36
4201	35
4202	33
4203	41
4204	36
4205	43
4206	47
4207	41
4208	37
4209	41
4210	37
4211	33
4212	35
4213	38
4214	41
4215	38
4216	26
4217	39
4218	36
4219	26
4220	33
4221	30
4222	25
4223	28
4224	38
4225	41
4226	35
4227	33
4228	24
4229	34
4230	24
4231	29
4232	32
4233	24
4234	19
4235	34
4236	22
4237	30
4238	23
4239	22
4240	28
4241	30
4242	29
4243	28
4244	17
4245	20
4246	29
4247	35
4248	29
4249	35
4250	26
4251	30
4252	26
4253	21
4254	21
4255	28
4256	24
4257	20
4258	26
4259	26
4260	18
4261	21
4262	25
4263	23
4264	20
4265	22
4266	36
4267	29
4268	20
4269	23
4270	21
4271	14
4272	19
4273	19
4274	14
4275	16
4276	24
4277	29
4278	21
4279	24
4280	15
4281	19
4282	17
4283	19
4284	23
4285	20
4286	15
4287	17
4288	19
4289	14
4290	19
4291	18
4292	24
4293	16
4294	20
4295	14
4296	17
4297	14
4298	7
4299	22
4300	17
4301	11
4302	18
4303	16
4304	15
4305	15
4306	10
4307	13
4308	16
4309	15
4310	12
4311	16
4312	8
4313	9
4314	20
4315	21
4316	7
4317	21
4318	15
4319	13
4320	17
4321	18
4322	18
4323	14
4324	15
4325	14
4326	10
4327	17
4328	12
4329	8
4330	16
4331	11
4332	11
4333	8
4334	7
4335	4
4336	9
4337	15
4338	6
4339	8
4340	7
4341	6
4342	8
4343	11
4344	5
4345	8
4346	13
4347	16
4348	12
4349	10
4350	5
4351	5
4352	9
4353	6
4354	9
4355	7
4356	11
4357	7
4358	10
4359	11
4360	5
4361	12
4362	5
4363	12
4364	6
4365	7
4366	6
4367	3
4368	9
4369	7
4370	8
4371	8
4372	7
4373	8
4374	5
4375	7
4376	5
4377	11
4378	7
4379	6
4380	3
4381	4
4382	2
4383	5
4384	2
4385	4
4386	5
4387	3
4388	6
4389	1
4390	8
4391	6
4392	5
4393	6
4394	2
4395	5
4396	7
4397	9
4398	3
4399	3
4400	5
4401	3
4402	5
4403	4
4404	4
4405	1
4406	1
4407	2
4408	2
4409	2
4410	3
4411	1
4412	3
4413	3
4414	2
4415	3
4416	2
4417	5
4418	2
4419	6
4420	2
4421	2
4422	1
4423	1
4424	4
4425	0
4426	3
4427	1
4428	6
4429	3
4430	1
4431	3
4432	3
4433	1
4434	3
4435	4
4436	1
4437	7
4438	1
4439	3
4440	5
4441	2
4442	2
4443	1
4444	3
4445	2
4446	2
4447	2
4448	2
4449	3
4450	2
4451	1
4452	2
4453	0
4454	1
4455	4
4456	3
4457	3
4458	1
4459	2
4460	0
4461	2
4462	2
4463	4
4464	0
4465	0
4466	0
4467	1
4468	0
4469	1
4470	1
4471	1
4472	0
4473	2
4474	2
4475	1
4476	0
4477	1
4478	0
4479	2
4480	1
4481	2
4482	1
4483	0
4484	1
4485	0
4486	1
4487	1
4488	0
4489	3
4490	2
4491	5
4492	2
4493	1
4494	0
4495	1
4496	0
4497	1
4498	0
4499	1
4500	0
4501	2
4502	4
4503	1
4504	0
4505	2
4506	2
4507	0
4508	0
4509	2
4510	1
4511	3
4512	1
4513	2
4514	2
4515	0
4516	0
4517	1
4518	0
4519	0
4520	1
4521	3
4522	0
4523	0
4524	1
4525	2
4526	0
4527	1
4528	1
4529	0
4530	0
4531	0
4532	0
4533	2
4534	1
4535	0
4536	4
4537	0
4538	1
4539	0
4540	1
4541	0
4542	1
4543	0
4544	0
4545	1
4546	1
4547	4
4548	2
4549	0
4550	1
4551	1
4552	0
4553	0
4554	0
4555	3
4556	1
4557	2
4558	0
4559	2
4560	0
4561	0
4562	1
4563	2
4564	1
4565	0
4566	1
4567	1
4568	3
4569	0
4570	2
4571	2
4572	0
4573	0
4574	2
4575	1
4576	1
4577	1
4578	1
4579	0
4580	0
4581	0
4582	0
4583	0
4584	0
4585	0
4586	1
4587	0
4588	0
4589	0
4590	1
4591	2
4592	0
4593	0
4594	0
4595	2
4596	0
4597	0
4598	0
4599	0
4600	1
4601	1
4602	1
4603	0
4604	1
4605	0
4606	1
4607	0
4608	0
4609	0
4610	2
4611	1
4612	1
4613	1
4614	2
4615	0
4616	1
4617	0
4618	1
4619	0
4620	1
4621	0
4622	0
4623	1
4624	0
4625	1
4626	1
4627	1
4628	0
4629	0
4630	0
4631	0
4632	1
4633	1
4634	1
4635	0
4636	1
4637	0
4638	1
4639	1
4640	0
4641	2
4642	1
4643	0
4644	0
4645	0
4646	0
4647	2
4648	0
4649	1
4650	0
4651	0
4652	0
4653	0
4654	0
4655	0
4656	4
4657	1
4658	0
4659	0
4660	0
4661	0
4662	0
4663	1
4664	0
4665	2
4666	0
4667	2
4668	2
4669	0
4670	1
4671	2
4672	1
4673	1
4674	0
4675	0
4676	0
4677	2
4678	0
4679	1
4680	0
4681	0
4682	0
4683	0
4684	1
4685	0
4686	2
4687	0
4688	2
4689	0
4690	4
4691	4
4692	0
4693	0
4694	2
4695	1
4696	0
4697	0
4698	1
4699	1
4700	3
4701	1
4702	2
4703	0
4704	0
4705	2
4706	1
4707	1
4708	1
4709	2
4710	1
4711	1
4712	0
4713	0
4714	0
4715	0
4716	0
4717	1
4718	2
4719	0
4720	3
4721	0
4722	1
4723	0
4724	0
4725	0
4726	0
4727	1
4728	0
4729	0
4730	0
4731	0
4732	0
4733	0
4734	0
4735	1
4736	0
4737	0
4738	2
4739	1
4740	1
4741	0
4742	1
4743	0
4744	1
4745	0
4746	2
4747	0
4748	1
4749	1
4750	0
4751	0
4752	1
4753	1
4754	0
4755	2
4756	1
4757	1
4758	1
4759	2
4760	0
4761	2
4762	2
4763	1
4764	1
4765	0
4766	0
4767	1
4768	0
4769	2
4770	0
4771	1
4772	0
4773	1
4774	0
4775	2
4776	0
4777	0
4778	1
4779	0
4780	0
4781	0
4782	1
4783	2
4784	0
4785	0
4786	1
4787	0
4788	2
4789	1
4790	1
4791	0
4792	1
4793	0
4794	0
4795	3
4796	0
4797	0
4798	0
4799	1
4800	1
4801	0
4802	0
4803	0
4804	0
4805	1
4806	0
4807	0
4808	0
4809	0
4810	2
4811	1
4812	2
4813	1
4814	1
4815	4
4816	0
4817	0
4818	1
4819	0
4820	1
4821	1
4822	1
4823	1
4824	1
4825	1
4826	1
4827	1
4828	2
4829	1
4830	0
4831	1
4832	0
4833	0
4834	0
4835	0
4836	3
4837	0
4838	0
4839	0
4840	1
4841	0
4842	1
4843	0
4844	0
4845	2
4846	1
4847	0
4848	0
4849	0
4850	0
4851	1
4852	0
4853	1
4854	1
4855	1
4856	1
4857	0
4858	0
4859	1
4860	0
4861	0
4862	0
4863	1
4864	0
4865	1
4866	0
4867	0
4868	1
4869	0
4870	1
4871	0
4872	0
4873	0
4874	2
4875	0
4876	0
4877	1
4878	0
4879	0
4880	1
4881	2
4882	1
4883	2
4884	0
4885	1
4886	1
4887	2
4888	0
4889	0
4890	2
4891	0
4892	1
4893	0
4894	2
4895	1
4896	1
4897	4
4898	0
4899	0
4900	0
4901	1
4902	0
4903	0
4904	1
4905	1
4906	0
4907	0
4908	2
4909	0
4910	0
4911	0
4912	1
4913	1
4914	1
4915	2
4916	0
4917	0
4918	1
4919	1
4920	0
4921	0
4922	2
4923	0
4924	3
4925	0
4926	1
4927	0
4928	1
4929	0
4930	0
4931	0
4932	2
4933	1
4934	4
4935	0
4936	1
4937	1
4938	2
4939	0
4940	2
4941	0
4942	2
4943	0
4944	1
4945	0
4946	0
4947	1
4948	1
4949	0
4950	1
4951	2
4952	0
4953	1
4954	0
4955	0
4956	0
4957	0
4958	0
4959	0
4960	2
4961	0
4962	1
4963	0
4964	0
4965	0
4966	1
4967	0
4968	1
4969	0
4970	0
4971	1
4972	1
4973	0
4974	1
4975	0
4976	0
4977	0
4978	1
4979	0
4980	1
4981	1
4982	0
4983	0
4984	0
4985	0
4986	1
4987	0
4988	0
4989	2
4990	0
4991	0
4992	1
4993	3
4994	1
4995	0
4996	0
4997	0
4998	1
4999	1
5000	1
5001	0
5002	0
5003	2
5004	0
5005	1
5006	0
5007	1
5008	0
5009	1
5010	0
5011	0
5012	0
5013	1
5014	0
5015	1
5016	0
5017	1
5018	0
5019	0
5020	2
5021	0
5022	0
5023	0
5024	0
5025	0
5026	0
5027	0
5028	0
5029	0
5030	1
5031	1
5032	2
5033	1
5034	0
5035	1
5036	1
5037	2
5038	1
5039	3
5040	2
5041	0
5042	2
5043	1
5044	0
5045	0
5046	0
5047	0
5048	0
5049	0
5050	0
5051	0
5052	0
5053	1
5054	1
5055	1
5056	0
5057	0
5058	1
5059	1
5060	1
5061	0
5062	0
5063	0
5064	1
5065	0
5066	0
5067	0
5068	1
5069	0
5070	0
5071	1
5072	0
5073	2
5074	0
5075	1
5076	0
5077	1
5078	0
5079	2
5080	0
5081	0
5082	1
5083	2
5084	0
5085	0
5086	1
5087	1
5088	1
5089	0
5090	1
5091	0
5092	1
5093	0
5094	0
5095	1
5096	0
5097	0
5098	0
5099	0
5100	1
5101	0
5102	0
5103	1
5104	0
5105	2
5106	1
5107	0
5108	1
5109	1
5110	0
5111	1
5112	0
5113	2
5114	1
5115	0
5116	0
5117	0
5118	0
5119	1
5120	1
5121	2
5122	1
5123	0
5124	2
5125	0
5126	1
5127	0
5128	0
5129	0
5130	1
5131	2
5132	1
5133	0
5134	0
5135	0
5136	0
5137	0
5138	1
5139	0
5140	1
5141	0
5142	0
5143	1
5144	1
5145	1
5146	0
5147	0
5148	1
5149	2
5150	0
5151	1
5152	0
5153	2
5154	3
5155	0
5156	0
5157	0
5158	1
5159	1
5160	0
5161	0
5162	0
5163	0
5164	0
5165	0
5166	0
5167	0
5168	0
5169	1
5170	1
5171	1
5172	1
5173	3
5174	0
5175	1
5176	0
5177	1
5178	1
5179	1
5180	2
5181	1
5182	0
5183	1
5184	0
5185	1
5186	0
5187	1
5188	1
5189	0
5190	1
5191	1
5192	1
5193	0
5194	1
5195	0
5196	0
5197	1
5198	0
5199	0
5200	0
5201	0
5202	0
5203	1
5204	0
5205	1
5206	0
5207	1
5208	1
5209	1
5210	0
5211	0
5212	0
5213	0
5214	1
5215	0
5216	1
5217	0
5218	2
5219	0
5220	0
5221	0
5222	0
5223	2
5224	0
5225	1
5226	0
5227	0
5228	1
5229	0
5230	0
5231	0
5232	1
5233	0
5234	0
5235	0
5236	1
5237	1
5238	1
5239	2
5240	1
5241	1
5242	0
5243	0
5244	0
5245	0
5246	1
5247	0
5248	1
5249	3
5250	1
5251	0
5252	1
5253	1
5254	1
5255	2
5256	0
5257	1
5258	1
5259	0
5260	0
5261	1
5262	0
5263	0
5264	0
5265	0
5266	0
5267	0
5268	0
5269	0
5270	0
5271	0
5272	2
5273	0
5274	0
5275	0
5276	0
5277	0
5278	0
5279	1
5280	1
5281	0
5282	0
5283	0
5284	0
5285	0
5286	0
5287	0
5288	1
5289	0
5290	1
5291	1
5292	0
5293	0
5294	0
5295	2
5296	0
5297	1
5298	1
5299	0
5300	0
5301	0
5302	0
5303	1
5304	0
5305	2
5306	0
5307	2
5308	1
5309	0
5310	1
5311	0
5312	1
5313	2
5314	0
5315	2
5316	0
5317	1
5318	1
5319	0
5320	1
5321	1
5322	1
5323	0
5324	0
5325	4
5326	3
5327	3
5328	1
5329	2
5330	1
5331	0
5332	2
5333	0
5334	0
5335	0
5336	0
5337	2
5338	0
5339	0
5340	0
5341	0
5342	1
5343	1
5344	0
5345	0
5346	1
5347	0
5348	0
5349	1
5350	0
5351	0
5352	1
5353	2
5354	1
5355	1
5356	1
5357	1
5358	0
5359	0
5360	1
5361	0
5362	0
5363	0
5364	0
5365	0
5366	0
5367	0
5368	0
5369	0
5370	0
5371	1
5372	0
5373	0
5374	1
5375	2
5376	1
5377	2
5378	0
5379	0
5380	1
5381	0
5382	0
5383	0
5384	0
5385	0
5386	3
5387	1
5388	1
5389	0
5390	0
5391	1
5392	1
5393	0
5394	3
5395	0
5396	1
5397	0
5398	1
5399	1
5400	0
5401	0
5402	1
5403	1
5404	0
5405	1
5406	0
5407	2
5408	0
5409	0
5410	0
5411	1
5412	0
5413	2
5414	1
5415	1
5416	1
5417	0
5418	0
5419	0
5420	0
5421	0
5422	0
5423	1
5424	1
5425	0
5426	2
5427	1
5428	0
5429	1
5430	3
5431	0
5432	2
5433	0
5434	1
5435	0
5436	0
5437	1
5438	0
5439	1
5440	1
5441	3
5442	0
5443	0
5444	1
5445	0
5446	0
5447	0
5448	0
5449	0
5450	0
5451	0
5452	0
5453	1
5454	0
5455	0
5456	1
5457	1
5458	1
5459	1
5460	2
5461	1
5462	0
5463	1
5464	0
5465	1
5466	1
5467	1
5468	0
5469	0
5470	2
5471	1
5472	0
5473	0
5474	0
5475	0
5476	0
5477	1
5478	1
5479	2
5480	0
5481	0
5482	2
5483	0
5484	1
5485	2
5486	1
5487	0
5488	0
5489	2
5490	1
5491	3
5492	0
5493	1
5494	1
5495	0
5496	1
5497	0
5498	2
5499	0
5500	1
5501	0
5502	1
5503	0
5504	1
5505	0
5506	2
5507	2
5508	1
5509	1
5510	0
5511	1
5512	0
5513	1
5514	1
5515	0
5516	1
5517	0
5518	0
5519	1
5520	0
5521	1
5522	0
5523	1
5524	0
5525	0
5526	1
5527	1
5528	0
5529	1
5530	0
5531	0
5532	1
5533	1
5534	1
5535	0
5536	3
5537	1
5538	0
5539	1
5540	0
5541	0
5542	0
5543	0
5544	1
5545	1
5546	1
5547	0
5548	0
5549	1
5550	0
5551	1
5552	2
5553	2
5554	2
5555	2
5556	0
5557	1
5558	0
5559	0
5560	1
5561	1
5562	0
5563	2
5564	1
5565	0
5566	0
5567	2
5568	1
5569	0
5570	1
5571	1
5572	0
5573	0
5574	0
5575	0
5576	1
5577	0
5578	0
5579	0
5580	2
5581	0
5582	0
5583	0
5584	3
5585	1
5586	0
5587	1
5588	0
5589	1
5590	0
5591	1
5592	0
5593	1
5594	2
5595	1
5596	0
5597	0
5598	1
5599	0
5600	1
5601	1
5602	0
5603	0
5604	1
5605	1
5606	0
5607	0
5608	1
5609	0
5610	0
5611	0
5612	2
5613	0
5614	1
5615	0
5616	0
5617	1
5618	0
5619	0
5620	0
5621	2
5622	0
5623	1
5624	1
5625	0
5626	0
5627	0
5628	0
5629	0
5630	0
5631	2
5632	0
5633	0
5634	0
5635	2
5636	1
5637	1
5638	0
5639	0
5640	0
5641	0
5642	0
5643	0
5644	1
5645	0
5646	1
5647	0
5648	2
5649	0
5650	0
5651	2
5652	1
5653	1
5654	0
5655	1
5656	0
5657	0
5658	1
5659	0
5660	1
5661	0
5662	0
5663	1
5664	0
5665	1
5666	0
5667	0
5668	0
5669	0
5670	1
5671	1
5672	0
5673	1
5674	1
5675	0
5676	0
5677	1
5678	0
5679	0
5680	1
5681	0
5682	1
5683	1
5684	1
5685	2
5686	0
5687	0
5688	0
5689	0
5690	2
5691	0
5692	0
5693	0
5694	1
5695	1
5696	0
5697	0
5698	0
5699	1
5700	0
5701	1
5702	2
5703	0
5704	2
5705	1
5706	2
5707	0
5708	2
5709	1
5710	0
5711	0
5712	1
5713	0
5714	0
5715	0
5716	0
5717	1
5718	0
5719	2
5720	0
5721	1
5722	1
5723	1
5724	1
5725	0
5726	1
5727	3
5728	0
5729	1
5730	1
5731	0
5732	0
5733	1
5734	1
5735	0
5736	2
5737	0
5738	0
5739	0
5740	1
5741	1
5742	0
5743	1
5744	0
5745	0
5746	0
5747	1
5748	2
5749	2
5750	0
5751	0
5752	0
5753	0
5754	0
5755	0
5756	0
5757	1
5758	1
5759	1
5760	1
5761	0
5762	0
5763	0
5764	0
5765	0
5766	1
5767	0
5768	0
5769	1
5770	1
5771	0
5772	0
5773	1
5774	0
5775	0
5776	1
5777	1
5778	1
5779	2
5780	0
5781	0
5782	1
5783	2
5784	0
5785	0
5786	0
5787	0
5788	1
5789	2
5790	1
5791	0
5792	1
5793	1
5794	0
5795	0
5796	0
5797	0
5798	2
5799	1
5800	0
5801	2
5802	1
5803	2
5804	2
5805	2
5806	0
5807	0
5808	0
5809	0
5810	0
5811	0
5812	0
5813	0
5814	0
5815	1
5816	0
5817	0
5818	0
5819	0
5820	0
5821	1
5822	0
5823	0
5824	0
5825	1
5826	1
5827	1
5828	0
5829	0
5830	0
5831	1
5832	0
5833	0
5834	0
5835	1
5836	0
5837	0
5838	1
5839	0
5840	1
5841	0
5842	0
5843	0
5844	0
5845	1
5846	0
5847	0
5848	2
5849	0
5850	0
5851	1
5852	1
5853	0
5854	1
5855	1
5856	0
5857	0
5858	1
5859	0
5860	0
5861	1
5862	0
5863	2
5864	1
5865	0
5866	0
5867	1
5868	1
5869	0
5870	2
5871	0
5872	1
5873	1
5874	1
5875	0
5876	1
5877	1
5878	1
5879	1
5880	0
5881	0
5882	0
5883	0
5884	1
5885	0
5886	4
5887	0
5888	0
5889	0
5890	2
5891	1
5892	0
5893	0
5894	2
5895	1
5896	0
5897	2
5898	0
5899	0
5900	2
5901	1
5902	0
5903	2
5904	0
5905	1
5906	0
5907	0
5908	0
5909	0
5910	1
5911	1
5912	0
5913	1
5914	0
5915	0
5916	0
5917	0
5918	1
5919	0
5920	1
5921	0
5922	1
5923	0
5924	1
5925	1
5926	1
5927	1
5928	1
5929	1
5930	1
5931	0
5932	0
5933	0
5934	1
5935	1
5936	1
5937	2
5938	1
5939	0
5940	0
5941	2
5942	0
5943	0
5944	0
5945	1
5946	0
5947	2
5948	3
5949	0
5950	0
5951	1
5952	0
5953	0
5954	0
5955	0
5956	1
5957	1
5958	2
5959	0
5960	1
5961	1
5962	1
5963	0
5964	1
5965	2
5966	1
5967	1
5968	0
5969	1
5970	2
5971	2
5972	2
5973	0
5974	1
5975	2
5976	0
5977	1
5978	1
5979	0
5980	1
5981	0
5982	2
5983	0
5984	0
5985	1
5986	0
5987	1
5988	3
5989	0
5990	2
5991	2
5992	0
5993	0
5994	0
5995	0
5996	0
5997	0
5998	1
5999	0
6000	0
6001	1
6002	1
6003	1
6004	0
6005	0
6006	1
6007	1
6008	0
6009	1
6010	0
6011	1
6012	0
6013	1
6014	0
6015	0
6016	0
6017	0
6018	1
6019	0
6020	0
6021	0
6022	1
6023	0
6024	0
6025	1
6026	0
6027	0
6028	0
6029	0
6030	1
6031	0
6032	0
6033	1
6034	1
6035	1
6036	0
6037	1
6038	0
6039	1
6040	2
6041	1
6042	0
6043	0
6044	0
6045	1
6046	1
6047	0
6048	0
6049	0
6050	0
6051	2
6052	2
6053	0
6054	0
6055	1
6056	0
6057	1
6058	0
6059	0
6060	0
6061	0
6062	0
6063	0
6064	0
6065	2
6066	0
6067	0
6068	0
6069	2
6070	1
6071	0
6072	0
6073	0
6074	0
6075	0
6076	0
6077	0
6078	0
6079	0
6080	0
6081	1
6082	1
6083	0
6084	0
6085	2
6086	1
6087	0
6088	2
6089	1
6090	1
6091	0
6092	0
6093	0
6094	2
6095	1
6096	0
6097	2
6098	0
6099	1
6100	0
6101	0
6102	0
6103	1
6104	0
6105	0
6106	1
6107	1
6108	0
6109	2
6110	0
6111	1
6112	0
6113	0
6114	1
6115	0
6116	0
6117	1
6118	0
6119	0
6120	0
6121	0
6122	0
6123	1
6124	1
6125	0
6126	0
6127	1
6128	1
6129	0
6130	1
6131	1
6132	0
6133	0
6134	0
6135	0
6136	0
6137	0
6138	0
6139	0
6140	1
6141	1
6142	1
6143	0
6144	1
6145	2
6146	0
6147	1
6148	2
6149	0
6150	1
6151	0
6152	0
6153	0
6154	0
6155	1
6156	0
6157	1
6158	0
6159	0
6160	2
6161	0
6162	0
6163	0
6164	0
6165	1
6166	0
6167	0
6168	1
6169	0
6170	0
6171	0
6172	0
6173	0
6174	0
6175	0
6176	0
6177	1
6178	0
6179	0
6180	0
6181	0
6182	1
6183	0
6184	0
6185	0
6186	0
6187	0
6188	2
6189	2
6190	0
6191	0
6192	0
6193	1
6194	1
6195	1
6196	1
6197	0
6198	0
6199	0
6200	0
6201	0
6202	1
6203	1
6204	0
6205	1
6206	1
6207	1
6208	0
6209	0
6210	0
6211	0
6212	0
6213	0
6214	1
6215	1
6216	0
6217	0
6218	0
6219	0
6220	0
6221	0
6222	0
6223	0
6224	0
6225	0
6226	0
6227	0
6228	0
6229	0
6230	0
6231	0
6232	0
6233	2
6234	0
6235	0
6236	0
6237	1
6238	0
6239	1
6240	0
6241	1
6242	1
6243	1
6244	0
6245	1
6246	0
6247	0
6248	0
6249	2
6250	2
6251	0
6252	2
6253	1
6254	1
6255	0
6256	0
6257	1
6258	1
6259	0
6260	0
6261	1
6262	0
6263	0
6264	0
6265	3
6266	0
6267	0
6268	2
6269	0
6270	1
6271	0
6272	1
6273	0
6274	0
6275	0
6276	0
6277	0
6278	0
6279	1
6280	0
6281	2
6282	0
6283	0
6284	1
6285	0
6286	0
6287	0
6288	0
6289	0
6290	0
6291	2
6292	0
6293	0
6294	0
6295	1
6296	0
6297	3
6298	0
6299	0
6300	0
6301	0
6302	2
6303	0
6304	0
6305	0
6306	0
6307	0
6308	1
6309	1
6310	0
6311	0
6312	0
6313	1
6314	0
6315	1
6316	1
6317	1
6318	1
6319	1
6320	0
6321	2
6322	0
6323	1
6324	2
6325	0
6326	0
6327	1
6328	0
6329	2
6330	0
6331	0
6332	0
6333	0
6334	1
6335	0
6336	1
6337	0
6338	0
6339	0
6340	0
6341	0
6342	0
6343	2
6344	1
6345	1
6346	1
6347	0
6348	0
6349	0
6350	1
6351	1
6352	0
6353	0
6354	0
6355	2
6356	0
6357	0
6358	1
6359	0
6360	0
6361	0
6362	1
6363	0
6364	0
6365	1
6366	1
6367	1
6368	0
6369	1
6370	0
6371	0
6372	1
6373	0
6374	0
6375	0
6376	0
6377	1
6378	1
6379	1
6380	0
6381	0
6382	0
6383	0
6384	0
6385	0
6386	0
6387	1
6388	1
6389	1
6390	0
6391	0
6392	0
6393	1
6394	0
6395	0
6396	1
6397	0
6398	0
6399	0
6400	0
6401	0
6402	0
6403	0
6404	0
6405	0
6406	1
6407	0
6408	0
6409	0
6410	0
6411	3
6412	1
6413	0
6414	0
6415	0
6416	0
6417	0
6418	0
6419	0
6420	0
6421	1
6422	0
6423	0
6424	0
6425	0
6426	1
6427	0
6428	0
6429	0
6430	0
6431	1
6432	0
6433	1
6434	1
6435	0
6436	0
6437	0
6438	0
6439	0
6440	0
6441	0
6442	0
6443	0
6444	1
6445	0
6446	0
6447	0
6448	0
6449	0
6450	0
6451	1
6452	1
6453	0
6454	1
6455	1
6456	0
6457	0
6458	0
6459	0
6460	0
6461	0
6462	0
6463	0
6464	0
6465	1
6466	0
6467	1
6468	1
6469	0
6470	0
6471	0
6472	0
6473	0
6474	0
6475	2
6476	0
6477	0
6478	0
6479	0
6480	0
6481	1
6482	1
6483	0
6484	0
6485	1
6486	0
6487	0
6488	1
6489	0
6490	0
6491	0
6492	1
6493	0
6494	0
6495	0
6496	0
6497	0
6498	0
6499	1
6500	0
6501	0
6502	0
6503	0
6504	1
6505	0
6506	1
6507	1
6508	1
6509	0
6510	1
6511	0
6512	0
6513	0
6514	0
6515	0
6516	1
6517	0
6518	0
6519	1
6520	0
6521	0
6522	2
6523	1
6524	0
6525	1
6526	1
6527	0
6528	1
6529	2
6530	1
6531	0
6532	0
6533	0
6534	0
6535	0
6536	1
6537	0
6538	0
6539	1
6540	0
6541	0
6542	0
6543	0
6544	2
6545	2
6546	0
6547	0
6548	0
6549	0
6550	0
6551	0
6552	0
6553	1
6554	1
6555	0
6556	1
6557	0
6558	1
6559	1
6560	0
6561	2
6562	0
6563	1
6564	1
6565	0
6566	0
6567	0
6568	0
6569	1
6570	0
6571	1
6572	1
6573	0
6574	0
6575	0
6576	0
6577	0
6578	0
6579	0
6580	0
6581	0
6582	0
6583	0
6584	0
6585	0
6586	0
6587	1
6588	0
6589	0
6590	2
6591	0
6592	0
6593	0
6594	0
6595	1
6596	1
6597	0
6598	1
6599	1
6600	0
6601	0
6602	0
6603	0
6604	0
6605	1
6606	1
6607	0
6608	1
6609	0
6610	1
6611	0
6612	0
6613	2
6614	0
6615	1
6616	0
6617	1
6618	0
6619	0
6620	2
6621	0
6622	1
6623	0
6624	0
6625	1
6626	0
6627	0
6628	0
6629	0
6630	0
6631	1
6632	1
6633	0
6634	0
6635	0
6636	0
6637	0
6638	0
6639	1
6640	0
6641	0
6642	0
6643	0
6644	1
6645	0
6646	0
6647	0
6648	0
6649	0
6650	0
6651	1
6652	0
6653	0
6654	0
6655	1
6656	0
6657	0
6658	1
6659	0
6660	0
6661	0
6662	0
6663	0
6664	0
6665	1
6666	1
6667	0
6668	0
6669	0
6670	1
6671	1
6672	2
6673	2
6674	3
6675	0
6676	1
6677	1
6678	1
6679	1
6680	1
6681	0
6682	0
6683	0
6684	1
6685	0
6686	1
6687	0
6688	0
6689	0
6690	0
6691	0
6692	0
6693	0
6694	0
6695	0
6696	1
6697	1
6698	0
6699	0
6700	1
6701	1
6702	1
6703	1
6704	0
6705	0
6706	1
6707	1
6708	0
6709	0
6710	0
6711	0
6712	0
6713	0
6714	0
6715	0
6716	2
6717	2
6718	0
6719	0
6720	1
6721	0
6722	0
6723	0
6724	0
6725	2
6726	0
6727	0
6728	1
6729	1
6730	0
6731	0
6732	0
6733	0
6734	0
6735	0
6736	0
6737	0
6738	0
6739	2
6740	0
6741	0
6742	0
6743	0
6744	1
6745	2
6746	1
6747	1
6748	2
6749	0
6750	0
6751	1
6752	0
6753	1
6754	0
6755	0
6756	0
6757	0
6758	0
6759	2
6760	0
6761	1
6762	0
6763	1
6764	2
6765	1
6766	0
6767	0
6768	1
6769	1
6770	1
6771	0
6772	1
6773	0
6774	1
6775	0
6776	0
6777	0
6778	1
6779	2
6780	0
6781	0
6782	1
6783	0
6784	1
6785	0
6786	1
6787	0
6788	0
6789	0
6790	0
6791	0
6792	0
6793	0
6794	0
6795	1
6796	0
6797	0
6798	0
6799	0
6800	0
6801	0
6802	1
6803	1
6804	1
6805	1
6806	0
6807	0
6808	1
6809	0
6810	0
6811	0
6812	0
6813	1
6814	0
6815	1
6816	0
6817	0
6818	1
6819	0
6820	1
6821	1
6822	0
6823	1
6824	2
6825	1
6826	0
6827	0
6828	0
6829	2
6830	0
6831	0
6832	0
6833	0
6834	0
6835	0
6836	1
6837	2
6838	0
6839	1
6840	1
6841	0
6842	2
6843	0
6844	1
6845	0
6846	0
6847	0
6848	1
6849	0
6850	1
6851	0
6852	0
6853	1
6854	0
6855	0
6856	0
6857	0
6858	1
6859	0
6860	0
6861	1
6862	1
6863	0
6864	0
6865	1
6866	0
6867	1
6868	0
6869	2
6870	0
6871	0
6872	0
6873	0
6874	1
6875	0
6876	0
6877	1
6878	0
6879	1
6880	1
6881	1
6882	2
6883	0
6884	1
6885	0
6886	0
6887	0
6888	0
6889	0
6890	0
6891	0
6892	2
6893	0
6894	0
6895	0
6896	0
6897	0
6898	0
6899	0
6900	1
6901	0
6902	0
6903	0
6904	0
6905	0
6906	1
6907	0
6908	0
6909	0
6910	3
6911	0
6912	0
6913	2
6914	0
6915	0
6916	0
6917	2
6918	2
6919	0
6920	0
6921	0
6922	0
6923	0
6924	0
6925	0
6926	0
6927	1
6928	2
6929	0
6930	0
6931	0
6932	0
6933	0
6934	0
6935	1
6936	0
6937	0
6938	0
6939	2
6940	0
6941	0
6942	0
6943	1
6944	1
6945	1
6946	0
6947	0
6948	0
6949	0
6950	1
6951	0
6952	1
6953	0
6954	0
6955	1
6956	0
6957	0
6958	2
6959	1
6960	0
6961	0
6962	0
6963	0
6964	1
6965	1
6966	0
6967	1
6968	1
6969	0
6970	0
6971	1
6972	0
6973	0
6974	0
6975	1
6976	0
6977	0
6978	1
6979	1
6980	0
6981	1
6982	1
6983	0
6984	1
6985	1
6986	0
6987	0
6988	1
6989	1
6990	0
6991	0
6992	0
6993	1
6994	1
6995	0
6996	0
6997	0
6998	1
6999	3
7000	0
7001	0
7002	0
7003	1
7004	0
7005	1
7006	0
7007	0
7008	0
7009	0
7010	1
7011	1
7012	0
7013	0
7014	0
7015	2
7016	0
7017	1
7018	1
7019	0
7020	1
7021	0
7022	1
7023	0
7024	0
7025	1
7026	1
7027	1
7028	0
7029	0
7030	2
7031	0
7032	0
7033	0
7034	0
7035	1
7036	0
7037	0
7038	0
7039	0
7040	1
7041	2
7042	1
7043	1
7044	0
7045	0
7046	0
7047	0
7048	0
7049	0
7050	0
7051	0
7052	1
7053	0
7054	0
7055	2
7056	3
7057	1
7058	1
7059	1
7060	0
7061	2
7062	1
7063	0
7064	0
7065	0
7066	0
7067	0
7068	1
7069	1
7070	1
7071	1
7072	1
7073	0
7074	1
7075	0
7076	1
7077	2
7078	0
7079	1
7080	2
7081	1
7082	2
7083	0
7084	0
7085	1
7086	0
7087	1
7088	2
7089	1
7090	2
7091	2
7092	0
7093	0
7094	1
7095	0
7096	0
7097	0
7098	1
7099	1
7100	0
7101	0
7102	0
7103	3
7104	0
7105	1
7106	0
7107	0
7108	0
7109	1
7110	0
7111	0
7112	1
7113	1
7114	0
7115	0
7116	1
7117	1
7118	0
7119	0
7120	1
7121	0
7122	2
7123	0
7124	0
7125	1
7126	0
7127	0
7128	0
7129	0
7130	0
7131	0
7132	0
7133	0
7134	2
7135	0
7136	0
7137	2
7138	0
7139	0
7140	0
7141	1
7142	2
7143	0
7144	1
7145	0
7146	0
7147	0
7148	1
7149	0
7150	0
7151	1
7152	1
7153	0
7154	0
7155	1
7156	0
7157	0
7158	1
7159	1
7160	1
7161	0
7162	0
7163	0
7164	1
7165	1
7166	0
7167	0
7168	1
7169	0
7170	2
7171	2
7172	1
7173	0
7174	2
7175	0
7176	0
7177	0
7178	0
7179	0
7180	1
7181	0
7182	0
7183	1
7184	0
7185	0
7186	0
7187	0
7188	0
7189	1
7190	0
7191	0
7192	1
7193	2
7194	0
7195	1
7196	0
7197	0
7198	0
7199	0
7200	0
7201	0
7202	2
7203	0
7204	0
7205	2
7206	1
7207	0
7208	1
7209	2
7210	1
7211	1
7212	1
7213	1
7214	0
7215	0
7216	2
7217	0
7218	1
7219	0
7220	0
7221	0
7222	0
7223	0
7224	0
7225	1
7226	1
7227	0
7228	0
7229	2
7230	0
7231	0
7232	0
7233	1
7234	0
7235	0
7236	0
7237	0
7238	0
7239	0
7240	0
7241	1
7242	0
7243	1
7244	0
7245	1
7246	0
7247	1
7248	1
7249	0
7250	0
7251	1
7252	0
7253	0
7254	0
7255	0
7256	1
7257	2
7258	0
7259	0
7260	1
7261	0
7262	0
7263	1
7264	0
7265	1
7266	0
7267	0
7268	1
7269	1
7270	1
7271	0
7272	0
7273	0
7274	1
7275	0
7276	0
7277	0
7278	1
7279	1
7280	1
7281	1
7282	0
7283	0
7284	0
7285	0
7286	0
7287	0
7288	1
7289	0
7290	0
7291	1
7292	1
7293	1
7294	0
7295	0
7296	0
7297	1
7298	1
7299	1
7300	0
7301	1
7302	0
7303	0
7304	0
7305	1
7306	1
7307	0
7308	0
7309	1
7310	1
7311	2
7312	0
7313	0
7314	0
7315	0
7316	0
7317	1
7318	1
7319	0
7320	0
7321	0
7322	1
7323	0
7324	1
7325	1
7326	0
7327	0
7328	0
7329	0
7330	1
7331	0
7332	0
7333	0
7334	0
7335	0
7336	0
7337	1
7338	0
7339	0
7340	0
7341	0
7342	1
7343	0
7344	1
7345	0
7346	1
7347	0
7348	0
7349	0
7350	0
7351	1
7352	2
7353	0
7354	0
7355	0
7356	2
7357	0
7358	0
7359	0
7360	0
7361	1
7362	1
7363	0
7364	0
7365	0
7366	0
7367	0
7368	1
7369	0
7370	1
7371	2
7372	0
7373	1
7374	0
7375	0
7376	0
7377	0
7378	0
7379	2
7380	0
7381	0
7382	0
7383	0
7384	1
7385	0
7386	1
7387	0
7388	0
7389	0
7390	1
7391	1
7392	0
7393	1
7394	0
7395	0
7396	0
7397	0
7398	1
7399	0
7400	0
7401	0
7402	0
7403	0
7404	2
7405	0
7406	0
7407	0
7408	0
7409	1
7410	0
7411	0
7412	1
7413	0
7414	0
7415	1
7416	0
7417	0
7418	0
7419	1
7420	0
7421	0
7422	0
7423	0
7424	0
7425	0
7426	1
7427	0
7428	0
7429	0
7430	0
7431	1
7432	1
7433	0
7434	1
7435	1
7436	0
7437	0
7438	0
7439	0
7440	0
7441	1
7442	0
7443	0
7444	0
7445	0
7446	0
7447	0
7448	0
7449	1
7450	1
7451	0
7452	0
7453	0
7454	0
7455	0
7456	0
7457	0
7458	0
7459	0
7460	1
7461	1
7462	0
7463	1
7464	1
7465	0
7466	1
7467	0
7468	0
7469	0
7470	0
7471	1
7472	0
7473	1
7474	1
7475	0
7476	0
7477	0
7478	0
7479	0
7480	0
7481	0
7482	0
7483	0
7484	0
7485	0
7486	0
7487	0
7488	0
7489	0
7490	0
7491	0
7492	0
7493	0
7494	1
7495	0
7496	3
7497	0
7498	0
7499	0
7500	0
7501	0
7502	0
7503	0
7504	0
7505	1
7506	0
7507	1
7508	0
7509	0
7510	0
7511	0
7512	1
7513	0
7514	0
7515	0
7516	0
7517	1
7518	1
7519	0
7520	0
7521	0
7522	1
7523	1
7524	0
7525	0
7526	0
7527	0
7528	1
7529	2
7530	0
7531	1
7532	2
7533	0
7534	0
7535	0
7536	0
7537	1
7538	0
7539	1
7540	0
7541	0
7542	0
7543	0
7544	0
7545	0
7546	0
7547	0
7548	0
7549	0
7550	1
7551	1
7552	0
7553	0
7554	0
7555	0
7556	0
7557	1
7558	0
7559	0
7560	0
7561	0
7562	0
7563	0
7564	0
7565	1
7566	0
7567	0
7568	1
7569	0
7570	0
7571	0
7572	2
7573	0
7574	0
7575	0
7576	0
7577	0
7578	0
7579	0
7580	0
7581	1
7582	0
7583	1
7584	0
7585	0
7586	0
7587	1
7588	0
7589	0
7590	0
7591	2
7592	0
7593	0
7594	0
7595	0
7596	0
7597	0
7598	0
7599	0
7600	0
7601	1
7602	0
7603	0
7604	0
7605	0
7606	0
7607	0
7608	0
7609	1
7610	0
7611	0
7612	0
7613	0
7614	1
7615	1
7616	0
7617	0
7618	0
7619	0
7620	0
7621	0
7622	0
7623	0
7624	0
7625	0
7626	0
7627	1
7628	0
7629	1
7630	0
7631	0
7632	0
7633	1
7634	0
7635	0
7636	0
7637	0
7638	0
7639	0
7640	0
7641	0
7642	2
7643	0
7644	0
7645	0
7646	0
7647	2
7648	1
7649	0
7650	0
7651	0
7652	0
7653	1
7654	0
7655	0
7656	0
7657	0
7658	0
7659	0
7660	0
7661	1
7662	0
7663	0
7664	0
7665	0
7666	0
7667	1
7668	1
7669	0
7670	0
7671	1
7672	1
7673	0
7674	0
7675	0
7676	0
7677	1
7678	0
7679	1
7680	0
7681	0
7682	1
7683	0
7684	0
7685	0
7686	0
7687	1
7688	0
7689	0
7690	0
7691	0
7692	0
7693	0
7694	0
7695	0
7696	0
7697	0
7698	1
7699	0
7700	1
7701	0
7702	0
7703	0
7704	1
7705	0
7706	1
7707	0
7708	0
7709	0
7710	1
7711	1
7712	0
7713	1
7714	0
7715	0
7716	1
7717	0
7718	0
7719	0
7720	1
7721	0
7722	0
7723	0
7724	0
7725	1
7726	0
7727	0
7728	0
7729	0
7730	0
7731	0
7732	1
7733	1
7734	0
7735	0
7736	0
7737	1
7738	0
7739	0
7740	0
7741	0
7742	1
7743	0
7744	0
7745	0
7746	1
7747	0
7748	0
7749	0
7750	0
7751	0
7752	0
7753	0
7754	1
7755	0
7756	0
7757	0
7758	0
7759	0
7760	0
7761	0
7762	0
7763	0
7764	0
7765	1
7766	0
7767	0
7768	1
7769	0
7770	0
7771	0
7772	0
7773	0
7774	1
7775	0
7776	0
7777	2
7778	1
7779	0
7780	1
7781	1
7782	0
7783	0
7784	0
7785	0
7786	0
7787	0
7788	0
7789	0
7790	0
7791	0
7792	2
7793	0
7794	0
7795	0
7796	0
7797	0
7798	0
7799	1
7800	0
7801	0
7802	0
7803	0
7804	0
7805	0
7806	0
7807	1
7808	1
7809	0
7810	1
7811	0
7812	0
7813	0
7814	0
7815	0
7816	0
7817	0
7818	0
7819	0
7820	0
7821	0
7822	0
7823	2
7824	0
7825	0
7826	0
7827	0
7828	0
7829	1
7830	0
7831	0
7832	1
7833	0
7834	0
7835	0
7836	0
7837	3
7838	0
7839	1
7840	0
7841	0
7842	0
7843	1
7844	0
7845	0
7846	0
7847	0
7848	0
7849	1
7850	0
7851	0
7852	0
7853	1
7854	1
7855	0
7856	0
7857	1
7858	0
7859	1
7860	1
7861	0
7862	0
7863	1
7864	0
7865	1
7866	0
7867	1
7868	0
7869	0
7870	0
7871	0
7872	1
7873	0
7874	0
7875	0
7876	0
7877	0
7878	0
7879	0
7880	0
7881	1
7882	0
7883	0
7884	0
7885	0
7886	0
7887	0
7888	1
7889	0
7890	0
7891	1
7892	0
7893	0
7894	0
7895	0
7896	0
7897	0
7898	0
7899	0
7900	0
7901	0
7902	0
7903	0
7904	0
7905	0
7906	1
7907	0
7908	0
7909	1
7910	0
7911	0
7912	0
7913	0
7914	0
7915	0
7916	0
7917	0
7918	0
7919	0
7920	0
7921	0
7922	0
7923	0
7924	0
7925	0
7926	0
7927	0
7928	0
7929	0
7930	0
7931	0
7932	0
7933	0
7934	0
7935	0
7936	0
7937	0
7938	0
7939	0
7940	0
7941	0
7942	0
7943	0
7944	0
7945	0
7946	0
7947	0
7948	0
7949	0
7950	0
7951	0
7952	0
7953	0
7954	0
7955	0
7956	0
7957	0
7958	0
7959	0
7960	0
7961	0
7962	0
7963	0
7964	0
7965	0
7966	0
7967	0
7968	0
7969	0
7970	0
7971	0
7972	0
7973	0
7974	0
7975	0
7976	0
7977	0
7978	0
7979	0
7980	0
7981	0
7982	0
7983	0
7984	0
7985	0
7986	0
7987	0
7988	0
7989	0
7990	0
7991	0
7992	0
7993	0
7994	0
7995	0
7996	0
7997	0
7998	0
7999	0
8000	0
8001	0
8002	0
8003	0
8004	0
8005	0
8006	0
8007	0
8008	0
8009	0
8010	0
8011	0
8012	0
8013	0
8014	0
8015	0
8016	0
8017	0
8018	0
8019	0
8020	0
8021	0
8022	0
8023	0
8024	0
8025	0
8026	0
8027	0
8028	0
8029	0
8030	0
8031	0
8032	0
8033	0
8034	0
8035	0
8036	0
8037	0
8038	0
8039	0
8040	0
8041	0
8042	0
8043	0
8044	0
8045	0
8046	0
8047	0
8048	0
8049	0
8050	0
8051	0
8052	0
8053	0
8054	0
8055	0
8056	0
8057	0
8058	0
8059	0
8060	0
8061	0
8062	0
8063	0
8064	0
8065	0
8066	0
8067	0
8068	0
8069	0
8070	0
8071	0
8072	0
8073	0
8074	0
8075	0
8076	0
8077	0
8078	0
8079	0
8080	0
8081	0
8082	0
8083	0
8084	0
8085	0
8086	0
8087	0
8088	0
8089	0
8090	0
8091	0
8092	0
8093	0
8094	0
8095	0
8096	0
8097	0
8098	0
8099	0
8100	0
8101	0
8102	0
8103	0
8104	0
8105	0
8106	0
8107	0
8108	0
8109	0
8110	0
8111	0
8112	0
8113	0
8114	0
8115	0
8116	0
8117	0
8118	0
8119	0
8120	0
8121	0
8122	0
8123	0
8124	0
8125	0
8126	0
8127	0
8128	0
8129	0
8130	0
8131	0
8132	0
8133	0
8134	0
8135	0
8136	0
8137	0
8138	0
8139	0
8140	0
8141	0
8142	0
8143	0
8144	0
8145	0
8146	0
8147	0
8148	0
8149	0
8150	0
8151	0
8152	0
8153	0
8154	0
8155	0
8156	0
8157	0
8158	0
8159	0
8160	0
8161	0
8162	0
8163	0
8164	0
8165	0
8166	0
8167	0
8168	0
8169	0
8170	0
8171	0
8172	0
8173	0
8174	0
8175	0
8176	0
8177	0
8178	0
8179	0
8180	0
8181	0
8182	0
8183	0
8184	0
8185	0
8186	0
8187	0
8188	0
8189	0
8190	0
8191	0
