0	0
1	0
2	0
3	0
4	0
5	0
6	0
7	0
8	0
9	0
10	0
11	0
12	0
13	0
14	0
15	0
16	0
17	0
18	0
19	0
20	0
21	0
22	0
23	0
24	0
25	0
26	0
27	0
28	0
29	0
30	0
31	0
32	0
33	0
34	0
35	0
36	0
37	0
38	0
39	0
40	0
41	0
42	0
43	0
44	0
45	0
46	0
47	0
48	0
49	0
50	0
51	0
52	0
53	0
54	0
55	0
56	0
57	0
58	0
59	0
60	0
61	0
62	0
63	0
64	0
65	0
66	0
67	0
68	0
69	0
70	0
71	0
72	0
73	0
74	0
75	0
76	0
77	0
78	0
79	0
80	0
81	0
82	1
83	6
84	16
85	28
86	24
87	27
88	20
89	25
90	31
91	24
92	21
93	37
94	26
95	26
96	21
97	31
98	25
99	27
100	31
101	21
102	28
103	32
104	29
105	28
106	27
107	22
108	23
109	22
110	21
111	26
112	34
113	40
114	20
115	22
116	29
117	22
118	30
119	22
120	31
121	30
122	25
123	31
124	31
125	25
126	24
127	32
128	25
129	21
130	24
131	21
132	29
133	17
134	21
135	22
136	30
137	27
138	24
139	27
140	21
141	25
142	31
143	28
144	23
145	32
146	23
147	30
148	16
149	35
150	32
151	23
152	26
153	27
154	29
155	22
156	24
157	23
158	17
159	22
160	26
161	35
162	20
163	19
164	14
165	27
166	22
167	25
168	19
169	28
170	29
171	22
172	20
173	24
174	23
175	22
176	27
177	24
178	29
179	28
180	15
181	29
182	16
183	35
184	21
185	20
186	29
187	23
188	19
189	35
190	31
191	29
192	29
193	30
194	33
195	28
196	26
197	33
198	30
199	25
200	30
201	19
202	33
203	19
204	27
205	22
206	28
207	32
208	22
209	27
210	23
211	26
212	28
213	15
214	23
215	29
216	30
217	29
218	26
219	24
220	28
221	34
222	19
223	29
224	30
225	23
226	27
227	34
228	25
229	25
230	23
231	27
232	38
233	24
234	22
235	21
236	27
237	24
238	27
239	25
240	34
241	25
242	21
243	22
244	18
245	38
246	31
247	28
248	26
249	27
250	30
251	30
252	30
253	27
254	26
255	28
256	35
257	32
258	26
259	29
260	20
261	24
262	21
263	29
264	24
265	26
266	25
267	27
268	21
269	26
270	33
271	21
272	19
273	27
274	24
275	31
276	26
277	23
278	23
279	33
280	31
281	23
282	21
283	29
284	35
285	29
286	22
287	38
288	32
289	30
290	26
291	21
292	20
293	22
294	32
295	29
296	39
297	25
298	32
299	34
300	27
301	30
302	25
303	31
304	28
305	32
306	21
307	27
308	22
309	32
310	23
311	27
312	28
313	26
314	26
315	28
316	31
317	35
318	26
319	28
320	28
321	30
322	33
323	30
324	23
325	30
326	26
327	30
328	29
329	21
330	30
331	22
332	30
333	26
334	29
335	27
336	30
337	32
338	22
339	29
340	33
341	35
342	25
343	23
344	45
345	30
346	29
347	34
348	45
349	33
350	36
351	31
352	27
353	30
354	36
355	20
356	27
357	28
358	27
359	33
360	40
361	30
362	39
363	25
364	27
365	27
366	35
367	24
368	37
369	25
370	23
371	25
372	29
373	30
374	22
375	25
376	30
377	20
378	29
379	27
380	43
381	21
382	16
383	31
384	32
385	19
386	24
387	24
388	31
389	35
390	40
391	37
392	22
393	47
394	22
395	40
396	34
397	31
398	36
399	24
400	30
401	38
402	26
403	32
404	31
405	29
406	24
407	35
408	30
409	35
410	29
411	35
412	38
413	32
414	24
415	22
416	29
417	36
418	31
419	19
420	30
421	36
422	38
423	29
424	31
425	30
426	38
427	28
428	24
429	25
430	30
431	35
432	30
433	27
434	29
435	27
436	28
437	31
438	37
439	35
440	36
441	36
442	37
443	32
444	28
445	27
446	31
447	37
448	30
449	44
450	33
451	29
452	36
453	38
454	29
455	30
456	37
457	40
458	34
459	36
460	40
461	33
462	44
463	34
464	36
465	35
466	38
467	32
468	37
469	35
470	37
471	34
472	37
473	50
474	48
475	42
476	39
477	31
478	28
479	54
480	39
481	44
482	39
483	38
484	32
485	40
486	45
487	49
488	35
489	33
490	42
491	46
492	50
493	45
494	44
495	44
496	49
497	42
498	52
499	72
500	43
501	34
502	57
503	31
504	49
505	42
506	48
507	55
508	48
509	46
510	48
511	59
512	60
513	48
514	53
515	43
516	54
517	53
518	36
519	46
520	47
521	47
522	51
523	54
524	48
525	50
526	46
527	49
528	41
529	47
530	48
531	46
532	57
533	31
534	52
535	56
536	49
537	35
538	51
539	39
540	37
541	45
542	41
543	40
544	47
545	43
546	42
547	35
548	46
549	46
550	34
551	46
552	47
553	48
554	46
555	28
556	45
557	37
558	43
559	39
560	43
561	51
562	37
563	38
564	49
565	36
566	39
567	38
568	39
569	36
570	40
571	51
572	38
573	47
574	48
575	38
576	45
577	40
578	41
579	38
580	31
581	37
582	34
583	38
584	42
585	41
586	42
587	45
588	48
589	38
590	36
591	36
592	20
593	43
594	48
595	38
596	48
597	53
598	35
599	44
600	32
601	36
602	39
603	36
604	42
605	39
606	24
607	45
608	40
609	37
610	40
611	40
612	35
613	31
614	39
615	29
616	42
617	39
618	34
619	38
620	36
621	33
622	39
623	28
624	32
625	46
626	44
627	32
628	32
629	30
630	28
631	45
632	43
633	42
634	47
635	38
636	30
637	28
638	34
639	26
640	43
641	38
642	34
643	35
644	30
645	26
646	37
647	42
648	41
649	28
650	23
651	33
652	39
653	31
654	37
655	39
656	43
657	35
658	37
659	38
660	37
661	31
662	44
663	38
664	37
665	41
666	33
667	45
668	40
669	39
670	30
671	27
672	41
673	40
674	41
675	38
676	33
677	41
678	38
679	44
680	40
681	35
682	36
683	36
684	30
685	39
686	29
687	32
688	42
689	47
690	35
691	41
692	30
693	44
694	40
695	53
696	48
697	39
698	49
699	37
700	45
701	34
702	33
703	35
704	42
705	36
706	37
707	36
708	29
709	39
710	50
711	32
712	36
713	34
714	46
715	31
716	48
717	49
718	39
719	40
720	24
721	45
722	40
723	39
724	49
725	39
726	39
727	41
728	43
729	31
730	42
731	44
732	35
733	41
734	36
735	46
736	36
737	42
738	29
739	40
740	36
741	47
742	43
743	37
744	41
745	52
746	44
747	45
748	35
749	39
750	48
751	33
752	51
753	41
754	49
755	50
756	39
757	47
758	36
759	52
760	44
761	33
762	52
763	37
764	42
765	42
766	36
767	55
768	42
769	36
770	41
771	30
772	43
773	30
774	39
775	30
776	44
777	28
778	43
779	39
780	51
781	46
782	50
783	36
784	40
785	44
786	49
787	50
788	44
789	43
790	40
791	38
792	46
793	42
794	34
795	39
796	47
797	42
798	44
799	39
800	51
801	43
802	40
803	52
804	52
805	54
806	44
807	59
808	45
809	47
810	38
811	42
812	62
813	49
814	49
815	40
816	53
817	48
818	52
819	52
820	54
821	45
822	43
823	48
824	65
825	52
826	33
827	45
828	44
829	39
830	41
831	39
832	58
833	44
834	37
835	41
836	47
837	41
838	38
839	44
840	42
841	58
842	55
843	52
844	35
845	56
846	48
847	44
848	47
849	44
850	37
851	52
852	53
853	43
854	56
855	54
856	50
857	36
858	42
859	55
860	46
861	44
862	53
863	55
864	39
865	37
866	47
867	45
868	52
869	46
870	42
871	50
872	58
873	49
874	51
875	51
876	44
877	49
878	45
879	46
880	44
881	45
882	50
883	58
884	47
885	59
886	48
887	46
888	50
889	37
890	56
891	54
892	41
893	51
894	55
895	49
896	62
897	42
898	45
899	53
900	43
901	57
902	54
903	49
904	43
905	46
906	53
907	51
908	42
909	48
910	63
911	43
912	43
913	60
914	47
915	38
916	51
917	45
918	42
919	40
920	52
921	50
922	43
923	40
924	48
925	50
926	57
927	51
928	56
929	60
930	46
931	56
932	48
933	57
934	50
935	41
936	43
937	47
938	34
939	61
940	60
941	45
942	50
943	53
944	58
945	54
946	50
947	47
948	59
949	47
950	58
951	47
952	48
953	54
954	55
955	58
956	54
957	45
958	59
959	53
960	50
961	59
962	60
963	57
964	54
965	53
966	55
967	48
968	62
969	36
970	55
971	41
972	38
973	52
974	38
975	59
976	51
977	53
978	48
979	48
980	47
981	61
982	60
983	44
984	50
985	52
986	51
987	49
988	51
989	43
990	48
991	60
992	43
993	52
994	49
995	42
996	51
997	54
998	51
999	39
1000	53
1001	52
1002	52
1003	49
1004	44
1005	51
1006	44
1007	56
1008	46
1009	58
1010	48
1011	60
1012	49
1013	54
1014	62
1015	55
1016	48
1017	37
1018	47
1019	47
1020	53
1021	49
1022	54
1023	53
1024	66
1025	46
1026	44
1027	65
1028	68
1029	61
1030	74
1031	59
1032	53
1033	59
1034	51
1035	63
1036	57
1037	65
1038	49
1039	51
1040	47
1041	60
1042	56
1043	57
1044	55
1045	49
1046	43
1047	54
1048	49
1049	54
1050	55
1051	58
1052	62
1053	44
1054	58
1055	45
1056	66
1057	61
1058	50
1059	50
1060	60
1061	59
1062	48
1063	45
1064	50
1065	52
1066	65
1067	45
1068	63
1069	53
1070	52
1071	56
1072	51
1073	56
1074	62
1075	42
1076	52
1077	63
1078	53
1079	49
1080	57
1081	48
1082	54
1083	52
1084	61
1085	51
1086	57
1087	75
1088	48
1089	60
1090	46
1091	48
1092	53
1093	60
1094	56
1095	43
1096	61
1097	44
1098	50
1099	66
1100	46
1101	38
1102	42
1103	49
1104	57
1105	44
1106	51
1107	38
1108	46
1109	58
1110	62
1111	54
1112	49
1113	61
1114	52
1115	43
1116	57
1117	60
1118	62
1119	65
1120	49
1121	58
1122	48
1123	59
1124	71
1125	53
1126	55
1127	67
1128	59
1129	64
1130	63
1131	54
1132	54
1133	55
1134	66
1135	82
1136	52
1137	64
1138	63
1139	58
1140	74
1141	50
1142	60
1143	64
1144	63
1145	49
1146	67
1147	62
1148	77
1149	56
1150	60
1151	51
1152	56
1153	52
1154	56
1155	45
1156	49
1157	57
1158	62
1159	57
1160	50
1161	56
1162	52
1163	51
1164	47
1165	55
1166	63
1167	70
1168	59
1169	58
1170	51
1171	63
1172	55
1173	57
1174	62
1175	57
1176	52
1177	65
1178	52
1179	67
1180	48
1181	70
1182	68
1183	64
1184	57
1185	39
1186	60
1187	48
1188	84
1189	53
1190	60
1191	56
1192	60
1193	56
1194	58
1195	66
1196	64
1197	50
1198	66
1199	56
1200	58
1201	54
1202	57
1203	65
1204	52
1205	47
1206	69
1207	61
1208	70
1209	56
1210	68
1211	59
1212	65
1213	61
1214	67
1215	58
1216	53
1217	66
1218	63
1219	65
1220	51
1221	74
1222	50
1223	63
1224	49
1225	51
1226	54
1227	69
1228	50
1229	60
1230	51
1231	44
1232	62
1233	56
1234	61
1235	72
1236	52
1237	59
1238	62
1239	59
1240	57
1241	50
1242	56
1243	69
1244	59
1245	51
1246	55
1247	51
1248	63
1249	74
1250	58
1251	56
1252	51
1253	64
1254	57
1255	48
1256	59
1257	79
1258	64
1259	61
1260	59
1261	63
1262	54
1263	67
1264	53
1265	57
1266	64
1267	56
1268	70
1269	52
1270	63
1271	64
1272	49
1273	36
1274	61
1275	54
1276	56
1277	63
1278	62
1279	53
1280	74
1281	59
1282	59
1283	58
1284	57
1285	70
1286	61
1287	62
1288	65
1289	55
1290	51
1291	50
1292	61
1293	74
1294	53
1295	50
1296	70
1297	52
1298	63
1299	45
1300	55
1301	51
1302	50
1303	64
1304	58
1305	65
1306	63
1307	67
1308	69
1309	58
1310	43
1311	55
1312	42
1313	62
1314	49
1315	66
1316	59
1317	57
1318	47
1319	50
1320	57
1321	62
1322	62
1323	60
1324	55
1325	61
1326	60
1327	79
1328	48
1329	58
1330	49
1331	62
1332	62
1333	59
1334	56
1335	70
1336	66
1337	46
1338	69
1339	65
1340	75
1341	65
1342	56
1343	47
1344	47
1345	65
1346	58
1347	51
1348	58
1349	66
1350	72
1351	57
1352	62
1353	68
1354	69
1355	71
1356	71
1357	52
1358	43
1359	75
1360	64
1361	78
1362	76
1363	58
1364	71
1365	60
1366	66
1367	69
1368	62
1369	74
1370	66
1371	64
1372	55
1373	49
1374	68
1375	51
1376	61
1377	69
1378	59
1379	75
1380	72
1381	62
1382	68
1383	56
1384	77
1385	65
1386	56
1387	66
1388	67
1389	68
1390	62
1391	57
1392	67
1393	64
1394	64
1395	60
1396	69
1397	68
1398	79
1399	64
1400	62
1401	77
1402	77
1403	56
1404	61
1405	75
1406	69
1407	69
1408	64
1409	72
1410	68
1411	72
1412	74
1413	63
1414	62
1415	71
1416	77
1417	53
1418	77
1419	74
1420	72
1421	79
1422	66
1423	69
1424	87
1425	81
1426	63
1427	87
1428	79
1429	61
1430	71
1431	70
1432	73
1433	77
1434	75
1435	83
1436	90
1437	71
1438	88
1439	69
1440	70
1441	73
1442	71
1443	68
1444	88
1445	68
1446	77
1447	84
1448	80
1449	70
1450	77
1451	83
1452	83
1453	78
1454	81
1455	86
1456	81
1457	73
1458	93
1459	80
1460	80
1461	78
1462	83
1463	86
1464	78
1465	100
1466	92
1467	75
1468	85
1469	76
1470	60
1471	85
1472	63
1473	78
1474	83
1475	83
1476	84
1477	98
1478	98
1479	72
1480	89
1481	73
1482	87
1483	73
1484	90
1485	79
1486	87
1487	91
1488	61
1489	109
1490	84
1491	107
1492	77
1493	74
1494	88
1495	91
1496	83
1497	75
1498	85
1499	92
1500	79
1501	67
1502	72
1503	87
1504	85
1505	91
1506	84
1507	79
1508	95
1509	78
1510	91
1511	78
1512	70
1513	91
1514	75
1515	86
1516	78
1517	70
1518	78
1519	69
1520	73
1521	95
1522	80
1523	90
1524	65
1525	95
1526	77
1527	70
1528	94
1529	80
1530	81
1531	90
1532	79
1533	81
1534	71
1535	95
1536	88
1537	75
1538	81
1539	66
1540	85
1541	82
1542	66
1543	77
1544	71
1545	79
1546	83
1547	80
1548	75
1549	68
1550	78
1551	82
1552	63
1553	87
1554	89
1555	76
1556	80
1557	80
1558	87
1559	83
1560	82
1561	82
1562	78
1563	74
1564	56
1565	71
1566	63
1567	73
1568	61
1569	68
1570	70
1571	63
1572	66
1573	70
1574	65
1575	67
1576	73
1577	66
1578	63
1579	69
1580	73
1581	66
1582	61
1583	74
1584	66
1585	64
1586	70
1587	63
1588	62
1589	67
1590	68
1591	65
1592	73
1593	71
1594	72
1595	82
1596	68
1597	71
1598	69
1599	54
1600	56
1601	60
1602	65
1603	73
1604	55
1605	65
1606	53
1607	64
1608	52
1609	62
1610	69
1611	62
1612	49
1613	61
1614	54
1615	71
1616	58
1617	44
1618	46
1619	52
1620	65
1621	73
1622	56
1623	64
1624	62
1625	51
1626	51
1627	65
1628	40
1629	56
1630	48
1631	54
1632	67
1633	53
1634	68
1635	52
1636	55
1637	62
1638	72
1639	49
1640	62
1641	45
1642	55
1643	45
1644	68
1645	43
1646	50
1647	55
1648	41
1649	52
1650	47
1651	44
1652	60
1653	64
1654	60
1655	45
1656	60
1657	52
1658	51
1659	56
1660	48
1661	50
1662	48
1663	69
1664	43
1665	29
1666	61
1667	50
1668	48
1669	48
1670	57
1671	64
1672	45
1673	44
1674	46
1675	44
1676	51
1677	52
1678	51
1679	52
1680	42
1681	51
1682	56
1683	51
1684	48
1685	44
1686	43
1687	43
1688	43
1689	46
1690	46
1691	42
1692	52
1693	43
1694	36
1695	48
1696	41
1697	44
1698	42
1699	50
1700	45
1701	44
1702	39
1703	61
1704	39
1705	41
1706	51
1707	46
1708	37
1709	39
1710	56
1711	49
1712	36
1713	55
1714	42
1715	44
1716	41
1717	54
1718	47
1719	51
1720	28
1721	34
1722	37
1723	45
1724	45
1725	51
1726	51
1727	50
1728	35
1729	61
1730	53
1731	53
1732	48
1733	43
1734	54
1735	45
1736	36
1737	45
1738	53
1739	42
1740	33
1741	57
1742	59
1743	50
1744	31
1745	52
1746	39
1747	45
1748	46
1749	52
1750	50
1751	48
1752	54
1753	56
1754	33
1755	48
1756	36
1757	41
1758	39
1759	46
1760	42
1761	33
1762	41
1763	39
1764	39
1765	38
1766	49
1767	39
1768	46
1769	44
1770	42
1771	38
1772	54
1773	43
1774	29
1775	43
1776	40
1777	42
1778	57
1779	51
1780	46
1781	46
1782	47
1783	33
1784	41
1785	54
1786	35
1787	33
1788	40
1789	43
1790	51
1791	32
1792	30
1793	37
1794	36
1795	44
1796	44
1797	43
1798	39
1799	46
1800	48
1801	39
1802	31
1803	44
1804	37
1805	41
1806	39
1807	34
1808	43
1809	36
1810	43
1811	41
1812	42
1813	48
1814	23
1815	51
1816	34
1817	41
1818	31
1819	42
1820	38
1821	37
1822	43
1823	29
1824	45
1825	31
1826	38
1827	39
1828	53
1829	40
1830	47
1831	27
1832	35
1833	34
1834	38
1835	38
1836	43
1837	34
1838	36
1839	36
1840	39
1841	43
1842	41
1843	34
1844	55
1845	32
1846	49
1847	29
1848	31
1849	39
1850	37
1851	33
1852	46
1853	43
1854	50
1855	40
1856	42
1857	44
1858	36
1859	47
1860	49
1861	34
1862	44
1863	32
1864	39
1865	41
1866	44
1867	31
1868	46
1869	35
1870	49
1871	42
1872	40
1873	36
1874	41
1875	40
1876	30
1877	46
1878	38
1879	31
1880	36
1881	41
1882	37
1883	38
1884	35
1885	39
1886	41
1887	54
1888	42
1889	42
1890	38
1891	29
1892	37
1893	37
1894	36
1895	43
1896	51
1897	38
1898	27
1899	31
1900	35
1901	30
1902	25
1903	33
1904	38
1905	40
1906	31
1907	26
1908	48
1909	46
1910	31
1911	35
1912	41
1913	45
1914	33
1915	36
1916	37
1917	34
1918	36
1919	44
1920	25
1921	28
1922	39
1923	50
1924	35
1925	30
1926	37
1927	32
1928	43
1929	37
1930	43
1931	28
1932	35
1933	40
1934	41
1935	44
1936	30
1937	43
1938	40
1939	38
1940	46
1941	42
1942	54
1943	39
1944	38
1945	37
1946	31
1947	46
1948	50
1949	36
1950	39
1951	34
1952	29
1953	45
1954	25
1955	40
1956	52
1957	40
1958	42
1959	42
1960	29
1961	37
1962	41
1963	45
1964	34
1965	42
1966	28
1967	37
1968	32
1969	40
1970	37
1971	33
1972	30
1973	50
1974	27
1975	34
1976	31
1977	40
1978	35
1979	43
1980	39
1981	36
1982	46
1983	40
1984	25
1985	40
1986	30
1987	47
1988	31
1989	32
1990	47
1991	27
1992	23
1993	31
1994	38
1995	32
1996	46
1997	26
1998	38
1999	37
2000	38
2001	38
2002	37
2003	35
2004	33
2005	43
2006	38
2007	31
2008	35
2009	42
2010	43
2011	36
2012	45
2013	51
2014	34
2015	27
2016	38
2017	38
2018	33
2019	37
2020	37
2021	39
2022	30
2023	33
2024	38
2025	45
2026	44
2027	40
2028	26
2029	35
2030	33
2031	45
2032	39
2033	26
2034	37
2035	33
2036	29
2037	41
2038	28
2039	29
2040	51
2041	42
2042	33
2043	27
2044	32
2045	34
2046	37
2047	32
2048	30
2049	33
2050	41
2051	26
2052	47
2053	33
2054	31
2055	30
2056	42
2057	38
2058	41
2059	37
2060	44
2061	36
2062	38
2063	43
2064	46
2065	30
2066	30
2067	41
2068	44
2069	45
2070	33
2071	38
2072	30
2073	35
2074	42
2075	28
2076	37
2077	44
2078	41
2079	47
2080	32
2081	23
2082	31
2083	47
2084	48
2085	43
2086	44
2087	32
2088	33
2089	39
2090	39
2091	30
2092	41
2093	43
2094	42
2095	38
2096	38
2097	42
2098	37
2099	32
2100	38
2101	34
2102	38
2103	38
2104	29
2105	52
2106	20
2107	30
2108	26
2109	44
2110	33
2111	43
2112	24
2113	36
2114	40
2115	37
2116	40
2117	32
2118	31
2119	31
2120	35
2121	37
2122	43
2123	35
2124	33
2125	35
2126	36
2127	45
2128	35
2129	42
2130	36
2131	37
2132	52
2133	37
2134	36
2135	42
2136	47
2137	44
2138	27
2139	31
2140	40
2141	36
2142	30
2143	20
2144	31
2145	30
2146	38
2147	29
2148	44
2149	29
2150	29
2151	23
2152	36
2153	33
2154	39
2155	33
2156	40
2157	27
2158	31
2159	32
2160	39
2161	43
2162	35
2163	39
2164	36
2165	36
2166	36
2167	29
2168	37
2169	36
2170	40
2171	37
2172	43
2173	34
2174	30
2175	34
2176	41
2177	37
2178	23
2179	41
2180	38
2181	35
2182	35
2183	43
2184	38
2185	28
2186	47
2187	27
2188	33
2189	40
2190	38
2191	37
2192	35
2193	36
2194	28
2195	37
2196	38
2197	23
2198	38
2199	22
2200	30
2201	33
2202	48
2203	31
2204	43
2205	34
2206	30
2207	30
2208	29
2209	38
2210	33
2211	32
2212	31
2213	31
2214	42
2215	41
2216	36
2217	25
2218	29
2219	41
2220	28
2221	41
2222	24
2223	36
2224	29
2225	33
2226	28
2227	32
2228	23
2229	30
2230	46
2231	35
2232	30
2233	45
2234	41
2235	34
2236	28
2237	37
2238	31
2239	33
2240	37
2241	35
2242	40
2243	33
2244	44
2245	39
2246	41
2247	37
2248	47
2249	38
2250	34
2251	34
2252	44
2253	31
2254	30
2255	39
2256	37
2257	35
2258	34
2259	42
2260	46
2261	27
2262	40
2263	44
2264	26
2265	46
2266	32
2267	28
2268	23
2269	35
2270	40
2271	37
2272	40
2273	39
2274	31
2275	31
2276	36
2277	36
2278	42
2279	35
2280	32
2281	45
2282	34
2283	30
2284	39
2285	28
2286	24
2287	35
2288	26
2289	35
2290	44
2291	31
2292	37
2293	34
2294	47
2295	32
2296	31
2297	33
2298	38
2299	30
2300	34
2301	29
2302	23
2303	35
2304	25
2305	24
2306	41
2307	31
2308	27
2309	30
2310	33
2311	37
2312	37
2313	39
2314	28
2315	43
2316	34
2317	38
2318	33
2319	37
2320	18
2321	40
2322	34
2323	29
2324	32
2325	30
2326	43
2327	35
2328	39
2329	31
2330	38
2331	30
2332	32
2333	23
2334	39
2335	28
2336	30
2337	51
2338	36
2339	27
2340	38
2341	26
2342	44
2343	28
2344	39
2345	35
2346	45
2347	37
2348	28
2349	27
2350	41
2351	36
2352	23
2353	29
2354	30
2355	43
2356	42
2357	36
2358	29
2359	30
2360	31
2361	37
2362	30
2363	37
2364	26
2365	31
2366	35
2367	29
2368	27
2369	39
2370	39
2371	26
2372	41
2373	38
2374	30
2375	31
2376	27
2377	36
2378	36
2379	24
2380	22
2381	44
2382	26
2383	38
2384	32
2385	42
2386	33
2387	32
2388	26
2389	32
2390	38
2391	32
2392	37
2393	24
2394	26
2395	37
2396	35
2397	41
2398	30
2399	37
2400	41
2401	33
2402	29
2403	35
2404	35
2405	30
2406	31
2407	39
2408	25
2409	37
2410	31
2411	34
2412	36
2413	35
2414	41
2415	21
2416	29
2417	37
2418	29
2419	38
2420	46
2421	45
2422	40
2423	27
2424	19
2425	36
2426	31
2427	27
2428	31
2429	21
2430	41
2431	41
2432	32
2433	44
2434	33
2435	22
2436	23
2437	26
2438	28
2439	33
2440	32
2441	36
2442	38
2443	30
2444	33
2445	40
2446	29
2447	32
2448	36
2449	29
2450	18
2451	37
2452	34
2453	37
2454	28
2455	33
2456	32
2457	34
2458	32
2459	27
2460	32
2461	24
2462	30
2463	28
2464	26
2465	32
2466	29
2467	40
2468	35
2469	27
2470	34
2471	31
2472	36
2473	41
2474	24
2475	21
2476	40
2477	33
2478	33
2479	29
2480	33
2481	29
2482	27
2483	42
2484	30
2485	34
2486	26
2487	35
2488	34
2489	35
2490	31
2491	27
2492	33
2493	31
2494	30
2495	40
2496	33
2497	24
2498	36
2499	36
2500	34
2501	22
2502	28
2503	34
2504	43
2505	34
2506	37
2507	26
2508	33
2509	28
2510	35
2511	39
2512	32
2513	32
2514	37
2515	42
2516	29
2517	31
2518	33
2519	28
2520	31
2521	25
2522	28
2523	34
2524	33
2525	30
2526	32
2527	27
2528	28
2529	37
2530	44
2531	27
2532	28
2533	30
2534	31
2535	21
2536	44
2537	29
2538	29
2539	22
2540	29
2541	28
2542	43
2543	35
2544	24
2545	30
2546	31
2547	36
2548	25
2549	28
2550	22
2551	29
2552	30
2553	44
2554	33
2555	22
2556	24
2557	26
2558	35
2559	29
2560	31
2561	35
2562	23
2563	41
2564	32
2565	21
2566	27
2567	35
2568	39
2569	23
2570	33
2571	37
2572	25
2573	31
2574	27
2575	30
2576	26
2577	29
2578	31
2579	29
2580	27
2581	23
2582	30
2583	38
2584	31
2585	31
2586	29
2587	32
2588	34
2589	37
2590	32
2591	33
2592	30
2593	23
2594	21
2595	30
2596	27
2597	32
2598	27
2599	38
2600	26
2601	35
2602	28
2603	40
2604	16
2605	29
2606	46
2607	38
2608	26
2609	32
2610	35
2611	30
2612	29
2613	30
2614	36
2615	32
2616	32
2617	41
2618	26
2619	31
2620	35
2621	29
2622	21
2623	29
2624	29
2625	35
2626	30
2627	29
2628	29
2629	36
2630	30
2631	24
2632	35
2633	27
2634	25
2635	39
2636	27
2637	28
2638	35
2639	29
2640	36
2641	23
2642	32
2643	34
2644	25
2645	35
2646	33
2647	40
2648	26
2649	42
2650	28
2651	25
2652	46
2653	28
2654	28
2655	31
2656	26
2657	27
2658	28
2659	33
2660	31
2661	37
2662	32
2663	27
2664	28
2665	35
2666	34
2667	33
2668	28
2669	28
2670	31
2671	32
2672	29
2673	34
2674	32
2675	25
2676	24
2677	30
2678	31
2679	30
2680	35
2681	36
2682	31
2683	38
2684	38
2685	27
2686	28
2687	33
2688	25
2689	31
2690	30
2691	32
2692	26
2693	40
2694	36
2695	28
2696	30
2697	36
2698	39
2699	20
2700	26
2701	17
2702	27
2703	26
2704	25
2705	23
2706	28
2707	36
2708	34
2709	30
2710	28
2711	30
2712	30
2713	31
2714	24
2715	33
2716	18
2717	27
2718	36
2719	37
2720	39
2721	34
2722	29
2723	32
2724	37
2725	21
2726	25
2727	33
2728	28
2729	30
2730	24
2731	30
2732	30
2733	24
2734	23
2735	30
2736	37
2737	31
2738	36
2739	21
2740	38
2741	34
2742	20
2743	38
2744	30
2745	29
2746	31
2747	28
2748	23
2749	26
2750	22
2751	25
2752	42
2753	25
2754	20
2755	27
2756	32
2757	30
2758	38
2759	28
2760	32
2761	29
2762	31
2763	27
2764	34
2765	34
2766	31
2767	35
2768	26
2769	35
2770	30
2771	30
2772	22
2773	29
2774	25
2775	23
2776	37
2777	25
2778	31
2779	24
2780	23
2781	27
2782	25
2783	34
2784	32
2785	36
2786	34
2787	29
2788	30
2789	29
2790	26
2791	25
2792	24
2793	32
2794	29
2795	20
2796	19
2797	30
2798	27
2799	28
2800	25
2801	24
2802	37
2803	22
2804	35
2805	26
2806	31
2807	31
2808	37
2809	35
2810	28
2811	23
2812	24
2813	24
2814	34
2815	24
2816	40
2817	36
2818	35
2819	27
2820	34
2821	38
2822	27
2823	31
2824	30
2825	24
2826	23
2827	27
2828	30
2829	24
2830	23
2831	33
2832	29
2833	33
2834	25
2835	34
2836	24
2837	36
2838	40
2839	28
2840	27
2841	18
2842	29
2843	33
2844	42
2845	29
2846	28
2847	32
2848	27
2849	38
2850	24
2851	25
2852	27
2853	35
2854	25
2855	32
2856	30
2857	33
2858	30
2859	33
2860	24
2861	27
2862	32
2863	40
2864	32
2865	29
2866	34
2867	29
2868	21
2869	29
2870	29
2871	30
2872	31
2873	33
2874	28
2875	30
2876	31
2877	26
2878	31
2879	25
2880	24
2881	31
2882	29
2883	34
2884	28
2885	32
2886	23
2887	27
2888	36
2889	21
2890	28
2891	26
2892	25
2893	27
2894	24
2895	35
2896	26
2897	24
2898	30
2899	22
2900	31
2901	25
2902	27
2903	23
2904	26
2905	28
2906	25
2907	31
2908	27
2909	26
2910	20
2911	22
2912	22
2913	34
2914	28
2915	29
2916	25
2917	29
2918	27
2919	34
2920	20
2921	34
2922	32
2923	30
2924	24
2925	10
2926	18
2927	32
2928	24
2929	26
2930	29
2931	41
2932	22
2933	31
2934	31
2935	17
2936	30
2937	26
2938	27
2939	26
2940	14
2941	23
2942	31
2943	25
2944	24
2945	30
2946	20
2947	26
2948	25
2949	32
2950	28
2951	28
2952	31
2953	24
2954	23
2955	29
2956	32
2957	21
2958	26
2959	21
2960	22
2961	31
2962	23
2963	20
2964	30
2965	13
2966	35
2967	25
2968	31
2969	27
2970	25
2971	31
2972	18
2973	21
2974	17
2975	29
2976	24
2977	24
2978	21
2979	26
2980	29
2981	22
2982	19
2983	34
2984	29
2985	32
2986	31
2987	21
2988	24
2989	29
2990	27
2991	23
2992	24
2993	21
2994	32
2995	25
2996	27
2997	29
2998	27
2999	18
3000	25
3001	22
3002	34
3003	25
3004	18
3005	27
3006	23
3007	19
3008	21
3009	33
3010	21
3011	25
3012	25
3013	25
3014	28
3015	27
3016	33
3017	33
3018	27
3019	25
3020	23
3021	24
3022	26
3023	22
3024	27
3025	32
3026	23
3027	27
3028	19
3029	28
3030	27
3031	20
3032	26
3033	23
3034	25
3035	22
3036	26
3037	17
3038	25
3039	30
3040	23
3041	22
3042	22
3043	16
3044	19
3045	25
3046	24
3047	21
3048	20
3049	29
3050	33
3051	25
3052	22
3053	23
3054	21
3055	26
3056	16
3057	22
3058	27
3059	26
3060	24
3061	28
3062	20
3063	21
3064	24
3065	23
3066	22
3067	27
3068	22
3069	26
3070	29
3071	29
3072	23
3073	22
3074	28
3075	24
3076	27
3077	28
3078	19
3079	23
3080	23
3081	20
3082	22
3083	25
3084	26
3085	31
3086	24
3087	32
3088	23
3089	20
3090	34
3091	24
3092	25
3093	30
3094	18
3095	21
3096	31
3097	36
3098	18
3099	24
3100	20
3101	28
3102	20
3103	19
3104	23
3105	18
3106	26
3107	22
3108	28
3109	20
3110	27
3111	25
3112	28
3113	26
3114	17
3115	22
3116	21
3117	17
3118	23
3119	16
3120	26
3121	28
3122	23
3123	29
3124	32
3125	23
3126	19
3127	20
3128	25
3129	29
3130	22
3131	20
3132	31
3133	28
3134	25
3135	19
3136	32
3137	23
3138	28
3139	24
3140	18
3141	27
3142	31
3143	26
3144	40
3145	21
3146	28
3147	23
3148	20
3149	26
3150	24
3151	21
3152	25
3153	28
3154	22
3155	18
3156	25
3157	22
3158	24
3159	21
3160	22
3161	27
3162	26
3163	30
3164	21
3165	18
3166	28
3167	19
3168	17
3169	22
3170	24
3171	24
3172	22
3173	22
3174	21
3175	18
3176	18
3177	21
3178	26
3179	30
3180	35
3181	29
3182	32
3183	20
3184	21
3185	22
3186	24
3187	37
3188	21
3189	18
3190	27
3191	22
3192	30
3193	28
3194	16
3195	28
3196	30
3197	28
3198	22
3199	27
3200	27
3201	33
3202	28
3203	27
3204	26
3205	23
3206	24
3207	18
3208	21
3209	30
3210	33
3211	19
3212	19
3213	31
3214	24
3215	30
3216	33
3217	28
3218	28
3219	28
3220	25
3221	26
3222	17
3223	31
3224	38
3225	28
3226	37
3227	18
3228	30
3229	24
3230	29
3231	22
3232	27
3233	24
3234	27
3235	27
3236	23
3237	28
3238	16
3239	32
3240	25
3241	18
3242	30
3243	31
3244	21
3245	23
3246	27
3247	22
3248	22
3249	30
3250	21
3251	31
3252	29
3253	17
3254	38
3255	28
3256	33
3257	20
3258	26
3259	21
3260	25
3261	25
3262	27
3263	20
3264	25
3265	24
3266	24
3267	35
3268	24
3269	32
3270	26
3271	27
3272	21
3273	28
3274	20
3275	22
3276	24
3277	27
3278	28
3279	26
3280	20
3281	26
3282	24
3283	21
3284	24
3285	35
3286	27
3287	18
3288	24
3289	21
3290	23
3291	36
3292	26
3293	24
3294	22
3295	19
3296	24
3297	31
3298	25
3299	20
3300	26
3301	28
3302	15
3303	30
3304	22
3305	31
3306	28
3307	27
3308	23
3309	24
3310	27
3311	23
3312	20
3313	19
3314	29
3315	20
3316	22
3317	27
3318	20
3319	21
3320	22
3321	21
3322	22
3323	26
3324	20
3325	20
3326	27
3327	38
3328	27
3329	17
3330	29
3331	28
3332	26
3333	26
3334	20
3335	24
3336	19
3337	21
3338	24
3339	26
3340	18
3341	21
3342	30
3343	42
3344	24
3345	23
3346	17
3347	30
3348	22
3349	25
3350	25
3351	37
3352	22
3353	29
3354	26
3355	21
3356	36
3357	20
3358	33
3359	29
3360	24
3361	26
3362	25
3363	21
3364	19
3365	32
3366	24
3367	22
3368	39
3369	29
3370	20
3371	21
3372	29
3373	24
3374	26
3375	23
3376	25
3377	25
3378	37
3379	25
3380	28
3381	22
3382	20
3383	23
3384	18
3385	23
3386	26
3387	23
3388	23
3389	23
3390	21
3391	29
3392	23
3393	29
3394	27
3395	22
3396	18
3397	24
3398	32
3399	25
3400	27
3401	25
3402	18
3403	30
3404	31
3405	23
3406	26
3407	27
3408	25
3409	24
3410	21
3411	13
3412	28
3413	31
3414	31
3415	27
3416	26
3417	31
3418	35
3419	33
3420	24
3421	26
3422	21
3423	27
3424	26
3425	30
3426	18
3427	30
3428	28
3429	13
3430	22
3431	20
3432	31
3433	27
3434	34
3435	28
3436	26
3437	26
3438	31
3439	24
3440	25
3441	23
3442	31
3443	16
3444	18
3445	14
3446	29
3447	21
3448	25
3449	25
3450	19
3451	29
3452	25
3453	28
3454	29
3455	20
3456	27
3457	30
3458	32
3459	46
3460	25
3461	26
3462	32
3463	21
3464	25
3465	26
3466	28
3467	25
3468	20
3469	26
3470	26
3471	22
3472	28
3473	25
3474	19
3475	13
3476	29
3477	18
3478	26
3479	33
3480	33
3481	20
3482	23
3483	29
3484	34
3485	29
3486	18
3487	32
3488	20
3489	24
3490	15
3491	20
3492	29
3493	21
3494	28
3495	38
3496	28
3497	21
3498	20
3499	29
3500	32
3501	30
3502	30
3503	18
3504	23
3505	20
3506	31
3507	21
3508	27
3509	23
3510	25
3511	28
3512	31
3513	30
3514	36
3515	29
3516	24
3517	20
3518	32
3519	33
3520	28
3521	26
3522	18
3523	32
3524	27
3525	28
3526	26
3527	30
3528	24
3529	42
3530	23
3531	22
3532	20
3533	29
3534	23
3535	35
3536	23
3537	30
3538	24
3539	43
3540	26
3541	27
3542	31
3543	24
3544	26
3545	35
3546	27
3547	29
3548	30
3549	29
3550	30
3551	23
3552	28
3553	19
3554	34
3555	32
3556	24
3557	26
3558	23
3559	25
3560	26
3561	34
3562	26
3563	22
3564	33
3565	24
3566	25
3567	30
3568	27
3569	27
3570	26
3571	25
3572	23
3573	24
3574	20
3575	19
3576	25
3577	22
3578	27
3579	27
3580	31
3581	21
3582	32
3583	27
3584	28
3585	26
3586	26
3587	33
3588	31
3589	28
3590	31
3591	21
3592	24
3593	18
3594	23
3595	24
3596	33
3597	30
3598	34
3599	16
3600	30
3601	32
3602	24
3603	20
3604	31
3605	27
3606	27
3607	35
3608	19
3609	28
3610	25
3611	31
3612	25
3613	29
3614	20
3615	24
3616	26
3617	27
3618	29
3619	19
3620	33
3621	31
3622	27
3623	23
3624	27
3625	31
3626	28
3627	25
3628	25
3629	19
3630	22
3631	24
3632	25
3633	23
3634	34
3635	30
3636	34
3637	33
3638	25
3639	34
3640	29
3641	24
3642	30
3643	42
3644	35
3645	37
3646	22
3647	34
3648	28
3649	28
3650	26
3651	27
3652	27
3653	26
3654	37
3655	37
3656	30
3657	27
3658	24
3659	22
3660	31
3661	26
3662	24
3663	27
3664	19
3665	37
3666	25
3667	25
3668	24
3669	27
3670	23
3671	34
3672	21
3673	26
3674	34
3675	20
3676	33
3677	34
3678	36
3679	30
3680	39
3681	34
3682	25
3683	36
3684	31
3685	27
3686	33
3687	26
3688	26
3689	25
3690	22
3691	31
3692	21
3693	25
3694	33
3695	30
3696	29
3697	19
3698	32
3699	31
3700	20
3701	29
3702	25
3703	30
3704	33
3705	23
3706	45
3707	21
3708	19
3709	18
3710	33
3711	27
3712	31
3713	33
3714	34
3715	20
3716	32
3717	30
3718	39
3719	22
3720	26
3721	31
3722	30
3723	29
3724	30
3725	32
3726	27
3727	31
3728	24
3729	28
3730	23
3731	28
3732	35
3733	33
3734	35
3735	23
3736	29
3737	32
3738	29
3739	39
3740	44
3741	30
3742	31
3743	36
3744	27
3745	30
3746	37
3747	26
3748	37
3749	37
3750	26
3751	36
3752	35
3753	27
3754	39
3755	25
3756	37
3757	25
3758	30
3759	25
3760	31
3761	37
3762	34
3763	36
3764	32
3765	26
3766	26
3767	34
3768	32
3769	32
3770	20
3771	24
3772	29
3773	41
3774	28
3775	19
3776	22
3777	39
3778	32
3779	25
3780	32
3781	33
3782	34
3783	26
3784	33
3785	37
3786	33
3787	31
3788	26
3789	29
3790	31
3791	28
3792	36
3793	25
3794	32
3795	37
3796	25
3797	23
3798	28
3799	27
3800	32
3801	25
3802	40
3803	38
3804	36
3805	34
3806	27
3807	23
3808	32
3809	33
3810	28
3811	36
3812	23
3813	44
3814	34
3815	26
3816	30
3817	31
3818	36
3819	28
3820	37
3821	39
3822	38
3823	36
3824	36
3825	22
3826	36
3827	31
3828	29
3829	33
3830	37
3831	24
3832	45
3833	34
3834	32
3835	35
3836	33
3837	46
3838	34
3839	33
3840	27
3841	21
3842	37
3843	34
3844	25
3845	36
3846	36
3847	36
3848	31
3849	28
3850	31
3851	41
3852	27
3853	27
3854	26
3855	32
3856	35
3857	32
3858	35
3859	34
3860	35
3861	27
3862	26
3863	33
3864	41
3865	22
3866	32
3867	39
3868	34
3869	42
3870	39
3871	38
3872	43
3873	42
3874	32
3875	37
3876	25
3877	40
3878	29
3879	33
3880	31
3881	38
3882	25
3883	40
3884	25
3885	35
3886	48
3887	30
3888	46
3889	36
3890	28
3891	35
3892	47
3893	42
3894	35
3895	35
3896	46
3897	47
3898	31
3899	43
3900	32
3901	34
3902	34
3903	39
3904	44
3905	45
3906	28
3907	37
3908	33
3909	42
3910	48
3911	47
3912	53
3913	40
3914	32
3915	43
3916	36
3917	41
3918	38
3919	38
3920	47
3921	36
3922	39
3923	41
3924	36
3925	46
3926	40
3927	33
3928	47
3929	38
3930	41
3931	35
3932	44
3933	48
3934	37
3935	38
3936	51
3937	32
3938	37
3939	50
3940	43
3941	37
3942	51
3943	40
3944	47
3945	40
3946	36
3947	46
3948	45
3949	39
3950	47
3951	46
3952	45
3953	43
3954	59
3955	40
3956	46
3957	42
3958	52
3959	55
3960	52
3961	45
3962	44
3963	36
3964	43
3965	36
3966	44
3967	51
3968	52
3969	49
3970	43
3971	50
3972	42
3973	58
3974	50
3975	61
3976	38
3977	48
3978	40
3979	40
3980	51
3981	47
3982	42
3983	50
3984	59
3985	50
3986	49
3987	51
3988	49
3989	39
3990	60
3991	41
3992	34
3993	36
3994	36
3995	40
3996	56
3997	55
3998	64
3999	48
4000	47
4001	58
4002	45
4003	40
4004	61
4005	58
4006	47
4007	40
4008	43
4009	40
4010	43
4011	51
4012	53
4013	52
4014	45
4015	55
4016	47
4017	50
4018	63
4019	45
4020	52
4021	48
4022	43
4023	55
4024	46
4025	37
4026	43
4027	44
4028	60
4029	63
4030	61
4031	48
4032	43
4033	64
4034	47
4035	55
4036	42
4037	45
4038	58
4039	37
4040	41
4041	47
4042	59
4043	46
4044	45
4045	53
4046	65
4047	59
4048	58
4049	41
4050	53
4051	49
4052	58
4053	44
4054	43
4055	46
4056	47
4057	64
4058	59
4059	58
4060	53
4061	59
4062	49
4063	57
4064	56
4065	46
4066	60
4067	61
4068	39
4069	68
4070	63
4071	61
4072	48
4073	65
4074	59
4075	50
4076	65
4077	51
4078	61
4079	59
4080	61
4081	57
4082	64
4083	44
4084	63
4085	58
4086	70
4087	55
4088	52
4089	53
4090	51
4091	59
4092	49
4093	49
4094	57
4095	57
4096	77
4097	58
4098	52
4099	61
4100	36
4101	60
4102	72
4103	62
4104	56
4105	56
4106	55
4107	52
4108	55
4109	51
4110	56
4111	45
4112	55
4113	70
4114	49
4115	44
4116	58
4117	52
4118	49
4119	58
4120	52
4121	61
4122	48
4123	54
4124	62
4125	53
4126	59
4127	62
4128	63
4129	57
4130	41
4131	61
4132	53
4133	54
4134	48
4135	51
4136	52
4137	38
4138	53
4139	58
4140	60
4141	59
4142	45
4143	40
4144	68
4145	51
4146	54
4147	56
4148	65
4149	46
4150	50
4151	49
4152	58
4153	54
4154	53
4155	36
4156	37
4157	53
4158	40
4159	58
4160	41
4161	52
4162	41
4163	58
4164	40
4165	49
4166	39
4167	71
4168	59
4169	56
4170	46
4171	48
4172	46
4173	32
4174	52
4175	54
4176	47
4177	48
4178	34
4179	53
4180	45
4181	40
4182	43
4183	43
4184	59
4185	51
4186	40
4187	45
4188	50
4189	43
4190	33
4191	44
4192	37
4193	39
4194	47
4195	57
4196	44
4197	47
4198	32
4199	35
4200	36
4201	49
4202	36
4203	34
4204	38
4205	37
4206	44
4207	46
4208	33
4209	41
4210	37
4211	41
4212	33
4213	42
4214	34
4215	41
4216	42
4217	34
4218	36
4219	34
4220	41
4221	36
4222	38
4223	25
4224	37
4225	39
4226	41
4227	33
4228	33
4229	34
4230	32
4231	34
4232	41
4233	38
4234	37
4235	37
4236	26
4237	39
4238	39
4239	31
4240	26
4241	35
4242	21
4243	33
4244	35
4245	27
4246	32
4247	26
4248	27
4249	30
4250	29
4251	29
4252	40
4253	25
4254	34
4255	17
4256	20
4257	33
4258	30
4259	30
4260	31
4261	32
4262	29
4263	15
4264	29
4265	35
4266	21
4267	28
4268	24
4269	24
4270	22
4271	26
4272	17
4273	30
4274	28
4275	23
4276	31
4277	29
4278	30
4279	14
4280	20
4281	13
4282	26
4283	27
4284	21
4285	24
4286	14
4287	16
4288	31
4289	18
4290	21
4291	25
4292	16
4293	15
4294	22
4295	17
4296	22
4297	12
4298	13
4299	21
4300	18
4301	18
4302	17
4303	8
4304	25
4305	15
4306	19
4307	14
4308	19
4309	13
4310	13
4311	15
4312	20
4313	15
4314	13
4315	12
4316	25
4317	18
4318	13
4319	12
4320	12
4321	13
4322	15
4323	17
4324	19
4325	18
4326	21
4327	14
4328	7
4329	14
4330	12
4331	17
4332	13
4333	14
4334	13
4335	17
4336	7
4337	8
4338	18
4339	9
4340	6
4341	13
4342	14
4343	12
4344	6
4345	8
4346	8
4347	10
4348	9
4349	8
4350	13
4351	5
4352	8
4353	12
4354	6
4355	9
4356	7
4357	7
4358	9
4359	15
4360	8
4361	13
4362	7
4363	10
4364	9
4365	8
4366	7
4367	8
4368	3
4369	4
4370	4
4371	2
4372	8
4373	5
4374	4
4375	6
4376	4
4377	5
4378	4
4379	9
4380	9
4381	3
4382	4
4383	9
4384	4
4385	4
4386	9
4387	5
4388	7
4389	5
4390	2
4391	4
4392	6
4393	4
4394	6
4395	6
4396	7
4397	9
4398	6
4399	2
4400	2
4401	3
4402	5
4403	3
4404	3
4405	4
4406	3
4407	2
4408	2
4409	3
4410	4
4411	3
4412	3
4413	2
4414	2
4415	4
4416	2
4417	2
4418	1
4419	2
4420	3
4421	5
4422	1
4423	3
4424	10
4425	3
4426	2
4427	2
4428	2
4429	5
4430	0
4431	2
4432	3
4433	6
4434	2
4435	5
4436	5
4437	2
4438	4
4439	4
4440	1
4441	4
4442	0
4443	1
4444	1
4445	7
4446	3
4447	5
4448	0
4449	4
4450	3
4451	0
4452	4
4453	1
4454	0
4455	1
4456	0
4457	1
4458	3
4459	1
4460	2
4461	3
4462	3
4463	2
4464	1
4465	0
4466	0
4467	3
4468	1
4469	2
4470	0
4471	2
4472	0
4473	2
4474	1
4475	3
4476	2
4477	0
4478	2
4479	6
4480	3
4481	1
4482	0
4483	1
4484	1
4485	1
4486	0
4487	1
4488	2
4489	1
4490	3
4491	0
4492	0
4493	3
4494	1
4495	1
4496	3
4497	2
4498	1
4499	0
4500	0
4501	3
4502	3
4503	1
4504	0
4505	3
4506	0
4507	3
4508	1
4509	3
4510	1
4511	0
4512	3
4513	3
4514	1
4515	0
4516	3
4517	0
4518	2
4519	2
4520	0
4521	1
4522	0
4523	1
4524	0
4525	2
4526	2
4527	3
4528	0
4529	1
4530	0
4531	1
4532	2
4533	1
4534	1
4535	0
4536	0
4537	3
4538	1
4539	0
4540	3
4541	0
4542	1
4543	1
4544	1
4545	1
4546	0
4547	0
4548	1
4549	1
4550	0
4551	0
4552	0
4553	2
4554	0
4555	3
4556	0
4557	1
4558	1
4559	1
4560	0
4561	0
4562	1
4563	0
4564	1
4565	0
4566	1
4567	1
4568	0
4569	1
4570	0
4571	0
4572	1
4573	0
4574	0
4575	2
4576	0
4577	1
4578	0
4579	1
4580	2
4581	1
4582	1
4583	1
4584	1
4585	0
4586	1
4587	1
4588	1
4589	0
4590	0
4591	2
4592	0
4593	0
4594	0
4595	3
4596	0
4597	1
4598	0
4599	1
4600	1
4601	0
4602	1
4603	2
4604	0
4605	1
4606	0
4607	0
4608	2
4609	0
4610	0
4611	0
4612	0
4613	3
4614	1
4615	0
4616	0
4617	0
4618	0
4619	1
4620	0
4621	1
4622	1
4623	0
4624	0
4625	0
4626	2
4627	1
4628	0
4629	1
4630	1
4631	1
4632	0
4633	1
4634	1
4635	1
4636	0
4637	2
4638	0
4639	1
4640	3
4641	1
4642	0
4643	1
4644	0
4645	1
4646	2
4647	1
4648	1
4649	0
4650	0
4651	1
4652	0
4653	2
4654	1
4655	2
4656	0
4657	0
4658	0
4659	0
4660	0
4661	0
4662	0
4663	1
4664	0
4665	2
4666	0
4667	0
4668	0
4669	1
4670	1
4671	0
4672	1
4673	0
4674	1
4675	1
4676	2
4677	1
4678	0
4679	0
4680	2
4681	1
4682	1
4683	1
4684	0
4685	2
4686	2
4687	2
4688	0
4689	0
4690	0
4691	0
4692	0
4693	1
4694	0
4695	1
4696	0
4697	1
4698	0
4699	0
4700	1
4701	1
4702	1
4703	2
4704	0
4705	0
4706	1
4707	2
4708	0
4709	0
4710	0
4711	0
4712	0
4713	0
4714	0
4715	0
4716	3
4717	0
4718	1
4719	1
4720	0
4721	1
4722	0
4723	1
4724	2
4725	0
4726	0
4727	0
4728	0
4729	0
4730	0
4731	0
4732	2
4733	1
4734	0
4735	1
4736	1
4737	0
4738	1
4739	0
4740	1
4741	1
4742	2
4743	1
4744	3
4745	0
4746	1
4747	0
4748	0
4749	1
4750	3
4751	2
4752	1
4753	1
4754	0
4755	2
4756	0
4757	2
4758	0
4759	3
4760	0
4761	0
4762	0
4763	0
4764	0
4765	1
4766	1
4767	3
4768	3
4769	2
4770	1
4771	2
4772	1
4773	0
4774	0
4775	1
4776	0
4777	0
4778	0
4779	0
4780	1
4781	0
4782	1
4783	1
4784	1
4785	0
4786	0
4787	0
4788	0
4789	1
4790	0
4791	0
4792	1
4793	3
4794	1
4795	0
4796	1
4797	0
4798	1
4799	0
4800	0
4801	2
4802	1
4803	0
4804	1
4805	0
4806	1
4807	0
4808	0
4809	1
4810	2
4811	1
4812	0
4813	1
4814	1
4815	3
4816	0
4817	0
4818	1
4819	0
4820	0
4821	0
4822	2
4823	1
4824	2
4825	0
4826	0
4827	0
4828	0
4829	2
4830	0
4831	0
4832	0
4833	0
4834	2
4835	0
4836	0
4837	1
4838	0
4839	0
4840	0
4841	0
4842	3
4843	1
4844	2
4845	0
4846	0
4847	1
4848	1
4849	0
4850	0
4851	0
4852	0
4853	1
4854	0
4855	0
4856	0
4857	0
4858	1
4859	0
4860	0
4861	0
4862	0
4863	0
4864	1
4865	1
4866	3
4867	0
4868	2
4869	1
4870	0
4871	2
4872	1
4873	0
4874	0
4875	0
4876	2
4877	1
4878	0
4879	1
4880	2
4881	0
4882	0
4883	1
4884	1
4885	2
4886	0
4887	0
4888	0
4889	0
4890	0
4891	2
4892	0
4893	0
4894	0
4895	0
4896	1
4897	0
4898	0
4899	2
4900	4
4901	2
4902	2
4903	0
4904	2
4905	0
4906	0
4907	1
4908	0
4909	0
4910	0
4911	0
4912	1
4913	2
4914	0
4915	2
4916	0
4917	0
4918	1
4919	2
4920	0
4921	0
4922	1
4923	1
4924	1
4925	1
4926	0
4927	0
4928	0
4929	0
4930	1
4931	1
4932	0
4933	0
4934	1
4935	1
4936	0
4937	2
4938	1
4939	0
4940	0
4941	1
4942	2
4943	0
4944	2
4945	1
4946	1
4947	0
4948	1
4949	2
4950	1
4951	0
4952	0
4953	0
4954	1
4955	0
4956	2
4957	1
4958	0
4959	0
4960	1
4961	0
4962	1
4963	1
4964	3
4965	0
4966	0
4967	1
4968	0
4969	0
4970	0
4971	1
4972	0
4973	0
4974	2
4975	0
4976	2
4977	0
4978	1
4979	1
4980	1
4981	0
4982	1
4983	1
4984	0
4985	0
4986	0
4987	2
4988	1
4989	0
4990	2
4991	0
4992	0
4993	0
4994	0
4995	3
4996	0
4997	1
4998	0
4999	1
5000	0
5001	0
5002	1
5003	0
5004	1
5005	0
5006	0
5007	1
5008	0
5009	1
5010	0
5011	0
5012	1
5013	0
5014	0
5015	1
5016	0
5017	0
5018	1
5019	1
5020	0
5021	1
5022	1
5023	0
5024	0
5025	1
5026	1
5027	1
5028	1
5029	1
5030	2
5031	0
5032	0
5033	0
5034	0
5035	0
5036	0
5037	2
5038	1
5039	0
5040	2
5041	0
5042	0
5043	2
5044	3
5045	0
5046	1
5047	1
5048	1
5049	3
5050	0
5051	1
5052	0
5053	1
5054	0
5055	0
5056	0
5057	0
5058	3
5059	1
5060	0
5061	0
5062	0
5063	0
5064	1
5065	1
5066	0
5067	1
5068	1
5069	0
5070	1
5071	0
5072	1
5073	1
5074	0
5075	1
5076	2
5077	0
5078	0
5079	1
5080	1
5081	0
5082	0
5083	1
5084	0
5085	1
5086	0
5087	0
5088	1
5089	0
5090	1
5091	2
5092	1
5093	2
5094	0
5095	0
5096	2
5097	0
5098	0
5099	0
5100	0
5101	0
5102	0
5103	0
5104	4
5105	0
5106	1
5107	1
5108	0
5109	0
5110	1
5111	3
5112	0
5113	0
5114	0
5115	1
5116	0
5117	1
5118	0
5119	1
5120	1
5121	3
5122	0
5123	1
5124	1
5125	1
5126	0
5127	0
5128	1
5129	2
5130	1
5131	2
5132	0
5133	1
5134	1
5135	0
5136	0
5137	0
5138	0
5139	1
5140	0
5141	1
5142	0
5143	1
5144	1
5145	0
5146	0
5147	2
5148	0
5149	1
5150	0
5151	0
5152	0
5153	0
5154	0
5155	0
5156	0
5157	0
5158	0
5159	1
5160	0
5161	0
5162	0
5163	1
5164	0
5165	2
5166	1
5167	1
5168	0
5169	1
5170	1
5171	0
5172	1
5173	2
5174	0
5175	1
5176	0
5177	0
5178	0
5179	0
5180	0
5181	0
5182	0
5183	1
5184	2
5185	0
5186	1
5187	0
5188	1
5189	0
5190	4
5191	0
5192	0
5193	2
5194	2
5195	0
5196	0
5197	3
5198	1
5199	0
5200	0
5201	0
5202	1
5203	1
5204	0
5205	0
5206	1
5207	0
5208	0
5209	0
5210	0
5211	0
5212	0
5213	0
5214	0
5215	2
5216	1
5217	1
5218	1
5219	0
5220	0
5221	0
5222	1
5223	0
5224	1
5225	1
5226	1
5227	0
5228	1
5229	0
5230	1
5231	1
5232	1
5233	1
5234	0
5235	0
5236	0
5237	1
5238	0
5239	1
5240	0
5241	1
5242	0
5243	2
5244	0
5245	0
5246	2
5247	1
5248	2
5249	1
5250	0
5251	0
5252	0
5253	1
5254	0
5255	0
5256	0
5257	1
5258	1
5259	0
5260	0
5261	0
5262	0
5263	0
5264	0
5265	1
5266	0
5267	1
5268	1
5269	1
5270	1
5271	5
5272	0
5273	0
5274	1
5275	0
5276	0
5277	2
5278	1
5279	0
5280	0
5281	1
5282	0
5283	2
5284	0
5285	1
5286	0
5287	1
5288	1
5289	0
5290	0
5291	0
5292	0
5293	1
5294	0
5295	0
5296	0
5297	0
5298	0
5299	0
5300	0
5301	0
5302	0
5303	0
5304	0
5305	0
5306	0
5307	1
5308	1
5309	1
5310	0
5311	0
5312	0
5313	0
5314	2
5315	2
5316	0
5317	0
5318	1
5319	1
5320	0
5321	1
5322	1
5323	2
5324	1
5325	0
5326	0
5327	0
5328	1
5329	4
5330	0
5331	1
5332	1
5333	0
5334	0
5335	2
5336	1
5337	1
5338	0
5339	0
5340	0
5341	1
5342	3
5343	0
5344	0
5345	2
5346	0
5347	1
5348	0
5349	1
5350	0
5351	0
5352	2
5353	0
5354	0
5355	0
5356	1
5357	2
5358	0
5359	0
5360	1
5361	1
5362	1
5363	0
5364	0
5365	0
5366	0
5367	0
5368	0
5369	0
5370	1
5371	1
5372	2
5373	0
5374	1
5375	1
5376	0
5377	1
5378	1
5379	1
5380	0
5381	1
5382	0
5383	0
5384	0
5385	0
5386	1
5387	0
5388	0
5389	2
5390	2
5391	2
5392	0
5393	2
5394	1
5395	0
5396	1
5397	0
5398	0
5399	1
5400	1
5401	0
5402	0
5403	2
5404	0
5405	0
5406	2
5407	2
5408	0
5409	1
5410	0
5411	0
5412	1
5413	0
5414	0
5415	1
5416	1
5417	1
5418	1
5419	1
5420	0
5421	0
5422	1
5423	0
5424	0
5425	0
5426	0
5427	0
5428	1
5429	2
5430	0
5431	0
5432	1
5433	1
5434	0
5435	2
5436	0
5437	0
5438	0
5439	1
5440	3
5441	2
5442	2
5443	1
5444	0
5445	0
5446	2
5447	0
5448	0
5449	1
5450	1
5451	1
5452	2
5453	0
5454	0
5455	0
5456	1
5457	0
5458	0
5459	0
5460	2
5461	1
5462	1
5463	0
5464	1
5465	0
5466	0
5467	2
5468	0
5469	1
5470	0
5471	0
5472	0
5473	0
5474	0
5475	1
5476	1
5477	1
5478	0
5479	1
5480	0
5481	1
5482	1
5483	0
5484	0
5485	1
5486	0
5487	0
5488	1
5489	0
5490	1
5491	1
5492	0
5493	2
5494	0
5495	0
5496	0
5497	0
5498	0
5499	2
5500	0
5501	0
5502	0
5503	2
5504	1
5505	0
5506	1
5507	0
5508	0
5509	0
5510	0
5511	0
5512	0
5513	0
5514	2
5515	0
5516	1
5517	0
5518	0
5519	1
5520	0
5521	1
5522	0
5523	1
5524	0
5525	0
5526	0
5527	0
5528	1
5529	1
5530	0
5531	0
5532	3
5533	2
5534	1
5535	1
5536	1
5537	0
5538	0
5539	1
5540	1
5541	1
5542	0
5543	1
5544	0
5545	1
5546	0
5547	2
5548	3
5549	0
5550	0
5551	1
5552	1
5553	0
5554	0
5555	1
5556	2
5557	1
5558	0
5559	1
5560	0
5561	1
5562	1
5563	1
5564	0
5565	0
5566	1
5567	1
5568	1
5569	1
5570	1
5571	1
5572	1
5573	0
5574	0
5575	0
5576	1
5577	2
5578	0
5579	0
5580	0
5581	1
5582	1
5583	3
5584	0
5585	0
5586	0
5587	0
5588	2
5589	1
5590	0
5591	1
5592	0
5593	0
5594	0
5595	3
5596	2
5597	2
5598	0
5599	0
5600	1
5601	0
5602	1
5603	0
5604	0
5605	1
5606	0
5607	0
5608	0
5609	1
5610	2
5611	1
5612	2
5613	1
5614	2
5615	0
5616	0
5617	2
5618	0
5619	1
5620	1
5621	1
5622	0
5623	0
5624	0
5625	0
5626	0
5627	0
5628	1
5629	0
5630	0
5631	2
5632	0
5633	0
5634	2
5635	0
5636	1
5637	0
5638	0
5639	1
5640	0
5641	0
5642	1
5643	0
5644	0
5645	0
5646	1
5647	0
5648	0
5649	0
5650	0
5651	0
5652	0
5653	0
5654	0
5655	3
5656	1
5657	1
5658	0
5659	0
5660	0
5661	0
5662	0
5663	0
5664	1
5665	0
5666	3
5667	0
5668	1
5669	0
5670	0
5671	0
5672	0
5673	1
5674	1
5675	0
5676	0
5677	0
5678	0
5679	0
5680	0
5681	0
5682	0
5683	0
5684	0
5685	2
5686	0
5687	0
5688	1
5689	1
5690	0
5691	0
5692	1
5693	0
5694	0
5695	1
5696	1
5697	1
5698	1
5699	0
5700	1
5701	1
5702	1
5703	0
5704	0
5705	0
5706	0
5707	0
5708	0
5709	0
5710	1
5711	0
5712	1
5713	0
5714	1
5715	0
5716	0
5717	0
5718	0
5719	1
5720	0
5721	2
5722	0
5723	2
5724	0
5725	0
5726	0
5727	0
5728	1
5729	2
5730	3
5731	0
5732	0
5733	0
5734	0
5735	0
5736	0
5737	1
5738	0
5739	0
5740	1
5741	0
5742	1
5743	1
5744	0
5745	0
5746	1
5747	1
5748	0
5749	0
5750	1
5751	0
5752	0
5753	1
5754	2
5755	0
5756	0
5757	0
5758	1
5759	1
5760	0
5761	0
5762	1
5763	1
5764	2
5765	1
5766	0
5767	2
5768	0
5769	1
5770	0
5771	0
5772	0
5773	1
5774	1
5775	1
5776	1
5777	0
5778	0
5779	1
5780	0
5781	0
5782	2
5783	0
5784	1
5785	0
5786	1
5787	1
5788	1
5789	0
5790	1
5791	2
5792	0
5793	0
5794	1
5795	0
5796	1
5797	0
5798	1
5799	0
5800	0
5801	0
5802	0
5803	0
5804	1
5805	0
5806	1
5807	1
5808	0
5809	0
5810	1
5811	1
5812	2
5813	1
5814	0
5815	0
5816	1
5817	0
5818	0
5819	1
5820	0
5821	0
5822	2
5823	1
5824	0
5825	1
5826	1
5827	1
5828	1
5829	0
5830	0
5831	0
5832	0
5833	1
5834	0
5835	1
5836	0
5837	0
5838	0
5839	0
5840	1
5841	1
5842	1
5843	1
5844	2
5845	1
5846	1
5847	0
5848	1
5849	1
5850	0
5851	0
5852	1
5853	0
5854	0
5855	0
5856	2
5857	1
5858	2
5859	0
5860	0
5861	1
5862	1
5863	0
5864	1
5865	0
5866	0
5867	1
5868	1
5869	0
5870	0
5871	1
5872	0
5873	0
5874	0
5875	1
5876	0
5877	1
5878	0
5879	0
5880	1
5881	1
5882	0
5883	0
5884	0
5885	0
5886	1
5887	0
5888	0
5889	1
5890	1
5891	0
5892	0
5893	0
5894	0
5895	0
5896	0
5897	0
5898	0
5899	0
5900	0
5901	0
5902	2
5903	2
5904	0
5905	1
5906	2
5907	1
5908	0
5909	3
5910	0
5911	0
5912	1
5913	0
5914	1
5915	0
5916	0
5917	0
5918	0
5919	0
5920	1
5921	0
5922	1
5923	0
5924	2
5925	0
5926	0
5927	0
5928	0
5929	0
5930	0
5931	1
5932	1
5933	0
5934	0
5935	1
5936	2
5937	1
5938	1
5939	1
5940	0
5941	0
5942	1
5943	0
5944	1
5945	1
5946	0
5947	1
5948	0
5949	0
5950	1
5951	0
5952	2
5953	2
5954	0
5955	0
5956	0
5957	0
5958	0
5959	1
5960	0
5961	1
5962	1
5963	0
5964	1
5965	0
5966	0
5967	0
5968	1
5969	2
5970	1
5971	1
5972	0
5973	0
5974	0
5975	1
5976	0
5977	2
5978	0
5979	1
5980	0
5981	0
5982	1
5983	2
5984	0
5985	0
5986	0
5987	1
5988	1
5989	0
5990	0
5991	0
5992	0
5993	0
5994	0
5995	1
5996	1
5997	0
5998	0
5999	1
6000	1
6001	0
6002	0
6003	2
6004	1
6005	1
6006	1
6007	0
6008	0
6009	0
6010	1
6011	1
6012	0
6013	0
6014	1
6015	0
6016	0
6017	0
6018	0
6019	0
6020	0
6021	1
6022	0
6023	1
6024	1
6025	2
6026	1
6027	2
6028	0
6029	2
6030	1
6031	3
6032	0
6033	0
6034	0
6035	1
6036	0
6037	1
6038	1
6039	0
6040	1
6041	0
6042	2
6043	0
6044	2
6045	1
6046	0
6047	0
6048	0
6049	2
6050	0
6051	0
6052	0
6053	0
6054	4
6055	0
6056	1
6057	1
6058	1
6059	1
6060	0
6061	1
6062	2
6063	0
6064	2
6065	0
6066	0
6067	0
6068	1
6069	2
6070	0
6071	0
6072	2
6073	0
6074	0
6075	0
6076	0
6077	0
6078	1
6079	0
6080	1
6081	0
6082	0
6083	0
6084	0
6085	0
6086	0
6087	0
6088	0
6089	0
6090	1
6091	1
6092	1
6093	0
6094	0
6095	0
6096	1
6097	1
6098	1
6099	1
6100	1
6101	1
6102	1
6103	0
6104	0
6105	1
6106	1
6107	0
6108	0
6109	0
6110	0
6111	1
6112	1
6113	1
6114	0
6115	0
6116	0
6117	0
6118	0
6119	0
6120	0
6121	0
6122	1
6123	0
6124	2
6125	0
6126	0
6127	0
6128	0
6129	0
6130	0
6131	0
6132	2
6133	0
6134	0
6135	0
6136	0
6137	0
6138	1
6139	0
6140	0
6141	0
6142	0
6143	1
6144	0
6145	2
6146	1
6147	1
6148	0
6149	0
6150	0
6151	1
6152	0
6153	2
6154	0
6155	0
6156	0
6157	0
6158	0
6159	0
6160	0
6161	0
6162	0
6163	1
6164	1
6165	0
6166	2
6167	0
6168	0
6169	0
6170	1
6171	0
6172	0
6173	3
6174	1
6175	0
6176	0
6177	0
6178	0
6179	0
6180	0
6181	1
6182	2
6183	1
6184	1
6185	1
6186	0
6187	0
6188	0
6189	1
6190	2
6191	0
6192	1
6193	1
6194	0
6195	0
6196	1
6197	1
6198	0
6199	1
6200	1
6201	0
6202	0
6203	1
6204	0
6205	0
6206	1
6207	1
6208	0
6209	0
6210	0
6211	0
6212	0
6213	0
6214	0
6215	0
6216	0
6217	0
6218	0
6219	0
6220	0
6221	3
6222	0
6223	0
6224	0
6225	0
6226	0
6227	0
6228	0
6229	1
6230	1
6231	2
6232	0
6233	1
6234	1
6235	2
6236	0
6237	0
6238	0
6239	0
6240	1
6241	0
6242	0
6243	1
6244	0
6245	0
6246	0
6247	2
6248	0
6249	1
6250	0
6251	0
6252	1
6253	1
6254	0
6255	0
6256	1
6257	2
6258	2
6259	0
6260	0
6261	0
6262	1
6263	1
6264	1
6265	0
6266	0
6267	0
6268	0
6269	0
6270	0
6271	1
6272	1
6273	0
6274	0
6275	1
6276	0
6277	0
6278	0
6279	1
6280	0
6281	1
6282	0
6283	0
6284	0
6285	1
6286	1
6287	0
6288	0
6289	1
6290	0
6291	0
6292	0
6293	0
6294	0
6295	0
6296	0
6297	0
6298	0
6299	0
6300	0
6301	1
6302	0
6303	2
6304	0
6305	0
6306	0
6307	1
6308	0
6309	0
6310	1
6311	0
6312	0
6313	0
6314	0
6315	1
6316	0
6317	1
6318	0
6319	2
6320	1
6321	0
6322	1
6323	0
6324	0
6325	0
6326	0
6327	0
6328	0
6329	1
6330	0
6331	1
6332	0
6333	1
6334	1
6335	0
6336	0
6337	0
6338	0
6339	0
6340	1
6341	0
6342	1
6343	1
6344	1
6345	1
6346	2
6347	0
6348	2
6349	1
6350	0
6351	0
6352	1
6353	1
6354	0
6355	0
6356	0
6357	1
6358	1
6359	2
6360	0
6361	0
6362	1
6363	1
6364	0
6365	0
6366	0
6367	1
6368	2
6369	1
6370	0
6371	0
6372	0
6373	0
6374	0
6375	0
6376	1
6377	2
6378	0
6379	0
6380	0
6381	2
6382	0
6383	1
6384	1
6385	1
6386	1
6387	2
6388	1
6389	1
6390	2
6391	0
6392	0
6393	1
6394	2
6395	2
6396	1
6397	0
6398	0
6399	1
6400	0
6401	1
6402	0
6403	1
6404	1
6405	0
6406	2
6407	2
6408	0
6409	0
6410	0
6411	0
6412	1
6413	0
6414	0
6415	0
6416	0
6417	0
6418	0
6419	0
6420	0
6421	0
6422	1
6423	1
6424	0
6425	0
6426	1
6427	1
6428	0
6429	0
6430	0
6431	1
6432	1
6433	1
6434	0
6435	0
6436	0
6437	0
6438	1
6439	0
6440	0
6441	0
6442	1
6443	0
6444	0
6445	1
6446	1
6447	1
6448	0
6449	0
6450	1
6451	0
6452	1
6453	0
6454	0
6455	0
6456	0
6457	0
6458	0
6459	1
6460	1
6461	0
6462	0
6463	0
6464	2
6465	1
6466	1
6467	0
6468	0
6469	1
6470	0
6471	1
6472	0
6473	0
6474	1
6475	1
6476	0
6477	0
6478	0
6479	0
6480	1
6481	0
6482	0
6483	0
6484	0
6485	0
6486	0
6487	1
6488	1
6489	1
6490	0
6491	0
6492	0
6493	0
6494	0
6495	1
6496	0
6497	1
6498	0
6499	0
6500	1
6501	1
6502	0
6503	0
6504	1
6505	0
6506	0
6507	1
6508	0
6509	0
6510	0
6511	0
6512	1
6513	0
6514	0
6515	0
6516	3
6517	0
6518	0
6519	0
6520	1
6521	0
6522	0
6523	0
6524	0
6525	0
6526	0
6527	0
6528	0
6529	1
6530	1
6531	0
6532	0
6533	1
6534	0
6535	1
6536	0
6537	1
6538	1
6539	1
6540	0
6541	1
6542	1
6543	1
6544	0
6545	0
6546	0
6547	0
6548	0
6549	0
6550	0
6551	1
6552	0
6553	0
6554	1
6555	0
6556	0
6557	1
6558	3
6559	0
6560	1
6561	0
6562	0
6563	1
6564	1
6565	0
6566	2
6567	0
6568	0
6569	0
6570	0
6571	0
6572	0
6573	1
6574	1
6575	0
6576	0
6577	0
6578	0
6579	0
6580	2
6581	0
6582	1
6583	1
6584	0
6585	0
6586	0
6587	1
6588	1
6589	2
6590	0
6591	1
6592	1
6593	0
6594	0
6595	0
6596	0
6597	1
6598	0
6599	0
6600	0
6601	0
6602	0
6603	0
6604	0
6605	0
6606	0
6607	1
6608	0
6609	0
6610	1
6611	0
6612	0
6613	1
6614	0
6615	2
6616	0
6617	0
6618	0
6619	0
6620	1
6621	0
6622	0
6623	0
6624	0
6625	1
6626	1
6627	0
6628	0
6629	1
6630	0
6631	2
6632	0
6633	1
6634	0
6635	0
6636	2
6637	2
6638	1
6639	0
6640	1
6641	0
6642	1
6643	0
6644	1
6645	1
6646	0
6647	0
6648	0
6649	0
6650	0
6651	1
6652	0
6653	1
6654	0
6655	0
6656	1
6657	1
6658	0
6659	0
6660	0
6661	0
6662	2
6663	1
6664	1
6665	1
6666	0
6667	0
6668	1
6669	0
6670	0
6671	0
6672	1
6673	0
6674	0
6675	0
6676	3
6677	0
6678	0
6679	0
6680	0
6681	0
6682	0
6683	0
6684	0
6685	0
6686	0
6687	0
6688	0
6689	1
6690	0
6691	1
6692	0
6693	0
6694	1
6695	2
6696	2
6697	0
6698	0
6699	0
6700	1
6701	0
6702	1
6703	1
6704	0
6705	1
6706	2
6707	0
6708	0
6709	0
6710	1
6711	0
6712	0
6713	1
6714	1
6715	0
6716	0
6717	0
6718	0
6719	0
6720	0
6721	0
6722	1
6723	0
6724	0
6725	0
6726	2
6727	1
6728	0
6729	0
6730	0
6731	0
6732	0
6733	0
6734	0
6735	1
6736	0
6737	1
6738	0
6739	2
6740	1
6741	0
6742	0
6743	0
6744	0
6745	0
6746	0
6747	0
6748	0
6749	1
6750	1
6751	0
6752	1
6753	2
6754	0
6755	1
6756	2
6757	1
6758	0
6759	0
6760	0
6761	0
6762	0
6763	2
6764	0
6765	1
6766	0
6767	0
6768	0
6769	1
6770	1
6771	0
6772	1
6773	0
6774	1
6775	0
6776	0
6777	0
6778	2
6779	1
6780	2
6781	0
6782	1
6783	1
6784	0
6785	0
6786	0
6787	0
6788	1
6789	0
6790	0
6791	0
6792	0
6793	1
6794	0
6795	0
6796	1
6797	2
6798	1
6799	2
6800	0
6801	0
6802	0
6803	1
6804	0
6805	1
6806	0
6807	0
6808	1
6809	1
6810	0
6811	0
6812	0
6813	0
6814	0
6815	0
6816	0
6817	0
6818	0
6819	0
6820	0
6821	0
6822	1
6823	0
6824	0
6825	0
6826	0
6827	0
6828	0
6829	1
6830	1
6831	0
6832	0
6833	0
6834	1
6835	0
6836	0
6837	1
6838	0
6839	0
6840	1
6841	0
6842	0
6843	0
6844	0
6845	0
6846	0
6847	1
6848	1
6849	3
6850	0
6851	1
6852	0
6853	0
6854	0
6855	1
6856	0
6857	0
6858	0
6859	0
6860	0
6861	0
6862	0
6863	0
6864	1
6865	0
6866	0
6867	0
6868	0
6869	1
6870	1
6871	0
6872	1
6873	0
6874	1
6875	0
6876	0
6877	0
6878	0
6879	2
6880	0
6881	0
6882	0
6883	0
6884	0
6885	0
6886	0
6887	0
6888	0
6889	1
6890	1
6891	0
6892	1
6893	0
6894	0
6895	0
6896	0
6897	0
6898	0
6899	1
6900	2
6901	1
6902	0
6903	0
6904	0
6905	0
6906	0
6907	1
6908	0
6909	0
6910	1
6911	3
6912	0
6913	0
6914	1
6915	0
6916	0
6917	2
6918	1
6919	0
6920	3
6921	0
6922	0
6923	0
6924	0
6925	0
6926	0
6927	0
6928	0
6929	0
6930	3
6931	1
6932	1
6933	1
6934	0
6935	0
6936	1
6937	1
6938	0
6939	1
6940	1
6941	1
6942	0
6943	1
6944	0
6945	1
6946	2
6947	0
6948	1
6949	0
6950	0
6951	1
6952	0
6953	0
6954	0
6955	0
6956	1
6957	0
6958	0
6959	1
6960	1
6961	0
6962	0
6963	0
6964	0
6965	0
6966	2
6967	0
6968	0
6969	0
6970	0
6971	0
6972	0
6973	1
6974	0
6975	0
6976	1
6977	0
6978	1
6979	0
6980	0
6981	0
6982	1
6983	0
6984	0
6985	2
6986	2
6987	0
6988	0
6989	1
6990	0
6991	1
6992	0
6993	3
6994	1
6995	1
6996	0
6997	0
6998	0
6999	2
7000	0
7001	0
7002	0
7003	0
7004	1
7005	0
7006	0
7007	1
7008	0
7009	0
7010	0
7011	0
7012	1
7013	0
7014	2
7015	0
7016	0
7017	0
7018	0
7019	0
7020	0
7021	0
7022	0
7023	2
7024	1
7025	1
7026	0
7027	0
7028	2
7029	0
7030	0
7031	0
7032	1
7033	1
7034	0
7035	2
7036	2
7037	2
7038	4
7039	0
7040	0
7041	0
7042	1
7043	1
7044	0
7045	1
7046	0
7047	0
7048	1
7049	0
7050	0
7051	0
7052	0
7053	0
7054	0
7055	1
7056	0
7057	0
7058	1
7059	1
7060	1
7061	0
7062	0
7063	0
7064	0
7065	0
7066	0
7067	0
7068	1
7069	0
7070	0
7071	0
7072	1
7073	1
7074	0
7075	1
7076	0
7077	0
7078	0
7079	0
7080	0
7081	0
7082	0
7083	1
7084	0
7085	0
7086	0
7087	0
7088	1
7089	2
7090	1
7091	0
7092	0
7093	0
7094	0
7095	1
7096	1
7097	0
7098	0
7099	0
7100	0
7101	1
7102	0
7103	1
7104	1
7105	1
7106	0
7107	1
7108	0
7109	0
7110	1
7111	2
7112	0
7113	0
7114	0
7115	1
7116	0
7117	0
7118	1
7119	0
7120	0
7121	0
7122	0
7123	0
7124	0
7125	1
7126	1
7127	1
7128	0
7129	1
7130	0
7131	0
7132	0
7133	0
7134	0
7135	0
7136	1
7137	0
7138	0
7139	1
7140	2
7141	1
7142	0
7143	1
7144	0
7145	0
7146	1
7147	1
7148	0
7149	1
7150	0
7151	0
7152	2
7153	0
7154	0
7155	2
7156	0
7157	0
7158	0
7159	1
7160	0
7161	0
7162	1
7163	0
7164	0
7165	3
7166	3
7167	0
7168	1
7169	1
7170	1
7171	0
7172	0
7173	0
7174	1
7175	2
7176	0
7177	0
7178	2
7179	0
7180	1
7181	0
7182	0
7183	0
7184	0
7185	0
7186	0
7187	0
7188	0
7189	1
7190	0
7191	0
7192	0
7193	0
7194	0
7195	1
7196	0
7197	0
7198	0
7199	1
7200	0
7201	1
7202	0
7203	0
7204	1
7205	0
7206	0
7207	2
7208	0
7209	0
7210	2
7211	0
7212	1
7213	2
7214	0
7215	1
7216	1
7217	1
7218	2
7219	1
7220	1
7221	0
7222	1
7223	0
7224	0
7225	0
7226	1
7227	3
7228	0
7229	1
7230	3
7231	0
7232	3
7233	1
7234	0
7235	1
7236	1
7237	1
7238	0
7239	0
7240	2
7241	1
7242	0
7243	0
7244	0
7245	0
7246	0
7247	0
7248	0
7249	1
7250	2
7251	0
7252	0
7253	0
7254	0
7255	0
7256	0
7257	0
7258	1
7259	2
7260	2
7261	0
7262	0
7263	0
7264	0
7265	0
7266	0
7267	0
7268	1
7269	0
7270	1
7271	1
7272	0
7273	1
7274	1
7275	0
7276	1
7277	1
7278	1
7279	2
7280	0
7281	1
7282	0
7283	0
7284	0
7285	1
7286	0
7287	2
7288	1
7289	0
7290	0
7291	0
7292	0
7293	1
7294	0
7295	0
7296	0
7297	0
7298	0
7299	0
7300	0
7301	0
7302	1
7303	0
7304	0
7305	1
7306	0
7307	0
7308	0
7309	0
7310	1
7311	1
7312	1
7313	1
7314	2
7315	0
7316	0
7317	1
7318	1
7319	0
7320	0
7321	0
7322	0
7323	0
7324	0
7325	1
7326	0
7327	0
7328	1
7329	1
7330	0
7331	0
7332	0
7333	0
7334	0
7335	1
7336	0
7337	0
7338	0
7339	0
7340	0
7341	0
7342	0
7343	0
7344	0
7345	1
7346	1
7347	0
7348	0
7349	1
7350	1
7351	0
7352	0
7353	0
7354	2
7355	0
7356	0
7357	0
7358	0
7359	0
7360	0
7361	0
7362	0
7363	0
7364	0
7365	0
7366	0
7367	0
7368	0
7369	0
7370	0
7371	0
7372	1
7373	0
7374	0
7375	0
7376	0
7377	0
7378	0
7379	1
7380	0
7381	0
7382	0
7383	0
7384	0
7385	1
7386	2
7387	1
7388	0
7389	1
7390	0
7391	0
7392	0
7393	0
7394	1
7395	0
7396	1
7397	1
7398	0
7399	0
7400	1
7401	1
7402	2
7403	0
7404	0
7405	1
7406	0
7407	1
7408	0
7409	0
7410	0
7411	2
7412	0
7413	0
7414	1
7415	0
7416	0
7417	1
7418	1
7419	0
7420	0
7421	0
7422	1
7423	0
7424	1
7425	0
7426	1
7427	0
7428	0
7429	0
7430	0
7431	0
7432	0
7433	0
7434	0
7435	1
7436	0
7437	0
7438	0
7439	0
7440	1
7441	1
7442	0
7443	0
7444	0
7445	0
7446	0
7447	0
7448	1
7449	0
7450	1
7451	0
7452	1
7453	3
7454	0
7455	0
7456	0
7457	0
7458	0
7459	1
7460	0
7461	0
7462	0
7463	0
7464	0
7465	0
7466	0
7467	0
7468	0
7469	0
7470	0
7471	1
7472	0
7473	2
7474	0
7475	0
7476	0
7477	0
7478	2
7479	0
7480	0
7481	1
7482	0
7483	0
7484	0
7485	2
7486	2
7487	1
7488	0
7489	1
7490	0
7491	0
7492	0
7493	1
7494	0
7495	1
7496	0
7497	1
7498	0
7499	1
7500	0
7501	0
7502	0
7503	2
7504	1
7505	0
7506	0
7507	0
7508	0
7509	0
7510	0
7511	0
7512	0
7513	0
7514	1
7515	0
7516	0
7517	0
7518	0
7519	0
7520	0
7521	0
7522	0
7523	1
7524	0
7525	0
7526	0
7527	0
7528	0
7529	1
7530	0
7531	1
7532	0
7533	0
7534	0
7535	0
7536	0
7537	1
7538	0
7539	0
7540	0
7541	1
7542	0
7543	2
7544	1
7545	0
7546	0
7547	0
7548	0
7549	0
7550	0
7551	0
7552	0
7553	0
7554	1
7555	1
7556	1
7557	0
7558	0
7559	0
7560	1
7561	0
7562	0
7563	0
7564	0
7565	0
7566	0
7567	0
7568	0
7569	0
7570	0
7571	0
7572	0
7573	1
7574	0
7575	0
7576	1
7577	1
7578	0
7579	0
7580	0
7581	0
7582	1
7583	0
7584	0
7585	0
7586	0
7587	0
7588	0
7589	0
7590	0
7591	1
7592	0
7593	0
7594	0
7595	0
7596	0
7597	0
7598	0
7599	0
7600	0
7601	0
7602	1
7603	1
7604	0
7605	0
7606	0
7607	0
7608	0
7609	0
7610	0
7611	0
7612	0
7613	0
7614	0
7615	0
7616	0
7617	0
7618	0
7619	0
7620	0
7621	0
7622	1
7623	0
7624	1
7625	0
7626	0
7627	0
7628	0
7629	0
7630	2
7631	0
7632	1
7633	0
7634	0
7635	0
7636	0
7637	0
7638	1
7639	0
7640	0
7641	0
7642	0
7643	0
7644	1
7645	0
7646	0
7647	0
7648	0
7649	0
7650	1
7651	0
7652	0
7653	1
7654	1
7655	0
7656	0
7657	0
7658	0
7659	0
7660	0
7661	0
7662	0
7663	0
7664	1
7665	0
7666	0
7667	0
7668	0
7669	0
7670	0
7671	2
7672	1
7673	0
7674	0
7675	0
7676	0
7677	0
7678	1
7679	0
7680	0
7681	0
7682	1
7683	0
7684	1
7685	0
7686	0
7687	0
7688	1
7689	0
7690	0
7691	0
7692	1
7693	0
7694	0
7695	1
7696	0
7697	1
7698	1
7699	2
7700	0
7701	1
7702	0
7703	0
7704	0
7705	0
7706	0
7707	2
7708	0
7709	0
7710	1
7711	0
7712	0
7713	1
7714	0
7715	0
7716	0
7717	0
7718	0
7719	0
7720	0
7721	0
7722	0
7723	0
7724	1
7725	0
7726	1
7727	1
7728	0
7729	1
7730	0
7731	1
7732	0
7733	0
7734	0
7735	0
7736	0
7737	1
7738	0
7739	0
7740	0
7741	0
7742	0
7743	2
7744	0
7745	0
7746	0
7747	0
7748	0
7749	0
7750	0
7751	1
7752	0
7753	1
7754	0
7755	1
7756	0
7757	0
7758	0
7759	2
7760	0
7761	0
7762	1
7763	1
7764	0
7765	0
7766	0
7767	1
7768	1
7769	0
7770	0
7771	1
7772	0
7773	0
7774	0
7775	0
7776	0
7777	0
7778	0
7779	0
7780	0
7781	1
7782	0
7783	0
7784	0
7785	0
7786	1
7787	1
7788	1
7789	0
7790	0
7791	1
7792	1
7793	0
7794	0
7795	0
7796	0
7797	0
7798	0
7799	0
7800	1
7801	1
7802	0
7803	0
7804	0
7805	1
7806	1
7807	0
7808	0
7809	0
7810	1
7811	0
7812	0
7813	0
7814	0
7815	1
7816	0
7817	0
7818	0
7819	1
7820	0
7821	1
7822	0
7823	0
7824	1
7825	0
7826	0
7827	0
7828	0
7829	1
7830	0
7831	0
7832	1
7833	0
7834	1
7835	0
7836	0
7837	0
7838	0
7839	0
7840	0
7841	0
7842	0
7843	0
7844	1
7845	0
7846	0
7847	1
7848	1
7849	0
7850	1
7851	0
7852	2
7853	0
7854	0
7855	0
7856	0
7857	0
7858	1
7859	0
7860	0
7861	0
7862	0
7863	0
7864	0
7865	1
7866	0
7867	0
7868	0
7869	1
7870	0
7871	0
7872	0
7873	0
7874	0
7875	0
7876	0
7877	0
7878	0
7879	0
7880	1
7881	1
7882	0
7883	0
7884	0
7885	0
7886	0
7887	0
7888	0
7889	0
7890	1
7891	0
7892	0
7893	0
7894	0
7895	0
7896	1
7897	0
7898	0
7899	0
7900	0
7901	0
7902	0
7903	0
7904	0
7905	1
7906	0
7907	0
7908	0
7909	0
7910	1
7911	0
7912	0
7913	0
7914	0
7915	0
7916	0
7917	0
7918	0
7919	0
7920	0
7921	0
7922	0
7923	0
7924	0
7925	0
7926	0
7927	0
7928	0
7929	0
7930	0
7931	0
7932	0
7933	0
7934	0
7935	0
7936	0
7937	0
7938	0
7939	0
7940	0
7941	0
7942	0
7943	0
7944	0
7945	0
7946	0
7947	0
7948	0
7949	0
7950	0
7951	0
7952	0
7953	0
7954	0
7955	0
7956	0
7957	0
7958	0
7959	0
7960	0
7961	0
7962	0
7963	0
7964	0
7965	0
7966	0
7967	0
7968	0
7969	0
7970	0
7971	0
7972	0
7973	0
7974	0
7975	0
7976	0
7977	0
7978	0
7979	0
7980	0
7981	0
7982	0
7983	0
7984	0
7985	0
7986	0
7987	0
7988	0
7989	0
7990	0
7991	0
7992	0
7993	0
7994	0
7995	0
7996	0
7997	0
7998	0
7999	0
8000	0
8001	0
8002	0
8003	0
8004	0
8005	0
8006	0
8007	0
8008	0
8009	0
8010	0
8011	0
8012	0
8013	0
8014	0
8015	0
8016	0
8017	0
8018	0
8019	0
8020	0
8021	0
8022	0
8023	0
8024	0
8025	0
8026	0
8027	0
8028	0
8029	0
8030	0
8031	0
8032	0
8033	0
8034	0
8035	0
8036	0
8037	0
8038	0
8039	0
8040	0
8041	0
8042	0
8043	0
8044	0
8045	0
8046	0
8047	0
8048	0
8049	0
8050	0
8051	0
8052	0
8053	0
8054	0
8055	0
8056	0
8057	0
8058	0
8059	0
8060	0
8061	0
8062	0
8063	0
8064	0
8065	0
8066	0
8067	0
8068	0
8069	0
8070	0
8071	0
8072	0
8073	0
8074	0
8075	0
8076	0
8077	0
8078	0
8079	0
8080	0
8081	0
8082	0
8083	0
8084	0
8085	0
8086	0
8087	0
8088	0
8089	0
8090	0
8091	0
8092	0
8093	0
8094	0
8095	0
8096	0
8097	0
8098	0
8099	0
8100	0
8101	0
8102	0
8103	0
8104	0
8105	0
8106	0
8107	0
8108	0
8109	0
8110	0
8111	0
8112	0
8113	0
8114	0
8115	0
8116	0
8117	0
8118	0
8119	0
8120	0
8121	0
8122	0
8123	0
8124	0
8125	0
8126	0
8127	0
8128	0
8129	0
8130	0
8131	0
8132	0
8133	0
8134	0
8135	0
8136	0
8137	0
8138	0
8139	0
8140	0
8141	0
8142	0
8143	0
8144	0
8145	0
8146	0
8147	0
8148	0
8149	0
8150	0
8151	0
8152	0
8153	0
8154	0
8155	0
8156	0
8157	0
8158	0
8159	0
8160	0
8161	0
8162	0
8163	0
8164	0
8165	0
8166	0
8167	0
8168	0
8169	0
8170	0
8171	0
8172	0
8173	0
8174	0
8175	0
8176	0
8177	0
8178	0
8179	0
8180	0
8181	0
8182	0
8183	0
8184	0
8185	0
8186	0
8187	0
8188	0
8189	0
8190	0
8191	0
