0	0
1	0
2	0
3	0
4	0
5	0
6	0
7	0
8	0
9	0
10	0
11	0
12	0
13	0
14	0
15	0
16	0
17	0
18	0
19	0
20	0
21	0
22	0
23	0
24	0
25	0
26	0
27	0
28	0
29	0
30	0
31	0
32	0
33	0
34	0
35	0
36	0
37	0
38	0
39	0
40	0
41	0
42	0
43	0
44	0
45	0
46	0
47	0
48	0
49	0
50	0
51	0
52	0
53	0
54	0
55	0
56	0
57	0
58	0
59	0
60	0
61	0
62	0
63	0
64	0
65	0
66	0
67	0
68	0
69	0
70	0
71	0
72	0
73	0
74	0
75	0
76	0
77	0
78	0
79	0
80	0
81	0
82	0
83	11
84	14
85	21
86	21
87	26
88	18
89	31
90	21
91	22
92	29
93	16
94	24
95	28
96	15
97	22
98	26
99	17
100	29
101	24
102	22
103	24
104	18
105	28
106	24
107	31
108	25
109	27
110	36
111	30
112	22
113	22
114	20
115	21
116	21
117	23
118	32
119	19
120	14
121	29
122	34
123	33
124	21
125	19
126	26
127	35
128	25
129	23
130	25
131	18
132	19
133	28
134	34
135	34
136	23
137	24
138	24
139	32
140	19
141	18
142	21
143	31
144	25
145	18
146	28
147	22
148	30
149	30
150	33
151	20
152	28
153	27
154	23
155	25
156	22
157	29
158	23
159	24
160	18
161	26
162	26
163	31
164	30
165	20
166	23
167	21
168	33
169	26
170	35
171	30
172	24
173	22
174	18
175	20
176	21
177	25
178	30
179	34
180	23
181	27
182	30
183	24
184	23
185	28
186	29
187	23
188	26
189	24
190	23
191	27
192	39
193	28
194	13
195	22
196	28
197	26
198	19
199	21
200	23
201	24
202	30
203	14
204	29
205	24
206	24
207	16
208	27
209	22
210	27
211	31
212	26
213	21
214	26
215	24
216	38
217	21
218	31
219	24
220	18
221	21
222	29
223	21
224	25
225	18
226	26
227	22
228	18
229	33
230	32
231	22
232	23
233	21
234	31
235	29
236	16
237	27
238	29
239	25
240	29
241	27
242	28
243	35
244	41
245	25
246	31
247	25
248	22
249	28
250	29
251	26
252	28
253	26
254	25
255	25
256	30
257	36
258	31
259	24
260	26
261	28
262	24
263	21
264	25
265	22
266	34
267	21
268	32
269	24
270	22
271	26
272	26
273	28
274	27
275	27
276	31
277	22
278	30
279	23
280	20
281	34
282	28
283	26
284	29
285	24
286	37
287	23
288	31
289	28
290	28
291	19
292	33
293	32
294	29
295	27
296	33
297	34
298	27
299	24
300	31
301	32
302	42
303	30
304	27
305	26
306	21
307	34
308	36
309	24
310	36
311	34
312	24
313	27
314	33
315	31
316	30
317	28
318	27
319	31
320	24
321	33
322	36
323	37
324	30
325	27
326	30
327	23
328	37
329	27
330	28
331	21
332	26
333	28
334	29
335	25
336	25
337	25
338	23
339	21
340	31
341	28
342	38
343	30
344	24
345	32
346	26
347	32
348	26
349	21
350	38
351	23
352	41
353	28
354	32
355	29
356	29
357	28
358	42
359	23
360	27
361	23
362	25
363	28
364	28
365	26
366	26
367	23
368	26
369	15
370	33
371	36
372	22
373	33
374	37
375	30
376	27
377	30
378	30
379	15
380	25
381	21
382	29
383	39
384	25
385	36
386	21
387	17
388	27
389	26
390	26
391	23
392	34
393	23
394	26
395	23
396	27
397	22
398	27
399	31
400	29
401	28
402	33
403	34
404	33
405	42
406	24
407	19
408	28
409	29
410	24
411	26
412	25
413	28
414	26
415	28
416	34
417	31
418	35
419	28
420	30
421	19
422	24
423	31
424	37
425	24
426	20
427	33
428	32
429	31
430	36
431	34
432	30
433	36
434	27
435	33
436	39
437	26
438	33
439	31
440	24
441	29
442	29
443	30
444	39
445	33
446	21
447	31
448	40
449	27
450	29
451	28
452	27
453	24
454	27
455	37
456	25
457	24
458	27
459	29
460	38
461	28
462	38
463	35
464	36
465	37
466	44
467	29
468	32
469	29
470	33
471	35
472	30
473	38
474	49
475	36
476	44
477	48
478	35
479	38
480	43
481	47
482	41
483	32
484	21
485	36
486	39
487	41
488	29
489	51
490	55
491	42
492	46
493	48
494	41
495	49
496	52
497	49
498	44
499	49
500	48
501	34
502	37
503	45
504	35
505	42
506	51
507	40
508	38
509	47
510	53
511	48
512	36
513	41
514	46
515	48
516	48
517	54
518	47
519	41
520	47
521	46
522	39
523	47
524	41
525	49
526	46
527	42
528	43
529	35
530	37
531	35
532	34
533	35
534	51
535	38
536	41
537	51
538	46
539	41
540	38
541	45
542	38
543	36
544	41
545	48
546	41
547	27
548	59
549	25
550	30
551	33
552	43
553	29
554	37
555	43
556	42
557	35
558	41
559	41
560	46
561	31
562	37
563	40
564	32
565	40
566	26
567	48
568	37
569	40
570	43
571	34
572	33
573	47
574	41
575	52
576	29
577	43
578	47
579	39
580	52
581	40
582	32
583	50
584	30
585	38
586	44
587	33
588	53
589	50
590	32
591	33
592	37
593	32
594	40
595	34
596	48
597	36
598	33
599	43
600	36
601	38
602	41
603	31
604	32
605	30
606	34
607	42
608	39
609	49
610	41
611	37
612	33
613	37
614	27
615	29
616	32
617	32
618	37
619	38
620	31
621	28
622	37
623	30
624	32
625	36
626	30
627	43
628	32
629	31
630	43
631	31
632	30
633	33
634	39
635	30
636	36
637	37
638	31
639	37
640	43
641	50
642	29
643	31
644	30
645	33
646	46
647	34
648	25
649	26
650	32
651	34
652	40
653	35
654	30
655	29
656	35
657	28
658	36
659	31
660	38
661	37
662	43
663	37
664	35
665	36
666	34
667	30
668	34
669	43
670	40
671	35
672	40
673	34
674	20
675	25
676	40
677	38
678	39
679	48
680	40
681	42
682	34
683	36
684	27
685	38
686	29
687	28
688	36
689	37
690	42
691	40
692	38
693	31
694	37
695	41
696	38
697	33
698	34
699	31
700	32
701	23
702	46
703	34
704	35
705	47
706	32
707	30
708	32
709	37
710	43
711	52
712	31
713	36
714	32
715	54
716	41
717	39
718	32
719	37
720	43
721	32
722	31
723	39
724	54
725	39
726	33
727	35
728	28
729	42
730	42
731	33
732	40
733	31
734	49
735	36
736	48
737	41
738	47
739	43
740	43
741	43
742	40
743	35
744	37
745	41
746	32
747	34
748	38
749	35
750	42
751	36
752	39
753	35
754	47
755	31
756	35
757	49
758	39
759	45
760	39
761	35
762	49
763	39
764	42
765	34
766	45
767	44
768	34
769	48
770	46
771	40
772	39
773	34
774	45
775	38
776	53
777	48
778	32
779	51
780	47
781	41
782	49
783	37
784	48
785	37
786	35
787	40
788	46
789	38
790	39
791	41
792	32
793	44
794	29
795	33
796	46
797	42
798	38
799	47
800	34
801	46
802	32
803	52
804	41
805	39
806	37
807	44
808	44
809	45
810	38
811	35
812	48
813	48
814	51
815	49
816	41
817	27
818	48
819	42
820	45
821	52
822	54
823	54
824	44
825	57
826	41
827	46
828	34
829	37
830	34
831	45
832	60
833	41
834	42
835	55
836	36
837	42
838	46
839	37
840	38
841	54
842	40
843	41
844	33
845	44
846	50
847	40
848	45
849	30
850	44
851	41
852	49
853	35
854	54
855	52
856	44
857	49
858	44
859	43
860	51
861	33
862	41
863	46
864	38
865	42
866	39
867	43
868	48
869	74
870	37
871	46
872	48
873	48
874	43
875	40
876	49
877	47
878	40
879	51
880	44
881	50
882	46
883	54
884	32
885	50
886	40
887	54
888	39
889	45
890	37
891	44
892	56
893	48
894	35
895	52
896	56
897	53
898	32
899	55
900	43
901	47
902	66
903	40
904	33
905	44
906	49
907	59
908	59
909	53
910	49
911	47
912	40
913	43
914	65
915	44
916	54
917	54
918	51
919	43
920	55
921	54
922	50
923	45
924	40
925	54
926	50
927	58
928	46
929	37
930	63
931	45
932	50
933	58
934	32
935	49
936	48
937	39
938	43
939	54
940	37
941	50
942	43
943	40
944	53
945	37
946	48
947	37
948	45
949	50
950	56
951	47
952	46
953	48
954	59
955	51
956	59
957	46
958	43
959	68
960	33
961	49
962	46
963	49
964	44
965	49
966	44
967	67
968	43
969	55
970	42
971	44
972	44
973	51
974	48
975	54
976	56
977	52
978	41
979	50
980	48
981	43
982	46
983	37
984	58
985	46
986	45
987	55
988	51
989	41
990	55
991	55
992	51
993	32
994	43
995	52
996	50
997	41
998	47
999	51
1000	51
1001	48
1002	57
1003	60
1004	56
1005	51
1006	45
1007	50
1008	50
1009	40
1010	39
1011	49
1012	48
1013	50
1014	43
1015	36
1016	57
1017	48
1018	56
1019	46
1020	46
1021	50
1022	61
1023	50
1024	56
1025	41
1026	49
1027	48
1028	60
1029	43
1030	51
1031	66
1032	54
1033	40
1034	61
1035	50
1036	68
1037	38
1038	50
1039	52
1040	55
1041	50
1042	40
1043	45
1044	53
1045	41
1046	54
1047	50
1048	50
1049	70
1050	45
1051	49
1052	61
1053	63
1054	55
1055	59
1056	50
1057	60
1058	41
1059	48
1060	56
1061	51
1062	49
1063	57
1064	51
1065	54
1066	47
1067	43
1068	49
1069	39
1070	53
1071	54
1072	57
1073	48
1074	47
1075	59
1076	50
1077	47
1078	53
1079	55
1080	58
1081	51
1082	60
1083	66
1084	62
1085	50
1086	54
1087	63
1088	49
1089	61
1090	63
1091	58
1092	59
1093	53
1094	64
1095	56
1096	61
1097	60
1098	56
1099	57
1100	54
1101	48
1102	46
1103	57
1104	68
1105	42
1106	44
1107	44
1108	52
1109	46
1110	45
1111	60
1112	65
1113	59
1114	51
1115	59
1116	54
1117	68
1118	54
1119	63
1120	35
1121	53
1122	36
1123	53
1124	59
1125	62
1126	68
1127	58
1128	55
1129	59
1130	42
1131	46
1132	54
1133	57
1134	46
1135	54
1136	46
1137	60
1138	57
1139	50
1140	56
1141	61
1142	50
1143	65
1144	55
1145	58
1146	56
1147	47
1148	59
1149	52
1150	43
1151	62
1152	55
1153	55
1154	64
1155	62
1156	61
1157	49
1158	40
1159	54
1160	46
1161	49
1162	68
1163	66
1164	52
1165	62
1166	53
1167	64
1168	60
1169	48
1170	61
1171	49
1172	42
1173	63
1174	55
1175	65
1176	63
1177	46
1178	70
1179	55
1180	55
1181	52
1182	64
1183	52
1184	56
1185	62
1186	45
1187	59
1188	50
1189	59
1190	50
1191	53
1192	49
1193	55
1194	52
1195	76
1196	51
1197	55
1198	62
1199	59
1200	55
1201	46
1202	55
1203	56
1204	60
1205	51
1206	59
1207	51
1208	56
1209	63
1210	65
1211	59
1212	63
1213	74
1214	64
1215	46
1216	53
1217	54
1218	48
1219	57
1220	52
1221	56
1222	58
1223	47
1224	48
1225	66
1226	62
1227	50
1228	57
1229	50
1230	53
1231	64
1232	69
1233	53
1234	56
1235	65
1236	44
1237	60
1238	54
1239	59
1240	64
1241	45
1242	60
1243	60
1244	60
1245	63
1246	62
1247	66
1248	56
1249	48
1250	62
1251	49
1252	51
1253	53
1254	55
1255	50
1256	68
1257	65
1258	52
1259	73
1260	51
1261	55
1262	55
1263	60
1264	51
1265	60
1266	57
1267	59
1268	63
1269	54
1270	62
1271	57
1272	59
1273	45
1274	61
1275	66
1276	47
1277	51
1278	61
1279	58
1280	62
1281	67
1282	53
1283	63
1284	52
1285	72
1286	63
1287	53
1288	53
1289	54
1290	42
1291	50
1292	50
1293	59
1294	59
1295	53
1296	58
1297	40
1298	58
1299	57
1300	52
1301	52
1302	56
1303	54
1304	63
1305	65
1306	49
1307	53
1308	43
1309	55
1310	43
1311	59
1312	57
1313	49
1314	66
1315	58
1316	51
1317	60
1318	61
1319	66
1320	59
1321	56
1322	52
1323	71
1324	46
1325	47
1326	76
1327	63
1328	46
1329	63
1330	53
1331	48
1332	66
1333	60
1334	57
1335	45
1336	66
1337	65
1338	63
1339	61
1340	43
1341	47
1342	55
1343	52
1344	52
1345	69
1346	59
1347	67
1348	44
1349	59
1350	52
1351	52
1352	44
1353	43
1354	54
1355	62
1356	42
1357	58
1358	55
1359	50
1360	44
1361	46
1362	52
1363	48
1364	52
1365	54
1366	50
1367	51
1368	54
1369	60
1370	57
1371	51
1372	51
1373	55
1374	39
1375	40
1376	50
1377	59
1378	60
1379	54
1380	53
1381	52
1382	55
1383	44
1384	56
1385	42
1386	56
1387	52
1388	49
1389	57
1390	49
1391	44
1392	48
1393	50
1394	53
1395	44
1396	53
1397	56
1398	57
1399	57
1400	58
1401	54
1402	50
1403	52
1404	45
1405	58
1406	49
1407	60
1408	44
1409	52
1410	44
1411	41
1412	49
1413	56
1414	53
1415	51
1416	66
1417	56
1418	42
1419	56
1420	53
1421	51
1422	52
1423	52
1424	45
1425	66
1426	59
1427	52
1428	44
1429	50
1430	44
1431	46
1432	53
1433	61
1434	46
1435	55
1436	51
1437	52
1438	44
1439	48
1440	52
1441	57
1442	57
1443	47
1444	57
1445	49
1446	51
1447	49
1448	47
1449	50
1450	47
1451	60
1452	60
1453	45
1454	60
1455	33
1456	48
1457	48
1458	49
1459	45
1460	41
1461	63
1462	51
1463	47
1464	43
1465	58
1466	57
1467	57
1468	61
1469	56
1470	41
1471	52
1472	38
1473	42
1474	49
1475	51
1476	52
1477	54
1478	36
1479	46
1480	47
1481	45
1482	54
1483	58
1484	42
1485	47
1486	45
1487	45
1488	41
1489	43
1490	44
1491	58
1492	52
1493	48
1494	32
1495	50
1496	46
1497	39
1498	57
1499	41
1500	48
1501	45
1502	43
1503	39
1504	44
1505	53
1506	49
1507	44
1508	55
1509	54
1510	54
1511	44
1512	43
1513	34
1514	57
1515	55
1516	56
1517	57
1518	40
1519	45
1520	31
1521	45
1522	42
1523	44
1524	45
1525	45
1526	37
1527	43
1528	47
1529	34
1530	49
1531	44
1532	44
1533	48
1534	36
1535	57
1536	56
1537	59
1538	40
1539	46
1540	52
1541	42
1542	41
1543	33
1544	54
1545	38
1546	50
1547	53
1548	56
1549	42
1550	46
1551	56
1552	54
1553	44
1554	40
1555	48
1556	51
1557	48
1558	39
1559	48
1560	53
1561	54
1562	44
1563	45
1564	31
1565	46
1566	47
1567	50
1568	35
1569	51
1570	62
1571	49
1572	49
1573	37
1574	53
1575	49
1576	54
1577	38
1578	49
1579	50
1580	53
1581	38
1582	53
1583	32
1584	52
1585	56
1586	40
1587	46
1588	38
1589	44
1590	44
1591	42
1592	45
1593	59
1594	41
1595	53
1596	54
1597	46
1598	50
1599	44
1600	33
1601	49
1602	44
1603	53
1604	50
1605	49
1606	33
1607	36
1608	46
1609	39
1610	54
1611	47
1612	44
1613	42
1614	47
1615	41
1616	50
1617	49
1618	52
1619	52
1620	38
1621	44
1622	43
1623	43
1624	34
1625	40
1626	61
1627	36
1628	57
1629	36
1630	49
1631	43
1632	42
1633	42
1634	49
1635	60
1636	35
1637	50
1638	32
1639	42
1640	41
1641	46
1642	29
1643	32
1644	35
1645	43
1646	35
1647	41
1648	47
1649	51
1650	51
1651	47
1652	42
1653	42
1654	41
1655	31
1656	40
1657	29
1658	57
1659	43
1660	37
1661	35
1662	50
1663	40
1664	43
1665	50
1666	46
1667	37
1668	48
1669	46
1670	46
1671	42
1672	55
1673	48
1674	38
1675	30
1676	47
1677	36
1678	47
1679	21
1680	37
1681	38
1682	34
1683	47
1684	47
1685	41
1686	48
1687	41
1688	33
1689	45
1690	40
1691	45
1692	33
1693	43
1694	40
1695	39
1696	38
1697	39
1698	43
1699	33
1700	40
1701	31
1702	54
1703	40
1704	43
1705	47
1706	41
1707	45
1708	49
1709	52
1710	34
1711	46
1712	55
1713	37
1714	36
1715	37
1716	37
1717	39
1718	35
1719	49
1720	43
1721	45
1722	35
1723	49
1724	40
1725	41
1726	28
1727	50
1728	41
1729	46
1730	40
1731	37
1732	47
1733	36
1734	39
1735	42
1736	38
1737	37
1738	40
1739	44
1740	35
1741	37
1742	46
1743	44
1744	46
1745	41
1746	40
1747	54
1748	40
1749	39
1750	48
1751	48
1752	44
1753	42
1754	37
1755	37
1756	40
1757	38
1758	54
1759	49
1760	36
1761	36
1762	44
1763	28
1764	38
1765	45
1766	30
1767	43
1768	42
1769	39
1770	40
1771	46
1772	56
1773	56
1774	29
1775	45
1776	45
1777	43
1778	44
1779	47
1780	38
1781	45
1782	43
1783	47
1784	39
1785	33
1786	36
1787	37
1788	43
1789	33
1790	41
1791	35
1792	36
1793	39
1794	40
1795	33
1796	39
1797	42
1798	42
1799	52
1800	48
1801	46
1802	56
1803	45
1804	36
1805	34
1806	39
1807	40
1808	52
1809	47
1810	40
1811	37
1812	38
1813	49
1814	46
1815	31
1816	33
1817	49
1818	52
1819	42
1820	39
1821	44
1822	27
1823	47
1824	39
1825	51
1826	49
1827	45
1828	34
1829	36
1830	34
1831	38
1832	38
1833	49
1834	46
1835	43
1836	42
1837	37
1838	38
1839	39
1840	43
1841	30
1842	31
1843	51
1844	39
1845	24
1846	46
1847	40
1848	46
1849	42
1850	31
1851	37
1852	49
1853	42
1854	35
1855	42
1856	50
1857	41
1858	38
1859	39
1860	33
1861	35
1862	36
1863	31
1864	38
1865	42
1866	29
1867	34
1868	41
1869	45
1870	41
1871	43
1872	32
1873	34
1874	42
1875	42
1876	25
1877	28
1878	41
1879	37
1880	37
1881	34
1882	56
1883	38
1884	34
1885	27
1886	37
1887	36
1888	49
1889	34
1890	42
1891	40
1892	45
1893	37
1894	28
1895	32
1896	48
1897	29
1898	41
1899	43
1900	43
1901	41
1902	48
1903	45
1904	41
1905	33
1906	36
1907	31
1908	39
1909	25
1910	53
1911	29
1912	46
1913	35
1914	28
1915	33
1916	41
1917	48
1918	37
1919	48
1920	29
1921	30
1922	24
1923	36
1924	40
1925	40
1926	41
1927	28
1928	38
1929	31
1930	48
1931	36
1932	36
1933	44
1934	45
1935	42
1936	39
1937	31
1938	37
1939	42
1940	49
1941	35
1942	27
1943	40
1944	53
1945	41
1946	52
1947	40
1948	35
1949	47
1950	38
1951	27
1952	32
1953	42
1954	37
1955	39
1956	40
1957	50
1958	42
1959	43
1960	33
1961	33
1962	44
1963	36
1964	31
1965	48
1966	45
1967	30
1968	39
1969	38
1970	36
1971	48
1972	37
1973	42
1974	34
1975	33
1976	35
1977	41
1978	28
1979	32
1980	39
1981	36
1982	29
1983	34
1984	43
1985	34
1986	33
1987	37
1988	32
1989	41
1990	32
1991	28
1992	33
1993	32
1994	34
1995	43
1996	37
1997	34
1998	46
1999	43
2000	27
2001	35
2002	33
2003	35
2004	37
2005	31
2006	39
2007	41
2008	31
2009	44
2010	28
2011	43
2012	30
2013	34
2014	34
2015	46
2016	50
2017	27
2018	38
2019	36
2020	38
2021	37
2022	35
2023	44
2024	33
2025	36
2026	26
2027	44
2028	34
2029	22
2030	41
2031	39
2032	42
2033	34
2034	37
2035	38
2036	28
2037	40
2038	44
2039	31
2040	28
2041	33
2042	37
2043	29
2044	38
2045	37
2046	41
2047	38
2048	25
2049	38
2050	35
2051	38
2052	39
2053	39
2054	43
2055	34
2056	49
2057	30
2058	41
2059	44
2060	40
2061	30
2062	36
2063	40
2064	26
2065	35
2066	40
2067	39
2068	38
2069	42
2070	40
2071	55
2072	30
2073	40
2074	39
2075	26
2076	32
2077	34
2078	42
2079	43
2080	35
2081	27
2082	32
2083	29
2084	46
2085	34
2086	45
2087	39
2088	45
2089	25
2090	38
2091	33
2092	39
2093	33
2094	44
2095	34
2096	30
2097	31
2098	36
2099	38
2100	26
2101	37
2102	40
2103	29
2104	36
2105	33
2106	33
2107	37
2108	39
2109	33
2110	47
2111	25
2112	45
2113	28
2114	36
2115	44
2116	37
2117	36
2118	32
2119	33
2120	39
2121	30
2122	45
2123	38
2124	37
2125	39
2126	36
2127	35
2128	38
2129	46
2130	33
2131	41
2132	27
2133	40
2134	44
2135	28
2136	32
2137	50
2138	32
2139	31
2140	41
2141	32
2142	51
2143	39
2144	37
2145	32
2146	46
2147	41
2148	32
2149	28
2150	31
2151	31
2152	35
2153	34
2154	33
2155	34
2156	36
2157	33
2158	32
2159	34
2160	33
2161	38
2162	44
2163	36
2164	35
2165	29
2166	43
2167	40
2168	33
2169	32
2170	41
2171	32
2172	27
2173	42
2174	28
2175	30
2176	40
2177	35
2178	34
2179	29
2180	30
2181	38
2182	33
2183	40
2184	38
2185	36
2186	38
2187	38
2188	40
2189	36
2190	33
2191	45
2192	40
2193	35
2194	52
2195	36
2196	36
2197	48
2198	34
2199	38
2200	47
2201	23
2202	26
2203	28
2204	39
2205	31
2206	29
2207	33
2208	37
2209	38
2210	34
2211	32
2212	27
2213	31
2214	24
2215	41
2216	24
2217	31
2218	27
2219	36
2220	26
2221	28
2222	34
2223	30
2224	43
2225	24
2226	38
2227	37
2228	37
2229	31
2230	40
2231	44
2232	38
2233	31
2234	41
2235	35
2236	28
2237	33
2238	38
2239	43
2240	34
2241	30
2242	35
2243	32
2244	40
2245	29
2246	32
2247	35
2248	38
2249	23
2250	44
2251	41
2252	18
2253	31
2254	31
2255	34
2256	31
2257	39
2258	43
2259	31
2260	36
2261	40
2262	36
2263	26
2264	41
2265	32
2266	37
2267	37
2268	24
2269	28
2270	39
2271	33
2272	32
2273	39
2274	46
2275	37
2276	35
2277	35
2278	41
2279	30
2280	36
2281	35
2282	27
2283	43
2284	38
2285	32
2286	36
2287	27
2288	29
2289	32
2290	32
2291	34
2292	35
2293	33
2294	36
2295	34
2296	29
2297	23
2298	34
2299	39
2300	30
2301	29
2302	43
2303	32
2304	24
2305	39
2306	34
2307	37
2308	37
2309	33
2310	38
2311	32
2312	44
2313	34
2314	33
2315	44
2316	32
2317	28
2318	28
2319	36
2320	32
2321	29
2322	27
2323	36
2324	34
2325	43
2326	29
2327	36
2328	40
2329	25
2330	43
2331	28
2332	24
2333	29
2334	44
2335	27
2336	46
2337	31
2338	24
2339	35
2340	33
2341	34
2342	39
2343	25
2344	35
2345	34
2346	30
2347	41
2348	31
2349	36
2350	30
2351	40
2352	31
2353	33
2354	34
2355	31
2356	28
2357	28
2358	36
2359	35
2360	38
2361	32
2362	39
2363	35
2364	23
2365	22
2366	42
2367	36
2368	42
2369	30
2370	28
2371	33
2372	29
2373	20
2374	35
2375	30
2376	39
2377	41
2378	36
2379	27
2380	50
2381	27
2382	30
2383	26
2384	37
2385	36
2386	43
2387	32
2388	33
2389	29
2390	31
2391	32
2392	31
2393	33
2394	34
2395	27
2396	33
2397	35
2398	27
2399	24
2400	31
2401	35
2402	33
2403	39
2404	28
2405	31
2406	26
2407	33
2408	36
2409	39
2410	30
2411	37
2412	38
2413	36
2414	24
2415	29
2416	28
2417	28
2418	32
2419	39
2420	32
2421	31
2422	26
2423	35
2424	28
2425	32
2426	28
2427	28
2428	31
2429	27
2430	39
2431	31
2432	27
2433	28
2434	34
2435	35
2436	29
2437	25
2438	30
2439	22
2440	48
2441	29
2442	35
2443	40
2444	32
2445	38
2446	25
2447	30
2448	31
2449	30
2450	36
2451	30
2452	46
2453	29
2454	28
2455	30
2456	28
2457	36
2458	35
2459	38
2460	45
2461	39
2462	40
2463	31
2464	27
2465	44
2466	41
2467	29
2468	31
2469	27
2470	31
2471	28
2472	40
2473	34
2474	42
2475	39
2476	28
2477	36
2478	40
2479	28
2480	40
2481	25
2482	36
2483	24
2484	32
2485	26
2486	32
2487	35
2488	45
2489	29
2490	44
2491	27
2492	37
2493	30
2494	34
2495	28
2496	32
2497	31
2498	27
2499	36
2500	28
2501	25
2502	35
2503	45
2504	38
2505	31
2506	31
2507	21
2508	32
2509	36
2510	28
2511	37
2512	40
2513	37
2514	37
2515	41
2516	32
2517	24
2518	30
2519	29
2520	34
2521	37
2522	34
2523	35
2524	28
2525	36
2526	30
2527	27
2528	36
2529	38
2530	43
2531	27
2532	34
2533	34
2534	29
2535	39
2536	31
2537	29
2538	39
2539	28
2540	29
2541	28
2542	27
2543	29
2544	38
2545	27
2546	30
2547	42
2548	38
2549	31
2550	38
2551	32
2552	34
2553	22
2554	25
2555	22
2556	47
2557	26
2558	26
2559	35
2560	25
2561	29
2562	41
2563	32
2564	26
2565	34
2566	32
2567	44
2568	35
2569	32
2570	24
2571	28
2572	21
2573	30
2574	27
2575	41
2576	22
2577	25
2578	33
2579	32
2580	32
2581	40
2582	32
2583	28
2584	34
2585	29
2586	23
2587	30
2588	39
2589	27
2590	27
2591	31
2592	39
2593	25
2594	31
2595	44
2596	21
2597	23
2598	32
2599	22
2600	24
2601	38
2602	39
2603	31
2604	26
2605	27
2606	27
2607	29
2608	27
2609	29
2610	21
2611	29
2612	28
2613	22
2614	29
2615	25
2616	30
2617	34
2618	29
2619	34
2620	32
2621	24
2622	33
2623	34
2624	17
2625	32
2626	30
2627	42
2628	44
2629	35
2630	23
2631	35
2632	21
2633	22
2634	40
2635	34
2636	29
2637	19
2638	33
2639	30
2640	34
2641	26
2642	33
2643	33
2644	34
2645	33
2646	24
2647	24
2648	38
2649	29
2650	38
2651	21
2652	31
2653	40
2654	25
2655	24
2656	28
2657	26
2658	30
2659	33
2660	26
2661	31
2662	30
2663	38
2664	32
2665	31
2666	37
2667	28
2668	33
2669	34
2670	39
2671	27
2672	40
2673	46
2674	26
2675	36
2676	25
2677	36
2678	34
2679	34
2680	28
2681	38
2682	30
2683	28
2684	33
2685	32
2686	36
2687	38
2688	38
2689	32
2690	23
2691	18
2692	31
2693	42
2694	23
2695	39
2696	34
2697	35
2698	30
2699	31
2700	22
2701	29
2702	24
2703	31
2704	41
2705	34
2706	32
2707	35
2708	15
2709	29
2710	37
2711	30
2712	35
2713	35
2714	33
2715	37
2716	24
2717	29
2718	33
2719	24
2720	40
2721	25
2722	28
2723	35
2724	28
2725	27
2726	42
2727	25
2728	36
2729	27
2730	28
2731	20
2732	25
2733	32
2734	30
2735	43
2736	25
2737	38
2738	26
2739	22
2740	25
2741	30
2742	28
2743	19
2744	25
2745	26
2746	26
2747	32
2748	43
2749	35
2750	34
2751	28
2752	42
2753	29
2754	30
2755	37
2756	23
2757	28
2758	34
2759	36
2760	44
2761	38
2762	34
2763	22
2764	19
2765	30
2766	36
2767	31
2768	30
2769	25
2770	34
2771	36
2772	35
2773	42
2774	29
2775	29
2776	29
2777	38
2778	18
2779	25
2780	19
2781	27
2782	41
2783	18
2784	31
2785	27
2786	21
2787	25
2788	27
2789	22
2790	23
2791	27
2792	22
2793	34
2794	27
2795	20
2796	21
2797	31
2798	26
2799	13
2800	34
2801	26
2802	22
2803	29
2804	17
2805	27
2806	23
2807	22
2808	20
2809	40
2810	31
2811	27
2812	25
2813	21
2814	30
2815	27
2816	35
2817	32
2818	16
2819	28
2820	28
2821	40
2822	23
2823	31
2824	24
2825	30
2826	27
2827	28
2828	44
2829	31
2830	33
2831	26
2832	28
2833	35
2834	29
2835	38
2836	24
2837	24
2838	28
2839	25
2840	22
2841	33
2842	31
2843	24
2844	28
2845	30
2846	22
2847	32
2848	35
2849	16
2850	21
2851	33
2852	26
2853	20
2854	24
2855	21
2856	26
2857	28
2858	28
2859	33
2860	17
2861	22
2862	24
2863	27
2864	30
2865	28
2866	32
2867	28
2868	23
2869	22
2870	21
2871	28
2872	26
2873	21
2874	19
2875	20
2876	23
2877	31
2878	22
2879	28
2880	30
2881	25
2882	25
2883	31
2884	38
2885	21
2886	30
2887	19
2888	25
2889	31
2890	17
2891	26
2892	23
2893	22
2894	26
2895	22
2896	23
2897	31
2898	25
2899	16
2900	17
2901	24
2902	26
2903	29
2904	27
2905	38
2906	27
2907	20
2908	24
2909	27
2910	26
2911	29
2912	20
2913	25
2914	31
2915	21
2916	30
2917	22
2918	26
2919	33
2920	21
2921	31
2922	35
2923	25
2924	35
2925	17
2926	28
2927	26
2928	23
2929	31
2930	30
2931	23
2932	28
2933	22
2934	25
2935	21
2936	32
2937	32
2938	31
2939	39
2940	22
2941	25
2942	21
2943	26
2944	22
2945	22
2946	30
2947	25
2948	28
2949	26
2950	28
2951	30
2952	20
2953	34
2954	18
2955	30
2956	20
2957	25
2958	34
2959	18
2960	18
2961	20
2962	23
2963	31
2964	26
2965	31
2966	27
2967	10
2968	27
2969	25
2970	23
2971	28
2972	20
2973	28
2974	33
2975	23
2976	25
2977	28
2978	31
2979	25
2980	22
2981	21
2982	21
2983	22
2984	27
2985	27
2986	37
2987	29
2988	28
2989	26
2990	25
2991	29
2992	28
2993	24
2994	22
2995	31
2996	22
2997	26
2998	23
2999	22
3000	21
3001	26
3002	28
3003	30
3004	35
3005	23
3006	22
3007	20
3008	18
3009	25
3010	33
3011	22
3012	35
3013	10
3014	21
3015	24
3016	24
3017	33
3018	26
3019	24
3020	33
3021	22
3022	17
3023	28
3024	26
3025	33
3026	22
3027	21
3028	33
3029	24
3030	25
3031	21
3032	24
3033	30
3034	28
3035	24
3036	23
3037	28
3038	19
3039	15
3040	18
3041	18
3042	25
3043	27
3044	15
3045	25
3046	14
3047	21
3048	18
3049	30
3050	32
3051	27
3052	27
3053	22
3054	18
3055	30
3056	19
3057	14
3058	29
3059	24
3060	28
3061	19
3062	31
3063	28
3064	22
3065	25
3066	29
3067	30
3068	24
3069	22
3070	23
3071	36
3072	20
3073	16
3074	23
3075	30
3076	27
3077	28
3078	20
3079	25
3080	22
3081	26
3082	23
3083	23
3084	27
3085	16
3086	22
3087	21
3088	28
3089	22
3090	24
3091	27
3092	32
3093	21
3094	21
3095	23
3096	24
3097	24
3098	18
3099	26
3100	22
3101	19
3102	25
3103	25
3104	28
3105	16
3106	28
3107	23
3108	28
3109	23
3110	27
3111	24
3112	27
3113	33
3114	16
3115	24
3116	27
3117	28
3118	21
3119	24
3120	21
3121	28
3122	24
3123	19
3124	25
3125	25
3126	28
3127	35
3128	24
3129	21
3130	21
3131	25
3132	27
3133	22
3134	28
3135	20
3136	21
3137	26
3138	14
3139	25
3140	15
3141	33
3142	18
3143	27
3144	35
3145	17
3146	19
3147	26
3148	26
3149	24
3150	28
3151	32
3152	16
3153	27
3154	22
3155	16
3156	30
3157	30
3158	23
3159	25
3160	23
3161	15
3162	19
3163	22
3164	27
3165	24
3166	32
3167	22
3168	21
3169	22
3170	27
3171	28
3172	31
3173	24
3174	20
3175	21
3176	25
3177	26
3178	24
3179	30
3180	35
3181	26
3182	31
3183	19
3184	20
3185	26
3186	18
3187	25
3188	23
3189	26
3190	19
3191	24
3192	18
3193	19
3194	22
3195	32
3196	24
3197	25
3198	32
3199	19
3200	25
3201	27
3202	25
3203	32
3204	27
3205	32
3206	29
3207	19
3208	24
3209	26
3210	14
3211	29
3212	19
3213	22
3214	28
3215	38
3216	28
3217	19
3218	29
3219	27
3220	23
3221	28
3222	32
3223	23
3224	18
3225	22
3226	25
3227	22
3228	29
3229	26
3230	26
3231	30
3232	27
3233	24
3234	31
3235	23
3236	37
3237	19
3238	20
3239	24
3240	25
3241	26
3242	25
3243	14
3244	23
3245	28
3246	24
3247	17
3248	16
3249	23
3250	20
3251	20
3252	29
3253	18
3254	29
3255	34
3256	36
3257	16
3258	27
3259	30
3260	19
3261	25
3262	26
3263	21
3264	24
3265	23
3266	28
3267	27
3268	26
3269	25
3270	25
3271	21
3272	18
3273	17
3274	18
3275	23
3276	26
3277	26
3278	26
3279	23
3280	30
3281	22
3282	28
3283	27
3284	31
3285	24
3286	28
3287	18
3288	28
3289	17
3290	32
3291	26
3292	22
3293	25
3294	29
3295	23
3296	23
3297	22
3298	33
3299	28
3300	17
3301	28
3302	33
3303	22
3304	16
3305	24
3306	19
3307	23
3308	24
3309	30
3310	14
3311	22
3312	27
3313	23
3314	21
3315	24
3316	28
3317	31
3318	26
3319	24
3320	19
3321	29
3322	34
3323	26
3324	31
3325	28
3326	8
3327	25
3328	21
3329	23
3330	30
3331	22
3332	31
3333	20
3334	37
3335	33
3336	19
3337	21
3338	29
3339	21
3340	31
3341	28
3342	33
3343	26
3344	23
3345	31
3346	16
3347	12
3348	22
3349	41
3350	32
3351	25
3352	33
3353	26
3354	25
3355	23
3356	33
3357	31
3358	28
3359	25
3360	22
3361	27
3362	32
3363	23
3364	18
3365	25
3366	23
3367	24
3368	26
3369	16
3370	33
3371	20
3372	30
3373	27
3374	28
3375	28
3376	32
3377	27
3378	26
3379	24
3380	29
3381	23
3382	25
3383	30
3384	31
3385	20
3386	34
3387	25
3388	20
3389	27
3390	41
3391	16
3392	35
3393	29
3394	30
3395	27
3396	15
3397	24
3398	25
3399	28
3400	28
3401	19
3402	24
3403	20
3404	20
3405	29
3406	29
3407	25
3408	24
3409	29
3410	20
3411	25
3412	23
3413	22
3414	22
3415	22
3416	20
3417	22
3418	22
3419	25
3420	26
3421	29
3422	31
3423	17
3424	21
3425	34
3426	24
3427	29
3428	28
3429	23
3430	31
3431	31
3432	24
3433	24
3434	22
3435	22
3436	24
3437	22
3438	22
3439	31
3440	28
3441	22
3442	36
3443	18
3444	26
3445	25
3446	29
3447	24
3448	29
3449	17
3450	22
3451	33
3452	24
3453	24
3454	21
3455	22
3456	21
3457	23
3458	37
3459	35
3460	19
3461	17
3462	26
3463	21
3464	29
3465	24
3466	26
3467	28
3468	27
3469	28
3470	28
3471	25
3472	30
3473	24
3474	34
3475	28
3476	23
3477	37
3478	23
3479	26
3480	26
3481	29
3482	32
3483	27
3484	28
3485	22
3486	27
3487	17
3488	28
3489	25
3490	27
3491	27
3492	22
3493	28
3494	21
3495	23
3496	37
3497	24
3498	49
3499	27
3500	20
3501	38
3502	24
3503	33
3504	30
3505	22
3506	29
3507	21
3508	23
3509	18
3510	30
3511	27
3512	22
3513	22
3514	31
3515	23
3516	26
3517	27
3518	23
3519	21
3520	32
3521	24
3522	14
3523	20
3524	32
3525	23
3526	26
3527	25
3528	23
3529	30
3530	37
3531	17
3532	34
3533	31
3534	25
3535	27
3536	25
3537	29
3538	23
3539	14
3540	28
3541	30
3542	26
3543	21
3544	24
3545	26
3546	24
3547	29
3548	23
3549	20
3550	20
3551	34
3552	25
3553	24
3554	24
3555	20
3556	26
3557	39
3558	30
3559	18
3560	28
3561	21
3562	35
3563	31
3564	26
3565	30
3566	33
3567	26
3568	30
3569	24
3570	30
3571	27
3572	26
3573	24
3574	23
3575	19
3576	35
3577	23
3578	33
3579	30
3580	28
3581	35
3582	21
3583	29
3584	27
3585	23
3586	26
3587	34
3588	19
3589	31
3590	25
3591	25
3592	34
3593	23
3594	25
3595	28
3596	37
3597	27
3598	26
3599	29
3600	27
3601	28
3602	32
3603	21
3604	35
3605	32
3606	19
3607	20
3608	39
3609	21
3610	28
3611	34
3612	27
3613	32
3614	38
3615	27
3616	35
3617	30
3618	27
3619	28
3620	28
3621	29
3622	38
3623	28
3624	34
3625	26
3626	14
3627	32
3628	28
3629	18
3630	31
3631	32
3632	24
3633	30
3634	30
3635	21
3636	27
3637	21
3638	38
3639	25
3640	26
3641	17
3642	25
3643	26
3644	31
3645	33
3646	22
3647	26
3648	21
3649	26
3650	47
3651	23
3652	30
3653	37
3654	29
3655	29
3656	26
3657	28
3658	38
3659	24
3660	15
3661	30
3662	22
3663	35
3664	27
3665	32
3666	34
3667	27
3668	26
3669	37
3670	29
3671	34
3672	32
3673	27
3674	23
3675	30
3676	21
3677	22
3678	26
3679	25
3680	37
3681	31
3682	24
3683	19
3684	32
3685	17
3686	21
3687	33
3688	26
3689	38
3690	33
3691	30
3692	44
3693	22
3694	32
3695	35
3696	22
3697	22
3698	25
3699	22
3700	34
3701	24
3702	35
3703	29
3704	19
3705	34
3706	28
3707	31
3708	34
3709	29
3710	30
3711	33
3712	28
3713	28
3714	33
3715	30
3716	28
3717	27
3718	23
3719	39
3720	26
3721	35
3722	25
3723	23
3724	22
3725	30
3726	22
3727	27
3728	31
3729	25
3730	21
3731	40
3732	27
3733	39
3734	18
3735	34
3736	25
3737	26
3738	37
3739	29
3740	38
3741	19
3742	28
3743	35
3744	32
3745	27
3746	24
3747	31
3748	25
3749	38
3750	33
3751	31
3752	29
3753	36
3754	34
3755	31
3756	30
3757	30
3758	21
3759	29
3760	38
3761	30
3762	28
3763	29
3764	32
3765	34
3766	32
3767	29
3768	34
3769	38
3770	31
3771	39
3772	34
3773	31
3774	36
3775	36
3776	29
3777	26
3778	23
3779	26
3780	40
3781	27
3782	29
3783	23
3784	26
3785	33
3786	30
3787	33
3788	31
3789	25
3790	35
3791	27
3792	37
3793	27
3794	24
3795	39
3796	19
3797	44
3798	41
3799	28
3800	36
3801	35
3802	32
3803	31
3804	21
3805	33
3806	29
3807	30
3808	21
3809	36
3810	41
3811	28
3812	36
3813	33
3814	29
3815	28
3816	39
3817	36
3818	32
3819	34
3820	33
3821	21
3822	34
3823	38
3824	31
3825	31
3826	31
3827	34
3828	25
3829	35
3830	35
3831	42
3832	21
3833	33
3834	36
3835	31
3836	36
3837	30
3838	30
3839	41
3840	32
3841	31
3842	32
3843	32
3844	35
3845	40
3846	28
3847	30
3848	36
3849	32
3850	40
3851	31
3852	38
3853	30
3854	33
3855	29
3856	28
3857	29
3858	33
3859	38
3860	46
3861	37
3862	35
3863	29
3864	39
3865	31
3866	46
3867	38
3868	37
3869	33
3870	32
3871	40
3872	38
3873	30
3874	29
3875	33
3876	45
3877	32
3878	26
3879	30
3880	34
3881	41
3882	43
3883	28
3884	41
3885	42
3886	31
3887	40
3888	32
3889	46
3890	35
3891	37
3892	33
3893	41
3894	26
3895	32
3896	36
3897	45
3898	27
3899	31
3900	47
3901	45
3902	27
3903	41
3904	36
3905	33
3906	40
3907	27
3908	35
3909	32
3910	37
3911	39
3912	26
3913	34
3914	39
3915	34
3916	47
3917	47
3918	44
3919	39
3920	37
3921	38
3922	41
3923	37
3924	41
3925	27
3926	45
3927	47
3928	36
3929	40
3930	41
3931	48
3932	45
3933	24
3934	43
3935	50
3936	41
3937	31
3938	31
3939	40
3940	47
3941	38
3942	32
3943	42
3944	60
3945	42
3946	39
3947	29
3948	44
3949	30
3950	53
3951	48
3952	37
3953	35
3954	34
3955	30
3956	44
3957	32
3958	42
3959	48
3960	35
3961	40
3962	39
3963	50
3964	43
3965	36
3966	44
3967	39
3968	33
3969	45
3970	38
3971	43
3972	38
3973	61
3974	43
3975	40
3976	43
3977	49
3978	47
3979	42
3980	44
3981	48
3982	71
3983	47
3984	56
3985	38
3986	43
3987	52
3988	50
3989	39
3990	41
3991	57
3992	48
3993	36
3994	49
3995	40
3996	40
3997	37
3998	45
3999	44
4000	51
4001	43
4002	40
4003	58
4004	52
4005	53
4006	48
4007	45
4008	60
4009	43
4010	55
4011	55
4012	37
4013	38
4014	52
4015	50
4016	47
4017	73
4018	59
4019	33
4020	61
4021	50
4022	52
4023	55
4024	55
4025	40
4026	49
4027	49
4028	68
4029	63
4030	50
4031	49
4032	59
4033	47
4034	67
4035	53
4036	47
4037	50
4038	52
4039	49
4040	58
4041	61
4042	53
4043	54
4044	42
4045	61
4046	52
4047	57
4048	50
4049	55
4050	38
4051	42
4052	56
4053	40
4054	50
4055	51
4056	60
4057	58
4058	48
4059	43
4060	52
4061	62
4062	50
4063	53
4064	43
4065	53
4066	51
4067	60
4068	53
4069	39
4070	66
4071	52
4072	67
4073	53
4074	48
4075	52
4076	52
4077	56
4078	58
4079	50
4080	54
4081	54
4082	44
4083	58
4084	42
4085	51
4086	49
4087	55
4088	47
4089	55
4090	58
4091	48
4092	58
4093	58
4094	63
4095	59
4096	58
4097	45
4098	43
4099	63
4100	43
4101	57
4102	50
4103	59
4104	48
4105	60
4106	63
4107	59
4108	53
4109	59
4110	49
4111	61
4112	67
4113	67
4114	58
4115	52
4116	53
4117	48
4118	52
4119	44
4120	53
4121	51
4122	52
4123	59
4124	38
4125	61
4126	57
4127	61
4128	52
4129	59
4130	55
4131	47
4132	46
4133	39
4134	51
4135	65
4136	52
4137	60
4138	53
4139	46
4140	51
4141	52
4142	58
4143	55
4144	55
4145	43
4146	45
4147	52
4148	60
4149	57
4150	47
4151	66
4152	52
4153	65
4154	49
4155	54
4156	62
4157	53
4158	46
4159	64
4160	50
4161	55
4162	47
4163	49
4164	45
4165	43
4166	59
4167	56
4168	51
4169	42
4170	57
4171	49
4172	55
4173	51
4174	45
4175	50
4176	35
4177	50
4178	44
4179	45
4180	46
4181	35
4182	50
4183	41
4184	51
4185	38
4186	36
4187	45
4188	53
4189	57
4190	44
4191	47
4192	46
4193	41
4194	55
4195	40
4196	46
4197	38
4198	42
4199	38
4200	39
4201	40
4202	42
4203	44
4204	33
4205	42
4206	37
4207	42
4208	39
4209	40
4210	42
4211	41
4212	49
4213	34
4214	40
4215	48
4216	48
4217	33
4218	34
4219	35
4220	41
4221	38
4222	50
4223	20
4224	34
4225	28
4226	41
4227	36
4228	33
4229	28
4230	34
4231	34
4232	31
4233	25
4234	39
4235	33
4236	31
4237	32
4238	32
4239	29
4240	34
4241	29
4242	21
4243	27
4244	34
4245	28
4246	28
4247	26
4248	28
4249	22
4250	25
4251	29
4252	25
4253	26
4254	33
4255	25
4256	24
4257	28
4258	31
4259	26
4260	28
4261	28
4262	22
4263	33
4264	27
4265	23
4266	19
4267	26
4268	27
4269	28
4270	23
4271	25
4272	23
4273	24
4274	31
4275	25
4276	26
4277	21
4278	27
4279	27
4280	28
4281	18
4282	19
4283	19
4284	25
4285	32
4286	12
4287	24
4288	14
4289	18
4290	20
4291	24
4292	24
4293	21
4294	23
4295	21
4296	23
4297	21
4298	20
4299	23
4300	15
4301	21
4302	17
4303	22
4304	19
4305	13
4306	24
4307	20
4308	24
4309	14
4310	20
4311	15
4312	21
4313	18
4314	16
4315	17
4316	18
4317	18
4318	19
4319	15
4320	21
4321	18
4322	8
4323	16
4324	18
4325	11
4326	18
4327	15
4328	13
4329	8
4330	8
4331	14
4332	12
4333	13
4334	10
4335	11
4336	10
4337	5
4338	11
4339	8
4340	17
4341	10
4342	17
4343	10
4344	10
4345	12
4346	15
4347	10
4348	17
4349	9
4350	10
4351	7
4352	11
4353	8
4354	10
4355	13
4356	5
4357	9
4358	15
4359	8
4360	7
4361	4
4362	12
4363	9
4364	7
4365	8
4366	6
4367	6
4368	5
4369	3
4370	12
4371	5
4372	4
4373	4
4374	7
4375	8
4376	7
4377	5
4378	14
4379	6
4380	4
4381	5
4382	6
4383	4
4384	6
4385	3
4386	4
4387	5
4388	10
4389	5
4390	6
4391	9
4392	5
4393	2
4394	6
4395	7
4396	4
4397	6
4398	5
4399	7
4400	6
4401	9
4402	4
4403	1
4404	7
4405	5
4406	7
4407	5
4408	5
4409	2
4410	3
4411	8
4412	4
4413	2
4414	3
4415	2
4416	3
4417	3
4418	6
4419	1
4420	2
4421	4
4422	1
4423	1
4424	2
4425	5
4426	1
4427	5
4428	3
4429	6
4430	3
4431	3
4432	3
4433	5
4434	2
4435	3
4436	3
4437	0
4438	2
4439	2
4440	3
4441	3
4442	3
4443	2
4444	0
4445	1
4446	0
4447	2
4448	0
4449	3
4450	1
4451	2
4452	2
4453	0
4454	3
4455	2
4456	2
4457	1
4458	1
4459	2
4460	0
4461	3
4462	0
4463	3
4464	1
4465	1
4466	1
4467	0
4468	2
4469	1
4470	3
4471	4
4472	0
4473	1
4474	1
4475	0
4476	3
4477	0
4478	0
4479	2
4480	1
4481	0
4482	1
4483	3
4484	0
4485	2
4486	2
4487	2
4488	0
4489	4
4490	3
4491	2
4492	3
4493	0
4494	2
4495	0
4496	1
4497	0
4498	1
4499	1
4500	0
4501	0
4502	2
4503	1
4504	3
4505	0
4506	3
4507	0
4508	1
4509	2
4510	4
4511	1
4512	1
4513	0
4514	0
4515	1
4516	1
4517	0
4518	0
4519	2
4520	0
4521	0
4522	0
4523	2
4524	2
4525	1
4526	0
4527	1
4528	2
4529	1
4530	0
4531	1
4532	0
4533	0
4534	1
4535	1
4536	2
4537	1
4538	3
4539	1
4540	2
4541	0
4542	0
4543	0
4544	0
4545	1
4546	0
4547	1
4548	1
4549	1
4550	3
4551	0
4552	3
4553	1
4554	1
4555	0
4556	0
4557	0
4558	0
4559	3
4560	2
4561	1
4562	1
4563	0
4564	0
4565	0
4566	1
4567	0
4568	2
4569	0
4570	0
4571	1
4572	1
4573	1
4574	1
4575	0
4576	0
4577	0
4578	0
4579	4
4580	0
4581	3
4582	0
4583	0
4584	0
4585	0
4586	2
4587	0
4588	2
4589	1
4590	0
4591	0
4592	1
4593	1
4594	1
4595	3
4596	0
4597	1
4598	0
4599	1
4600	0
4601	2
4602	0
4603	0
4604	0
4605	1
4606	1
4607	0
4608	0
4609	0
4610	4
4611	0
4612	1
4613	2
4614	0
4615	1
4616	0
4617	1
4618	3
4619	2
4620	0
4621	1
4622	1
4623	0
4624	1
4625	0
4626	0
4627	1
4628	2
4629	0
4630	1
4631	0
4632	0
4633	0
4634	1
4635	2
4636	0
4637	0
4638	0
4639	2
4640	2
4641	0
4642	1
4643	3
4644	0
4645	0
4646	1
4647	1
4648	1
4649	1
4650	1
4651	1
4652	2
4653	1
4654	0
4655	0
4656	0
4657	0
4658	0
4659	1
4660	0
4661	0
4662	1
4663	0
4664	2
4665	1
4666	2
4667	2
4668	1
4669	1
4670	3
4671	0
4672	0
4673	1
4674	1
4675	2
4676	1
4677	1
4678	1
4679	1
4680	0
4681	1
4682	0
4683	0
4684	0
4685	3
4686	0
4687	0
4688	1
4689	1
4690	1
4691	0
4692	2
4693	1
4694	0
4695	1
4696	2
4697	1
4698	0
4699	0
4700	0
4701	0
4702	0
4703	1
4704	0
4705	0
4706	1
4707	0
4708	1
4709	0
4710	2
4711	0
4712	1
4713	0
4714	2
4715	0
4716	1
4717	0
4718	0
4719	0
4720	1
4721	0
4722	2
4723	1
4724	1
4725	1
4726	0
4727	2
4728	0
4729	1
4730	2
4731	1
4732	1
4733	1
4734	1
4735	2
4736	2
4737	1
4738	0
4739	1
4740	2
4741	1
4742	0
4743	2
4744	0
4745	1
4746	1
4747	0
4748	2
4749	1
4750	1
4751	1
4752	1
4753	1
4754	0
4755	0
4756	0
4757	1
4758	1
4759	0
4760	0
4761	1
4762	0
4763	1
4764	1
4765	0
4766	0
4767	0
4768	1
4769	1
4770	1
4771	2
4772	0
4773	0
4774	0
4775	0
4776	0
4777	0
4778	0
4779	0
4780	2
4781	0
4782	2
4783	2
4784	2
4785	1
4786	1
4787	0
4788	4
4789	0
4790	0
4791	1
4792	1
4793	0
4794	3
4795	4
4796	0
4797	2
4798	1
4799	1
4800	0
4801	0
4802	1
4803	2
4804	1
4805	1
4806	1
4807	0
4808	1
4809	1
4810	1
4811	0
4812	0
4813	2
4814	0
4815	1
4816	0
4817	0
4818	1
4819	0
4820	0
4821	2
4822	2
4823	0
4824	0
4825	1
4826	1
4827	1
4828	0
4829	0
4830	1
4831	0
4832	2
4833	1
4834	2
4835	0
4836	2
4837	0
4838	1
4839	0
4840	0
4841	0
4842	0
4843	1
4844	2
4845	1
4846	0
4847	0
4848	0
4849	5
4850	0
4851	1
4852	2
4853	0
4854	2
4855	0
4856	0
4857	1
4858	1
4859	1
4860	0
4861	1
4862	2
4863	1
4864	0
4865	1
4866	1
4867	1
4868	1
4869	0
4870	0
4871	1
4872	2
4873	0
4874	0
4875	2
4876	0
4877	1
4878	1
4879	1
4880	1
4881	0
4882	0
4883	0
4884	0
4885	1
4886	1
4887	0
4888	1
4889	0
4890	1
4891	1
4892	1
4893	0
4894	1
4895	0
4896	0
4897	0
4898	3
4899	0
4900	0
4901	1
4902	0
4903	0
4904	1
4905	1
4906	0
4907	1
4908	0
4909	0
4910	1
4911	0
4912	1
4913	0
4914	1
4915	0
4916	1
4917	1
4918	1
4919	0
4920	1
4921	2
4922	1
4923	0
4924	2
4925	0
4926	0
4927	0
4928	0
4929	0
4930	2
4931	1
4932	2
4933	0
4934	0
4935	2
4936	0
4937	0
4938	0
4939	1
4940	1
4941	0
4942	0
4943	0
4944	1
4945	0
4946	1
4947	2
4948	0
4949	1
4950	2
4951	2
4952	0
4953	0
4954	2
4955	0
4956	0
4957	1
4958	1
4959	1
4960	0
4961	0
4962	0
4963	1
4964	0
4965	0
4966	0
4967	0
4968	1
4969	1
4970	2
4971	0
4972	0
4973	0
4974	0
4975	1
4976	0
4977	0
4978	1
4979	0
4980	0
4981	0
4982	0
4983	2
4984	0
4985	0
4986	0
4987	0
4988	2
4989	1
4990	0
4991	0
4992	1
4993	2
4994	1
4995	0
4996	0
4997	1
4998	1
4999	0
5000	1
5001	0
5002	0
5003	1
5004	1
5005	0
5006	2
5007	0
5008	0
5009	2
5010	0
5011	0
5012	1
5013	0
5014	2
5015	1
5016	0
5017	0
5018	1
5019	0
5020	0
5021	1
5022	0
5023	1
5024	0
5025	1
5026	1
5027	0
5028	0
5029	0
5030	0
5031	0
5032	0
5033	0
5034	0
5035	0
5036	1
5037	0
5038	0
5039	0
5040	0
5041	1
5042	0
5043	1
5044	1
5045	1
5046	0
5047	0
5048	0
5049	2
5050	1
5051	0
5052	1
5053	0
5054	1
5055	0
5056	0
5057	0
5058	0
5059	0
5060	1
5061	1
5062	1
5063	1
5064	1
5065	2
5066	1
5067	0
5068	2
5069	2
5070	0
5071	2
5072	0
5073	0
5074	0
5075	0
5076	0
5077	0
5078	1
5079	2
5080	0
5081	1
5082	0
5083	1
5084	0
5085	0
5086	1
5087	2
5088	0
5089	1
5090	1
5091	1
5092	2
5093	0
5094	2
5095	0
5096	0
5097	1
5098	1
5099	1
5100	0
5101	0
5102	0
5103	0
5104	0
5105	0
5106	0
5107	1
5108	1
5109	0
5110	2
5111	0
5112	1
5113	1
5114	0
5115	1
5116	2
5117	0
5118	1
5119	1
5120	0
5121	0
5122	0
5123	1
5124	1
5125	1
5126	0
5127	2
5128	0
5129	1
5130	1
5131	0
5132	1
5133	1
5134	0
5135	0
5136	0
5137	2
5138	0
5139	0
5140	0
5141	0
5142	1
5143	0
5144	2
5145	0
5146	1
5147	0
5148	0
5149	1
5150	0
5151	0
5152	1
5153	1
5154	0
5155	0
5156	0
5157	0
5158	2
5159	1
5160	1
5161	2
5162	0
5163	0
5164	1
5165	0
5166	0
5167	0
5168	0
5169	0
5170	1
5171	1
5172	1
5173	1
5174	2
5175	0
5176	0
5177	1
5178	2
5179	1
5180	0
5181	0
5182	0
5183	1
5184	0
5185	0
5186	1
5187	1
5188	0
5189	0
5190	2
5191	2
5192	0
5193	0
5194	0
5195	3
5196	2
5197	0
5198	0
5199	0
5200	0
5201	0
5202	2
5203	0
5204	0
5205	0
5206	0
5207	0
5208	1
5209	0
5210	1
5211	0
5212	2
5213	0
5214	0
5215	0
5216	0
5217	2
5218	0
5219	0
5220	1
5221	1
5222	0
5223	1
5224	0
5225	1
5226	0
5227	0
5228	2
5229	1
5230	1
5231	1
5232	2
5233	0
5234	2
5235	0
5236	1
5237	1
5238	0
5239	0
5240	0
5241	0
5242	2
5243	1
5244	0
5245	0
5246	1
5247	0
5248	0
5249	0
5250	2
5251	1
5252	1
5253	1
5254	0
5255	2
5256	1
5257	0
5258	1
5259	1
5260	0
5261	1
5262	0
5263	0
5264	0
5265	2
5266	2
5267	0
5268	0
5269	1
5270	1
5271	3
5272	1
5273	0
5274	0
5275	4
5276	2
5277	0
5278	1
5279	0
5280	2
5281	1
5282	1
5283	0
5284	0
5285	0
5286	1
5287	0
5288	0
5289	0
5290	0
5291	0
5292	1
5293	1
5294	0
5295	1
5296	1
5297	1
5298	1
5299	1
5300	0
5301	0
5302	0
5303	2
5304	0
5305	0
5306	0
5307	0
5308	1
5309	0
5310	1
5311	1
5312	0
5313	0
5314	0
5315	0
5316	0
5317	1
5318	0
5319	1
5320	1
5321	1
5322	4
5323	0
5324	0
5325	0
5326	1
5327	0
5328	1
5329	0
5330	1
5331	2
5332	0
5333	1
5334	0
5335	1
5336	1
5337	1
5338	1
5339	1
5340	1
5341	0
5342	2
5343	1
5344	1
5345	1
5346	0
5347	0
5348	2
5349	1
5350	0
5351	0
5352	1
5353	0
5354	0
5355	0
5356	0
5357	0
5358	0
5359	0
5360	0
5361	0
5362	0
5363	2
5364	1
5365	0
5366	0
5367	1
5368	0
5369	0
5370	0
5371	0
5372	0
5373	0
5374	0
5375	0
5376	0
5377	1
5378	0
5379	0
5380	0
5381	1
5382	0
5383	0
5384	0
5385	0
5386	1
5387	0
5388	0
5389	1
5390	0
5391	1
5392	0
5393	1
5394	0
5395	0
5396	0
5397	0
5398	0
5399	0
5400	0
5401	0
5402	1
5403	0
5404	0
5405	1
5406	2
5407	0
5408	0
5409	2
5410	3
5411	3
5412	1
5413	1
5414	1
5415	1
5416	0
5417	0
5418	2
5419	0
5420	1
5421	1
5422	2
5423	1
5424	0
5425	0
5426	0
5427	2
5428	0
5429	0
5430	0
5431	1
5432	1
5433	0
5434	0
5435	1
5436	0
5437	0
5438	1
5439	0
5440	2
5441	1
5442	0
5443	1
5444	0
5445	0
5446	1
5447	1
5448	1
5449	0
5450	0
5451	1
5452	1
5453	1
5454	0
5455	1
5456	0
5457	0
5458	0
5459	2
5460	0
5461	1
5462	0
5463	1
5464	1
5465	0
5466	2
5467	2
5468	2
5469	1
5470	1
5471	0
5472	1
5473	0
5474	1
5475	2
5476	1
5477	0
5478	3
5479	0
5480	1
5481	0
5482	0
5483	1
5484	1
5485	0
5486	1
5487	0
5488	0
5489	0
5490	0
5491	1
5492	0
5493	1
5494	0
5495	2
5496	1
5497	2
5498	0
5499	1
5500	1
5501	4
5502	1
5503	1
5504	0
5505	1
5506	0
5507	1
5508	0
5509	1
5510	0
5511	0
5512	2
5513	0
5514	0
5515	1
5516	0
5517	1
5518	2
5519	1
5520	0
5521	0
5522	1
5523	0
5524	0
5525	0
5526	0
5527	0
5528	1
5529	0
5530	0
5531	0
5532	1
5533	1
5534	0
5535	1
5536	3
5537	0
5538	1
5539	1
5540	1
5541	0
5542	2
5543	3
5544	0
5545	1
5546	0
5547	0
5548	0
5549	1
5550	0
5551	1
5552	0
5553	0
5554	0
5555	0
5556	0
5557	1
5558	0
5559	0
5560	1
5561	0
5562	1
5563	2
5564	0
5565	2
5566	0
5567	0
5568	0
5569	0
5570	0
5571	0
5572	1
5573	1
5574	3
5575	2
5576	1
5577	0
5578	0
5579	0
5580	2
5581	2
5582	2
5583	0
5584	0
5585	1
5586	0
5587	2
5588	0
5589	0
5590	1
5591	0
5592	1
5593	0
5594	0
5595	0
5596	0
5597	0
5598	0
5599	0
5600	0
5601	0
5602	2
5603	1
5604	1
5605	0
5606	0
5607	0
5608	0
5609	1
5610	1
5611	0
5612	0
5613	1
5614	0
5615	0
5616	0
5617	0
5618	2
5619	0
5620	0
5621	1
5622	0
5623	1
5624	0
5625	1
5626	2
5627	2
5628	2
5629	0
5630	0
5631	0
5632	0
5633	0
5634	0
5635	0
5636	1
5637	0
5638	1
5639	1
5640	1
5641	0
5642	1
5643	0
5644	1
5645	2
5646	0
5647	1
5648	0
5649	3
5650	1
5651	2
5652	0
5653	1
5654	0
5655	0
5656	0
5657	1
5658	0
5659	0
5660	0
5661	1
5662	0
5663	0
5664	0
5665	1
5666	0
5667	0
5668	2
5669	0
5670	0
5671	0
5672	1
5673	0
5674	0
5675	2
5676	1
5677	1
5678	1
5679	0
5680	1
5681	1
5682	0
5683	1
5684	1
5685	1
5686	2
5687	0
5688	1
5689	1
5690	0
5691	0
5692	1
5693	0
5694	0
5695	0
5696	1
5697	0
5698	1
5699	1
5700	0
5701	0
5702	1
5703	0
5704	0
5705	1
5706	0
5707	0
5708	2
5709	0
5710	1
5711	0
5712	3
5713	2
5714	0
5715	3
5716	0
5717	1
5718	0
5719	0
5720	0
5721	0
5722	0
5723	1
5724	1
5725	0
5726	1
5727	2
5728	1
5729	2
5730	1
5731	0
5732	1
5733	1
5734	0
5735	0
5736	0
5737	1
5738	0
5739	1
5740	0
5741	0
5742	1
5743	0
5744	0
5745	0
5746	1
5747	1
5748	0
5749	0
5750	2
5751	0
5752	1
5753	0
5754	0
5755	0
5756	2
5757	1
5758	0
5759	0
5760	1
5761	0
5762	0
5763	1
5764	1
5765	0
5766	2
5767	1
5768	0
5769	2
5770	0
5771	0
5772	1
5773	0
5774	1
5775	0
5776	1
5777	1
5778	0
5779	0
5780	0
5781	1
5782	2
5783	0
5784	0
5785	0
5786	1
5787	0
5788	1
5789	2
5790	0
5791	2
5792	0
5793	0
5794	0
5795	2
5796	0
5797	1
5798	0
5799	0
5800	0
5801	0
5802	1
5803	1
5804	0
5805	0
5806	2
5807	2
5808	0
5809	0
5810	0
5811	0
5812	3
5813	0
5814	1
5815	1
5816	0
5817	3
5818	1
5819	0
5820	0
5821	0
5822	1
5823	0
5824	1
5825	0
5826	2
5827	0
5828	2
5829	0
5830	0
5831	0
5832	2
5833	0
5834	0
5835	0
5836	0
5837	0
5838	0
5839	2
5840	0
5841	0
5842	0
5843	2
5844	0
5845	0
5846	0
5847	0
5848	0
5849	0
5850	0
5851	0
5852	2
5853	0
5854	0
5855	1
5856	0
5857	0
5858	0
5859	1
5860	2
5861	1
5862	1
5863	1
5864	2
5865	0
5866	0
5867	0
5868	0
5869	1
5870	1
5871	0
5872	1
5873	0
5874	0
5875	1
5876	1
5877	0
5878	3
5879	0
5880	1
5881	2
5882	1
5883	2
5884	2
5885	0
5886	1
5887	0
5888	0
5889	2
5890	0
5891	0
5892	0
5893	1
5894	0
5895	0
5896	0
5897	0
5898	1
5899	1
5900	1
5901	0
5902	0
5903	1
5904	0
5905	0
5906	0
5907	1
5908	0
5909	1
5910	1
5911	1
5912	0
5913	1
5914	2
5915	2
5916	2
5917	0
5918	1
5919	0
5920	1
5921	0
5922	0
5923	0
5924	0
5925	0
5926	1
5927	0
5928	1
5929	1
5930	1
5931	0
5932	0
5933	1
5934	1
5935	0
5936	0
5937	1
5938	1
5939	0
5940	1
5941	0
5942	1
5943	0
5944	1
5945	0
5946	2
5947	0
5948	1
5949	0
5950	0
5951	1
5952	0
5953	1
5954	1
5955	0
5956	0
5957	0
5958	0
5959	1
5960	0
5961	2
5962	2
5963	1
5964	1
5965	1
5966	0
5967	0
5968	1
5969	1
5970	1
5971	0
5972	1
5973	0
5974	1
5975	0
5976	1
5977	0
5978	0
5979	0
5980	0
5981	0
5982	0
5983	0
5984	2
5985	0
5986	0
5987	0
5988	0
5989	0
5990	0
5991	1
5992	1
5993	0
5994	0
5995	1
5996	1
5997	1
5998	0
5999	1
6000	0
6001	0
6002	0
6003	0
6004	0
6005	0
6006	0
6007	2
6008	1
6009	1
6010	0
6011	1
6012	1
6013	0
6014	2
6015	0
6016	2
6017	1
6018	2
6019	0
6020	0
6021	0
6022	0
6023	0
6024	0
6025	1
6026	0
6027	0
6028	0
6029	0
6030	1
6031	1
6032	1
6033	1
6034	1
6035	0
6036	0
6037	1
6038	0
6039	0
6040	0
6041	1
6042	1
6043	0
6044	0
6045	0
6046	3
6047	0
6048	1
6049	1
6050	0
6051	0
6052	0
6053	0
6054	0
6055	1
6056	0
6057	0
6058	0
6059	1
6060	0
6061	2
6062	0
6063	1
6064	0
6065	1
6066	3
6067	0
6068	0
6069	0
6070	2
6071	1
6072	1
6073	0
6074	1
6075	0
6076	0
6077	0
6078	1
6079	0
6080	2
6081	2
6082	0
6083	0
6084	0
6085	1
6086	0
6087	0
6088	0
6089	0
6090	0
6091	1
6092	0
6093	1
6094	1
6095	1
6096	2
6097	0
6098	0
6099	1
6100	0
6101	0
6102	0
6103	0
6104	0
6105	0
6106	0
6107	0
6108	0
6109	0
6110	1
6111	0
6112	1
6113	0
6114	0
6115	1
6116	0
6117	0
6118	0
6119	1
6120	1
6121	0
6122	0
6123	1
6124	0
6125	2
6126	0
6127	0
6128	0
6129	1
6130	1
6131	0
6132	1
6133	0
6134	2
6135	0
6136	0
6137	1
6138	1
6139	0
6140	0
6141	0
6142	1
6143	2
6144	1
6145	1
6146	1
6147	0
6148	0
6149	0
6150	0
6151	0
6152	0
6153	0
6154	0
6155	1
6156	0
6157	0
6158	0
6159	1
6160	0
6161	0
6162	1
6163	0
6164	0
6165	0
6166	0
6167	0
6168	0
6169	0
6170	0
6171	0
6172	0
6173	0
6174	2
6175	0
6176	0
6177	0
6178	1
6179	0
6180	0
6181	0
6182	0
6183	0
6184	0
6185	0
6186	2
6187	0
6188	1
6189	1
6190	0
6191	0
6192	0
6193	0
6194	0
6195	0
6196	0
6197	1
6198	0
6199	1
6200	0
6201	0
6202	0
6203	0
6204	0
6205	2
6206	0
6207	2
6208	1
6209	0
6210	0
6211	0
6212	0
6213	0
6214	0
6215	1
6216	1
6217	1
6218	1
6219	0
6220	0
6221	0
6222	1
6223	0
6224	0
6225	0
6226	0
6227	0
6228	0
6229	1
6230	0
6231	0
6232	1
6233	2
6234	0
6235	0
6236	1
6237	1
6238	0
6239	1
6240	0
6241	1
6242	2
6243	3
6244	0
6245	0
6246	0
6247	0
6248	0
6249	0
6250	0
6251	0
6252	1
6253	0
6254	0
6255	2
6256	1
6257	0
6258	0
6259	0
6260	0
6261	0
6262	1
6263	1
6264	3
6265	0
6266	0
6267	1
6268	0
6269	2
6270	0
6271	1
6272	0
6273	0
6274	1
6275	0
6276	0
6277	2
6278	0
6279	0
6280	0
6281	0
6282	0
6283	0
6284	0
6285	0
6286	0
6287	0
6288	0
6289	2
6290	1
6291	2
6292	1
6293	0
6294	0
6295	0
6296	0
6297	0
6298	0
6299	0
6300	0
6301	0
6302	0
6303	0
6304	0
6305	0
6306	0
6307	2
6308	1
6309	1
6310	0
6311	0
6312	0
6313	0
6314	1
6315	0
6316	0
6317	0
6318	0
6319	0
6320	0
6321	0
6322	0
6323	0
6324	0
6325	0
6326	0
6327	0
6328	0
6329	0
6330	1
6331	0
6332	2
6333	0
6334	0
6335	0
6336	0
6337	0
6338	0
6339	0
6340	1
6341	0
6342	0
6343	0
6344	0
6345	0
6346	0
6347	1
6348	0
6349	0
6350	0
6351	0
6352	1
6353	0
6354	1
6355	0
6356	0
6357	0
6358	0
6359	0
6360	1
6361	1
6362	1
6363	0
6364	1
6365	0
6366	0
6367	0
6368	0
6369	0
6370	0
6371	0
6372	0
6373	0
6374	0
6375	1
6376	0
6377	0
6378	0
6379	0
6380	0
6381	0
6382	0
6383	0
6384	0
6385	3
6386	0
6387	0
6388	2
6389	0
6390	0
6391	1
6392	1
6393	0
6394	1
6395	0
6396	1
6397	0
6398	0
6399	0
6400	0
6401	0
6402	0
6403	0
6404	1
6405	0
6406	0
6407	0
6408	0
6409	1
6410	0
6411	0
6412	0
6413	1
6414	3
6415	0
6416	0
6417	2
6418	0
6419	2
6420	0
6421	1
6422	1
6423	0
6424	0
6425	0
6426	0
6427	1
6428	0
6429	0
6430	0
6431	1
6432	0
6433	1
6434	0
6435	0
6436	0
6437	0
6438	1
6439	1
6440	0
6441	0
6442	0
6443	1
6444	1
6445	2
6446	0
6447	0
6448	0
6449	0
6450	0
6451	1
6452	0
6453	1
6454	0
6455	2
6456	0
6457	0
6458	0
6459	1
6460	0
6461	2
6462	0
6463	1
6464	0
6465	0
6466	0
6467	0
6468	0
6469	0
6470	0
6471	0
6472	0
6473	0
6474	1
6475	1
6476	1
6477	0
6478	0
6479	0
6480	1
6481	0
6482	1
6483	0
6484	0
6485	1
6486	0
6487	0
6488	1
6489	0
6490	0
6491	0
6492	0
6493	1
6494	1
6495	0
6496	0
6497	0
6498	0
6499	0
6500	0
6501	0
6502	0
6503	0
6504	1
6505	0
6506	0
6507	1
6508	0
6509	0
6510	0
6511	0
6512	0
6513	0
6514	0
6515	1
6516	0
6517	1
6518	2
6519	0
6520	0
6521	0
6522	1
6523	0
6524	0
6525	1
6526	0
6527	1
6528	2
6529	0
6530	1
6531	0
6532	0
6533	1
6534	0
6535	1
6536	0
6537	0
6538	0
6539	0
6540	0
6541	1
6542	0
6543	0
6544	1
6545	0
6546	0
6547	1
6548	0
6549	0
6550	1
6551	0
6552	2
6553	2
6554	0
6555	1
6556	0
6557	0
6558	1
6559	0
6560	0
6561	1
6562	0
6563	1
6564	1
6565	0
6566	0
6567	0
6568	0
6569	0
6570	0
6571	0
6572	2
6573	1
6574	0
6575	1
6576	0
6577	0
6578	0
6579	1
6580	0
6581	3
6582	0
6583	0
6584	0
6585	1
6586	0
6587	0
6588	0
6589	0
6590	1
6591	0
6592	0
6593	0
6594	0
6595	1
6596	0
6597	0
6598	2
6599	0
6600	0
6601	0
6602	1
6603	1
6604	0
6605	0
6606	0
6607	0
6608	0
6609	0
6610	0
6611	1
6612	1
6613	0
6614	1
6615	0
6616	0
6617	0
6618	0
6619	0
6620	0
6621	0
6622	1
6623	1
6624	0
6625	1
6626	0
6627	0
6628	1
6629	0
6630	0
6631	0
6632	0
6633	0
6634	1
6635	0
6636	1
6637	1
6638	0
6639	1
6640	1
6641	0
6642	1
6643	4
6644	1
6645	0
6646	0
6647	2
6648	0
6649	1
6650	0
6651	0
6652	0
6653	0
6654	0
6655	1
6656	1
6657	0
6658	0
6659	1
6660	0
6661	0
6662	0
6663	1
6664	2
6665	0
6666	1
6667	1
6668	0
6669	0
6670	0
6671	0
6672	0
6673	1
6674	1
6675	0
6676	0
6677	0
6678	0
6679	0
6680	1
6681	0
6682	2
6683	0
6684	1
6685	0
6686	0
6687	0
6688	0
6689	1
6690	0
6691	0
6692	0
6693	1
6694	0
6695	0
6696	1
6697	0
6698	0
6699	0
6700	1
6701	1
6702	1
6703	0
6704	0
6705	1
6706	0
6707	0
6708	1
6709	0
6710	1
6711	0
6712	0
6713	3
6714	0
6715	0
6716	0
6717	3
6718	0
6719	0
6720	0
6721	1
6722	1
6723	1
6724	1
6725	1
6726	0
6727	1
6728	2
6729	0
6730	0
6731	1
6732	0
6733	0
6734	0
6735	1
6736	0
6737	1
6738	0
6739	0
6740	0
6741	0
6742	0
6743	1
6744	0
6745	0
6746	0
6747	1
6748	0
6749	0
6750	0
6751	0
6752	0
6753	0
6754	0
6755	0
6756	0
6757	0
6758	0
6759	0
6760	0
6761	0
6762	0
6763	1
6764	0
6765	0
6766	0
6767	1
6768	0
6769	1
6770	0
6771	0
6772	0
6773	1
6774	0
6775	1
6776	0
6777	1
6778	0
6779	0
6780	1
6781	2
6782	1
6783	1
6784	1
6785	1
6786	0
6787	1
6788	0
6789	0
6790	1
6791	2
6792	0
6793	1
6794	0
6795	0
6796	0
6797	0
6798	1
6799	1
6800	1
6801	0
6802	0
6803	0
6804	1
6805	2
6806	0
6807	0
6808	0
6809	0
6810	1
6811	0
6812	1
6813	0
6814	2
6815	1
6816	0
6817	0
6818	1
6819	0
6820	1
6821	1
6822	2
6823	1
6824	2
6825	0
6826	1
6827	0
6828	0
6829	1
6830	1
6831	0
6832	0
6833	0
6834	0
6835	0
6836	0
6837	0
6838	1
6839	0
6840	1
6841	2
6842	1
6843	0
6844	0
6845	0
6846	0
6847	0
6848	0
6849	0
6850	0
6851	2
6852	0
6853	1
6854	0
6855	0
6856	0
6857	2
6858	0
6859	0
6860	0
6861	1
6862	2
6863	0
6864	0
6865	0
6866	2
6867	0
6868	0
6869	1
6870	0
6871	0
6872	1
6873	0
6874	1
6875	1
6876	0
6877	0
6878	0
6879	0
6880	0
6881	2
6882	0
6883	0
6884	0
6885	0
6886	1
6887	0
6888	0
6889	0
6890	1
6891	2
6892	0
6893	0
6894	1
6895	1
6896	0
6897	0
6898	0
6899	1
6900	0
6901	0
6902	1
6903	0
6904	0
6905	1
6906	0
6907	0
6908	1
6909	0
6910	1
6911	0
6912	2
6913	0
6914	0
6915	0
6916	0
6917	0
6918	0
6919	1
6920	1
6921	1
6922	0
6923	1
6924	0
6925	0
6926	0
6927	0
6928	0
6929	0
6930	1
6931	1
6932	0
6933	2
6934	1
6935	0
6936	1
6937	0
6938	0
6939	1
6940	0
6941	1
6942	0
6943	0
6944	0
6945	1
6946	1
6947	1
6948	0
6949	0
6950	1
6951	1
6952	1
6953	0
6954	1
6955	0
6956	0
6957	0
6958	1
6959	0
6960	0
6961	0
6962	0
6963	0
6964	0
6965	0
6966	0
6967	1
6968	1
6969	0
6970	0
6971	1
6972	0
6973	0
6974	0
6975	1
6976	0
6977	0
6978	0
6979	1
6980	1
6981	0
6982	0
6983	1
6984	1
6985	0
6986	0
6987	0
6988	0
6989	0
6990	1
6991	1
6992	1
6993	0
6994	0
6995	0
6996	0
6997	0
6998	0
6999	0
7000	1
7001	0
7002	0
7003	0
7004	3
7005	0
7006	0
7007	0
7008	0
7009	1
7010	1
7011	1
7012	1
7013	1
7014	0
7015	0
7016	1
7017	0
7018	0
7019	1
7020	0
7021	1
7022	0
7023	0
7024	1
7025	0
7026	0
7027	0
7028	3
7029	0
7030	0
7031	1
7032	1
7033	1
7034	0
7035	0
7036	1
7037	0
7038	2
7039	0
7040	0
7041	0
7042	0
7043	0
7044	1
7045	0
7046	2
7047	1
7048	1
7049	1
7050	0
7051	0
7052	0
7053	0
7054	1
7055	1
7056	0
7057	0
7058	0
7059	1
7060	0
7061	2
7062	1
7063	1
7064	1
7065	1
7066	0
7067	2
7068	1
7069	0
7070	1
7071	0
7072	0
7073	0
7074	2
7075	2
7076	0
7077	0
7078	0
7079	0
7080	0
7081	0
7082	0
7083	1
7084	0
7085	1
7086	0
7087	0
7088	0
7089	2
7090	1
7091	0
7092	1
7093	0
7094	0
7095	1
7096	2
7097	1
7098	1
7099	1
7100	1
7101	0
7102	0
7103	0
7104	0
7105	0
7106	0
7107	1
7108	0
7109	0
7110	2
7111	0
7112	0
7113	1
7114	0
7115	0
7116	1
7117	0
7118	1
7119	0
7120	0
7121	0
7122	0
7123	0
7124	0
7125	0
7126	0
7127	1
7128	0
7129	1
7130	1
7131	0
7132	1
7133	0
7134	0
7135	0
7136	0
7137	0
7138	0
7139	0
7140	0
7141	0
7142	0
7143	0
7144	1
7145	1
7146	0
7147	0
7148	0
7149	0
7150	0
7151	1
7152	2
7153	0
7154	1
7155	0
7156	0
7157	2
7158	1
7159	0
7160	0
7161	0
7162	2
7163	1
7164	0
7165	0
7166	0
7167	1
7168	0
7169	0
7170	0
7171	1
7172	0
7173	0
7174	0
7175	0
7176	1
7177	1
7178	0
7179	0
7180	0
7181	1
7182	1
7183	0
7184	0
7185	3
7186	0
7187	0
7188	1
7189	0
7190	0
7191	0
7192	0
7193	3
7194	1
7195	0
7196	0
7197	2
7198	1
7199	2
7200	1
7201	0
7202	0
7203	0
7204	0
7205	0
7206	0
7207	0
7208	0
7209	0
7210	1
7211	1
7212	1
7213	0
7214	1
7215	0
7216	1
7217	1
7218	1
7219	0
7220	1
7221	0
7222	0
7223	0
7224	0
7225	0
7226	0
7227	0
7228	0
7229	0
7230	0
7231	0
7232	0
7233	0
7234	0
7235	2
7236	0
7237	0
7238	0
7239	2
7240	1
7241	1
7242	0
7243	1
7244	0
7245	0
7246	2
7247	1
7248	0
7249	0
7250	2
7251	0
7252	1
7253	0
7254	1
7255	0
7256	1
7257	1
7258	0
7259	0
7260	0
7261	0
7262	0
7263	1
7264	0
7265	2
7266	0
7267	1
7268	0
7269	0
7270	0
7271	1
7272	0
7273	0
7274	1
7275	0
7276	1
7277	0
7278	0
7279	2
7280	0
7281	2
7282	0
7283	1
7284	1
7285	0
7286	0
7287	0
7288	0
7289	1
7290	0
7291	2
7292	0
7293	1
7294	0
7295	1
7296	1
7297	0
7298	0
7299	1
7300	0
7301	0
7302	1
7303	1
7304	1
7305	0
7306	0
7307	0
7308	0
7309	0
7310	0
7311	0
7312	1
7313	1
7314	1
7315	0
7316	0
7317	0
7318	2
7319	3
7320	0
7321	2
7322	0
7323	2
7324	1
7325	1
7326	0
7327	1
7328	1
7329	1
7330	1
7331	0
7332	0
7333	0
7334	0
7335	2
7336	1
7337	0
7338	0
7339	1
7340	0
7341	1
7342	3
7343	1
7344	0
7345	0
7346	0
7347	0
7348	0
7349	0
7350	0
7351	0
7352	1
7353	1
7354	2
7355	1
7356	0
7357	0
7358	1
7359	0
7360	0
7361	0
7362	0
7363	0
7364	1
7365	0
7366	0
7367	0
7368	1
7369	0
7370	0
7371	0
7372	0
7373	2
7374	0
7375	2
7376	1
7377	0
7378	0
7379	1
7380	0
7381	0
7382	0
7383	0
7384	1
7385	0
7386	1
7387	0
7388	1
7389	0
7390	0
7391	0
7392	0
7393	0
7394	1
7395	0
7396	0
7397	0
7398	0
7399	0
7400	0
7401	1
7402	0
7403	1
7404	0
7405	0
7406	2
7407	0
7408	1
7409	0
7410	0
7411	0
7412	0
7413	0
7414	0
7415	0
7416	1
7417	0
7418	1
7419	1
7420	2
7421	1
7422	0
7423	0
7424	0
7425	0
7426	0
7427	1
7428	1
7429	0
7430	0
7431	0
7432	0
7433	0
7434	0
7435	0
7436	0
7437	0
7438	0
7439	1
7440	1
7441	0
7442	1
7443	0
7444	0
7445	0
7446	1
7447	0
7448	0
7449	0
7450	0
7451	0
7452	1
7453	0
7454	1
7455	1
7456	0
7457	0
7458	1
7459	1
7460	1
7461	0
7462	0
7463	1
7464	0
7465	0
7466	0
7467	0
7468	0
7469	1
7470	0
7471	0
7472	0
7473	1
7474	0
7475	0
7476	0
7477	0
7478	0
7479	0
7480	0
7481	0
7482	0
7483	0
7484	0
7485	0
7486	0
7487	0
7488	0
7489	1
7490	0
7491	1
7492	1
7493	0
7494	1
7495	1
7496	0
7497	1
7498	0
7499	0
7500	0
7501	0
7502	0
7503	0
7504	1
7505	0
7506	0
7507	0
7508	0
7509	0
7510	0
7511	0
7512	0
7513	0
7514	0
7515	0
7516	0
7517	0
7518	0
7519	0
7520	0
7521	0
7522	0
7523	0
7524	1
7525	0
7526	0
7527	0
7528	0
7529	0
7530	0
7531	0
7532	0
7533	0
7534	0
7535	1
7536	0
7537	0
7538	0
7539	0
7540	0
7541	0
7542	1
7543	0
7544	0
7545	0
7546	0
7547	0
7548	0
7549	0
7550	0
7551	0
7552	0
7553	0
7554	1
7555	0
7556	0
7557	0
7558	0
7559	1
7560	2
7561	0
7562	0
7563	0
7564	0
7565	0
7566	1
7567	0
7568	0
7569	1
7570	0
7571	0
7572	0
7573	0
7574	0
7575	1
7576	0
7577	1
7578	0
7579	1
7580	0
7581	0
7582	0
7583	0
7584	1
7585	0
7586	0
7587	1
7588	0
7589	0
7590	0
7591	0
7592	0
7593	0
7594	1
7595	0
7596	0
7597	0
7598	1
7599	0
7600	0
7601	0
7602	0
7603	0
7604	0
7605	0
7606	0
7607	0
7608	0
7609	0
7610	1
7611	0
7612	0
7613	0
7614	2
7615	0
7616	0
7617	0
7618	0
7619	0
7620	0
7621	0
7622	1
7623	0
7624	0
7625	0
7626	2
7627	0
7628	0
7629	1
7630	0
7631	0
7632	1
7633	0
7634	1
7635	0
7636	1
7637	1
7638	0
7639	0
7640	0
7641	0
7642	0
7643	1
7644	0
7645	0
7646	0
7647	0
7648	0
7649	0
7650	0
7651	2
7652	0
7653	1
7654	0
7655	0
7656	0
7657	0
7658	1
7659	0
7660	0
7661	0
7662	0
7663	1
7664	0
7665	0
7666	1
7667	1
7668	0
7669	0
7670	0
7671	0
7672	0
7673	0
7674	0
7675	0
7676	1
7677	0
7678	0
7679	0
7680	1
7681	0
7682	0
7683	0
7684	0
7685	0
7686	1
7687	1
7688	1
7689	0
7690	0
7691	0
7692	1
7693	0
7694	0
7695	1
7696	0
7697	0
7698	0
7699	0
7700	0
7701	0
7702	0
7703	0
7704	1
7705	0
7706	0
7707	0
7708	0
7709	2
7710	0
7711	0
7712	0
7713	0
7714	1
7715	0
7716	0
7717	0
7718	0
7719	1
7720	0
7721	1
7722	0
7723	0
7724	0
7725	0
7726	0
7727	0
7728	0
7729	0
7730	1
7731	0
7732	0
7733	0
7734	0
7735	0
7736	0
7737	0
7738	0
7739	0
7740	0
7741	0
7742	1
7743	0
7744	0
7745	0
7746	0
7747	0
7748	0
7749	0
7750	1
7751	0
7752	0
7753	0
7754	1
7755	0
7756	0
7757	0
7758	2
7759	0
7760	0
7761	0
7762	0
7763	0
7764	0
7765	0
7766	0
7767	0
7768	0
7769	0
7770	0
7771	1
7772	0
7773	0
7774	1
7775	0
7776	1
7777	1
7778	0
7779	1
7780	0
7781	0
7782	0
7783	0
7784	0
7785	0
7786	0
7787	0
7788	0
7789	0
7790	0
7791	0
7792	0
7793	0
7794	0
7795	0
7796	1
7797	0
7798	0
7799	0
7800	1
7801	1
7802	0
7803	0
7804	0
7805	0
7806	0
7807	0
7808	1
7809	0
7810	0
7811	0
7812	0
7813	0
7814	0
7815	3
7816	0
7817	0
7818	0
7819	0
7820	0
7821	0
7822	0
7823	0
7824	0
7825	0
7826	0
7827	0
7828	0
7829	0
7830	0
7831	0
7832	0
7833	0
7834	0
7835	0
7836	1
7837	0
7838	0
7839	0
7840	0
7841	1
7842	2
7843	0
7844	0
7845	0
7846	0
7847	0
7848	0
7849	0
7850	0
7851	0
7852	0
7853	0
7854	0
7855	0
7856	0
7857	0
7858	1
7859	0
7860	0
7861	0
7862	0
7863	0
7864	1
7865	1
7866	1
7867	1
7868	0
7869	0
7870	0
7871	1
7872	0
7873	0
7874	0
7875	0
7876	0
7877	0
7878	0
7879	1
7880	1
7881	0
7882	0
7883	0
7884	0
7885	0
7886	0
7887	0
7888	0
7889	0
7890	0
7891	0
7892	0
7893	0
7894	0
7895	1
7896	0
7897	0
7898	0
7899	1
7900	1
7901	1
7902	0
7903	0
7904	0
7905	0
7906	0
7907	0
7908	0
7909	0
7910	1
7911	0
7912	0
7913	0
7914	0
7915	0
7916	0
7917	0
7918	0
7919	0
7920	0
7921	0
7922	0
7923	0
7924	0
7925	0
7926	0
7927	0
7928	0
7929	0
7930	0
7931	0
7932	0
7933	0
7934	0
7935	0
7936	0
7937	0
7938	0
7939	0
7940	0
7941	0
7942	0
7943	0
7944	0
7945	0
7946	0
7947	0
7948	0
7949	0
7950	0
7951	0
7952	0
7953	0
7954	0
7955	0
7956	0
7957	0
7958	0
7959	0
7960	0
7961	0
7962	0
7963	0
7964	0
7965	0
7966	0
7967	0
7968	0
7969	0
7970	0
7971	0
7972	0
7973	0
7974	0
7975	0
7976	0
7977	0
7978	0
7979	0
7980	0
7981	0
7982	0
7983	0
7984	0
7985	0
7986	0
7987	0
7988	0
7989	0
7990	0
7991	0
7992	0
7993	0
7994	0
7995	0
7996	0
7997	0
7998	0
7999	0
8000	0
8001	0
8002	0
8003	0
8004	0
8005	0
8006	0
8007	0
8008	0
8009	0
8010	0
8011	0
8012	0
8013	0
8014	0
8015	0
8016	0
8017	0
8018	0
8019	0
8020	0
8021	0
8022	0
8023	0
8024	0
8025	0
8026	0
8027	0
8028	0
8029	0
8030	0
8031	0
8032	0
8033	0
8034	0
8035	0
8036	0
8037	0
8038	0
8039	0
8040	0
8041	0
8042	0
8043	0
8044	0
8045	0
8046	0
8047	0
8048	0
8049	0
8050	0
8051	0
8052	0
8053	0
8054	0
8055	0
8056	0
8057	0
8058	0
8059	0
8060	0
8061	0
8062	0
8063	0
8064	0
8065	0
8066	0
8067	0
8068	0
8069	0
8070	0
8071	0
8072	0
8073	0
8074	0
8075	0
8076	0
8077	0
8078	0
8079	0
8080	0
8081	0
8082	0
8083	0
8084	0
8085	0
8086	0
8087	0
8088	0
8089	0
8090	0
8091	0
8092	0
8093	0
8094	0
8095	0
8096	0
8097	0
8098	0
8099	0
8100	0
8101	0
8102	0
8103	0
8104	0
8105	0
8106	0
8107	0
8108	0
8109	0
8110	0
8111	0
8112	0
8113	0
8114	0
8115	0
8116	0
8117	0
8118	0
8119	0
8120	0
8121	0
8122	0
8123	0
8124	0
8125	0
8126	0
8127	0
8128	0
8129	0
8130	0
8131	0
8132	0
8133	0
8134	0
8135	0
8136	0
8137	0
8138	0
8139	0
8140	0
8141	0
8142	0
8143	0
8144	0
8145	0
8146	0
8147	0
8148	0
8149	0
8150	0
8151	0
8152	0
8153	0
8154	0
8155	0
8156	0
8157	0
8158	0
8159	0
8160	0
8161	0
8162	0
8163	0
8164	0
8165	0
8166	0
8167	0
8168	0
8169	0
8170	0
8171	0
8172	0
8173	0
8174	0
8175	0
8176	0
8177	0
8178	0
8179	0
8180	0
8181	0
8182	0
8183	0
8184	0
8185	0
8186	0
8187	0
8188	0
8189	0
8190	0
8191	0
