0	0
1	0
2	0
3	0
4	0
5	0
6	0
7	0
8	0
9	0
10	0
11	0
12	0
13	0
14	0
15	0
16	0
17	0
18	0
19	0
20	0
21	0
22	0
23	0
24	0
25	0
26	0
27	0
28	0
29	0
30	0
31	0
32	0
33	0
34	0
35	0
36	0
37	0
38	0
39	0
40	0
41	0
42	0
43	0
44	0
45	0
46	0
47	0
48	0
49	0
50	0
51	0
52	0
53	0
54	0
55	0
56	0
57	0
58	0
59	0
60	0
61	0
62	0
63	0
64	0
65	0
66	0
67	0
68	0
69	0
70	0
71	0
72	0
73	0
74	0
75	0
76	0
77	0
78	0
79	0
80	0
81	0
82	1
83	6
84	28
85	26
86	31
87	37
88	22
89	31
90	30
91	28
92	30
93	31
94	25
95	36
96	26
97	26
98	27
99	26
100	29
101	33
102	21
103	27
104	19
105	22
106	23
107	24
108	35
109	25
110	27
111	26
112	32
113	20
114	33
115	36
116	19
117	28
118	23
119	26
120	22
121	26
122	32
123	26
124	28
125	31
126	35
127	34
128	41
129	27
130	29
131	31
132	30
133	24
134	28
135	41
136	33
137	33
138	22
139	35
140	32
141	36
142	29
143	25
144	26
145	28
146	24
147	38
148	29
149	23
150	31
151	24
152	27
153	34
154	31
155	35
156	29
157	29
158	21
159	35
160	26
161	19
162	30
163	35
164	41
165	25
166	22
167	33
168	28
169	25
170	35
171	32
172	22
173	40
174	27
175	29
176	31
177	26
178	33
179	24
180	24
181	42
182	34
183	32
184	29
185	25
186	33
187	31
188	24
189	30
190	30
191	28
192	28
193	20
194	22
195	26
196	34
197	19
198	24
199	28
200	33
201	33
202	22
203	29
204	28
205	30
206	24
207	32
208	33
209	26
210	37
211	31
212	37
213	28
214	20
215	36
216	35
217	25
218	27
219	41
220	34
221	29
222	31
223	37
224	29
225	37
226	23
227	27
228	29
229	34
230	27
231	31
232	37
233	26
234	36
235	40
236	27
237	29
238	39
239	33
240	24
241	20
242	35
243	24
244	27
245	36
246	29
247	30
248	32
249	31
250	38
251	31
252	31
253	31
254	33
255	40
256	34
257	29
258	37
259	26
260	29
261	35
262	45
263	24
264	24
265	32
266	31
267	37
268	44
269	27
270	34
271	32
272	30
273	32
274	32
275	26
276	23
277	39
278	33
279	28
280	38
281	37
282	38
283	28
284	39
285	27
286	37
287	35
288	37
289	28
290	34
291	27
292	34
293	31
294	32
295	29
296	33
297	29
298	36
299	23
300	35
301	25
302	35
303	41
304	26
305	32
306	31
307	37
308	33
309	26
310	24
311	35
312	29
313	37
314	27
315	36
316	36
317	30
318	32
319	36
320	30
321	39
322	37
323	30
324	29
325	34
326	35
327	28
328	34
329	29
330	29
331	23
332	41
333	34
334	33
335	37
336	37
337	26
338	34
339	41
340	46
341	42
342	25
343	30
344	31
345	19
346	28
347	46
348	39
349	30
350	37
351	30
352	38
353	34
354	38
355	37
356	36
357	22
358	31
359	36
360	37
361	36
362	30
363	29
364	34
365	33
366	31
367	30
368	31
369	31
370	36
371	40
372	30
373	31
374	33
375	32
376	37
377	34
378	36
379	38
380	37
381	25
382	31
383	31
384	26
385	30
386	24
387	22
388	39
389	38
390	32
391	40
392	39
393	39
394	30
395	32
396	28
397	33
398	41
399	36
400	44
401	24
402	28
403	32
404	33
405	34
406	37
407	35
408	32
409	26
410	32
411	29
412	31
413	31
414	35
415	24
416	37
417	35
418	36
419	42
420	36
421	37
422	34
423	42
424	28
425	31
426	39
427	38
428	31
429	36
430	32
431	33
432	28
433	37
434	30
435	29
436	29
437	39
438	27
439	37
440	44
441	28
442	36
443	33
444	51
445	35
446	26
447	33
448	34
449	37
450	32
451	36
452	38
453	38
454	49
455	47
456	35
457	42
458	31
459	50
460	41
461	38
462	38
463	38
464	41
465	42
466	46
467	35
468	45
469	35
470	36
471	43
472	51
473	51
474	53
475	35
476	47
477	48
478	48
479	51
480	36
481	52
482	49
483	55
484	50
485	43
486	37
487	50
488	50
489	61
490	53
491	52
492	61
493	54
494	46
495	51
496	59
497	41
498	61
499	52
500	59
501	42
502	55
503	58
504	52
505	64
506	53
507	58
508	56
509	58
510	64
511	48
512	70
513	74
514	61
515	52
516	56
517	52
518	47
519	62
520	50
521	52
522	57
523	55
524	42
525	50
526	50
527	50
528	47
529	54
530	48
531	46
532	63
533	64
534	42
535	47
536	59
537	45
538	52
539	42
540	56
541	48
542	52
543	56
544	64
545	54
546	50
547	45
548	52
549	48
550	52
551	48
552	53
553	64
554	47
555	40
556	48
557	48
558	37
559	39
560	46
561	48
562	43
563	48
564	49
565	60
566	59
567	50
568	42
569	48
570	48
571	49
572	44
573	51
574	43
575	47
576	39
577	50
578	43
579	36
580	50
581	43
582	38
583	43
584	40
585	47
586	52
587	43
588	33
589	46
590	46
591	54
592	39
593	39
594	40
595	34
596	30
597	45
598	49
599	42
600	61
601	39
602	42
603	47
604	45
605	40
606	45
607	42
608	37
609	47
610	38
611	35
612	42
613	40
614	44
615	39
616	35
617	40
618	45
619	46
620	31
621	37
622	47
623	39
624	41
625	52
626	34
627	34
628	34
629	32
630	50
631	43
632	41
633	34
634	34
635	36
636	35
637	49
638	48
639	49
640	37
641	48
642	46
643	38
644	44
645	45
646	44
647	44
648	41
649	33
650	39
651	38
652	41
653	40
654	47
655	35
656	53
657	47
658	34
659	33
660	47
661	33
662	41
663	43
664	39
665	53
666	52
667	36
668	39
669	39
670	29
671	35
672	38
673	47
674	44
675	39
676	41
677	28
678	37
679	41
680	43
681	40
682	31
683	37
684	36
685	40
686	43
687	61
688	37
689	49
690	32
691	35
692	38
693	31
694	42
695	37
696	43
697	39
698	31
699	44
700	45
701	45
702	45
703	45
704	41
705	39
706	38
707	43
708	49
709	43
710	40
711	50
712	45
713	51
714	46
715	47
716	37
717	50
718	45
719	50
720	58
721	27
722	39
723	46
724	53
725	45
726	44
727	56
728	43
729	36
730	54
731	47
732	48
733	47
734	48
735	49
736	54
737	40
738	37
739	52
740	45
741	48
742	38
743	39
744	41
745	48
746	49
747	47
748	40
749	45
750	46
751	54
752	39
753	56
754	48
755	54
756	41
757	38
758	42
759	38
760	50
761	56
762	55
763	44
764	52
765	50
766	56
767	37
768	43
769	40
770	49
771	50
772	49
773	36
774	48
775	43
776	46
777	48
778	30
779	56
780	49
781	56
782	53
783	49
784	39
785	52
786	55
787	44
788	50
789	48
790	51
791	41
792	52
793	46
794	58
795	58
796	53
797	47
798	49
799	45
800	55
801	38
802	47
803	44
804	44
805	47
806	65
807	52
808	58
809	51
810	54
811	56
812	51
813	49
814	50
815	48
816	57
817	37
818	48
819	47
820	67
821	48
822	49
823	48
824	49
825	58
826	52
827	58
828	34
829	58
830	61
831	56
832	51
833	68
834	65
835	67
836	53
837	58
838	39
839	47
840	47
841	44
842	57
843	48
844	46
845	56
846	66
847	62
848	55
849	51
850	53
851	54
852	48
853	46
854	40
855	47
856	46
857	46
858	58
859	51
860	56
861	42
862	60
863	55
864	54
865	52
866	47
867	51
868	62
869	45
870	49
871	44
872	52
873	61
874	52
875	51
876	54
877	55
878	49
879	48
880	48
881	50
882	41
883	47
884	48
885	52
886	59
887	50
888	52
889	48
890	46
891	57
892	59
893	53
894	55
895	52
896	70
897	46
898	51
899	48
900	61
901	47
902	45
903	55
904	38
905	63
906	50
907	48
908	56
909	65
910	53
911	63
912	48
913	58
914	62
915	46
916	66
917	49
918	68
919	57
920	70
921	41
922	59
923	65
924	50
925	54
926	54
927	56
928	48
929	48
930	67
931	43
932	55
933	61
934	60
935	56
936	56
937	55
938	45
939	52
940	53
941	59
942	43
943	58
944	45
945	44
946	62
947	44
948	58
949	54
950	44
951	62
952	56
953	53
954	52
955	53
956	55
957	48
958	46
959	59
960	55
961	47
962	49
963	48
964	52
965	62
966	51
967	48
968	50
969	48
970	70
971	49
972	55
973	60
974	46
975	62
976	60
977	53
978	56
979	46
980	69
981	56
982	50
983	65
984	56
985	49
986	64
987	53
988	46
989	44
990	65
991	46
992	53
993	65
994	65
995	61
996	59
997	52
998	62
999	65
1000	42
1001	59
1002	74
1003	50
1004	58
1005	59
1006	53
1007	48
1008	58
1009	54
1010	48
1011	74
1012	54
1013	49
1014	74
1015	68
1016	51
1017	48
1018	45
1019	54
1020	52
1021	57
1022	60
1023	57
1024	64
1025	74
1026	63
1027	54
1028	44
1029	55
1030	66
1031	59
1032	48
1033	64
1034	54
1035	52
1036	55
1037	50
1038	60
1039	61
1040	63
1041	49
1042	44
1043	55
1044	67
1045	61
1046	53
1047	50
1048	58
1049	64
1050	52
1051	50
1052	67
1053	59
1054	41
1055	44
1056	63
1057	64
1058	51
1059	45
1060	72
1061	63
1062	48
1063	47
1064	63
1065	64
1066	67
1067	49
1068	67
1069	69
1070	58
1071	50
1072	55
1073	60
1074	59
1075	53
1076	63
1077	55
1078	63
1079	60
1080	54
1081	63
1082	68
1083	64
1084	74
1085	77
1086	56
1087	58
1088	67
1089	61
1090	62
1091	59
1092	52
1093	63
1094	43
1095	58
1096	41
1097	57
1098	53
1099	65
1100	58
1101	77
1102	54
1103	71
1104	52
1105	57
1106	63
1107	59
1108	59
1109	52
1110	58
1111	61
1112	56
1113	50
1114	52
1115	55
1116	71
1117	59
1118	57
1119	54
1120	67
1121	57
1122	53
1123	58
1124	69
1125	56
1126	51
1127	71
1128	66
1129	74
1130	64
1131	63
1132	63
1133	67
1134	73
1135	57
1136	59
1137	52
1138	65
1139	65
1140	64
1141	57
1142	71
1143	57
1144	55
1145	61
1146	69
1147	52
1148	69
1149	60
1150	65
1151	61
1152	75
1153	64
1154	55
1155	49
1156	62
1157	57
1158	56
1159	79
1160	66
1161	59
1162	64
1163	68
1164	68
1165	67
1166	62
1167	72
1168	68
1169	60
1170	61
1171	71
1172	59
1173	89
1174	56
1175	61
1176	56
1177	77
1178	63
1179	69
1180	61
1181	57
1182	59
1183	62
1184	70
1185	67
1186	57
1187	73
1188	60
1189	55
1190	66
1191	59
1192	57
1193	71
1194	71
1195	77
1196	61
1197	70
1198	66
1199	75
1200	74
1201	61
1202	52
1203	73
1204	67
1205	55
1206	73
1207	57
1208	55
1209	64
1210	80
1211	68
1212	55
1213	61
1214	69
1215	72
1216	67
1217	59
1218	60
1219	55
1220	83
1221	65
1222	77
1223	68
1224	73
1225	61
1226	49
1227	65
1228	58
1229	59
1230	65
1231	80
1232	67
1233	75
1234	73
1235	61
1236	64
1237	80
1238	52
1239	73
1240	67
1241	65
1242	64
1243	70
1244	56
1245	56
1246	61
1247	79
1248	75
1249	67
1250	68
1251	76
1252	72
1253	61
1254	52
1255	64
1256	45
1257	65
1258	64
1259	79
1260	66
1261	76
1262	75
1263	68
1264	66
1265	49
1266	60
1267	68
1268	61
1269	61
1270	62
1271	58
1272	74
1273	64
1274	74
1275	66
1276	68
1277	72
1278	70
1279	69
1280	73
1281	53
1282	67
1283	73
1284	64
1285	60
1286	72
1287	72
1288	57
1289	73
1290	71
1291	62
1292	82
1293	66
1294	64
1295	65
1296	66
1297	74
1298	57
1299	75
1300	76
1301	67
1302	71
1303	82
1304	79
1305	67
1306	60
1307	74
1308	78
1309	71
1310	73
1311	62
1312	56
1313	55
1314	65
1315	67
1316	61
1317	57
1318	62
1319	73
1320	62
1321	61
1322	76
1323	69
1324	59
1325	58
1326	56
1327	74
1328	77
1329	74
1330	72
1331	80
1332	63
1333	59
1334	84
1335	72
1336	69
1337	80
1338	73
1339	73
1340	89
1341	76
1342	73
1343	71
1344	71
1345	75
1346	83
1347	61
1348	79
1349	64
1350	77
1351	81
1352	74
1353	70
1354	86
1355	85
1356	70
1357	64
1358	86
1359	73
1360	67
1361	93
1362	80
1363	79
1364	85
1365	81
1366	95
1367	77
1368	86
1369	84
1370	87
1371	65
1372	88
1373	85
1374	100
1375	81
1376	73
1377	84
1378	92
1379	89
1380	85
1381	87
1382	68
1383	61
1384	77
1385	73
1386	93
1387	76
1388	86
1389	85
1390	76
1391	91
1392	99
1393	81
1394	78
1395	101
1396	82
1397	84
1398	95
1399	75
1400	114
1401	99
1402	72
1403	90
1404	84
1405	82
1406	89
1407	79
1408	96
1409	87
1410	91
1411	83
1412	89
1413	81
1414	101
1415	86
1416	92
1417	87
1418	92
1419	92
1420	87
1421	89
1422	107
1423	87
1424	89
1425	96
1426	74
1427	91
1428	101
1429	93
1430	81
1431	88
1432	81
1433	83
1434	90
1435	108
1436	82
1437	81
1438	88
1439	96
1440	89
1441	90
1442	95
1443	91
1444	110
1445	86
1446	77
1447	83
1448	101
1449	80
1450	88
1451	90
1452	104
1453	98
1454	98
1455	85
1456	81
1457	79
1458	88
1459	89
1460	85
1461	98
1462	85
1463	94
1464	85
1465	91
1466	77
1467	93
1468	101
1469	98
1470	90
1471	104
1472	97
1473	91
1474	99
1475	88
1476	88
1477	91
1478	87
1479	100
1480	75
1481	81
1482	82
1483	71
1484	93
1485	93
1486	83
1487	78
1488	78
1489	99
1490	87
1491	82
1492	78
1493	86
1494	76
1495	87
1496	84
1497	82
1498	86
1499	77
1500	63
1501	75
1502	74
1503	82
1504	74
1505	89
1506	75
1507	64
1508	93
1509	85
1510	92
1511	81
1512	74
1513	77
1514	70
1515	79
1516	90
1517	75
1518	77
1519	78
1520	90
1521	86
1522	68
1523	94
1524	84
1525	84
1526	71
1527	60
1528	76
1529	75
1530	59
1531	92
1532	80
1533	76
1534	62
1535	60
1536	67
1537	80
1538	75
1539	76
1540	70
1541	61
1542	70
1543	59
1544	66
1545	67
1546	76
1547	74
1548	65
1549	76
1550	83
1551	74
1552	63
1553	53
1554	70
1555	58
1556	77
1557	68
1558	80
1559	64
1560	62
1561	66
1562	67
1563	89
1564	57
1565	84
1566	59
1567	68
1568	56
1569	67
1570	60
1571	58
1572	65
1573	64
1574	61
1575	61
1576	64
1577	64
1578	62
1579	60
1580	64
1581	60
1582	77
1583	53
1584	67
1585	73
1586	55
1587	67
1588	53
1589	59
1590	60
1591	56
1592	69
1593	56
1594	52
1595	54
1596	49
1597	60
1598	51
1599	65
1600	46
1601	65
1602	60
1603	67
1604	48
1605	63
1606	58
1607	59
1608	57
1609	47
1610	45
1611	52
1612	59
1613	48
1614	77
1615	56
1616	52
1617	62
1618	50
1619	60
1620	54
1621	69
1622	48
1623	46
1624	48
1625	60
1626	59
1627	48
1628	55
1629	63
1630	53
1631	48
1632	46
1633	56
1634	52
1635	66
1636	47
1637	59
1638	34
1639	42
1640	53
1641	61
1642	45
1643	40
1644	54
1645	63
1646	51
1647	41
1648	42
1649	36
1650	66
1651	61
1652	39
1653	47
1654	45
1655	40
1656	54
1657	57
1658	53
1659	55
1660	53
1661	41
1662	55
1663	46
1664	51
1665	42
1666	35
1667	46
1668	53
1669	49
1670	45
1671	45
1672	50
1673	52
1674	51
1675	62
1676	69
1677	50
1678	56
1679	46
1680	47
1681	50
1682	38
1683	39
1684	33
1685	50
1686	38
1687	48
1688	38
1689	40
1690	56
1691	38
1692	37
1693	52
1694	38
1695	57
1696	36
1697	39
1698	46
1699	41
1700	41
1701	38
1702	44
1703	39
1704	53
1705	34
1706	57
1707	45
1708	41
1709	46
1710	42
1711	53
1712	51
1713	53
1714	47
1715	60
1716	45
1717	50
1718	58
1719	56
1720	37
1721	41
1722	59
1723	50
1724	42
1725	51
1726	40
1727	55
1728	45
1729	49
1730	49
1731	38
1732	44
1733	65
1734	44
1735	56
1736	42
1737	60
1738	53
1739	47
1740	39
1741	57
1742	63
1743	57
1744	46
1745	52
1746	39
1747	43
1748	42
1749	40
1750	35
1751	36
1752	47
1753	54
1754	36
1755	42
1756	48
1757	39
1758	41
1759	44
1760	49
1761	47
1762	52
1763	47
1764	49
1765	54
1766	47
1767	43
1768	60
1769	47
1770	43
1771	47
1772	40
1773	59
1774	50
1775	45
1776	41
1777	44
1778	39
1779	38
1780	46
1781	49
1782	46
1783	47
1784	43
1785	46
1786	46
1787	46
1788	53
1789	50
1790	45
1791	35
1792	48
1793	49
1794	36
1795	51
1796	32
1797	38
1798	46
1799	41
1800	44
1801	25
1802	53
1803	47
1804	49
1805	41
1806	40
1807	37
1808	35
1809	49
1810	44
1811	42
1812	36
1813	54
1814	37
1815	40
1816	34
1817	42
1818	40
1819	41
1820	52
1821	39
1822	41
1823	53
1824	46
1825	57
1826	44
1827	31
1828	48
1829	44
1830	43
1831	47
1832	46
1833	46
1834	49
1835	46
1836	50
1837	40
1838	42
1839	35
1840	47
1841	49
1842	48
1843	54
1844	47
1845	46
1846	47
1847	48
1848	43
1849	44
1850	41
1851	36
1852	44
1853	48
1854	33
1855	51
1856	37
1857	38
1858	48
1859	47
1860	44
1861	51
1862	47
1863	50
1864	39
1865	41
1866	43
1867	37
1868	37
1869	30
1870	41
1871	33
1872	45
1873	51
1874	40
1875	45
1876	40
1877	47
1878	46
1879	47
1880	40
1881	40
1882	38
1883	34
1884	45
1885	53
1886	43
1887	48
1888	36
1889	37
1890	47
1891	43
1892	43
1893	35
1894	35
1895	42
1896	44
1897	49
1898	38
1899	46
1900	57
1901	35
1902	39
1903	46
1904	44
1905	39
1906	35
1907	57
1908	32
1909	37
1910	45
1911	48
1912	43
1913	37
1914	43
1915	48
1916	49
1917	41
1918	38
1919	34
1920	36
1921	36
1922	47
1923	47
1924	49
1925	28
1926	42
1927	38
1928	46
1929	39
1930	26
1931	39
1932	44
1933	41
1934	41
1935	40
1936	42
1937	46
1938	39
1939	31
1940	37
1941	57
1942	50
1943	51
1944	58
1945	46
1946	44
1947	38
1948	56
1949	47
1950	47
1951	54
1952	51
1953	41
1954	49
1955	33
1956	44
1957	34
1958	32
1959	39
1960	52
1961	31
1962	49
1963	41
1964	34
1965	40
1966	34
1967	40
1968	48
1969	40
1970	37
1971	31
1972	43
1973	42
1974	44
1975	44
1976	44
1977	38
1978	40
1979	41
1980	38
1981	45
1982	38
1983	45
1984	41
1985	41
1986	41
1987	40
1988	44
1989	45
1990	40
1991	34
1992	27
1993	37
1994	38
1995	39
1996	47
1997	47
1998	35
1999	33
2000	38
2001	46
2002	49
2003	42
2004	41
2005	47
2006	35
2007	40
2008	45
2009	35
2010	30
2011	40
2012	40
2013	48
2014	34
2015	33
2016	50
2017	38
2018	24
2019	44
2020	42
2021	42
2022	49
2023	34
2024	40
2025	33
2026	39
2027	45
2028	41
2029	38
2030	37
2031	48
2032	44
2033	45
2034	38
2035	37
2036	33
2037	27
2038	47
2039	41
2040	30
2041	30
2042	37
2043	46
2044	40
2045	50
2046	41
2047	36
2048	39
2049	51
2050	32
2051	39
2052	57
2053	49
2054	34
2055	45
2056	30
2057	32
2058	39
2059	40
2060	33
2061	44
2062	46
2063	42
2064	48
2065	50
2066	35
2067	35
2068	34
2069	55
2070	43
2071	45
2072	38
2073	27
2074	34
2075	50
2076	38
2077	49
2078	38
2079	42
2080	32
2081	42
2082	37
2083	38
2084	49
2085	48
2086	34
2087	38
2088	48
2089	43
2090	48
2091	35
2092	33
2093	34
2094	39
2095	40
2096	51
2097	49
2098	37
2099	36
2100	51
2101	40
2102	31
2103	39
2104	41
2105	44
2106	31
2107	42
2108	42
2109	39
2110	43
2111	35
2112	44
2113	41
2114	43
2115	35
2116	39
2117	33
2118	32
2119	35
2120	45
2121	53
2122	40
2123	44
2124	46
2125	45
2126	40
2127	43
2128	51
2129	40
2130	39
2131	46
2132	47
2133	35
2134	31
2135	35
2136	49
2137	34
2138	38
2139	44
2140	48
2141	41
2142	37
2143	46
2144	51
2145	36
2146	36
2147	50
2148	30
2149	30
2150	44
2151	34
2152	47
2153	36
2154	43
2155	46
2156	40
2157	29
2158	38
2159	51
2160	52
2161	28
2162	39
2163	40
2164	39
2165	46
2166	43
2167	36
2168	38
2169	37
2170	50
2171	37
2172	42
2173	45
2174	46
2175	48
2176	45
2177	33
2178	41
2179	44
2180	48
2181	40
2182	38
2183	38
2184	44
2185	43
2186	32
2187	50
2188	39
2189	32
2190	31
2191	43
2192	41
2193	29
2194	42
2195	43
2196	46
2197	51
2198	31
2199	27
2200	59
2201	41
2202	45
2203	39
2204	35
2205	51
2206	40
2207	39
2208	47
2209	48
2210	45
2211	36
2212	44
2213	30
2214	26
2215	32
2216	50
2217	42
2218	39
2219	39
2220	33
2221	42
2222	36
2223	48
2224	41
2225	45
2226	34
2227	37
2228	35
2229	36
2230	41
2231	49
2232	37
2233	28
2234	39
2235	38
2236	31
2237	23
2238	42
2239	31
2240	41
2241	52
2242	36
2243	29
2244	33
2245	35
2246	31
2247	36
2248	40
2249	32
2250	39
2251	32
2252	42
2253	30
2254	48
2255	44
2256	38
2257	48
2258	43
2259	46
2260	33
2261	38
2262	32
2263	48
2264	37
2265	38
2266	38
2267	34
2268	45
2269	44
2270	32
2271	31
2272	40
2273	41
2274	42
2275	23
2276	35
2277	41
2278	52
2279	41
2280	43
2281	36
2282	41
2283	39
2284	38
2285	39
2286	27
2287	34
2288	40
2289	31
2290	45
2291	29
2292	35
2293	48
2294	40
2295	51
2296	40
2297	39
2298	37
2299	38
2300	40
2301	51
2302	40
2303	45
2304	38
2305	34
2306	47
2307	33
2308	39
2309	39
2310	40
2311	36
2312	33
2313	27
2314	37
2315	29
2316	29
2317	36
2318	40
2319	43
2320	42
2321	38
2322	27
2323	45
2324	25
2325	49
2326	37
2327	32
2328	39
2329	45
2330	36
2331	49
2332	35
2333	35
2334	35
2335	35
2336	40
2337	42
2338	40
2339	42
2340	30
2341	51
2342	35
2343	40
2344	49
2345	41
2346	32
2347	34
2348	32
2349	37
2350	37
2351	30
2352	41
2353	33
2354	42
2355	33
2356	34
2357	35
2358	28
2359	41
2360	45
2361	46
2362	46
2363	46
2364	39
2365	28
2366	34
2367	40
2368	31
2369	36
2370	32
2371	39
2372	30
2373	28
2374	37
2375	31
2376	35
2377	37
2378	36
2379	35
2380	36
2381	40
2382	35
2383	31
2384	42
2385	38
2386	41
2387	36
2388	33
2389	36
2390	21
2391	37
2392	26
2393	40
2394	39
2395	31
2396	44
2397	36
2398	33
2399	36
2400	37
2401	25
2402	41
2403	28
2404	36
2405	45
2406	34
2407	47
2408	45
2409	39
2410	27
2411	31
2412	46
2413	31
2414	38
2415	31
2416	36
2417	40
2418	49
2419	39
2420	46
2421	33
2422	33
2423	40
2424	38
2425	38
2426	41
2427	32
2428	41
2429	38
2430	39
2431	32
2432	30
2433	39
2434	34
2435	28
2436	39
2437	30
2438	51
2439	32
2440	38
2441	35
2442	31
2443	36
2444	38
2445	47
2446	42
2447	40
2448	36
2449	31
2450	33
2451	35
2452	39
2453	42
2454	45
2455	40
2456	27
2457	44
2458	31
2459	43
2460	45
2461	28
2462	30
2463	27
2464	36
2465	41
2466	35
2467	34
2468	31
2469	37
2470	20
2471	38
2472	32
2473	34
2474	40
2475	47
2476	33
2477	45
2478	40
2479	38
2480	27
2481	29
2482	37
2483	30
2484	42
2485	38
2486	35
2487	34
2488	31
2489	40
2490	32
2491	38
2492	27
2493	50
2494	56
2495	31
2496	34
2497	35
2498	45
2499	29
2500	46
2501	37
2502	36
2503	37
2504	35
2505	43
2506	26
2507	23
2508	45
2509	30
2510	33
2511	35
2512	37
2513	37
2514	34
2515	43
2516	30
2517	28
2518	34
2519	33
2520	40
2521	37
2522	36
2523	40
2524	34
2525	45
2526	42
2527	19
2528	30
2529	35
2530	27
2531	30
2532	43
2533	28
2534	38
2535	38
2536	33
2537	37
2538	38
2539	47
2540	32
2541	38
2542	37
2543	34
2544	43
2545	31
2546	25
2547	36
2548	43
2549	43
2550	39
2551	44
2552	45
2553	45
2554	33
2555	40
2556	30
2557	39
2558	27
2559	33
2560	28
2561	26
2562	34
2563	26
2564	48
2565	33
2566	43
2567	39
2568	40
2569	44
2570	28
2571	37
2572	42
2573	40
2574	37
2575	31
2576	31
2577	44
2578	34
2579	38
2580	26
2581	38
2582	49
2583	29
2584	28
2585	40
2586	42
2587	36
2588	35
2589	42
2590	39
2591	33
2592	34
2593	41
2594	42
2595	40
2596	25
2597	40
2598	31
2599	40
2600	38
2601	34
2602	31
2603	34
2604	43
2605	36
2606	35
2607	42
2608	29
2609	38
2610	27
2611	26
2612	40
2613	36
2614	20
2615	48
2616	38
2617	34
2618	33
2619	42
2620	48
2621	29
2622	36
2623	47
2624	32
2625	37
2626	42
2627	35
2628	31
2629	40
2630	28
2631	43
2632	37
2633	27
2634	32
2635	33
2636	34
2637	27
2638	32
2639	35
2640	35
2641	39
2642	37
2643	33
2644	40
2645	25
2646	37
2647	37
2648	28
2649	27
2650	34
2651	49
2652	35
2653	34
2654	30
2655	29
2656	32
2657	25
2658	20
2659	20
2660	37
2661	38
2662	33
2663	33
2664	37
2665	31
2666	37
2667	33
2668	30
2669	29
2670	25
2671	35
2672	37
2673	41
2674	39
2675	33
2676	49
2677	29
2678	34
2679	28
2680	30
2681	39
2682	22
2683	35
2684	22
2685	38
2686	28
2687	37
2688	28
2689	30
2690	28
2691	24
2692	29
2693	26
2694	35
2695	26
2696	46
2697	34
2698	33
2699	38
2700	37
2701	37
2702	37
2703	40
2704	30
2705	32
2706	38
2707	36
2708	45
2709	33
2710	33
2711	29
2712	39
2713	33
2714	30
2715	38
2716	26
2717	35
2718	46
2719	32
2720	36
2721	26
2722	27
2723	33
2724	26
2725	36
2726	33
2727	25
2728	30
2729	41
2730	44
2731	38
2732	34
2733	26
2734	36
2735	24
2736	33
2737	44
2738	41
2739	34
2740	39
2741	33
2742	33
2743	28
2744	33
2745	32
2746	39
2747	37
2748	35
2749	29
2750	35
2751	42
2752	32
2753	43
2754	34
2755	30
2756	27
2757	26
2758	19
2759	36
2760	35
2761	28
2762	29
2763	36
2764	33
2765	29
2766	37
2767	37
2768	30
2769	33
2770	33
2771	37
2772	27
2773	37
2774	37
2775	36
2776	25
2777	26
2778	20
2779	28
2780	32
2781	41
2782	24
2783	34
2784	32
2785	31
2786	32
2787	38
2788	29
2789	36
2790	41
2791	28
2792	36
2793	25
2794	22
2795	37
2796	47
2797	34
2798	28
2799	31
2800	34
2801	34
2802	36
2803	34
2804	28
2805	40
2806	23
2807	28
2808	31
2809	33
2810	43
2811	24
2812	46
2813	36
2814	35
2815	27
2816	30
2817	32
2818	35
2819	38
2820	33
2821	33
2822	46
2823	34
2824	35
2825	30
2826	37
2827	34
2828	38
2829	36
2830	34
2831	26
2832	43
2833	29
2834	27
2835	28
2836	40
2837	27
2838	32
2839	40
2840	40
2841	33
2842	32
2843	31
2844	31
2845	26
2846	29
2847	31
2848	35
2849	17
2850	38
2851	27
2852	29
2853	28
2854	30
2855	36
2856	30
2857	29
2858	35
2859	29
2860	37
2861	26
2862	31
2863	32
2864	37
2865	36
2866	29
2867	26
2868	31
2869	43
2870	28
2871	30
2872	24
2873	32
2874	26
2875	16
2876	33
2877	38
2878	40
2879	34
2880	27
2881	27
2882	23
2883	36
2884	20
2885	33
2886	23
2887	31
2888	31
2889	23
2890	21
2891	24
2892	30
2893	42
2894	30
2895	28
2896	28
2897	25
2898	29
2899	36
2900	34
2901	37
2902	42
2903	23
2904	23
2905	33
2906	27
2907	34
2908	30
2909	30
2910	18
2911	15
2912	35
2913	37
2914	29
2915	30
2916	27
2917	30
2918	38
2919	28
2920	25
2921	32
2922	22
2923	35
2924	21
2925	36
2926	28
2927	35
2928	34
2929	30
2930	23
2931	25
2932	39
2933	39
2934	39
2935	39
2936	25
2937	23
2938	27
2939	33
2940	30
2941	23
2942	20
2943	33
2944	28
2945	26
2946	25
2947	36
2948	27
2949	22
2950	30
2951	36
2952	25
2953	33
2954	29
2955	34
2956	27
2957	31
2958	31
2959	30
2960	29
2961	30
2962	25
2963	39
2964	33
2965	34
2966	26
2967	27
2968	23
2969	19
2970	35
2971	37
2972	26
2973	30
2974	33
2975	24
2976	31
2977	32
2978	36
2979	23
2980	28
2981	28
2982	37
2983	34
2984	29
2985	21
2986	32
2987	25
2988	33
2989	34
2990	18
2991	29
2992	34
2993	22
2994	35
2995	25
2996	38
2997	29
2998	35
2999	31
3000	28
3001	21
3002	28
3003	26
3004	39
3005	19
3006	26
3007	30
3008	27
3009	32
3010	33
3011	25
3012	30
3013	27
3014	34
3015	22
3016	28
3017	21
3018	36
3019	31
3020	27
3021	23
3022	23
3023	24
3024	24
3025	27
3026	22
3027	31
3028	24
3029	36
3030	23
3031	35
3032	20
3033	22
3034	47
3035	30
3036	19
3037	29
3038	29
3039	33
3040	13
3041	18
3042	26
3043	32
3044	31
3045	25
3046	22
3047	28
3048	19
3049	18
3050	37
3051	16
3052	24
3053	32
3054	18
3055	20
3056	26
3057	27
3058	21
3059	28
3060	31
3061	24
3062	26
3063	18
3064	26
3065	31
3066	17
3067	30
3068	30
3069	28
3070	29
3071	22
3072	24
3073	29
3074	27
3075	27
3076	23
3077	25
3078	38
3079	33
3080	29
3081	23
3082	28
3083	31
3084	21
3085	30
3086	29
3087	36
3088	29
3089	23
3090	22
3091	34
3092	30
3093	11
3094	21
3095	22
3096	19
3097	35
3098	35
3099	26
3100	35
3101	36
3102	28
3103	22
3104	24
3105	38
3106	23
3107	22
3108	23
3109	29
3110	28
3111	22
3112	21
3113	18
3114	24
3115	39
3116	26
3117	27
3118	37
3119	33
3120	33
3121	32
3122	23
3123	25
3124	34
3125	28
3126	23
3127	34
3128	27
3129	27
3130	26
3131	25
3132	31
3133	34
3134	31
3135	35
3136	30
3137	24
3138	25
3139	34
3140	24
3141	32
3142	19
3143	46
3144	27
3145	17
3146	31
3147	28
3148	16
3149	28
3150	29
3151	21
3152	25
3153	31
3154	30
3155	24
3156	29
3157	23
3158	25
3159	21
3160	32
3161	22
3162	32
3163	26
3164	27
3165	27
3166	23
3167	32
3168	27
3169	22
3170	27
3171	33
3172	23
3173	30
3174	28
3175	26
3176	28
3177	26
3178	28
3179	39
3180	27
3181	22
3182	26
3183	18
3184	47
3185	15
3186	32
3187	29
3188	37
3189	29
3190	31
3191	28
3192	32
3193	27
3194	33
3195	21
3196	32
3197	25
3198	26
3199	22
3200	25
3201	30
3202	31
3203	34
3204	28
3205	31
3206	36
3207	26
3208	28
3209	29
3210	33
3211	26
3212	19
3213	21
3214	35
3215	26
3216	28
3217	21
3218	28
3219	20
3220	33
3221	24
3222	17
3223	17
3224	35
3225	32
3226	26
3227	28
3228	35
3229	22
3230	18
3231	31
3232	27
3233	18
3234	42
3235	29
3236	19
3237	24
3238	28
3239	20
3240	20
3241	27
3242	28
3243	20
3244	33
3245	23
3246	16
3247	33
3248	23
3249	29
3250	29
3251	33
3252	20
3253	29
3254	21
3255	36
3256	30
3257	23
3258	29
3259	22
3260	20
3261	19
3262	35
3263	19
3264	32
3265	34
3266	21
3267	15
3268	33
3269	27
3270	29
3271	25
3272	34
3273	23
3274	33
3275	28
3276	30
3277	27
3278	33
3279	28
3280	45
3281	32
3282	31
3283	35
3284	23
3285	33
3286	25
3287	20
3288	28
3289	22
3290	27
3291	30
3292	29
3293	28
3294	30
3295	41
3296	28
3297	22
3298	18
3299	23
3300	33
3301	29
3302	35
3303	37
3304	25
3305	39
3306	32
3307	31
3308	27
3309	35
3310	38
3311	35
3312	32
3313	34
3314	37
3315	41
3316	32
3317	34
3318	28
3319	33
3320	23
3321	29
3322	27
3323	32
3324	32
3325	30
3326	26
3327	21
3328	21
3329	26
3330	26
3331	34
3332	20
3333	28
3334	35
3335	34
3336	29
3337	24
3338	36
3339	32
3340	24
3341	40
3342	25
3343	30
3344	39
3345	30
3346	25
3347	26
3348	34
3349	30
3350	40
3351	26
3352	27
3353	32
3354	22
3355	28
3356	25
3357	28
3358	24
3359	22
3360	31
3361	33
3362	24
3363	18
3364	29
3365	30
3366	26
3367	26
3368	34
3369	24
3370	28
3371	20
3372	28
3373	21
3374	27
3375	29
3376	37
3377	29
3378	23
3379	26
3380	29
3381	21
3382	38
3383	29
3384	27
3385	22
3386	33
3387	21
3388	35
3389	26
3390	35
3391	31
3392	33
3393	41
3394	24
3395	26
3396	28
3397	34
3398	33
3399	18
3400	30
3401	25
3402	26
3403	28
3404	21
3405	25
3406	33
3407	29
3408	26
3409	39
3410	32
3411	30
3412	19
3413	38
3414	40
3415	29
3416	27
3417	26
3418	23
3419	29
3420	26
3421	40
3422	22
3423	15
3424	24
3425	19
3426	25
3427	35
3428	21
3429	25
3430	24
3431	33
3432	26
3433	25
3434	34
3435	31
3436	24
3437	35
3438	37
3439	27
3440	30
3441	32
3442	33
3443	32
3444	31
3445	26
3446	28
3447	25
3448	40
3449	31
3450	32
3451	29
3452	27
3453	33
3454	36
3455	29
3456	28
3457	34
3458	21
3459	22
3460	31
3461	30
3462	34
3463	43
3464	31
3465	23
3466	34
3467	26
3468	42
3469	23
3470	24
3471	34
3472	29
3473	26
3474	39
3475	30
3476	34
3477	37
3478	31
3479	23
3480	38
3481	28
3482	18
3483	33
3484	29
3485	26
3486	25
3487	29
3488	34
3489	26
3490	19
3491	28
3492	29
3493	34
3494	33
3495	34
3496	36
3497	30
3498	30
3499	21
3500	33
3501	35
3502	30
3503	26
3504	30
3505	30
3506	34
3507	35
3508	33
3509	28
3510	24
3511	36
3512	26
3513	27
3514	34
3515	29
3516	29
3517	24
3518	23
3519	28
3520	22
3521	42
3522	30
3523	20
3524	22
3525	29
3526	25
3527	42
3528	24
3529	33
3530	24
3531	31
3532	32
3533	26
3534	28
3535	31
3536	21
3537	32
3538	37
3539	21
3540	34
3541	33
3542	30
3543	35
3544	29
3545	21
3546	30
3547	31
3548	31
3549	24
3550	33
3551	29
3552	27
3553	36
3554	31
3555	29
3556	29
3557	31
3558	28
3559	30
3560	33
3561	24
3562	25
3563	25
3564	28
3565	15
3566	24
3567	29
3568	29
3569	24
3570	31
3571	29
3572	27
3573	27
3574	26
3575	34
3576	29
3577	26
3578	26
3579	28
3580	24
3581	29
3582	24
3583	31
3584	28
3585	33
3586	37
3587	25
3588	24
3589	29
3590	42
3591	39
3592	32
3593	33
3594	28
3595	27
3596	33
3597	39
3598	23
3599	35
3600	28
3601	32
3602	35
3603	23
3604	26
3605	36
3606	37
3607	24
3608	34
3609	24
3610	30
3611	39
3612	30
3613	31
3614	31
3615	15
3616	26
3617	31
3618	29
3619	28
3620	42
3621	36
3622	23
3623	31
3624	28
3625	40
3626	25
3627	25
3628	27
3629	31
3630	36
3631	35
3632	35
3633	30
3634	34
3635	27
3636	28
3637	33
3638	30
3639	37
3640	35
3641	35
3642	31
3643	35
3644	32
3645	37
3646	32
3647	32
3648	35
3649	43
3650	28
3651	24
3652	27
3653	27
3654	30
3655	35
3656	27
3657	39
3658	36
3659	35
3660	31
3661	24
3662	33
3663	38
3664	26
3665	37
3666	32
3667	40
3668	30
3669	33
3670	30
3671	43
3672	31
3673	30
3674	33
3675	41
3676	31
3677	39
3678	32
3679	47
3680	24
3681	32
3682	23
3683	29
3684	39
3685	34
3686	27
3687	36
3688	32
3689	19
3690	39
3691	43
3692	36
3693	31
3694	37
3695	33
3696	29
3697	30
3698	28
3699	29
3700	30
3701	39
3702	32
3703	31
3704	34
3705	29
3706	38
3707	28
3708	29
3709	38
3710	42
3711	32
3712	25
3713	33
3714	24
3715	28
3716	24
3717	29
3718	23
3719	32
3720	32
3721	34
3722	24
3723	36
3724	38
3725	36
3726	21
3727	41
3728	28
3729	28
3730	29
3731	23
3732	24
3733	37
3734	35
3735	42
3736	29
3737	39
3738	21
3739	31
3740	37
3741	37
3742	35
3743	44
3744	26
3745	44
3746	31
3747	34
3748	32
3749	41
3750	31
3751	31
3752	27
3753	33
3754	37
3755	31
3756	32
3757	32
3758	32
3759	26
3760	35
3761	36
3762	24
3763	39
3764	33
3765	28
3766	24
3767	33
3768	30
3769	38
3770	30
3771	33
3772	31
3773	36
3774	36
3775	38
3776	30
3777	51
3778	41
3779	29
3780	46
3781	33
3782	41
3783	33
3784	32
3785	29
3786	33
3787	26
3788	41
3789	31
3790	27
3791	27
3792	35
3793	44
3794	31
3795	42
3796	27
3797	43
3798	42
3799	38
3800	35
3801	32
3802	42
3803	38
3804	31
3805	44
3806	30
3807	36
3808	34
3809	36
3810	28
3811	35
3812	30
3813	40
3814	31
3815	38
3816	31
3817	34
3818	27
3819	32
3820	39
3821	27
3822	30
3823	40
3824	37
3825	45
3826	46
3827	27
3828	45
3829	43
3830	31
3831	51
3832	36
3833	35
3834	31
3835	26
3836	23
3837	28
3838	29
3839	29
3840	32
3841	43
3842	22
3843	37
3844	38
3845	46
3846	45
3847	35
3848	34
3849	35
3850	40
3851	42
3852	35
3853	44
3854	44
3855	33
3856	39
3857	37
3858	44
3859	34
3860	30
3861	36
3862	44
3863	30
3864	38
3865	42
3866	26
3867	50
3868	39
3869	41
3870	43
3871	36
3872	44
3873	40
3874	40
3875	36
3876	40
3877	52
3878	40
3879	39
3880	36
3881	35
3882	43
3883	47
3884	38
3885	37
3886	50
3887	53
3888	40
3889	65
3890	25
3891	39
3892	30
3893	44
3894	43
3895	38
3896	39
3897	49
3898	42
3899	39
3900	42
3901	42
3902	33
3903	49
3904	44
3905	48
3906	40
3907	35
3908	48
3909	33
3910	39
3911	38
3912	47
3913	33
3914	42
3915	39
3916	38
3917	42
3918	48
3919	52
3920	39
3921	46
3922	37
3923	40
3924	43
3925	33
3926	40
3927	46
3928	54
3929	31
3930	43
3931	38
3932	44
3933	43
3934	37
3935	44
3936	54
3937	33
3938	47
3939	47
3940	43
3941	47
3942	44
3943	51
3944	48
3945	39
3946	49
3947	41
3948	42
3949	35
3950	44
3951	31
3952	54
3953	44
3954	58
3955	63
3956	47
3957	56
3958	56
3959	45
3960	41
3961	56
3962	56
3963	41
3964	59
3965	54
3966	40
3967	52
3968	61
3969	55
3970	52
3971	54
3972	44
3973	59
3974	53
3975	45
3976	35
3977	64
3978	41
3979	61
3980	42
3981	45
3982	58
3983	54
3984	54
3985	47
3986	53
3987	54
3988	58
3989	64
3990	35
3991	41
3992	58
3993	56
3994	60
3995	54
3996	33
3997	52
3998	41
3999	55
4000	80
4001	54
4002	47
4003	49
4004	57
4005	39
4006	60
4007	50
4008	58
4009	58
4010	45
4011	51
4012	56
4013	49
4014	46
4015	62
4016	59
4017	38
4018	58
4019	52
4020	68
4021	61
4022	65
4023	67
4024	61
4025	68
4026	51
4027	67
4028	59
4029	54
4030	62
4031	59
4032	68
4033	61
4034	51
4035	55
4036	54
4037	60
4038	50
4039	58
4040	58
4041	57
4042	66
4043	67
4044	64
4045	56
4046	51
4047	56
4048	54
4049	76
4050	63
4051	67
4052	63
4053	62
4054	54
4055	57
4056	59
4057	64
4058	54
4059	72
4060	50
4061	47
4062	59
4063	56
4064	51
4065	64
4066	72
4067	43
4068	64
4069	55
4070	49
4071	41
4072	47
4073	66
4074	63
4075	53
4076	64
4077	71
4078	50
4079	56
4080	62
4081	49
4082	56
4083	61
4084	62
4085	58
4086	58
4087	82
4088	54
4089	67
4090	65
4091	52
4092	59
4093	72
4094	66
4095	69
4096	57
4097	55
4098	72
4099	55
4100	76
4101	57
4102	61
4103	76
4104	42
4105	64
4106	65
4107	56
4108	78
4109	60
4110	84
4111	62
4112	50
4113	61
4114	64
4115	67
4116	49
4117	57
4118	52
4119	66
4120	68
4121	66
4122	71
4123	78
4124	49
4125	61
4126	51
4127	52
4128	65
4129	59
4130	69
4131	68
4132	65
4133	55
4134	69
4135	66
4136	75
4137	62
4138	72
4139	67
4140	46
4141	50
4142	66
4143	66
4144	50
4145	62
4146	68
4147	79
4148	60
4149	47
4150	50
4151	73
4152	51
4153	56
4154	65
4155	51
4156	56
4157	54
4158	48
4159	58
4160	71
4161	65
4162	52
4163	55
4164	61
4165	49
4166	56
4167	53
4168	53
4169	53
4170	62
4171	54
4172	72
4173	50
4174	46
4175	65
4176	67
4177	55
4178	55
4179	46
4180	59
4181	60
4182	60
4183	40
4184	62
4185	48
4186	55
4187	56
4188	67
4189	60
4190	50
4191	48
4192	50
4193	58
4194	46
4195	61
4196	43
4197	58
4198	58
4199	47
4200	49
4201	51
4202	38
4203	46
4204	38
4205	51
4206	53
4207	49
4208	36
4209	44
4210	49
4211	51
4212	46
4213	42
4214	53
4215	54
4216	46
4217	43
4218	45
4219	36
4220	41
4221	39
4222	39
4223	52
4224	39
4225	37
4226	40
4227	41
4228	35
4229	44
4230	47
4231	47
4232	48
4233	44
4234	37
4235	34
4236	43
4237	35
4238	32
4239	37
4240	36
4241	32
4242	23
4243	38
4244	29
4245	37
4246	33
4247	35
4248	37
4249	27
4250	32
4251	30
4252	42
4253	35
4254	29
4255	42
4256	36
4257	32
4258	43
4259	36
4260	39
4261	35
4262	42
4263	34
4264	30
4265	21
4266	33
4267	31
4268	36
4269	26
4270	32
4271	27
4272	35
4273	36
4274	29
4275	31
4276	28
4277	30
4278	31
4279	25
4280	25
4281	17
4282	32
4283	30
4284	21
4285	17
4286	22
4287	29
4288	27
4289	20
4290	16
4291	27
4292	23
4293	25
4294	29
4295	20
4296	21
4297	26
4298	25
4299	25
4300	14
4301	30
4302	23
4303	22
4304	15
4305	14
4306	15
4307	19
4308	18
4309	22
4310	19
4311	18
4312	22
4313	18
4314	15
4315	19
4316	22
4317	13
4318	21
4319	17
4320	13
4321	22
4322	17
4323	25
4324	21
4325	12
4326	15
4327	11
4328	18
4329	19
4330	17
4331	14
4332	13
4333	12
4334	9
4335	5
4336	21
4337	14
4338	16
4339	16
4340	15
4341	16
4342	8
4343	17
4344	19
4345	17
4346	10
4347	13
4348	15
4349	16
4350	19
4351	17
4352	11
4353	12
4354	11
4355	21
4356	7
4357	13
4358	10
4359	9
4360	12
4361	9
4362	11
4363	10
4364	8
4365	9
4366	12
4367	9
4368	9
4369	8
4370	11
4371	9
4372	8
4373	10
4374	9
4375	5
4376	5
4377	6
4378	10
4379	10
4380	11
4381	13
4382	8
4383	6
4384	5
4385	5
4386	8
4387	12
4388	8
4389	10
4390	6
4391	6
4392	4
4393	8
4394	4
4395	8
4396	4
4397	8
4398	7
4399	10
4400	10
4401	7
4402	1
4403	7
4404	1
4405	1
4406	2
4407	5
4408	7
4409	4
4410	3
4411	8
4412	5
4413	4
4414	8
4415	8
4416	5
4417	3
4418	6
4419	6
4420	5
4421	6
4422	1
4423	6
4424	2
4425	3
4426	8
4427	2
4428	2
4429	0
4430	7
4431	4
4432	2
4433	4
4434	2
4435	3
4436	4
4437	2
4438	4
4439	1
4440	3
4441	2
4442	4
4443	6
4444	6
4445	3
4446	3
4447	2
4448	3
4449	4
4450	6
4451	2
4452	5
4453	1
4454	2
4455	2
4456	0
4457	1
4458	0
4459	0
4460	2
4461	3
4462	1
4463	3
4464	2
4465	4
4466	2
4467	1
4468	2
4469	1
4470	1
4471	1
4472	3
4473	7
4474	3
4475	4
4476	1
4477	2
4478	0
4479	0
4480	0
4481	2
4482	0
4483	4
4484	1
4485	2
4486	0
4487	0
4488	3
4489	2
4490	0
4491	3
4492	0
4493	0
4494	0
4495	3
4496	0
4497	2
4498	3
4499	1
4500	1
4501	1
4502	1
4503	0
4504	4
4505	2
4506	0
4507	1
4508	3
4509	0
4510	1
4511	0
4512	1
4513	1
4514	0
4515	1
4516	1
4517	1
4518	1
4519	0
4520	2
4521	0
4522	0
4523	4
4524	0
4525	0
4526	0
4527	0
4528	1
4529	1
4530	2
4531	1
4532	2
4533	0
4534	1
4535	0
4536	0
4537	3
4538	2
4539	0
4540	1
4541	0
4542	1
4543	0
4544	1
4545	1
4546	0
4547	1
4548	1
4549	1
4550	1
4551	2
4552	1
4553	2
4554	2
4555	1
4556	1
4557	0
4558	0
4559	1
4560	0
4561	0
4562	0
4563	0
4564	0
4565	0
4566	2
4567	3
4568	1
4569	1
4570	1
4571	0
4572	2
4573	1
4574	1
4575	0
4576	1
4577	1
4578	2
4579	0
4580	1
4581	0
4582	2
4583	2
4584	0
4585	0
4586	0
4587	0
4588	1
4589	1
4590	1
4591	1
4592	2
4593	0
4594	0
4595	1
4596	0
4597	1
4598	1
4599	0
4600	2
4601	1
4602	3
4603	2
4604	0
4605	1
4606	0
4607	2
4608	0
4609	3
4610	0
4611	1
4612	1
4613	1
4614	2
4615	1
4616	0
4617	2
4618	2
4619	1
4620	0
4621	2
4622	0
4623	2
4624	0
4625	2
4626	1
4627	1
4628	0
4629	1
4630	0
4631	0
4632	3
4633	1
4634	1
4635	0
4636	0
4637	0
4638	1
4639	0
4640	0
4641	0
4642	0
4643	1
4644	0
4645	0
4646	0
4647	0
4648	1
4649	0
4650	0
4651	1
4652	0
4653	1
4654	1
4655	0
4656	0
4657	1
4658	2
4659	0
4660	1
4661	1
4662	3
4663	1
4664	0
4665	0
4666	1
4667	0
4668	3
4669	0
4670	0
4671	0
4672	2
4673	1
4674	1
4675	0
4676	0
4677	1
4678	1
4679	0
4680	0
4681	1
4682	0
4683	0
4684	0
4685	0
4686	1
4687	1
4688	0
4689	1
4690	1
4691	0
4692	1
4693	0
4694	1
4695	1
4696	2
4697	0
4698	2
4699	0
4700	0
4701	2
4702	0
4703	0
4704	2
4705	1
4706	0
4707	0
4708	0
4709	1
4710	0
4711	1
4712	1
4713	0
4714	0
4715	0
4716	1
4717	0
4718	0
4719	0
4720	0
4721	0
4722	1
4723	1
4724	0
4725	0
4726	0
4727	1
4728	1
4729	1
4730	2
4731	1
4732	0
4733	0
4734	0
4735	1
4736	0
4737	1
4738	1
4739	1
4740	1
4741	1
4742	1
4743	1
4744	1
4745	0
4746	0
4747	1
4748	1
4749	1
4750	1
4751	1
4752	3
4753	0
4754	0
4755	0
4756	1
4757	1
4758	0
4759	0
4760	0
4761	0
4762	0
4763	0
4764	0
4765	0
4766	1
4767	0
4768	0
4769	1
4770	1
4771	2
4772	1
4773	0
4774	0
4775	1
4776	1
4777	1
4778	0
4779	1
4780	0
4781	0
4782	0
4783	0
4784	1
4785	2
4786	2
4787	1
4788	0
4789	1
4790	2
4791	0
4792	2
4793	2
4794	1
4795	0
4796	0
4797	0
4798	0
4799	1
4800	1
4801	0
4802	1
4803	2
4804	1
4805	0
4806	0
4807	0
4808	0
4809	1
4810	0
4811	1
4812	0
4813	1
4814	1
4815	0
4816	0
4817	0
4818	0
4819	0
4820	0
4821	0
4822	1
4823	3
4824	1
4825	1
4826	0
4827	0
4828	0
4829	0
4830	0
4831	1
4832	1
4833	1
4834	1
4835	1
4836	0
4837	1
4838	2
4839	1
4840	0
4841	1
4842	1
4843	1
4844	0
4845	1
4846	0
4847	1
4848	2
4849	0
4850	0
4851	0
4852	1
4853	1
4854	0
4855	1
4856	0
4857	0
4858	1
4859	0
4860	0
4861	0
4862	0
4863	1
4864	1
4865	2
4866	2
4867	0
4868	0
4869	2
4870	0
4871	0
4872	1
4873	2
4874	1
4875	0
4876	1
4877	1
4878	0
4879	0
4880	0
4881	1
4882	0
4883	1
4884	1
4885	1
4886	2
4887	1
4888	0
4889	0
4890	1
4891	1
4892	0
4893	0
4894	2
4895	2
4896	1
4897	0
4898	0
4899	0
4900	0
4901	3
4902	0
4903	0
4904	2
4905	0
4906	0
4907	0
4908	1
4909	0
4910	0
4911	1
4912	0
4913	0
4914	2
4915	0
4916	1
4917	1
4918	0
4919	0
4920	0
4921	0
4922	0
4923	1
4924	2
4925	0
4926	1
4927	2
4928	0
4929	0
4930	0
4931	1
4932	0
4933	0
4934	2
4935	0
4936	0
4937	1
4938	1
4939	0
4940	2
4941	0
4942	0
4943	0
4944	0
4945	0
4946	1
4947	1
4948	1
4949	1
4950	2
4951	2
4952	1
4953	1
4954	0
4955	2
4956	0
4957	0
4958	1
4959	0
4960	0
4961	1
4962	0
4963	1
4964	0
4965	1
4966	1
4967	0
4968	0
4969	0
4970	0
4971	2
4972	0
4973	1
4974	1
4975	0
4976	1
4977	2
4978	1
4979	1
4980	0
4981	2
4982	0
4983	1
4984	1
4985	2
4986	0
4987	1
4988	0
4989	1
4990	1
4991	0
4992	0
4993	0
4994	1
4995	0
4996	1
4997	0
4998	2
4999	0
5000	0
5001	1
5002	0
5003	0
5004	1
5005	0
5006	0
5007	0
5008	2
5009	0
5010	1
5011	1
5012	3
5013	0
5014	0
5015	0
5016	2
5017	0
5018	1
5019	1
5020	1
5021	1
5022	0
5023	0
5024	1
5025	0
5026	1
5027	0
5028	1
5029	3
5030	1
5031	3
5032	2
5033	2
5034	2
5035	0
5036	0
5037	1
5038	0
5039	0
5040	0
5041	0
5042	2
5043	0
5044	0
5045	1
5046	2
5047	1
5048	0
5049	1
5050	0
5051	0
5052	0
5053	1
5054	2
5055	0
5056	0
5057	0
5058	1
5059	0
5060	2
5061	0
5062	2
5063	0
5064	1
5065	0
5066	2
5067	0
5068	1
5069	0
5070	1
5071	2
5072	1
5073	1
5074	0
5075	0
5076	0
5077	0
5078	1
5079	0
5080	1
5081	0
5082	0
5083	0
5084	0
5085	1
5086	2
5087	0
5088	0
5089	0
5090	1
5091	2
5092	1
5093	0
5094	0
5095	1
5096	1
5097	2
5098	0
5099	1
5100	0
5101	0
5102	1
5103	2
5104	0
5105	1
5106	0
5107	1
5108	1
5109	1
5110	0
5111	1
5112	1
5113	1
5114	0
5115	1
5116	1
5117	0
5118	1
5119	1
5120	0
5121	0
5122	0
5123	0
5124	1
5125	0
5126	2
5127	1
5128	0
5129	0
5130	1
5131	1
5132	1
5133	0
5134	0
5135	0
5136	0
5137	2
5138	1
5139	0
5140	1
5141	0
5142	0
5143	0
5144	2
5145	0
5146	0
5147	0
5148	0
5149	2
5150	1
5151	2
5152	0
5153	1
5154	0
5155	1
5156	2
5157	3
5158	0
5159	1
5160	1
5161	0
5162	1
5163	2
5164	1
5165	2
5166	0
5167	2
5168	1
5169	1
5170	0
5171	0
5172	1
5173	0
5174	1
5175	0
5176	0
5177	0
5178	0
5179	0
5180	1
5181	0
5182	0
5183	0
5184	0
5185	2
5186	0
5187	0
5188	0
5189	0
5190	0
5191	1
5192	0
5193	0
5194	0
5195	0
5196	1
5197	1
5198	0
5199	2
5200	0
5201	0
5202	0
5203	0
5204	0
5205	0
5206	2
5207	1
5208	1
5209	1
5210	2
5211	0
5212	0
5213	0
5214	0
5215	0
5216	1
5217	2
5218	1
5219	0
5220	0
5221	1
5222	0
5223	0
5224	1
5225	2
5226	1
5227	1
5228	0
5229	0
5230	0
5231	0
5232	1
5233	0
5234	1
5235	0
5236	0
5237	4
5238	0
5239	0
5240	0
5241	0
5242	0
5243	1
5244	0
5245	0
5246	0
5247	0
5248	1
5249	2
5250	1
5251	1
5252	0
5253	0
5254	0
5255	1
5256	0
5257	1
5258	1
5259	0
5260	0
5261	1
5262	0
5263	0
5264	0
5265	4
5266	1
5267	0
5268	0
5269	0
5270	0
5271	1
5272	0
5273	0
5274	1
5275	0
5276	0
5277	1
5278	2
5279	1
5280	1
5281	0
5282	1
5283	2
5284	0
5285	0
5286	0
5287	1
5288	0
5289	1
5290	0
5291	0
5292	0
5293	0
5294	1
5295	0
5296	1
5297	1
5298	0
5299	0
5300	0
5301	0
5302	1
5303	0
5304	1
5305	0
5306	0
5307	0
5308	1
5309	2
5310	0
5311	0
5312	1
5313	0
5314	2
5315	0
5316	2
5317	1
5318	0
5319	0
5320	1
5321	0
5322	2
5323	0
5324	1
5325	1
5326	0
5327	1
5328	0
5329	0
5330	0
5331	0
5332	0
5333	0
5334	1
5335	0
5336	0
5337	0
5338	0
5339	0
5340	0
5341	0
5342	0
5343	0
5344	1
5345	0
5346	1
5347	0
5348	0
5349	0
5350	1
5351	0
5352	0
5353	1
5354	2
5355	0
5356	1
5357	1
5358	1
5359	0
5360	0
5361	0
5362	0
5363	1
5364	1
5365	2
5366	1
5367	1
5368	0
5369	1
5370	1
5371	1
5372	2
5373	0
5374	0
5375	1
5376	0
5377	0
5378	1
5379	1
5380	1
5381	0
5382	0
5383	0
5384	2
5385	0
5386	0
5387	1
5388	0
5389	1
5390	1
5391	0
5392	0
5393	1
5394	0
5395	2
5396	0
5397	1
5398	2
5399	1
5400	2
5401	1
5402	1
5403	0
5404	1
5405	1
5406	2
5407	0
5408	0
5409	1
5410	1
5411	0
5412	1
5413	0
5414	0
5415	1
5416	1
5417	1
5418	0
5419	0
5420	0
5421	1
5422	0
5423	0
5424	0
5425	1
5426	2
5427	0
5428	0
5429	1
5430	0
5431	1
5432	1
5433	2
5434	0
5435	1
5436	0
5437	1
5438	0
5439	0
5440	1
5441	0
5442	3
5443	1
5444	0
5445	1
5446	1
5447	0
5448	0
5449	2
5450	2
5451	0
5452	0
5453	1
5454	1
5455	0
5456	0
5457	0
5458	0
5459	1
5460	2
5461	0
5462	1
5463	1
5464	0
5465	1
5466	0
5467	0
5468	1
5469	0
5470	0
5471	0
5472	1
5473	2
5474	1
5475	1
5476	2
5477	1
5478	0
5479	1
5480	1
5481	1
5482	0
5483	1
5484	1
5485	1
5486	0
5487	0
5488	2
5489	1
5490	0
5491	2
5492	1
5493	1
5494	0
5495	0
5496	3
5497	0
5498	1
5499	0
5500	0
5501	0
5502	0
5503	0
5504	2
5505	1
5506	0
5507	2
5508	0
5509	0
5510	1
5511	0
5512	0
5513	0
5514	1
5515	0
5516	1
5517	0
5518	0
5519	0
5520	1
5521	2
5522	1
5523	1
5524	0
5525	0
5526	0
5527	0
5528	0
5529	0
5530	0
5531	2
5532	1
5533	1
5534	1
5535	0
5536	0
5537	0
5538	1
5539	3
5540	1
5541	1
5542	1
5543	1
5544	0
5545	0
5546	2
5547	0
5548	2
5549	0
5550	3
5551	0
5552	0
5553	2
5554	1
5555	0
5556	0
5557	1
5558	1
5559	0
5560	0
5561	0
5562	1
5563	0
5564	0
5565	0
5566	0
5567	1
5568	0
5569	1
5570	0
5571	1
5572	1
5573	0
5574	1
5575	0
5576	1
5577	1
5578	1
5579	2
5580	0
5581	0
5582	1
5583	1
5584	1
5585	1
5586	1
5587	0
5588	0
5589	1
5590	0
5591	1
5592	0
5593	1
5594	0
5595	0
5596	0
5597	0
5598	2
5599	0
5600	1
5601	1
5602	1
5603	0
5604	0
5605	0
5606	0
5607	2
5608	2
5609	0
5610	0
5611	0
5612	0
5613	1
5614	0
5615	0
5616	0
5617	0
5618	2
5619	1
5620	0
5621	0
5622	0
5623	1
5624	0
5625	0
5626	1
5627	1
5628	2
5629	1
5630	2
5631	2
5632	0
5633	1
5634	0
5635	0
5636	0
5637	0
5638	3
5639	0
5640	0
5641	1
5642	1
5643	0
5644	1
5645	1
5646	0
5647	2
5648	1
5649	0
5650	0
5651	0
5652	0
5653	1
5654	1
5655	2
5656	0
5657	0
5658	1
5659	1
5660	2
5661	1
5662	0
5663	1
5664	0
5665	0
5666	1
5667	0
5668	2
5669	0
5670	0
5671	1
5672	2
5673	1
5674	1
5675	0
5676	0
5677	1
5678	0
5679	0
5680	2
5681	0
5682	0
5683	1
5684	0
5685	0
5686	0
5687	1
5688	1
5689	0
5690	0
5691	0
5692	1
5693	1
5694	1
5695	0
5696	0
5697	0
5698	0
5699	2
5700	0
5701	1
5702	0
5703	2
5704	2
5705	0
5706	3
5707	0
5708	1
5709	1
5710	0
5711	0
5712	0
5713	0
5714	0
5715	1
5716	0
5717	1
5718	0
5719	0
5720	0
5721	0
5722	0
5723	0
5724	1
5725	1
5726	1
5727	0
5728	1
5729	0
5730	0
5731	0
5732	1
5733	1
5734	0
5735	0
5736	0
5737	0
5738	0
5739	1
5740	2
5741	2
5742	0
5743	0
5744	2
5745	3
5746	1
5747	1
5748	0
5749	0
5750	0
5751	1
5752	1
5753	0
5754	0
5755	2
5756	0
5757	0
5758	0
5759	2
5760	0
5761	3
5762	0
5763	0
5764	3
5765	1
5766	2
5767	1
5768	0
5769	0
5770	1
5771	1
5772	0
5773	1
5774	0
5775	1
5776	0
5777	0
5778	0
5779	2
5780	0
5781	1
5782	0
5783	0
5784	1
5785	0
5786	1
5787	1
5788	2
5789	0
5790	1
5791	1
5792	0
5793	0
5794	0
5795	0
5796	2
5797	0
5798	1
5799	0
5800	0
5801	0
5802	0
5803	0
5804	1
5805	1
5806	0
5807	2
5808	0
5809	0
5810	1
5811	1
5812	2
5813	0
5814	3
5815	0
5816	1
5817	0
5818	1
5819	0
5820	0
5821	0
5822	0
5823	1
5824	0
5825	1
5826	0
5827	1
5828	0
5829	1
5830	0
5831	0
5832	0
5833	0
5834	2
5835	0
5836	1
5837	0
5838	4
5839	1
5840	0
5841	0
5842	1
5843	1
5844	1
5845	0
5846	0
5847	0
5848	2
5849	1
5850	0
5851	1
5852	0
5853	0
5854	0
5855	1
5856	0
5857	1
5858	0
5859	0
5860	0
5861	1
5862	0
5863	2
5864	1
5865	1
5866	3
5867	0
5868	1
5869	0
5870	0
5871	0
5872	1
5873	2
5874	3
5875	0
5876	2
5877	1
5878	1
5879	1
5880	0
5881	0
5882	0
5883	0
5884	0
5885	0
5886	0
5887	0
5888	1
5889	2
5890	1
5891	0
5892	0
5893	1
5894	0
5895	0
5896	2
5897	0
5898	0
5899	0
5900	0
5901	2
5902	0
5903	0
5904	1
5905	0
5906	1
5907	0
5908	0
5909	1
5910	0
5911	0
5912	3
5913	0
5914	1
5915	0
5916	1
5917	1
5918	1
5919	1
5920	0
5921	0
5922	0
5923	0
5924	0
5925	0
5926	0
5927	2
5928	1
5929	0
5930	0
5931	0
5932	1
5933	0
5934	1
5935	0
5936	1
5937	0
5938	1
5939	1
5940	1
5941	1
5942	0
5943	0
5944	1
5945	2
5946	1
5947	0
5948	2
5949	2
5950	1
5951	2
5952	0
5953	1
5954	0
5955	0
5956	0
5957	0
5958	1
5959	1
5960	0
5961	0
5962	1
5963	0
5964	0
5965	0
5966	0
5967	0
5968	0
5969	0
5970	2
5971	0
5972	1
5973	0
5974	1
5975	2
5976	1
5977	0
5978	2
5979	1
5980	0
5981	1
5982	2
5983	1
5984	0
5985	2
5986	0
5987	0
5988	1
5989	0
5990	1
5991	0
5992	0
5993	0
5994	0
5995	1
5996	0
5997	1
5998	0
5999	0
6000	0
6001	0
6002	0
6003	1
6004	0
6005	0
6006	0
6007	0
6008	0
6009	0
6010	0
6011	1
6012	2
6013	1
6014	0
6015	0
6016	1
6017	0
6018	1
6019	1
6020	2
6021	1
6022	0
6023	0
6024	0
6025	0
6026	0
6027	2
6028	0
6029	0
6030	1
6031	0
6032	0
6033	1
6034	2
6035	0
6036	1
6037	2
6038	1
6039	0
6040	1
6041	0
6042	1
6043	3
6044	3
6045	0
6046	0
6047	0
6048	2
6049	2
6050	2
6051	1
6052	0
6053	0
6054	2
6055	0
6056	0
6057	1
6058	1
6059	1
6060	0
6061	0
6062	1
6063	0
6064	1
6065	0
6066	0
6067	0
6068	0
6069	0
6070	1
6071	0
6072	1
6073	0
6074	0
6075	0
6076	0
6077	0
6078	1
6079	3
6080	1
6081	1
6082	0
6083	0
6084	0
6085	0
6086	1
6087	2
6088	0
6089	0
6090	3
6091	0
6092	0
6093	1
6094	0
6095	0
6096	1
6097	0
6098	0
6099	1
6100	1
6101	0
6102	1
6103	1
6104	2
6105	0
6106	0
6107	1
6108	0
6109	0
6110	1
6111	1
6112	0
6113	1
6114	0
6115	0
6116	0
6117	0
6118	0
6119	1
6120	1
6121	1
6122	1
6123	0
6124	0
6125	0
6126	0
6127	0
6128	0
6129	1
6130	0
6131	0
6132	0
6133	0
6134	0
6135	1
6136	1
6137	1
6138	0
6139	1
6140	0
6141	0
6142	2
6143	1
6144	1
6145	1
6146	0
6147	0
6148	0
6149	0
6150	0
6151	0
6152	0
6153	0
6154	0
6155	1
6156	0
6157	0
6158	1
6159	1
6160	1
6161	0
6162	0
6163	0
6164	0
6165	0
6166	0
6167	0
6168	0
6169	0
6170	0
6171	0
6172	0
6173	0
6174	0
6175	0
6176	2
6177	0
6178	0
6179	1
6180	0
6181	0
6182	0
6183	1
6184	0
6185	2
6186	0
6187	0
6188	0
6189	0
6190	0
6191	0
6192	0
6193	0
6194	0
6195	0
6196	0
6197	0
6198	0
6199	0
6200	0
6201	0
6202	1
6203	1
6204	1
6205	0
6206	1
6207	0
6208	0
6209	0
6210	0
6211	2
6212	0
6213	0
6214	0
6215	0
6216	0
6217	1
6218	0
6219	0
6220	1
6221	1
6222	1
6223	0
6224	1
6225	2
6226	1
6227	2
6228	0
6229	1
6230	0
6231	0
6232	1
6233	1
6234	0
6235	0
6236	1
6237	1
6238	1
6239	1
6240	0
6241	0
6242	1
6243	2
6244	0
6245	0
6246	0
6247	0
6248	1
6249	0
6250	0
6251	0
6252	0
6253	0
6254	1
6255	0
6256	3
6257	0
6258	0
6259	0
6260	1
6261	0
6262	1
6263	0
6264	0
6265	0
6266	0
6267	1
6268	0
6269	0
6270	0
6271	0
6272	2
6273	0
6274	0
6275	1
6276	1
6277	0
6278	2
6279	0
6280	0
6281	0
6282	1
6283	0
6284	1
6285	1
6286	0
6287	0
6288	1
6289	0
6290	0
6291	1
6292	1
6293	0
6294	1
6295	0
6296	1
6297	1
6298	1
6299	1
6300	1
6301	0
6302	0
6303	0
6304	0
6305	0
6306	0
6307	0
6308	0
6309	1
6310	0
6311	1
6312	0
6313	1
6314	0
6315	0
6316	0
6317	0
6318	1
6319	1
6320	0
6321	0
6322	1
6323	1
6324	1
6325	0
6326	0
6327	1
6328	0
6329	1
6330	1
6331	0
6332	0
6333	1
6334	0
6335	0
6336	0
6337	0
6338	0
6339	0
6340	0
6341	0
6342	0
6343	0
6344	0
6345	0
6346	1
6347	1
6348	0
6349	1
6350	1
6351	0
6352	1
6353	1
6354	2
6355	0
6356	0
6357	0
6358	0
6359	0
6360	0
6361	1
6362	1
6363	0
6364	0
6365	1
6366	0
6367	0
6368	0
6369	2
6370	0
6371	0
6372	0
6373	0
6374	0
6375	0
6376	0
6377	0
6378	1
6379	1
6380	0
6381	0
6382	0
6383	1
6384	0
6385	0
6386	1
6387	0
6388	0
6389	0
6390	1
6391	1
6392	1
6393	0
6394	0
6395	0
6396	1
6397	1
6398	0
6399	0
6400	0
6401	0
6402	0
6403	4
6404	0
6405	1
6406	0
6407	1
6408	0
6409	0
6410	1
6411	0
6412	0
6413	0
6414	2
6415	0
6416	0
6417	0
6418	1
6419	0
6420	0
6421	0
6422	0
6423	0
6424	0
6425	0
6426	1
6427	0
6428	2
6429	0
6430	1
6431	0
6432	2
6433	2
6434	0
6435	3
6436	0
6437	2
6438	0
6439	0
6440	0
6441	0
6442	0
6443	0
6444	0
6445	0
6446	1
6447	1
6448	1
6449	0
6450	0
6451	0
6452	1
6453	0
6454	1
6455	1
6456	0
6457	2
6458	0
6459	0
6460	0
6461	0
6462	2
6463	0
6464	0
6465	0
6466	1
6467	1
6468	0
6469	0
6470	0
6471	0
6472	0
6473	2
6474	1
6475	2
6476	1
6477	0
6478	0
6479	0
6480	0
6481	0
6482	0
6483	0
6484	1
6485	0
6486	1
6487	1
6488	0
6489	0
6490	0
6491	1
6492	0
6493	0
6494	0
6495	1
6496	1
6497	0
6498	1
6499	3
6500	0
6501	0
6502	0
6503	0
6504	0
6505	0
6506	1
6507	0
6508	0
6509	0
6510	1
6511	0
6512	0
6513	0
6514	0
6515	0
6516	1
6517	1
6518	0
6519	0
6520	0
6521	0
6522	0
6523	1
6524	0
6525	0
6526	0
6527	1
6528	1
6529	0
6530	0
6531	1
6532	0
6533	0
6534	0
6535	0
6536	0
6537	0
6538	1
6539	1
6540	2
6541	2
6542	0
6543	2
6544	2
6545	0
6546	0
6547	1
6548	0
6549	0
6550	0
6551	3
6552	0
6553	0
6554	1
6555	0
6556	0
6557	0
6558	1
6559	0
6560	0
6561	0
6562	0
6563	1
6564	0
6565	1
6566	1
6567	0
6568	0
6569	0
6570	1
6571	0
6572	0
6573	1
6574	0
6575	0
6576	0
6577	0
6578	1
6579	1
6580	2
6581	0
6582	1
6583	1
6584	0
6585	0
6586	1
6587	1
6588	0
6589	0
6590	0
6591	0
6592	0
6593	1
6594	1
6595	0
6596	1
6597	1
6598	0
6599	0
6600	2
6601	0
6602	0
6603	0
6604	1
6605	0
6606	0
6607	0
6608	1
6609	0
6610	0
6611	0
6612	0
6613	1
6614	0
6615	0
6616	0
6617	0
6618	0
6619	0
6620	0
6621	0
6622	0
6623	0
6624	0
6625	0
6626	1
6627	0
6628	1
6629	0
6630	0
6631	2
6632	1
6633	1
6634	0
6635	0
6636	0
6637	1
6638	0
6639	0
6640	2
6641	0
6642	0
6643	0
6644	0
6645	1
6646	1
6647	1
6648	0
6649	1
6650	1
6651	0
6652	0
6653	0
6654	0
6655	0
6656	0
6657	0
6658	0
6659	0
6660	1
6661	0
6662	0
6663	0
6664	0
6665	1
6666	1
6667	0
6668	1
6669	0
6670	1
6671	0
6672	2
6673	0
6674	0
6675	0
6676	0
6677	0
6678	0
6679	1
6680	0
6681	1
6682	2
6683	0
6684	1
6685	0
6686	0
6687	0
6688	0
6689	0
6690	0
6691	0
6692	0
6693	0
6694	1
6695	0
6696	1
6697	1
6698	1
6699	0
6700	0
6701	0
6702	0
6703	1
6704	0
6705	0
6706	1
6707	1
6708	0
6709	0
6710	1
6711	1
6712	0
6713	0
6714	0
6715	0
6716	0
6717	0
6718	0
6719	0
6720	0
6721	0
6722	1
6723	0
6724	2
6725	2
6726	0
6727	0
6728	0
6729	1
6730	0
6731	1
6732	2
6733	0
6734	0
6735	0
6736	0
6737	1
6738	1
6739	0
6740	2
6741	0
6742	1
6743	1
6744	1
6745	1
6746	2
6747	0
6748	2
6749	0
6750	0
6751	2
6752	0
6753	0
6754	2
6755	0
6756	1
6757	1
6758	1
6759	0
6760	0
6761	0
6762	0
6763	0
6764	0
6765	1
6766	0
6767	0
6768	0
6769	0
6770	1
6771	0
6772	0
6773	0
6774	1
6775	0
6776	0
6777	1
6778	0
6779	0
6780	0
6781	0
6782	1
6783	1
6784	3
6785	0
6786	1
6787	0
6788	0
6789	1
6790	0
6791	1
6792	1
6793	0
6794	1
6795	1
6796	0
6797	0
6798	0
6799	0
6800	0
6801	0
6802	0
6803	0
6804	1
6805	0
6806	0
6807	0
6808	1
6809	0
6810	0
6811	0
6812	0
6813	1
6814	0
6815	0
6816	0
6817	1
6818	0
6819	0
6820	1
6821	1
6822	0
6823	0
6824	1
6825	0
6826	3
6827	0
6828	0
6829	0
6830	1
6831	0
6832	0
6833	2
6834	0
6835	2
6836	0
6837	0
6838	0
6839	0
6840	0
6841	0
6842	0
6843	0
6844	0
6845	0
6846	1
6847	1
6848	1
6849	1
6850	0
6851	0
6852	1
6853	0
6854	1
6855	1
6856	1
6857	0
6858	0
6859	0
6860	1
6861	1
6862	0
6863	0
6864	1
6865	0
6866	0
6867	0
6868	0
6869	0
6870	0
6871	0
6872	1
6873	0
6874	1
6875	1
6876	1
6877	0
6878	1
6879	0
6880	0
6881	0
6882	0
6883	1
6884	0
6885	1
6886	1
6887	0
6888	0
6889	0
6890	1
6891	1
6892	0
6893	0
6894	0
6895	1
6896	0
6897	0
6898	0
6899	1
6900	0
6901	0
6902	0
6903	1
6904	0
6905	0
6906	0
6907	1
6908	1
6909	1
6910	0
6911	3
6912	0
6913	0
6914	0
6915	2
6916	0
6917	0
6918	0
6919	0
6920	0
6921	1
6922	0
6923	0
6924	0
6925	1
6926	0
6927	0
6928	1
6929	0
6930	0
6931	0
6932	1
6933	0
6934	0
6935	0
6936	2
6937	0
6938	0
6939	2
6940	0
6941	0
6942	0
6943	1
6944	1
6945	1
6946	0
6947	1
6948	1
6949	0
6950	1
6951	1
6952	2
6953	0
6954	0
6955	0
6956	0
6957	0
6958	0
6959	0
6960	0
6961	1
6962	0
6963	0
6964	2
6965	0
6966	0
6967	0
6968	0
6969	1
6970	2
6971	0
6972	0
6973	1
6974	0
6975	1
6976	0
6977	0
6978	2
6979	1
6980	0
6981	0
6982	0
6983	0
6984	0
6985	2
6986	2
6987	0
6988	1
6989	0
6990	0
6991	0
6992	0
6993	0
6994	0
6995	1
6996	0
6997	0
6998	1
6999	0
7000	1
7001	0
7002	0
7003	0
7004	0
7005	0
7006	1
7007	0
7008	0
7009	1
7010	0
7011	0
7012	1
7013	0
7014	0
7015	0
7016	1
7017	2
7018	0
7019	0
7020	2
7021	1
7022	0
7023	0
7024	1
7025	0
7026	1
7027	0
7028	0
7029	1
7030	1
7031	1
7032	1
7033	1
7034	1
7035	0
7036	0
7037	0
7038	0
7039	0
7040	1
7041	1
7042	1
7043	0
7044	0
7045	0
7046	0
7047	1
7048	0
7049	0
7050	0
7051	0
7052	0
7053	1
7054	1
7055	0
7056	0
7057	1
7058	0
7059	0
7060	0
7061	1
7062	0
7063	0
7064	0
7065	1
7066	1
7067	0
7068	2
7069	0
7070	2
7071	0
7072	0
7073	0
7074	2
7075	1
7076	1
7077	0
7078	0
7079	0
7080	1
7081	0
7082	1
7083	0
7084	1
7085	0
7086	0
7087	0
7088	2
7089	1
7090	0
7091	3
7092	1
7093	0
7094	0
7095	0
7096	0
7097	0
7098	1
7099	2
7100	0
7101	1
7102	0
7103	0
7104	0
7105	0
7106	0
7107	0
7108	0
7109	0
7110	0
7111	1
7112	1
7113	0
7114	1
7115	0
7116	0
7117	0
7118	1
7119	3
7120	1
7121	1
7122	1
7123	1
7124	0
7125	0
7126	1
7127	0
7128	0
7129	0
7130	0
7131	0
7132	0
7133	0
7134	0
7135	1
7136	1
7137	2
7138	3
7139	1
7140	1
7141	0
7142	0
7143	1
7144	0
7145	1
7146	2
7147	0
7148	1
7149	0
7150	0
7151	0
7152	1
7153	0
7154	0
7155	0
7156	0
7157	0
7158	2
7159	1
7160	0
7161	0
7162	1
7163	2
7164	2
7165	0
7166	1
7167	0
7168	1
7169	1
7170	0
7171	0
7172	0
7173	0
7174	0
7175	0
7176	0
7177	0
7178	1
7179	1
7180	2
7181	0
7182	1
7183	0
7184	1
7185	1
7186	1
7187	1
7188	0
7189	0
7190	0
7191	0
7192	3
7193	1
7194	0
7195	1
7196	0
7197	0
7198	1
7199	0
7200	0
7201	1
7202	1
7203	1
7204	1
7205	0
7206	0
7207	0
7208	1
7209	0
7210	1
7211	1
7212	1
7213	1
7214	0
7215	1
7216	0
7217	0
7218	0
7219	0
7220	0
7221	1
7222	0
7223	1
7224	0
7225	0
7226	0
7227	0
7228	0
7229	0
7230	0
7231	2
7232	1
7233	0
7234	0
7235	0
7236	1
7237	2
7238	2
7239	1
7240	1
7241	1
7242	1
7243	1
7244	0
7245	1
7246	0
7247	0
7248	1
7249	0
7250	2
7251	0
7252	0
7253	0
7254	0
7255	1
7256	1
7257	1
7258	0
7259	0
7260	0
7261	0
7262	3
7263	1
7264	0
7265	1
7266	1
7267	0
7268	0
7269	1
7270	0
7271	1
7272	0
7273	0
7274	0
7275	0
7276	2
7277	1
7278	0
7279	0
7280	0
7281	0
7282	0
7283	0
7284	0
7285	0
7286	0
7287	0
7288	1
7289	0
7290	0
7291	0
7292	0
7293	0
7294	0
7295	0
7296	0
7297	1
7298	1
7299	1
7300	1
7301	0
7302	0
7303	1
7304	0
7305	0
7306	0
7307	0
7308	0
7309	1
7310	2
7311	0
7312	0
7313	1
7314	0
7315	0
7316	0
7317	0
7318	1
7319	0
7320	2
7321	0
7322	0
7323	0
7324	0
7325	0
7326	0
7327	0
7328	0
7329	1
7330	0
7331	2
7332	1
7333	1
7334	1
7335	0
7336	0
7337	0
7338	1
7339	0
7340	0
7341	0
7342	1
7343	0
7344	0
7345	0
7346	0
7347	0
7348	1
7349	1
7350	0
7351	0
7352	0
7353	0
7354	0
7355	1
7356	0
7357	0
7358	1
7359	0
7360	1
7361	1
7362	1
7363	0
7364	0
7365	0
7366	0
7367	0
7368	0
7369	0
7370	0
7371	0
7372	0
7373	1
7374	0
7375	0
7376	0
7377	2
7378	0
7379	2
7380	1
7381	1
7382	2
7383	0
7384	0
7385	0
7386	1
7387	1
7388	0
7389	1
7390	0
7391	1
7392	0
7393	0
7394	0
7395	0
7396	1
7397	0
7398	0
7399	0
7400	0
7401	0
7402	0
7403	1
7404	0
7405	0
7406	0
7407	1
7408	0
7409	1
7410	1
7411	1
7412	0
7413	0
7414	0
7415	0
7416	0
7417	0
7418	0
7419	0
7420	0
7421	0
7422	0
7423	1
7424	0
7425	1
7426	0
7427	0
7428	0
7429	0
7430	0
7431	0
7432	1
7433	0
7434	1
7435	0
7436	0
7437	0
7438	0
7439	2
7440	1
7441	1
7442	3
7443	1
7444	0
7445	1
7446	0
7447	0
7448	1
7449	0
7450	0
7451	3
7452	0
7453	0
7454	0
7455	0
7456	1
7457	0
7458	0
7459	0
7460	0
7461	1
7462	0
7463	0
7464	0
7465	1
7466	0
7467	0
7468	0
7469	2
7470	0
7471	1
7472	0
7473	0
7474	0
7475	0
7476	0
7477	0
7478	1
7479	0
7480	2
7481	0
7482	1
7483	0
7484	0
7485	1
7486	2
7487	1
7488	0
7489	0
7490	0
7491	0
7492	0
7493	1
7494	0
7495	0
7496	0
7497	0
7498	0
7499	0
7500	0
7501	1
7502	0
7503	0
7504	0
7505	0
7506	0
7507	0
7508	1
7509	0
7510	2
7511	0
7512	1
7513	0
7514	0
7515	3
7516	0
7517	0
7518	0
7519	0
7520	0
7521	0
7522	0
7523	0
7524	1
7525	0
7526	1
7527	0
7528	1
7529	1
7530	0
7531	0
7532	1
7533	1
7534	1
7535	0
7536	0
7537	0
7538	0
7539	0
7540	0
7541	1
7542	1
7543	0
7544	0
7545	0
7546	0
7547	0
7548	0
7549	0
7550	1
7551	2
7552	0
7553	0
7554	0
7555	0
7556	0
7557	0
7558	0
7559	0
7560	0
7561	1
7562	0
7563	0
7564	0
7565	0
7566	0
7567	0
7568	0
7569	0
7570	0
7571	0
7572	1
7573	0
7574	0
7575	0
7576	0
7577	1
7578	0
7579	0
7580	0
7581	1
7582	0
7583	0
7584	0
7585	0
7586	1
7587	0
7588	0
7589	0
7590	0
7591	0
7592	1
7593	0
7594	0
7595	0
7596	1
7597	0
7598	0
7599	0
7600	1
7601	1
7602	0
7603	0
7604	0
7605	0
7606	0
7607	0
7608	0
7609	0
7610	0
7611	0
7612	0
7613	0
7614	0
7615	0
7616	1
7617	0
7618	0
7619	0
7620	0
7621	2
7622	0
7623	0
7624	0
7625	0
7626	0
7627	0
7628	0
7629	0
7630	1
7631	0
7632	0
7633	0
7634	1
7635	0
7636	0
7637	0
7638	0
7639	2
7640	0
7641	0
7642	0
7643	0
7644	1
7645	1
7646	0
7647	0
7648	0
7649	0
7650	0
7651	0
7652	0
7653	0
7654	0
7655	0
7656	0
7657	0
7658	0
7659	0
7660	0
7661	0
7662	0
7663	0
7664	1
7665	0
7666	1
7667	0
7668	0
7669	1
7670	0
7671	0
7672	0
7673	0
7674	0
7675	0
7676	1
7677	0
7678	0
7679	1
7680	0
7681	0
7682	0
7683	0
7684	0
7685	0
7686	1
7687	0
7688	0
7689	0
7690	0
7691	0
7692	0
7693	0
7694	2
7695	0
7696	2
7697	0
7698	0
7699	0
7700	0
7701	0
7702	0
7703	0
7704	0
7705	0
7706	0
7707	0
7708	0
7709	0
7710	0
7711	0
7712	1
7713	0
7714	2
7715	0
7716	0
7717	0
7718	1
7719	0
7720	0
7721	0
7722	1
7723	0
7724	0
7725	0
7726	0
7727	0
7728	0
7729	0
7730	0
7731	0
7732	1
7733	0
7734	0
7735	0
7736	0
7737	1
7738	0
7739	0
7740	0
7741	0
7742	0
7743	0
7744	0
7745	0
7746	0
7747	2
7748	0
7749	0
7750	0
7751	0
7752	1
7753	1
7754	0
7755	1
7756	0
7757	0
7758	0
7759	1
7760	3
7761	1
7762	1
7763	0
7764	0
7765	0
7766	0
7767	0
7768	0
7769	1
7770	0
7771	0
7772	1
7773	0
7774	1
7775	1
7776	0
7777	0
7778	1
7779	0
7780	0
7781	0
7782	0
7783	0
7784	1
7785	0
7786	0
7787	1
7788	1
7789	0
7790	0
7791	0
7792	0
7793	0
7794	0
7795	0
7796	0
7797	0
7798	1
7799	0
7800	0
7801	0
7802	0
7803	0
7804	0
7805	0
7806	0
7807	0
7808	1
7809	0
7810	0
7811	1
7812	0
7813	0
7814	1
7815	0
7816	0
7817	0
7818	0
7819	0
7820	0
7821	2
7822	0
7823	0
7824	0
7825	0
7826	0
7827	1
7828	0
7829	0
7830	0
7831	0
7832	0
7833	0
7834	0
7835	0
7836	0
7837	0
7838	0
7839	0
7840	1
7841	0
7842	0
7843	0
7844	0
7845	0
7846	0
7847	0
7848	0
7849	0
7850	0
7851	1
7852	0
7853	0
7854	0
7855	0
7856	0
7857	1
7858	0
7859	0
7860	0
7861	0
7862	0
7863	0
7864	0
7865	0
7866	1
7867	1
7868	0
7869	0
7870	0
7871	0
7872	0
7873	0
7874	0
7875	0
7876	0
7877	0
7878	1
7879	0
7880	0
7881	0
7882	0
7883	0
7884	0
7885	1
7886	1
7887	0
7888	0
7889	1
7890	1
7891	0
7892	0
7893	0
7894	0
7895	0
7896	1
7897	0
7898	0
7899	0
7900	0
7901	1
7902	0
7903	0
7904	0
7905	0
7906	1
7907	1
7908	0
7909	0
7910	0
7911	0
7912	0
7913	0
7914	0
7915	0
7916	0
7917	0
7918	0
7919	0
7920	0
7921	0
7922	0
7923	0
7924	0
7925	0
7926	0
7927	0
7928	0
7929	0
7930	0
7931	0
7932	0
7933	0
7934	0
7935	0
7936	0
7937	0
7938	0
7939	0
7940	0
7941	0
7942	0
7943	0
7944	0
7945	0
7946	0
7947	0
7948	0
7949	0
7950	0
7951	0
7952	0
7953	0
7954	0
7955	0
7956	0
7957	0
7958	0
7959	0
7960	0
7961	0
7962	0
7963	0
7964	0
7965	0
7966	0
7967	0
7968	0
7969	0
7970	0
7971	0
7972	0
7973	0
7974	0
7975	0
7976	0
7977	0
7978	0
7979	0
7980	0
7981	0
7982	0
7983	0
7984	0
7985	0
7986	0
7987	0
7988	0
7989	0
7990	0
7991	0
7992	0
7993	0
7994	0
7995	0
7996	0
7997	0
7998	0
7999	0
8000	0
8001	0
8002	0
8003	0
8004	0
8005	0
8006	0
8007	0
8008	0
8009	0
8010	0
8011	0
8012	0
8013	0
8014	0
8015	0
8016	0
8017	0
8018	0
8019	0
8020	0
8021	0
8022	0
8023	0
8024	0
8025	0
8026	0
8027	0
8028	0
8029	0
8030	0
8031	0
8032	0
8033	0
8034	0
8035	0
8036	0
8037	0
8038	0
8039	0
8040	0
8041	0
8042	0
8043	0
8044	0
8045	0
8046	0
8047	0
8048	0
8049	0
8050	0
8051	0
8052	0
8053	0
8054	0
8055	0
8056	0
8057	0
8058	0
8059	0
8060	0
8061	0
8062	0
8063	0
8064	0
8065	0
8066	0
8067	0
8068	0
8069	0
8070	0
8071	0
8072	0
8073	0
8074	0
8075	0
8076	0
8077	0
8078	0
8079	0
8080	0
8081	0
8082	0
8083	0
8084	0
8085	0
8086	0
8087	0
8088	0
8089	0
8090	0
8091	0
8092	0
8093	0
8094	0
8095	0
8096	0
8097	0
8098	0
8099	0
8100	0
8101	0
8102	0
8103	0
8104	0
8105	0
8106	0
8107	0
8108	0
8109	0
8110	0
8111	0
8112	0
8113	0
8114	0
8115	0
8116	0
8117	0
8118	0
8119	0
8120	0
8121	0
8122	0
8123	0
8124	0
8125	0
8126	0
8127	0
8128	0
8129	0
8130	0
8131	0
8132	0
8133	0
8134	0
8135	0
8136	0
8137	0
8138	0
8139	0
8140	0
8141	0
8142	0
8143	0
8144	0
8145	0
8146	0
8147	0
8148	0
8149	0
8150	0
8151	0
8152	0
8153	0
8154	0
8155	0
8156	0
8157	0
8158	0
8159	0
8160	0
8161	0
8162	0
8163	0
8164	0
8165	0
8166	0
8167	0
8168	0
8169	0
8170	0
8171	0
8172	0
8173	0
8174	0
8175	0
8176	0
8177	0
8178	0
8179	0
8180	0
8181	0
8182	0
8183	0
8184	0
8185	0
8186	0
8187	0
8188	0
8189	0
8190	0
8191	0
