0	0
1	0
2	0
3	0
4	0
5	0
6	0
7	0
8	0
9	0
10	0
11	0
12	0
13	0
14	0
15	0
16	0
17	0
18	0
19	0
20	0
21	0
22	0
23	0
24	0
25	0
26	0
27	0
28	0
29	0
30	0
31	0
32	0
33	0
34	0
35	0
36	0
37	0
38	0
39	0
40	0
41	0
42	0
43	0
44	0
45	0
46	0
47	0
48	0
49	0
50	0
51	0
52	0
53	0
54	0
55	0
56	0
57	0
58	0
59	0
60	0
61	0
62	0
63	0
64	0
65	0
66	0
67	0
68	0
69	0
70	0
71	0
72	0
73	0
74	0
75	0
76	0
77	0
78	0
79	0
80	0
81	0
82	0
83	10
84	22
85	29
86	29
87	29
88	22
89	22
90	29
91	16
92	27
93	19
94	23
95	28
96	32
97	24
98	22
99	34
100	27
101	33
102	20
103	29
104	31
105	29
106	29
107	35
108	33
109	30
110	27
111	31
112	25
113	29
114	38
115	21
116	28
117	33
118	20
119	35
120	23
121	34
122	26
123	30
124	18
125	25
126	38
127	23
128	32
129	35
130	20
131	27
132	35
133	28
134	30
135	25
136	24
137	35
138	28
139	28
140	30
141	25
142	37
143	26
144	26
145	27
146	27
147	23
148	29
149	34
150	24
151	35
152	21
153	30
154	34
155	33
156	33
157	25
158	31
159	35
160	27
161	31
162	39
163	28
164	18
165	31
166	27
167	42
168	28
169	29
170	22
171	29
172	33
173	25
174	19
175	34
176	28
177	17
178	24
179	24
180	28
181	36
182	27
183	25
184	24
185	32
186	24
187	32
188	30
189	28
190	26
191	34
192	24
193	35
194	28
195	26
196	33
197	38
198	28
199	30
200	22
201	39
202	32
203	34
204	22
205	31
206	30
207	18
208	34
209	23
210	22
211	34
212	32
213	29
214	33
215	33
216	43
217	24
218	30
219	31
220	26
221	26
222	26
223	29
224	32
225	26
226	36
227	34
228	28
229	33
230	27
231	32
232	23
233	33
234	33
235	34
236	31
237	30
238	28
239	36
240	30
241	34
242	33
243	29
244	33
245	29
246	26
247	43
248	36
249	31
250	35
251	28
252	29
253	30
254	24
255	29
256	25
257	34
258	25
259	27
260	32
261	21
262	30
263	33
264	38
265	40
266	21
267	27
268	24
269	27
270	28
271	28
272	26
273	39
274	49
275	38
276	30
277	46
278	27
279	33
280	33
281	38
282	35
283	26
284	37
285	37
286	36
287	26
288	37
289	33
290	26
291	29
292	38
293	39
294	39
295	41
296	34
297	19
298	32
299	36
300	22
301	37
302	41
303	31
304	34
305	30
306	37
307	30
308	34
309	33
310	22
311	32
312	45
313	29
314	40
315	23
316	34
317	29
318	33
319	25
320	29
321	20
322	24
323	24
324	34
325	31
326	29
327	33
328	35
329	38
330	24
331	44
332	33
333	34
334	30
335	27
336	34
337	37
338	34
339	35
340	24
341	32
342	22
343	19
344	23
345	32
346	25
347	29
348	26
349	29
350	28
351	35
352	30
353	23
354	35
355	26
356	34
357	31
358	38
359	29
360	33
361	46
362	39
363	32
364	35
365	30
366	27
367	33
368	34
369	34
370	35
371	40
372	29
373	33
374	26
375	27
376	29
377	34
378	40
379	32
380	29
381	17
382	31
383	33
384	27
385	28
386	36
387	35
388	41
389	26
390	30
391	28
392	26
393	25
394	32
395	28
396	31
397	26
398	33
399	34
400	31
401	30
402	27
403	45
404	19
405	42
406	34
407	22
408	31
409	29
410	37
411	24
412	31
413	31
414	23
415	38
416	32
417	36
418	35
419	35
420	34
421	34
422	32
423	28
424	37
425	37
426	46
427	27
428	29
429	26
430	29
431	38
432	26
433	31
434	30
435	38
436	31
437	33
438	35
439	30
440	30
441	28
442	37
443	33
444	34
445	33
446	39
447	44
448	36
449	35
450	43
451	34
452	38
453	40
454	34
455	40
456	27
457	22
458	41
459	34
460	44
461	36
462	43
463	33
464	39
465	35
466	36
467	41
468	41
469	28
470	40
471	41
472	51
473	41
474	39
475	48
476	52
477	49
478	41
479	46
480	51
481	45
482	47
483	32
484	38
485	43
486	50
487	46
488	53
489	45
490	53
491	42
492	54
493	42
494	48
495	45
496	46
497	50
498	52
499	53
500	52
501	57
502	49
503	54
504	51
505	42
506	61
507	57
508	43
509	49
510	40
511	52
512	52
513	38
514	55
515	49
516	60
517	54
518	56
519	46
520	55
521	51
522	51
523	47
524	50
525	39
526	42
527	55
528	54
529	42
530	63
531	55
532	49
533	46
534	48
535	42
536	44
537	70
538	50
539	41
540	48
541	43
542	42
543	42
544	46
545	43
546	40
547	47
548	44
549	48
550	41
551	45
552	52
553	33
554	52
555	37
556	47
557	45
558	37
559	52
560	35
561	40
562	40
563	46
564	41
565	51
566	42
567	38
568	42
569	38
570	44
571	35
572	39
573	50
574	36
575	47
576	45
577	47
578	40
579	58
580	40
581	47
582	37
583	47
584	38
585	39
586	43
587	47
588	48
589	50
590	39
591	49
592	31
593	42
594	37
595	43
596	42
597	44
598	43
599	36
600	42
601	42
602	46
603	32
604	54
605	32
606	34
607	43
608	47
609	38
610	35
611	39
612	43
613	33
614	31
615	38
616	39
617	32
618	40
619	36
620	39
621	38
622	38
623	40
624	39
625	45
626	29
627	48
628	42
629	34
630	48
631	37
632	34
633	39
634	41
635	45
636	46
637	35
638	32
639	42
640	42
641	42
642	34
643	54
644	41
645	31
646	33
647	46
648	33
649	36
650	41
651	41
652	42
653	42
654	36
655	42
656	35
657	48
658	44
659	32
660	36
661	33
662	34
663	35
664	42
665	31
666	39
667	41
668	35
669	47
670	43
671	42
672	39
673	31
674	34
675	51
676	34
677	36
678	35
679	39
680	50
681	42
682	61
683	36
684	37
685	42
686	39
687	43
688	35
689	46
690	42
691	34
692	40
693	58
694	54
695	41
696	45
697	34
698	31
699	35
700	36
701	36
702	46
703	41
704	39
705	46
706	35
707	50
708	47
709	32
710	34
711	51
712	40
713	34
714	45
715	47
716	34
717	32
718	32
719	36
720	42
721	44
722	54
723	47
724	38
725	44
726	46
727	38
728	45
729	36
730	35
731	30
732	40
733	55
734	49
735	42
736	33
737	40
738	34
739	45
740	51
741	40
742	40
743	44
744	47
745	43
746	55
747	46
748	38
749	53
750	55
751	48
752	36
753	47
754	51
755	36
756	42
757	34
758	46
759	53
760	34
761	37
762	44
763	40
764	41
765	47
766	33
767	50
768	41
769	40
770	44
771	48
772	55
773	53
774	51
775	45
776	41
777	44
778	39
779	41
780	34
781	50
782	51
783	34
784	42
785	40
786	31
787	58
788	48
789	59
790	59
791	47
792	55
793	48
794	59
795	45
796	57
797	65
798	60
799	41
800	30
801	49
802	45
803	47
804	49
805	44
806	53
807	63
808	51
809	54
810	43
811	43
812	61
813	48
814	48
815	60
816	54
817	49
818	50
819	48
820	63
821	52
822	49
823	45
824	44
825	47
826	40
827	50
828	43
829	43
830	53
831	53
832	45
833	59
834	46
835	61
836	53
837	50
838	40
839	50
840	57
841	52
842	40
843	55
844	33
845	57
846	52
847	58
848	46
849	52
850	42
851	51
852	49
853	42
854	43
855	61
856	55
857	61
858	42
859	41
860	60
861	45
862	58
863	45
864	53
865	42
866	56
867	50
868	49
869	40
870	57
871	50
872	60
873	54
874	44
875	60
876	54
877	46
878	45
879	54
880	55
881	56
882	50
883	46
884	64
885	51
886	44
887	48
888	51
889	47
890	48
891	45
892	46
893	35
894	70
895	54
896	67
897	53
898	67
899	58
900	56
901	50
902	37
903	48
904	47
905	45
906	43
907	57
908	56
909	51
910	58
911	50
912	54
913	43
914	51
915	49
916	48
917	51
918	47
919	50
920	39
921	58
922	47
923	44
924	63
925	62
926	56
927	48
928	46
929	44
930	60
931	61
932	57
933	54
934	48
935	46
936	59
937	51
938	64
939	65
940	48
941	62
942	59
943	42
944	53
945	54
946	61
947	43
948	41
949	60
950	41
951	47
952	48
953	51
954	58
955	54
956	59
957	58
958	61
959	50
960	53
961	71
962	62
963	52
964	56
965	60
966	63
967	53
968	54
969	50
970	47
971	49
972	67
973	56
974	46
975	52
976	56
977	48
978	48
979	60
980	43
981	75
982	50
983	53
984	52
985	53
986	62
987	44
988	49
989	73
990	68
991	50
992	46
993	54
994	54
995	54
996	52
997	53
998	47
999	47
1000	57
1001	60
1002	48
1003	54
1004	63
1005	68
1006	44
1007	53
1008	66
1009	56
1010	49
1011	53
1012	67
1013	35
1014	59
1015	35
1016	49
1017	64
1018	55
1019	54
1020	55
1021	51
1022	59
1023	54
1024	51
1025	53
1026	65
1027	56
1028	64
1029	55
1030	55
1031	66
1032	49
1033	54
1034	58
1035	49
1036	40
1037	37
1038	49
1039	53
1040	53
1041	46
1042	61
1043	58
1044	53
1045	50
1046	67
1047	53
1048	77
1049	58
1050	49
1051	53
1052	54
1053	65
1054	64
1055	66
1056	59
1057	60
1058	55
1059	69
1060	55
1061	65
1062	59
1063	62
1064	45
1065	67
1066	66
1067	53
1068	47
1069	49
1070	59
1071	64
1072	62
1073	61
1074	53
1075	46
1076	66
1077	59
1078	62
1079	62
1080	60
1081	58
1082	53
1083	57
1084	52
1085	45
1086	77
1087	51
1088	50
1089	66
1090	63
1091	62
1092	64
1093	57
1094	46
1095	42
1096	60
1097	65
1098	73
1099	50
1100	64
1101	49
1102	62
1103	60
1104	58
1105	54
1106	67
1107	48
1108	45
1109	64
1110	64
1111	40
1112	65
1113	65
1114	49
1115	65
1116	64
1117	54
1118	65
1119	69
1120	59
1121	57
1122	68
1123	47
1124	54
1125	63
1126	78
1127	52
1128	62
1129	63
1130	64
1131	68
1132	54
1133	54
1134	43
1135	65
1136	54
1137	65
1138	71
1139	59
1140	62
1141	73
1142	61
1143	71
1144	48
1145	56
1146	44
1147	57
1148	68
1149	77
1150	53
1151	55
1152	59
1153	65
1154	56
1155	74
1156	63
1157	64
1158	76
1159	47
1160	70
1161	60
1162	58
1163	56
1164	57
1165	54
1166	71
1167	54
1168	58
1169	41
1170	62
1171	61
1172	55
1173	51
1174	52
1175	66
1176	57
1177	48
1178	63
1179	60
1180	66
1181	70
1182	69
1183	64
1184	57
1185	88
1186	51
1187	64
1188	65
1189	44
1190	57
1191	72
1192	92
1193	57
1194	74
1195	53
1196	63
1197	60
1198	65
1199	61
1200	59
1201	52
1202	78
1203	62
1204	53
1205	63
1206	56
1207	66
1208	62
1209	65
1210	64
1211	71
1212	68
1213	69
1214	53
1215	62
1216	51
1217	58
1218	66
1219	50
1220	73
1221	50
1222	59
1223	60
1224	72
1225	61
1226	67
1227	61
1228	60
1229	65
1230	59
1231	62
1232	64
1233	60
1234	44
1235	60
1236	61
1237	73
1238	56
1239	61
1240	57
1241	63
1242	51
1243	55
1244	67
1245	52
1246	63
1247	65
1248	59
1249	62
1250	47
1251	77
1252	65
1253	58
1254	58
1255	66
1256	75
1257	71
1258	60
1259	73
1260	51
1261	61
1262	70
1263	61
1264	66
1265	57
1266	57
1267	68
1268	64
1269	60
1270	55
1271	55
1272	61
1273	63
1274	49
1275	55
1276	67
1277	73
1278	45
1279	68
1280	61
1281	68
1282	52
1283	52
1284	46
1285	58
1286	65
1287	67
1288	56
1289	51
1290	50
1291	57
1292	68
1293	69
1294	54
1295	64
1296	62
1297	58
1298	63
1299	68
1300	60
1301	64
1302	65
1303	64
1304	57
1305	56
1306	44
1307	66
1308	58
1309	58
1310	57
1311	62
1312	57
1313	59
1314	43
1315	55
1316	56
1317	53
1318	58
1319	74
1320	59
1321	57
1322	66
1323	62
1324	59
1325	55
1326	62
1327	65
1328	46
1329	60
1330	54
1331	60
1332	63
1333	54
1334	65
1335	45
1336	55
1337	57
1338	60
1339	58
1340	59
1341	48
1342	40
1343	47
1344	52
1345	57
1346	65
1347	61
1348	51
1349	70
1350	66
1351	53
1352	54
1353	53
1354	55
1355	70
1356	58
1357	53
1358	67
1359	57
1360	67
1361	69
1362	57
1363	63
1364	53
1365	47
1366	44
1367	63
1368	60
1369	66
1370	54
1371	48
1372	51
1373	53
1374	66
1375	52
1376	59
1377	52
1378	63
1379	34
1380	62
1381	59
1382	70
1383	57
1384	46
1385	55
1386	65
1387	57
1388	51
1389	71
1390	61
1391	57
1392	63
1393	56
1394	59
1395	52
1396	47
1397	54
1398	61
1399	55
1400	75
1401	60
1402	53
1403	63
1404	46
1405	66
1406	57
1407	65
1408	61
1409	46
1410	46
1411	60
1412	58
1413	58
1414	62
1415	61
1416	67
1417	55
1418	53
1419	54
1420	57
1421	55
1422	64
1423	50
1424	47
1425	53
1426	53
1427	53
1428	57
1429	66
1430	56
1431	42
1432	61
1433	70
1434	52
1435	44
1436	49
1437	38
1438	52
1439	42
1440	45
1441	72
1442	57
1443	55
1444	51
1445	50
1446	59
1447	52
1448	55
1449	51
1450	65
1451	63
1452	61
1453	53
1454	53
1455	46
1456	52
1457	57
1458	39
1459	50
1460	69
1461	63
1462	61
1463	56
1464	55
1465	62
1466	51
1467	48
1468	45
1469	61
1470	56
1471	62
1472	48
1473	50
1474	56
1475	63
1476	62
1477	61
1478	58
1479	57
1480	58
1481	52
1482	50
1483	50
1484	63
1485	70
1486	49
1487	50
1488	61
1489	57
1490	60
1491	48
1492	56
1493	41
1494	73
1495	63
1496	56
1497	42
1498	54
1499	53
1500	48
1501	49
1502	66
1503	54
1504	43
1505	52
1506	50
1507	57
1508	66
1509	67
1510	51
1511	55
1512	45
1513	63
1514	56
1515	56
1516	42
1517	44
1518	59
1519	65
1520	41
1521	72
1522	44
1523	63
1524	49
1525	45
1526	47
1527	51
1528	41
1529	50
1530	45
1531	50
1532	55
1533	43
1534	53
1535	55
1536	63
1537	56
1538	52
1539	51
1540	39
1541	60
1542	52
1543	68
1544	38
1545	46
1546	51
1547	58
1548	47
1549	48
1550	45
1551	64
1552	54
1553	53
1554	43
1555	58
1556	65
1557	54
1558	58
1559	58
1560	56
1561	68
1562	45
1563	54
1564	47
1565	60
1566	48
1567	44
1568	49
1569	51
1570	49
1571	64
1572	60
1573	53
1574	50
1575	42
1576	60
1577	70
1578	43
1579	51
1580	57
1581	47
1582	52
1583	41
1584	54
1585	49
1586	45
1587	49
1588	55
1589	39
1590	53
1591	60
1592	48
1593	53
1594	46
1595	47
1596	58
1597	47
1598	46
1599	43
1600	56
1601	53
1602	52
1603	55
1604	56
1605	59
1606	62
1607	43
1608	52
1609	39
1610	54
1611	47
1612	57
1613	59
1614	54
1615	64
1616	47
1617	47
1618	52
1619	55
1620	47
1621	44
1622	51
1623	40
1624	60
1625	58
1626	48
1627	51
1628	53
1629	52
1630	56
1631	47
1632	52
1633	48
1634	53
1635	53
1636	55
1637	44
1638	46
1639	50
1640	49
1641	46
1642	44
1643	45
1644	51
1645	52
1646	42
1647	47
1648	43
1649	44
1650	38
1651	53
1652	55
1653	52
1654	61
1655	47
1656	30
1657	50
1658	59
1659	52
1660	51
1661	47
1662	44
1663	46
1664	56
1665	60
1666	52
1667	46
1668	45
1669	41
1670	57
1671	39
1672	38
1673	56
1674	49
1675	46
1676	55
1677	47
1678	53
1679	44
1680	51
1681	58
1682	47
1683	55
1684	61
1685	51
1686	64
1687	40
1688	44
1689	43
1690	53
1691	70
1692	64
1693	44
1694	51
1695	45
1696	43
1697	44
1698	47
1699	47
1700	43
1701	52
1702	40
1703	37
1704	40
1705	51
1706	68
1707	57
1708	57
1709	44
1710	43
1711	49
1712	50
1713	55
1714	41
1715	45
1716	43
1717	46
1718	47
1719	58
1720	53
1721	52
1722	35
1723	53
1724	54
1725	47
1726	46
1727	39
1728	44
1729	47
1730	52
1731	61
1732	47
1733	45
1734	47
1735	39
1736	55
1737	47
1738	57
1739	47
1740	47
1741	45
1742	48
1743	31
1744	36
1745	38
1746	44
1747	34
1748	52
1749	51
1750	49
1751	53
1752	47
1753	47
1754	50
1755	51
1756	50
1757	44
1758	42
1759	51
1760	47
1761	52
1762	43
1763	44
1764	38
1765	49
1766	50
1767	48
1768	31
1769	43
1770	43
1771	46
1772	57
1773	47
1774	49
1775	38
1776	40
1777	51
1778	48
1779	39
1780	42
1781	43
1782	50
1783	55
1784	42
1785	50
1786	46
1787	40
1788	49
1789	45
1790	39
1791	51
1792	49
1793	48
1794	60
1795	53
1796	50
1797	52
1798	52
1799	40
1800	37
1801	35
1802	40
1803	39
1804	57
1805	50
1806	37
1807	49
1808	53
1809	52
1810	53
1811	49
1812	48
1813	52
1814	41
1815	38
1816	51
1817	39
1818	53
1819	43
1820	47
1821	48
1822	42
1823	44
1824	67
1825	45
1826	44
1827	49
1828	42
1829	43
1830	47
1831	45
1832	51
1833	57
1834	47
1835	49
1836	32
1837	47
1838	46
1839	46
1840	47
1841	35
1842	43
1843	42
1844	40
1845	37
1846	43
1847	41
1848	47
1849	41
1850	54
1851	53
1852	48
1853	49
1854	40
1855	42
1856	47
1857	48
1858	39
1859	47
1860	42
1861	42
1862	41
1863	41
1864	40
1865	45
1866	42
1867	44
1868	40
1869	51
1870	43
1871	39
1872	35
1873	33
1874	49
1875	51
1876	38
1877	38
1878	51
1879	47
1880	43
1881	39
1882	39
1883	38
1884	40
1885	44
1886	37
1887	36
1888	45
1889	34
1890	45
1891	33
1892	40
1893	41
1894	39
1895	50
1896	42
1897	36
1898	53
1899	50
1900	44
1901	45
1902	46
1903	34
1904	41
1905	34
1906	34
1907	45
1908	45
1909	31
1910	45
1911	57
1912	46
1913	42
1914	32
1915	35
1916	44
1917	48
1918	35
1919	43
1920	42
1921	43
1922	41
1923	41
1924	41
1925	35
1926	45
1927	48
1928	46
1929	44
1930	38
1931	45
1932	39
1933	41
1934	46
1935	40
1936	48
1937	38
1938	46
1939	35
1940	51
1941	41
1942	46
1943	36
1944	44
1945	42
1946	38
1947	46
1948	38
1949	49
1950	51
1951	40
1952	43
1953	46
1954	33
1955	48
1956	36
1957	50
1958	45
1959	71
1960	32
1961	44
1962	35
1963	37
1964	41
1965	43
1966	39
1967	40
1968	28
1969	42
1970	42
1971	60
1972	34
1973	38
1974	43
1975	33
1976	44
1977	42
1978	35
1979	34
1980	42
1981	35
1982	46
1983	33
1984	44
1985	50
1986	40
1987	58
1988	42
1989	30
1990	40
1991	41
1992	42
1993	50
1994	54
1995	42
1996	42
1997	41
1998	37
1999	35
2000	50
2001	49
2002	58
2003	33
2004	37
2005	42
2006	50
2007	46
2008	46
2009	43
2010	39
2011	44
2012	37
2013	49
2014	43
2015	43
2016	33
2017	31
2018	36
2019	38
2020	32
2021	30
2022	38
2023	43
2024	41
2025	51
2026	49
2027	37
2028	38
2029	35
2030	36
2031	39
2032	57
2033	51
2034	42
2035	46
2036	34
2037	45
2038	32
2039	35
2040	39
2041	37
2042	44
2043	33
2044	60
2045	33
2046	43
2047	43
2048	39
2049	41
2050	44
2051	36
2052	38
2053	40
2054	22
2055	33
2056	35
2057	39
2058	39
2059	35
2060	42
2061	27
2062	31
2063	38
2064	48
2065	36
2066	31
2067	39
2068	50
2069	46
2070	32
2071	56
2072	32
2073	39
2074	42
2075	59
2076	37
2077	45
2078	40
2079	38
2080	52
2081	52
2082	46
2083	42
2084	44
2085	35
2086	42
2087	38
2088	37
2089	54
2090	47
2091	35
2092	34
2093	33
2094	45
2095	45
2096	43
2097	31
2098	37
2099	40
2100	43
2101	38
2102	41
2103	36
2104	45
2105	30
2106	48
2107	49
2108	36
2109	52
2110	43
2111	49
2112	39
2113	32
2114	31
2115	47
2116	27
2117	50
2118	42
2119	48
2120	54
2121	40
2122	37
2123	47
2124	39
2125	40
2126	41
2127	47
2128	31
2129	42
2130	43
2131	41
2132	24
2133	40
2134	49
2135	36
2136	32
2137	36
2138	25
2139	37
2140	37
2141	37
2142	39
2143	42
2144	38
2145	39
2146	47
2147	35
2148	36
2149	44
2150	40
2151	43
2152	29
2153	43
2154	37
2155	40
2156	34
2157	54
2158	52
2159	36
2160	34
2161	49
2162	37
2163	40
2164	42
2165	29
2166	49
2167	47
2168	35
2169	40
2170	35
2171	49
2172	39
2173	38
2174	58
2175	50
2176	41
2177	38
2178	35
2179	37
2180	42
2181	41
2182	29
2183	46
2184	30
2185	42
2186	46
2187	39
2188	46
2189	33
2190	32
2191	46
2192	49
2193	43
2194	43
2195	28
2196	36
2197	47
2198	46
2199	41
2200	42
2201	34
2202	43
2203	42
2204	38
2205	31
2206	38
2207	29
2208	45
2209	35
2210	40
2211	47
2212	48
2213	46
2214	38
2215	35
2216	43
2217	48
2218	45
2219	41
2220	43
2221	52
2222	36
2223	36
2224	42
2225	38
2226	44
2227	32
2228	40
2229	38
2230	35
2231	38
2232	42
2233	38
2234	46
2235	46
2236	48
2237	60
2238	33
2239	48
2240	47
2241	34
2242	38
2243	40
2244	34
2245	37
2246	34
2247	36
2248	36
2249	42
2250	37
2251	39
2252	33
2253	46
2254	33
2255	34
2256	35
2257	55
2258	46
2259	30
2260	38
2261	47
2262	47
2263	34
2264	37
2265	34
2266	45
2267	27
2268	29
2269	22
2270	49
2271	43
2272	38
2273	28
2274	39
2275	37
2276	45
2277	42
2278	37
2279	29
2280	43
2281	36
2282	52
2283	27
2284	29
2285	42
2286	35
2287	36
2288	37
2289	45
2290	51
2291	30
2292	35
2293	39
2294	29
2295	44
2296	34
2297	30
2298	46
2299	36
2300	35
2301	28
2302	29
2303	41
2304	35
2305	40
2306	41
2307	35
2308	26
2309	18
2310	42
2311	35
2312	34
2313	46
2314	44
2315	41
2316	34
2317	46
2318	42
2319	41
2320	41
2321	35
2322	41
2323	47
2324	34
2325	37
2326	55
2327	40
2328	51
2329	39
2330	47
2331	27
2332	47
2333	37
2334	49
2335	34
2336	26
2337	47
2338	39
2339	46
2340	27
2341	37
2342	53
2343	39
2344	50
2345	42
2346	40
2347	34
2348	33
2349	26
2350	42
2351	24
2352	32
2353	40
2354	34
2355	21
2356	48
2357	31
2358	31
2359	28
2360	38
2361	41
2362	52
2363	43
2364	55
2365	36
2366	40
2367	42
2368	33
2369	38
2370	30
2371	32
2372	44
2373	33
2374	29
2375	41
2376	31
2377	41
2378	26
2379	43
2380	33
2381	33
2382	41
2383	34
2384	35
2385	24
2386	36
2387	45
2388	29
2389	32
2390	40
2391	33
2392	54
2393	34
2394	34
2395	32
2396	31
2397	40
2398	35
2399	40
2400	36
2401	32
2402	31
2403	32
2404	37
2405	31
2406	39
2407	39
2408	33
2409	31
2410	40
2411	28
2412	37
2413	43
2414	31
2415	34
2416	38
2417	35
2418	41
2419	35
2420	40
2421	41
2422	48
2423	45
2424	26
2425	42
2426	45
2427	36
2428	34
2429	24
2430	24
2431	38
2432	31
2433	42
2434	41
2435	37
2436	39
2437	33
2438	42
2439	25
2440	42
2441	31
2442	44
2443	36
2444	27
2445	26
2446	29
2447	43
2448	46
2449	19
2450	30
2451	27
2452	29
2453	44
2454	42
2455	35
2456	35
2457	26
2458	43
2459	38
2460	31
2461	40
2462	37
2463	32
2464	43
2465	44
2466	44
2467	43
2468	42
2469	42
2470	31
2471	30
2472	23
2473	34
2474	32
2475	36
2476	38
2477	38
2478	47
2479	42
2480	43
2481	25
2482	33
2483	33
2484	45
2485	41
2486	35
2487	36
2488	28
2489	44
2490	35
2491	32
2492	33
2493	42
2494	26
2495	40
2496	37
2497	31
2498	31
2499	35
2500	45
2501	36
2502	36
2503	33
2504	43
2505	42
2506	41
2507	33
2508	40
2509	22
2510	39
2511	38
2512	42
2513	35
2514	35
2515	27
2516	45
2517	40
2518	33
2519	45
2520	26
2521	35
2522	55
2523	29
2524	45
2525	35
2526	38
2527	31
2528	34
2529	41
2530	35
2531	38
2532	43
2533	36
2534	38
2535	46
2536	41
2537	36
2538	47
2539	39
2540	36
2541	50
2542	37
2543	26
2544	41
2545	45
2546	33
2547	41
2548	41
2549	35
2550	37
2551	30
2552	27
2553	39
2554	23
2555	44
2556	37
2557	29
2558	20
2559	44
2560	28
2561	34
2562	31
2563	34
2564	27
2565	29
2566	37
2567	35
2568	58
2569	36
2570	36
2571	38
2572	34
2573	34
2574	41
2575	23
2576	33
2577	29
2578	37
2579	37
2580	42
2581	34
2582	38
2583	29
2584	35
2585	35
2586	30
2587	35
2588	37
2589	43
2590	49
2591	43
2592	38
2593	42
2594	30
2595	31
2596	28
2597	46
2598	21
2599	36
2600	48
2601	39
2602	25
2603	32
2604	30
2605	29
2606	37
2607	45
2608	48
2609	40
2610	34
2611	34
2612	37
2613	39
2614	33
2615	41
2616	30
2617	43
2618	40
2619	41
2620	26
2621	39
2622	31
2623	28
2624	41
2625	35
2626	41
2627	32
2628	34
2629	36
2630	38
2631	30
2632	43
2633	37
2634	47
2635	42
2636	39
2637	33
2638	41
2639	28
2640	39
2641	36
2642	34
2643	39
2644	33
2645	49
2646	41
2647	41
2648	35
2649	30
2650	38
2651	37
2652	32
2653	40
2654	29
2655	36
2656	38
2657	27
2658	33
2659	33
2660	35
2661	32
2662	39
2663	29
2664	33
2665	32
2666	29
2667	32
2668	32
2669	31
2670	35
2671	30
2672	40
2673	36
2674	37
2675	33
2676	35
2677	33
2678	38
2679	42
2680	38
2681	33
2682	27
2683	34
2684	32
2685	41
2686	37
2687	36
2688	30
2689	30
2690	28
2691	32
2692	36
2693	39
2694	31
2695	36
2696	31
2697	32
2698	32
2699	31
2700	28
2701	35
2702	46
2703	41
2704	41
2705	35
2706	34
2707	37
2708	47
2709	32
2710	37
2711	46
2712	32
2713	37
2714	30
2715	35
2716	37
2717	40
2718	34
2719	32
2720	27
2721	47
2722	30
2723	31
2724	34
2725	38
2726	27
2727	34
2728	55
2729	39
2730	42
2731	29
2732	26
2733	30
2734	30
2735	34
2736	29
2737	39
2738	34
2739	33
2740	35
2741	29
2742	30
2743	33
2744	30
2745	32
2746	38
2747	26
2748	36
2749	27
2750	29
2751	31
2752	30
2753	38
2754	36
2755	34
2756	36
2757	38
2758	29
2759	33
2760	28
2761	30
2762	29
2763	40
2764	37
2765	39
2766	41
2767	29
2768	41
2769	36
2770	35
2771	28
2772	34
2773	41
2774	40
2775	24
2776	25
2777	32
2778	29
2779	26
2780	41
2781	38
2782	28
2783	35
2784	39
2785	41
2786	27
2787	17
2788	40
2789	38
2790	32
2791	26
2792	40
2793	24
2794	29
2795	37
2796	40
2797	31
2798	33
2799	37
2800	31
2801	32
2802	38
2803	40
2804	28
2805	33
2806	29
2807	34
2808	26
2809	39
2810	26
2811	29
2812	40
2813	27
2814	28
2815	30
2816	30
2817	31
2818	38
2819	36
2820	29
2821	33
2822	28
2823	42
2824	35
2825	21
2826	32
2827	23
2828	35
2829	26
2830	34
2831	27
2832	30
2833	39
2834	29
2835	30
2836	27
2837	25
2838	19
2839	29
2840	32
2841	31
2842	31
2843	24
2844	33
2845	32
2846	17
2847	28
2848	32
2849	29
2850	31
2851	36
2852	39
2853	30
2854	36
2855	32
2856	25
2857	30
2858	30
2859	34
2860	33
2861	16
2862	27
2863	30
2864	23
2865	37
2866	27
2867	24
2868	22
2869	34
2870	39
2871	23
2872	26
2873	42
2874	26
2875	29
2876	38
2877	34
2878	34
2879	32
2880	32
2881	34
2882	34
2883	33
2884	28
2885	38
2886	26
2887	32
2888	36
2889	27
2890	36
2891	23
2892	31
2893	31
2894	20
2895	26
2896	21
2897	26
2898	29
2899	36
2900	28
2901	26
2902	25
2903	33
2904	30
2905	36
2906	28
2907	33
2908	28
2909	33
2910	34
2911	23
2912	25
2913	40
2914	25
2915	31
2916	32
2917	28
2918	24
2919	33
2920	39
2921	38
2922	44
2923	23
2924	27
2925	31
2926	28
2927	23
2928	26
2929	29
2930	33
2931	26
2932	32
2933	30
2934	29
2935	30
2936	29
2937	34
2938	26
2939	28
2940	39
2941	27
2942	22
2943	28
2944	30
2945	30
2946	23
2947	22
2948	20
2949	33
2950	17
2951	29
2952	31
2953	36
2954	22
2955	27
2956	40
2957	24
2958	22
2959	21
2960	27
2961	32
2962	21
2963	21
2964	34
2965	29
2966	39
2967	37
2968	25
2969	26
2970	24
2971	31
2972	26
2973	34
2974	24
2975	31
2976	24
2977	17
2978	30
2979	34
2980	25
2981	34
2982	46
2983	31
2984	25
2985	34
2986	37
2987	28
2988	29
2989	31
2990	23
2991	29
2992	33
2993	33
2994	35
2995	20
2996	30
2997	27
2998	23
2999	26
3000	22
3001	35
3002	31
3003	27
3004	24
3005	30
3006	19
3007	36
3008	24
3009	24
3010	31
3011	25
3012	37
3013	25
3014	39
3015	27
3016	31
3017	35
3018	22
3019	29
3020	31
3021	30
3022	36
3023	24
3024	21
3025	30
3026	32
3027	25
3028	16
3029	25
3030	37
3031	30
3032	34
3033	36
3034	31
3035	24
3036	24
3037	23
3038	22
3039	31
3040	30
3041	14
3042	29
3043	26
3044	32
3045	21
3046	24
3047	25
3048	34
3049	23
3050	28
3051	21
3052	24
3053	34
3054	30
3055	20
3056	25
3057	37
3058	28
3059	25
3060	23
3061	20
3062	27
3063	25
3064	23
3065	24
3066	26
3067	27
3068	25
3069	30
3070	20
3071	36
3072	34
3073	19
3074	23
3075	25
3076	29
3077	36
3078	32
3079	34
3080	29
3081	25
3082	31
3083	19
3084	24
3085	31
3086	32
3087	29
3088	27
3089	24
3090	25
3091	24
3092	25
3093	37
3094	23
3095	16
3096	33
3097	26
3098	28
3099	38
3100	19
3101	39
3102	23
3103	33
3104	42
3105	38
3106	35
3107	29
3108	27
3109	36
3110	30
3111	26
3112	28
3113	38
3114	27
3115	17
3116	25
3117	18
3118	29
3119	25
3120	26
3121	26
3122	20
3123	29
3124	30
3125	21
3126	26
3127	20
3128	34
3129	24
3130	21
3131	30
3132	18
3133	23
3134	24
3135	26
3136	32
3137	32
3138	21
3139	28
3140	27
3141	38
3142	37
3143	26
3144	34
3145	27
3146	22
3147	29
3148	31
3149	25
3150	39
3151	25
3152	28
3153	22
3154	22
3155	24
3156	27
3157	23
3158	29
3159	23
3160	34
3161	31
3162	21
3163	41
3164	25
3165	24
3166	31
3167	32
3168	27
3169	35
3170	23
3171	22
3172	34
3173	30
3174	25
3175	32
3176	35
3177	23
3178	35
3179	21
3180	24
3181	32
3182	30
3183	27
3184	21
3185	22
3186	33
3187	33
3188	25
3189	34
3190	27
3191	28
3192	27
3193	29
3194	24
3195	20
3196	26
3197	28
3198	24
3199	20
3200	22
3201	36
3202	33
3203	19
3204	35
3205	23
3206	28
3207	28
3208	29
3209	25
3210	22
3211	33
3212	29
3213	29
3214	20
3215	27
3216	34
3217	22
3218	24
3219	21
3220	31
3221	35
3222	29
3223	31
3224	20
3225	29
3226	32
3227	25
3228	33
3229	27
3230	20
3231	27
3232	26
3233	26
3234	16
3235	17
3236	38
3237	26
3238	21
3239	30
3240	29
3241	12
3242	38
3243	22
3244	29
3245	29
3246	27
3247	24
3248	26
3249	19
3250	24
3251	26
3252	32
3253	27
3254	22
3255	23
3256	30
3257	38
3258	28
3259	24
3260	31
3261	30
3262	29
3263	34
3264	30
3265	22
3266	35
3267	14
3268	22
3269	37
3270	33
3271	29
3272	22
3273	28
3274	28
3275	30
3276	27
3277	26
3278	32
3279	29
3280	26
3281	21
3282	25
3283	26
3284	28
3285	24
3286	28
3287	20
3288	28
3289	29
3290	27
3291	25
3292	29
3293	34
3294	18
3295	27
3296	26
3297	30
3298	20
3299	27
3300	26
3301	20
3302	26
3303	27
3304	24
3305	21
3306	35
3307	30
3308	23
3309	22
3310	37
3311	28
3312	25
3313	26
3314	30
3315	30
3316	27
3317	29
3318	25
3319	30
3320	22
3321	35
3322	36
3323	19
3324	28
3325	31
3326	27
3327	30
3328	32
3329	38
3330	26
3331	36
3332	27
3333	24
3334	33
3335	27
3336	38
3337	29
3338	19
3339	22
3340	27
3341	23
3342	35
3343	25
3344	24
3345	25
3346	36
3347	30
3348	23
3349	24
3350	27
3351	24
3352	24
3353	32
3354	33
3355	28
3356	28
3357	32
3358	26
3359	20
3360	19
3361	19
3362	35
3363	30
3364	28
3365	31
3366	28
3367	24
3368	20
3369	25
3370	32
3371	22
3372	25
3373	24
3374	35
3375	22
3376	27
3377	27
3378	33
3379	24
3380	23
3381	27
3382	24
3383	25
3384	31
3385	28
3386	32
3387	26
3388	31
3389	36
3390	21
3391	14
3392	38
3393	26
3394	20
3395	35
3396	26
3397	24
3398	32
3399	25
3400	35
3401	33
3402	27
3403	23
3404	25
3405	33
3406	27
3407	19
3408	34
3409	23
3410	27
3411	30
3412	29
3413	24
3414	29
3415	26
3416	29
3417	34
3418	32
3419	35
3420	20
3421	24
3422	30
3423	27
3424	21
3425	37
3426	26
3427	27
3428	29
3429	22
3430	31
3431	32
3432	26
3433	30
3434	27
3435	26
3436	27
3437	29
3438	26
3439	28
3440	40
3441	31
3442	37
3443	23
3444	26
3445	28
3446	19
3447	22
3448	21
3449	37
3450	29
3451	33
3452	28
3453	18
3454	27
3455	26
3456	24
3457	23
3458	25
3459	37
3460	24
3461	31
3462	30
3463	29
3464	24
3465	38
3466	33
3467	25
3468	20
3469	31
3470	31
3471	19
3472	12
3473	26
3474	35
3475	23
3476	30
3477	27
3478	25
3479	31
3480	24
3481	20
3482	37
3483	21
3484	26
3485	32
3486	29
3487	32
3488	27
3489	32
3490	32
3491	20
3492	30
3493	37
3494	29
3495	37
3496	30
3497	27
3498	22
3499	31
3500	26
3501	32
3502	38
3503	32
3504	32
3505	31
3506	28
3507	21
3508	34
3509	33
3510	24
3511	32
3512	29
3513	34
3514	26
3515	34
3516	31
3517	28
3518	22
3519	34
3520	25
3521	32
3522	43
3523	27
3524	27
3525	30
3526	25
3527	21
3528	30
3529	31
3530	31
3531	28
3532	24
3533	24
3534	31
3535	38
3536	30
3537	40
3538	32
3539	31
3540	32
3541	32
3542	29
3543	33
3544	30
3545	29
3546	23
3547	24
3548	31
3549	30
3550	33
3551	33
3552	36
3553	30
3554	27
3555	26
3556	33
3557	38
3558	29
3559	29
3560	31
3561	36
3562	25
3563	33
3564	27
3565	41
3566	36
3567	35
3568	41
3569	26
3570	28
3571	39
3572	32
3573	25
3574	27
3575	21
3576	22
3577	25
3578	38
3579	26
3580	29
3581	22
3582	33
3583	29
3584	41
3585	28
3586	38
3587	23
3588	28
3589	28
3590	32
3591	35
3592	29
3593	31
3594	25
3595	26
3596	25
3597	32
3598	38
3599	33
3600	31
3601	31
3602	31
3603	41
3604	24
3605	34
3606	34
3607	28
3608	27
3609	24
3610	33
3611	32
3612	26
3613	37
3614	28
3615	34
3616	37
3617	39
3618	36
3619	34
3620	40
3621	32
3622	21
3623	20
3624	41
3625	17
3626	28
3627	28
3628	30
3629	23
3630	30
3631	25
3632	30
3633	33
3634	32
3635	31
3636	34
3637	38
3638	36
3639	31
3640	29
3641	28
3642	27
3643	28
3644	36
3645	29
3646	19
3647	36
3648	35
3649	29
3650	33
3651	28
3652	38
3653	37
3654	35
3655	26
3656	39
3657	20
3658	31
3659	31
3660	25
3661	34
3662	28
3663	41
3664	38
3665	31
3666	33
3667	33
3668	30
3669	32
3670	25
3671	32
3672	30
3673	31
3674	44
3675	27
3676	27
3677	29
3678	30
3679	20
3680	34
3681	24
3682	30
3683	32
3684	36
3685	22
3686	27
3687	20
3688	29
3689	32
3690	39
3691	27
3692	31
3693	41
3694	33
3695	24
3696	31
3697	38
3698	27
3699	36
3700	33
3701	23
3702	32
3703	29
3704	35
3705	32
3706	30
3707	29
3708	39
3709	39
3710	40
3711	35
3712	41
3713	44
3714	26
3715	31
3716	30
3717	39
3718	31
3719	30
3720	31
3721	27
3722	46
3723	34
3724	30
3725	34
3726	28
3727	43
3728	27
3729	25
3730	33
3731	28
3732	28
3733	29
3734	31
3735	39
3736	28
3737	36
3738	27
3739	30
3740	31
3741	36
3742	33
3743	25
3744	39
3745	32
3746	33
3747	35
3748	32
3749	41
3750	31
3751	30
3752	32
3753	35
3754	37
3755	38
3756	20
3757	31
3758	35
3759	28
3760	34
3761	33
3762	32
3763	40
3764	27
3765	33
3766	25
3767	39
3768	40
3769	30
3770	41
3771	36
3772	30
3773	33
3774	32
3775	28
3776	35
3777	31
3778	43
3779	39
3780	29
3781	35
3782	43
3783	35
3784	46
3785	33
3786	33
3787	32
3788	35
3789	32
3790	40
3791	35
3792	33
3793	42
3794	26
3795	42
3796	34
3797	34
3798	41
3799	29
3800	36
3801	27
3802	32
3803	41
3804	41
3805	38
3806	40
3807	39
3808	34
3809	36
3810	38
3811	28
3812	31
3813	39
3814	38
3815	33
3816	36
3817	39
3818	41
3819	35
3820	33
3821	37
3822	38
3823	27
3824	41
3825	39
3826	37
3827	41
3828	33
3829	31
3830	39
3831	36
3832	49
3833	31
3834	36
3835	33
3836	46
3837	40
3838	31
3839	37
3840	43
3841	44
3842	39
3843	32
3844	37
3845	37
3846	40
3847	34
3848	45
3849	43
3850	39
3851	35
3852	35
3853	45
3854	37
3855	43
3856	48
3857	52
3858	42
3859	29
3860	38
3861	51
3862	43
3863	38
3864	35
3865	30
3866	58
3867	46
3868	37
3869	51
3870	53
3871	45
3872	46
3873	45
3874	46
3875	45
3876	36
3877	43
3878	44
3879	27
3880	23
3881	47
3882	42
3883	52
3884	49
3885	41
3886	47
3887	28
3888	48
3889	33
3890	46
3891	48
3892	42
3893	42
3894	47
3895	40
3896	43
3897	36
3898	38
3899	29
3900	42
3901	36
3902	42
3903	43
3904	51
3905	40
3906	46
3907	44
3908	43
3909	35
3910	44
3911	37
3912	39
3913	31
3914	44
3915	40
3916	33
3917	48
3918	43
3919	41
3920	33
3921	34
3922	42
3923	40
3924	38
3925	29
3926	49
3927	35
3928	35
3929	50
3930	42
3931	55
3932	50
3933	39
3934	48
3935	44
3936	42
3937	36
3938	44
3939	47
3940	45
3941	38
3942	34
3943	45
3944	50
3945	38
3946	42
3947	42
3948	42
3949	41
3950	42
3951	52
3952	42
3953	44
3954	46
3955	49
3956	63
3957	47
3958	44
3959	41
3960	35
3961	50
3962	61
3963	54
3964	59
3965	52
3966	52
3967	48
3968	57
3969	48
3970	55
3971	60
3972	58
3973	49
3974	46
3975	52
3976	49
3977	56
3978	49
3979	55
3980	54
3981	63
3982	40
3983	44
3984	44
3985	53
3986	68
3987	52
3988	66
3989	61
3990	51
3991	41
3992	51
3993	50
3994	61
3995	54
3996	47
3997	47
3998	61
3999	47
4000	47
4001	59
4002	34
4003	43
4004	48
4005	47
4006	44
4007	60
4008	47
4009	67
4010	41
4011	45
4012	58
4013	50
4014	57
4015	64
4016	43
4017	65
4018	66
4019	56
4020	55
4021	72
4022	59
4023	61
4024	61
4025	63
4026	52
4027	52
4028	52
4029	59
4030	64
4031	66
4032	58
4033	50
4034	53
4035	68
4036	63
4037	54
4038	49
4039	51
4040	53
4041	49
4042	60
4043	44
4044	53
4045	63
4046	66
4047	52
4048	62
4049	66
4050	55
4051	57
4052	68
4053	56
4054	63
4055	70
4056	56
4057	56
4058	54
4059	67
4060	55
4061	59
4062	61
4063	57
4064	67
4065	59
4066	62
4067	64
4068	58
4069	54
4070	66
4071	58
4072	61
4073	56
4074	70
4075	48
4076	42
4077	51
4078	76
4079	62
4080	57
4081	71
4082	71
4083	59
4084	73
4085	70
4086	72
4087	63
4088	52
4089	51
4090	59
4091	54
4092	73
4093	59
4094	55
4095	57
4096	65
4097	71
4098	57
4099	56
4100	56
4101	56
4102	66
4103	51
4104	60
4105	50
4106	74
4107	62
4108	62
4109	54
4110	56
4111	59
4112	65
4113	50
4114	63
4115	68
4116	68
4117	53
4118	60
4119	54
4120	80
4121	68
4122	61
4123	54
4124	59
4125	63
4126	57
4127	72
4128	65
4129	56
4130	50
4131	53
4132	60
4133	55
4134	67
4135	54
4136	54
4137	60
4138	51
4139	53
4140	58
4141	56
4142	55
4143	67
4144	66
4145	45
4146	51
4147	63
4148	56
4149	50
4150	59
4151	49
4152	63
4153	55
4154	50
4155	57
4156	51
4157	59
4158	83
4159	63
4160	52
4161	62
4162	52
4163	59
4164	53
4165	49
4166	45
4167	54
4168	44
4169	51
4170	63
4171	70
4172	55
4173	40
4174	43
4175	55
4176	52
4177	49
4178	47
4179	56
4180	49
4181	53
4182	50
4183	45
4184	61
4185	52
4186	55
4187	48
4188	48
4189	45
4190	59
4191	44
4192	44
4193	57
4194	60
4195	47
4196	48
4197	53
4198	57
4199	58
4200	52
4201	38
4202	35
4203	42
4204	39
4205	44
4206	62
4207	50
4208	42
4209	44
4210	47
4211	49
4212	43
4213	52
4214	60
4215	46
4216	28
4217	41
4218	45
4219	38
4220	49
4221	49
4222	31
4223	40
4224	43
4225	50
4226	35
4227	52
4228	36
4229	50
4230	41
4231	44
4232	45
4233	33
4234	26
4235	35
4236	38
4237	41
4238	35
4239	45
4240	42
4241	36
4242	41
4243	40
4244	33
4245	40
4246	42
4247	47
4248	30
4249	34
4250	38
4251	32
4252	32
4253	36
4254	41
4255	32
4256	32
4257	28
4258	28
4259	22
4260	31
4261	36
4262	29
4263	42
4264	18
4265	30
4266	37
4267	33
4268	32
4269	27
4270	36
4271	19
4272	34
4273	32
4274	27
4275	29
4276	24
4277	23
4278	34
4279	27
4280	26
4281	26
4282	31
4283	24
4284	22
4285	24
4286	21
4287	25
4288	26
4289	25
4290	25
4291	25
4292	26
4293	26
4294	19
4295	40
4296	18
4297	21
4298	21
4299	18
4300	15
4301	24
4302	15
4303	18
4304	26
4305	22
4306	17
4307	15
4308	19
4309	19
4310	15
4311	23
4312	16
4313	17
4314	15
4315	22
4316	19
4317	20
4318	21
4319	16
4320	18
4321	14
4322	14
4323	23
4324	17
4325	16
4326	14
4327	15
4328	25
4329	21
4330	19
4331	12
4332	9
4333	16
4334	18
4335	12
4336	16
4337	16
4338	12
4339	19
4340	14
4341	13
4342	13
4343	17
4344	12
4345	13
4346	12
4347	15
4348	11
4349	18
4350	12
4351	8
4352	12
4353	8
4354	12
4355	13
4356	14
4357	12
4358	15
4359	12
4360	7
4361	10
4362	7
4363	11
4364	7
4365	9
4366	11
4367	9
4368	10
4369	11
4370	9
4371	5
4372	9
4373	8
4374	11
4375	4
4376	10
4377	9
4378	6
4379	13
4380	7
4381	12
4382	5
4383	3
4384	11
4385	10
4386	8
4387	8
4388	6
4389	5
4390	4
4391	6
4392	9
4393	7
4394	5
4395	2
4396	5
4397	1
4398	5
4399	3
4400	6
4401	8
4402	6
4403	4
4404	2
4405	6
4406	8
4407	4
4408	3
4409	7
4410	4
4411	3
4412	4
4413	5
4414	6
4415	2
4416	4
4417	8
4418	5
4419	4
4420	2
4421	4
4422	4
4423	1
4424	4
4425	4
4426	1
4427	3
4428	1
4429	4
4430	2
4431	7
4432	7
4433	3
4434	1
4435	4
4436	2
4437	2
4438	3
4439	2
4440	3
4441	2
4442	1
4443	3
4444	3
4445	1
4446	2
4447	2
4448	1
4449	2
4450	2
4451	1
4452	4
4453	3
4454	3
4455	3
4456	6
4457	0
4458	1
4459	3
4460	2
4461	3
4462	3
4463	2
4464	2
4465	2
4466	2
4467	2
4468	0
4469	0
4470	0
4471	2
4472	3
4473	2
4474	2
4475	3
4476	1
4477	1
4478	3
4479	0
4480	4
4481	4
4482	1
4483	4
4484	3
4485	0
4486	1
4487	0
4488	2
4489	0
4490	1
4491	2
4492	0
4493	0
4494	0
4495	2
4496	3
4497	3
4498	1
4499	3
4500	0
4501	3
4502	5
4503	2
4504	0
4505	0
4506	2
4507	1
4508	1
4509	2
4510	0
4511	1
4512	1
4513	0
4514	0
4515	1
4516	0
4517	0
4518	1
4519	0
4520	2
4521	0
4522	0
4523	0
4524	1
4525	0
4526	1
4527	1
4528	0
4529	0
4530	0
4531	1
4532	0
4533	1
4534	1
4535	0
4536	0
4537	1
4538	1
4539	2
4540	0
4541	0
4542	2
4543	3
4544	0
4545	0
4546	2
4547	0
4548	1
4549	1
4550	2
4551	0
4552	1
4553	0
4554	0
4555	0
4556	0
4557	1
4558	0
4559	0
4560	3
4561	3
4562	0
4563	1
4564	1
4565	2
4566	0
4567	4
4568	0
4569	1
4570	0
4571	1
4572	0
4573	0
4574	2
4575	0
4576	0
4577	2
4578	1
4579	0
4580	1
4581	2
4582	2
4583	1
4584	1
4585	1
4586	0
4587	1
4588	0
4589	1
4590	0
4591	0
4592	0
4593	0
4594	0
4595	0
4596	0
4597	1
4598	2
4599	1
4600	1
4601	2
4602	1
4603	1
4604	0
4605	0
4606	1
4607	1
4608	0
4609	0
4610	0
4611	3
4612	1
4613	1
4614	2
4615	0
4616	0
4617	1
4618	1
4619	1
4620	0
4621	0
4622	2
4623	1
4624	0
4625	1
4626	2
4627	0
4628	2
4629	1
4630	1
4631	1
4632	0
4633	1
4634	0
4635	0
4636	0
4637	0
4638	0
4639	2
4640	0
4641	1
4642	0
4643	1
4644	1
4645	0
4646	0
4647	0
4648	0
4649	1
4650	1
4651	2
4652	1
4653	0
4654	3
4655	1
4656	1
4657	1
4658	2
4659	0
4660	3
4661	1
4662	1
4663	0
4664	1
4665	1
4666	0
4667	0
4668	0
4669	0
4670	0
4671	0
4672	0
4673	0
4674	0
4675	0
4676	0
4677	1
4678	1
4679	1
4680	0
4681	2
4682	1
4683	1
4684	1
4685	1
4686	0
4687	0
4688	1
4689	0
4690	1
4691	0
4692	3
4693	0
4694	1
4695	1
4696	1
4697	1
4698	1
4699	0
4700	2
4701	0
4702	3
4703	1
4704	0
4705	0
4706	0
4707	0
4708	2
4709	0
4710	0
4711	1
4712	1
4713	0
4714	3
4715	0
4716	2
4717	0
4718	0
4719	1
4720	0
4721	1
4722	0
4723	2
4724	0
4725	0
4726	0
4727	1
4728	0
4729	1
4730	0
4731	2
4732	0
4733	1
4734	1
4735	2
4736	0
4737	0
4738	0
4739	1
4740	2
4741	2
4742	0
4743	0
4744	1
4745	0
4746	0
4747	1
4748	1
4749	1
4750	3
4751	1
4752	0
4753	1
4754	0
4755	1
4756	0
4757	1
4758	0
4759	1
4760	0
4761	0
4762	0
4763	2
4764	1
4765	0
4766	0
4767	0
4768	1
4769	1
4770	0
4771	1
4772	2
4773	0
4774	0
4775	2
4776	1
4777	3
4778	0
4779	1
4780	0
4781	1
4782	0
4783	1
4784	2
4785	0
4786	1
4787	1
4788	1
4789	0
4790	1
4791	0
4792	1
4793	0
4794	3
4795	1
4796	3
4797	1
4798	0
4799	1
4800	0
4801	1
4802	1
4803	0
4804	0
4805	0
4806	1
4807	0
4808	0
4809	0
4810	1
4811	2
4812	0
4813	0
4814	0
4815	0
4816	1
4817	1
4818	0
4819	1
4820	0
4821	0
4822	2
4823	1
4824	1
4825	1
4826	0
4827	1
4828	0
4829	1
4830	1
4831	1
4832	3
4833	2
4834	1
4835	1
4836	0
4837	0
4838	2
4839	3
4840	0
4841	1
4842	1
4843	1
4844	1
4845	0
4846	0
4847	0
4848	0
4849	1
4850	0
4851	0
4852	0
4853	0
4854	0
4855	1
4856	1
4857	1
4858	0
4859	2
4860	1
4861	0
4862	1
4863	0
4864	1
4865	1
4866	0
4867	0
4868	1
4869	1
4870	0
4871	0
4872	0
4873	2
4874	1
4875	0
4876	0
4877	0
4878	0
4879	1
4880	2
4881	1
4882	0
4883	2
4884	0
4885	2
4886	2
4887	0
4888	1
4889	2
4890	1
4891	1
4892	1
4893	0
4894	0
4895	2
4896	1
4897	0
4898	1
4899	1
4900	0
4901	0
4902	1
4903	0
4904	3
4905	4
4906	1
4907	0
4908	3
4909	1
4910	0
4911	1
4912	0
4913	1
4914	0
4915	1
4916	1
4917	1
4918	1
4919	0
4920	2
4921	2
4922	0
4923	0
4924	4
4925	1
4926	2
4927	1
4928	3
4929	2
4930	1
4931	0
4932	4
4933	0
4934	1
4935	0
4936	0
4937	0
4938	0
4939	1
4940	1
4941	2
4942	1
4943	2
4944	2
4945	0
4946	0
4947	0
4948	0
4949	1
4950	1
4951	1
4952	1
4953	0
4954	1
4955	0
4956	0
4957	2
4958	1
4959	1
4960	1
4961	0
4962	0
4963	1
4964	1
4965	0
4966	0
4967	0
4968	2
4969	0
4970	2
4971	0
4972	0
4973	2
4974	2
4975	2
4976	1
4977	1
4978	1
4979	0
4980	0
4981	0
4982	1
4983	2
4984	1
4985	1
4986	1
4987	0
4988	0
4989	0
4990	1
4991	0
4992	1
4993	1
4994	0
4995	1
4996	0
4997	0
4998	0
4999	0
5000	0
5001	1
5002	0
5003	0
5004	0
5005	0
5006	0
5007	0
5008	1
5009	2
5010	0
5011	0
5012	0
5013	0
5014	0
5015	0
5016	0
5017	1
5018	1
5019	0
5020	0
5021	1
5022	1
5023	0
5024	0
5025	0
5026	1
5027	0
5028	0
5029	1
5030	3
5031	1
5032	0
5033	3
5034	2
5035	1
5036	1
5037	0
5038	0
5039	0
5040	1
5041	1
5042	1
5043	0
5044	0
5045	2
5046	1
5047	0
5048	1
5049	0
5050	1
5051	0
5052	0
5053	0
5054	0
5055	1
5056	0
5057	1
5058	1
5059	0
5060	1
5061	0
5062	0
5063	0
5064	0
5065	0
5066	1
5067	0
5068	1
5069	0
5070	0
5071	1
5072	0
5073	0
5074	0
5075	0
5076	1
5077	0
5078	0
5079	0
5080	3
5081	0
5082	0
5083	1
5084	0
5085	0
5086	1
5087	2
5088	2
5089	0
5090	0
5091	0
5092	0
5093	3
5094	1
5095	1
5096	0
5097	1
5098	1
5099	0
5100	0
5101	1
5102	0
5103	1
5104	0
5105	0
5106	0
5107	0
5108	0
5109	0
5110	2
5111	0
5112	0
5113	1
5114	1
5115	0
5116	1
5117	0
5118	0
5119	1
5120	1
5121	0
5122	1
5123	1
5124	1
5125	0
5126	0
5127	1
5128	1
5129	1
5130	1
5131	0
5132	1
5133	0
5134	0
5135	0
5136	0
5137	1
5138	1
5139	0
5140	0
5141	0
5142	0
5143	1
5144	0
5145	0
5146	1
5147	1
5148	2
5149	0
5150	0
5151	1
5152	1
5153	2
5154	0
5155	1
5156	1
5157	0
5158	0
5159	0
5160	1
5161	1
5162	1
5163	0
5164	0
5165	0
5166	1
5167	1
5168	0
5169	3
5170	1
5171	0
5172	0
5173	1
5174	0
5175	0
5176	1
5177	1
5178	3
5179	0
5180	1
5181	0
5182	1
5183	1
5184	0
5185	0
5186	0
5187	0
5188	1
5189	1
5190	2
5191	1
5192	1
5193	0
5194	1
5195	3
5196	0
5197	1
5198	1
5199	0
5200	1
5201	0
5202	0
5203	0
5204	1
5205	2
5206	1
5207	0
5208	0
5209	2
5210	1
5211	0
5212	0
5213	1
5214	0
5215	0
5216	0
5217	0
5218	0
5219	1
5220	1
5221	0
5222	0
5223	1
5224	1
5225	1
5226	0
5227	0
5228	0
5229	0
5230	1
5231	1
5232	0
5233	0
5234	0
5235	1
5236	0
5237	0
5238	1
5239	3
5240	1
5241	0
5242	1
5243	2
5244	0
5245	0
5246	1
5247	0
5248	0
5249	0
5250	0
5251	1
5252	1
5253	0
5254	0
5255	2
5256	0
5257	0
5258	2
5259	2
5260	2
5261	1
5262	0
5263	2
5264	0
5265	0
5266	0
5267	0
5268	1
5269	0
5270	0
5271	1
5272	0
5273	1
5274	0
5275	1
5276	1
5277	0
5278	0
5279	2
5280	0
5281	1
5282	2
5283	0
5284	1
5285	1
5286	0
5287	0
5288	0
5289	2
5290	0
5291	0
5292	1
5293	0
5294	0
5295	0
5296	1
5297	3
5298	0
5299	1
5300	1
5301	0
5302	1
5303	0
5304	0
5305	0
5306	1
5307	1
5308	0
5309	1
5310	1
5311	0
5312	0
5313	1
5314	1
5315	0
5316	1
5317	0
5318	1
5319	0
5320	0
5321	1
5322	1
5323	1
5324	0
5325	1
5326	2
5327	0
5328	0
5329	1
5330	2
5331	0
5332	0
5333	0
5334	1
5335	0
5336	0
5337	0
5338	2
5339	0
5340	2
5341	2
5342	0
5343	0
5344	1
5345	1
5346	0
5347	1
5348	1
5349	0
5350	1
5351	0
5352	2
5353	0
5354	0
5355	0
5356	1
5357	1
5358	1
5359	1
5360	1
5361	0
5362	1
5363	0
5364	0
5365	0
5366	1
5367	0
5368	2
5369	1
5370	0
5371	0
5372	0
5373	0
5374	1
5375	2
5376	0
5377	1
5378	0
5379	0
5380	0
5381	0
5382	1
5383	0
5384	0
5385	0
5386	1
5387	0
5388	1
5389	1
5390	1
5391	1
5392	2
5393	3
5394	0
5395	0
5396	1
5397	0
5398	2
5399	1
5400	1
5401	1
5402	0
5403	0
5404	1
5405	0
5406	1
5407	0
5408	0
5409	0
5410	1
5411	1
5412	0
5413	1
5414	0
5415	0
5416	0
5417	1
5418	0
5419	2
5420	1
5421	0
5422	1
5423	0
5424	1
5425	0
5426	0
5427	1
5428	1
5429	1
5430	0
5431	1
5432	0
5433	1
5434	0
5435	0
5436	0
5437	1
5438	1
5439	3
5440	0
5441	1
5442	2
5443	1
5444	0
5445	2
5446	0
5447	1
5448	0
5449	1
5450	0
5451	1
5452	0
5453	3
5454	0
5455	2
5456	0
5457	1
5458	0
5459	1
5460	1
5461	2
5462	0
5463	0
5464	1
5465	0
5466	1
5467	1
5468	0
5469	0
5470	1
5471	0
5472	0
5473	0
5474	0
5475	0
5476	1
5477	0
5478	1
5479	0
5480	1
5481	1
5482	0
5483	0
5484	1
5485	0
5486	0
5487	0
5488	2
5489	0
5490	1
5491	0
5492	1
5493	1
5494	1
5495	1
5496	0
5497	1
5498	1
5499	0
5500	1
5501	4
5502	1
5503	0
5504	0
5505	1
5506	0
5507	0
5508	0
5509	0
5510	1
5511	0
5512	0
5513	0
5514	0
5515	0
5516	3
5517	1
5518	2
5519	1
5520	0
5521	2
5522	2
5523	1
5524	0
5525	0
5526	1
5527	1
5528	1
5529	0
5530	1
5531	1
5532	0
5533	0
5534	1
5535	0
5536	1
5537	0
5538	1
5539	0
5540	0
5541	0
5542	0
5543	1
5544	0
5545	2
5546	2
5547	1
5548	1
5549	1
5550	2
5551	1
5552	0
5553	0
5554	1
5555	0
5556	0
5557	0
5558	2
5559	1
5560	0
5561	0
5562	1
5563	2
5564	1
5565	1
5566	1
5567	0
5568	1
5569	0
5570	0
5571	1
5572	1
5573	1
5574	0
5575	0
5576	1
5577	0
5578	0
5579	2
5580	0
5581	0
5582	2
5583	0
5584	0
5585	1
5586	1
5587	1
5588	1
5589	2
5590	1
5591	1
5592	1
5593	1
5594	1
5595	0
5596	3
5597	0
5598	1
5599	0
5600	1
5601	0
5602	0
5603	0
5604	1
5605	0
5606	0
5607	2
5608	1
5609	0
5610	1
5611	1
5612	0
5613	0
5614	0
5615	0
5616	0
5617	0
5618	0
5619	0
5620	1
5621	0
5622	0
5623	0
5624	0
5625	0
5626	0
5627	0
5628	1
5629	2
5630	0
5631	1
5632	0
5633	2
5634	1
5635	0
5636	1
5637	1
5638	1
5639	0
5640	0
5641	1
5642	0
5643	0
5644	0
5645	0
5646	2
5647	1
5648	2
5649	1
5650	0
5651	1
5652	1
5653	0
5654	2
5655	0
5656	0
5657	2
5658	1
5659	0
5660	1
5661	0
5662	0
5663	2
5664	0
5665	0
5666	1
5667	1
5668	1
5669	2
5670	1
5671	2
5672	1
5673	0
5674	1
5675	0
5676	1
5677	0
5678	0
5679	1
5680	1
5681	1
5682	0
5683	0
5684	0
5685	0
5686	0
5687	0
5688	0
5689	0
5690	0
5691	0
5692	1
5693	0
5694	2
5695	0
5696	1
5697	1
5698	1
5699	1
5700	0
5701	1
5702	0
5703	1
5704	0
5705	0
5706	2
5707	0
5708	1
5709	0
5710	2
5711	1
5712	1
5713	1
5714	1
5715	0
5716	2
5717	1
5718	0
5719	1
5720	0
5721	1
5722	1
5723	1
5724	0
5725	1
5726	1
5727	1
5728	0
5729	1
5730	0
5731	0
5732	2
5733	0
5734	0
5735	0
5736	2
5737	2
5738	0
5739	1
5740	1
5741	0
5742	0
5743	1
5744	1
5745	0
5746	0
5747	0
5748	2
5749	1
5750	1
5751	1
5752	0
5753	0
5754	1
5755	0
5756	0
5757	0
5758	0
5759	0
5760	0
5761	1
5762	3
5763	1
5764	2
5765	0
5766	1
5767	1
5768	1
5769	1
5770	0
5771	0
5772	2
5773	0
5774	1
5775	2
5776	2
5777	0
5778	0
5779	0
5780	0
5781	0
5782	0
5783	1
5784	2
5785	0
5786	0
5787	0
5788	0
5789	0
5790	1
5791	1
5792	1
5793	1
5794	1
5795	1
5796	0
5797	0
5798	1
5799	4
5800	1
5801	0
5802	2
5803	0
5804	0
5805	0
5806	0
5807	0
5808	3
5809	2
5810	1
5811	0
5812	1
5813	0
5814	1
5815	1
5816	1
5817	2
5818	0
5819	1
5820	0
5821	1
5822	1
5823	0
5824	1
5825	1
5826	0
5827	0
5828	0
5829	0
5830	2
5831	0
5832	0
5833	1
5834	0
5835	0
5836	0
5837	0
5838	0
5839	1
5840	1
5841	0
5842	0
5843	2
5844	0
5845	1
5846	1
5847	0
5848	0
5849	1
5850	0
5851	1
5852	0
5853	0
5854	0
5855	2
5856	0
5857	0
5858	0
5859	0
5860	0
5861	0
5862	1
5863	1
5864	0
5865	0
5866	1
5867	0
5868	1
5869	1
5870	0
5871	0
5872	0
5873	1
5874	0
5875	0
5876	0
5877	0
5878	0
5879	1
5880	0
5881	0
5882	2
5883	2
5884	1
5885	0
5886	1
5887	0
5888	1
5889	1
5890	1
5891	0
5892	1
5893	0
5894	0
5895	3
5896	0
5897	1
5898	0
5899	1
5900	0
5901	0
5902	0
5903	0
5904	2
5905	1
5906	1
5907	0
5908	0
5909	1
5910	0
5911	3
5912	1
5913	0
5914	1
5915	1
5916	1
5917	0
5918	0
5919	1
5920	0
5921	0
5922	0
5923	1
5924	2
5925	0
5926	1
5927	0
5928	0
5929	0
5930	1
5931	0
5932	1
5933	0
5934	1
5935	1
5936	1
5937	0
5938	0
5939	0
5940	0
5941	1
5942	0
5943	0
5944	0
5945	0
5946	1
5947	0
5948	1
5949	0
5950	0
5951	0
5952	1
5953	0
5954	0
5955	0
5956	0
5957	0
5958	0
5959	0
5960	0
5961	0
5962	0
5963	0
5964	0
5965	0
5966	0
5967	0
5968	0
5969	0
5970	2
5971	1
5972	0
5973	1
5974	0
5975	1
5976	1
5977	0
5978	0
5979	0
5980	0
5981	0
5982	1
5983	0
5984	1
5985	1
5986	0
5987	1
5988	1
5989	0
5990	0
5991	0
5992	1
5993	1
5994	2
5995	1
5996	2
5997	0
5998	1
5999	0
6000	1
6001	0
6002	1
6003	0
6004	0
6005	1
6006	1
6007	0
6008	0
6009	0
6010	1
6011	0
6012	1
6013	0
6014	1
6015	0
6016	0
6017	2
6018	0
6019	1
6020	1
6021	0
6022	0
6023	1
6024	0
6025	1
6026	0
6027	0
6028	0
6029	1
6030	0
6031	1
6032	1
6033	0
6034	0
6035	0
6036	0
6037	1
6038	1
6039	0
6040	1
6041	1
6042	1
6043	1
6044	0
6045	0
6046	0
6047	0
6048	0
6049	0
6050	2
6051	0
6052	2
6053	1
6054	1
6055	1
6056	0
6057	2
6058	0
6059	1
6060	0
6061	1
6062	0
6063	0
6064	2
6065	0
6066	1
6067	1
6068	0
6069	1
6070	1
6071	2
6072	0
6073	0
6074	0
6075	1
6076	0
6077	0
6078	0
6079	0
6080	0
6081	1
6082	0
6083	0
6084	0
6085	1
6086	2
6087	0
6088	1
6089	1
6090	0
6091	0
6092	0
6093	0
6094	2
6095	0
6096	0
6097	0
6098	1
6099	0
6100	0
6101	0
6102	1
6103	0
6104	0
6105	0
6106	0
6107	1
6108	1
6109	0
6110	0
6111	1
6112	0
6113	1
6114	0
6115	0
6116	0
6117	0
6118	1
6119	2
6120	0
6121	0
6122	0
6123	0
6124	3
6125	1
6126	1
6127	1
6128	1
6129	1
6130	0
6131	0
6132	1
6133	0
6134	1
6135	1
6136	0
6137	0
6138	0
6139	1
6140	1
6141	0
6142	1
6143	1
6144	0
6145	0
6146	0
6147	1
6148	1
6149	0
6150	0
6151	0
6152	0
6153	0
6154	0
6155	1
6156	1
6157	2
6158	0
6159	2
6160	0
6161	2
6162	2
6163	0
6164	0
6165	0
6166	0
6167	1
6168	1
6169	1
6170	0
6171	0
6172	2
6173	0
6174	0
6175	0
6176	0
6177	0
6178	3
6179	1
6180	2
6181	1
6182	0
6183	0
6184	0
6185	0
6186	0
6187	0
6188	1
6189	0
6190	1
6191	0
6192	0
6193	0
6194	0
6195	1
6196	0
6197	0
6198	0
6199	1
6200	1
6201	0
6202	1
6203	1
6204	0
6205	0
6206	0
6207	1
6208	1
6209	0
6210	1
6211	0
6212	1
6213	0
6214	0
6215	0
6216	0
6217	0
6218	0
6219	1
6220	0
6221	0
6222	0
6223	1
6224	0
6225	0
6226	1
6227	0
6228	1
6229	3
6230	1
6231	0
6232	0
6233	1
6234	0
6235	0
6236	1
6237	3
6238	0
6239	0
6240	1
6241	1
6242	0
6243	0
6244	0
6245	0
6246	0
6247	0
6248	0
6249	1
6250	0
6251	0
6252	0
6253	0
6254	1
6255	0
6256	0
6257	0
6258	0
6259	2
6260	1
6261	0
6262	1
6263	0
6264	1
6265	0
6266	0
6267	0
6268	0
6269	1
6270	0
6271	0
6272	0
6273	1
6274	1
6275	0
6276	0
6277	4
6278	0
6279	0
6280	0
6281	0
6282	1
6283	0
6284	0
6285	0
6286	0
6287	0
6288	0
6289	0
6290	0
6291	0
6292	1
6293	1
6294	0
6295	0
6296	0
6297	0
6298	0
6299	0
6300	1
6301	0
6302	1
6303	1
6304	0
6305	0
6306	1
6307	0
6308	0
6309	0
6310	0
6311	1
6312	0
6313	0
6314	0
6315	0
6316	0
6317	0
6318	0
6319	0
6320	0
6321	0
6322	0
6323	0
6324	1
6325	1
6326	2
6327	1
6328	1
6329	2
6330	0
6331	0
6332	0
6333	0
6334	1
6335	0
6336	0
6337	0
6338	0
6339	1
6340	0
6341	1
6342	0
6343	0
6344	1
6345	1
6346	1
6347	0
6348	0
6349	1
6350	0
6351	0
6352	0
6353	0
6354	0
6355	2
6356	0
6357	0
6358	1
6359	0
6360	0
6361	0
6362	0
6363	0
6364	0
6365	0
6366	0
6367	0
6368	1
6369	0
6370	0
6371	0
6372	0
6373	2
6374	0
6375	0
6376	0
6377	1
6378	0
6379	1
6380	1
6381	2
6382	1
6383	0
6384	0
6385	0
6386	0
6387	1
6388	0
6389	2
6390	0
6391	0
6392	1
6393	0
6394	0
6395	0
6396	0
6397	0
6398	1
6399	0
6400	0
6401	0
6402	1
6403	0
6404	0
6405	0
6406	1
6407	2
6408	2
6409	0
6410	0
6411	1
6412	1
6413	0
6414	2
6415	0
6416	0
6417	0
6418	0
6419	0
6420	0
6421	0
6422	0
6423	1
6424	0
6425	1
6426	0
6427	0
6428	1
6429	0
6430	0
6431	0
6432	0
6433	0
6434	0
6435	0
6436	0
6437	2
6438	0
6439	0
6440	0
6441	1
6442	0
6443	0
6444	1
6445	1
6446	1
6447	1
6448	1
6449	1
6450	0
6451	0
6452	1
6453	0
6454	1
6455	0
6456	0
6457	2
6458	1
6459	0
6460	0
6461	0
6462	1
6463	1
6464	0
6465	0
6466	1
6467	1
6468	2
6469	0
6470	0
6471	0
6472	0
6473	1
6474	1
6475	0
6476	0
6477	0
6478	0
6479	0
6480	0
6481	0
6482	0
6483	1
6484	0
6485	1
6486	1
6487	0
6488	0
6489	1
6490	1
6491	1
6492	0
6493	1
6494	1
6495	1
6496	1
6497	0
6498	0
6499	0
6500	1
6501	0
6502	0
6503	0
6504	0
6505	0
6506	0
6507	1
6508	0
6509	1
6510	0
6511	0
6512	1
6513	1
6514	0
6515	1
6516	1
6517	0
6518	0
6519	0
6520	0
6521	1
6522	0
6523	1
6524	1
6525	1
6526	0
6527	0
6528	0
6529	0
6530	0
6531	0
6532	0
6533	0
6534	1
6535	0
6536	0
6537	1
6538	0
6539	2
6540	0
6541	0
6542	1
6543	0
6544	1
6545	0
6546	1
6547	0
6548	0
6549	0
6550	0
6551	0
6552	0
6553	0
6554	2
6555	0
6556	0
6557	0
6558	0
6559	0
6560	0
6561	0
6562	0
6563	0
6564	1
6565	1
6566	3
6567	1
6568	1
6569	0
6570	0
6571	0
6572	0
6573	1
6574	1
6575	1
6576	0
6577	1
6578	0
6579	0
6580	1
6581	0
6582	1
6583	0
6584	0
6585	0
6586	0
6587	0
6588	0
6589	0
6590	1
6591	1
6592	0
6593	1
6594	0
6595	0
6596	2
6597	0
6598	0
6599	0
6600	0
6601	1
6602	0
6603	0
6604	0
6605	0
6606	0
6607	0
6608	0
6609	0
6610	1
6611	1
6612	0
6613	0
6614	0
6615	0
6616	0
6617	0
6618	0
6619	0
6620	0
6621	1
6622	0
6623	0
6624	0
6625	0
6626	0
6627	1
6628	1
6629	0
6630	1
6631	1
6632	1
6633	0
6634	0
6635	1
6636	0
6637	0
6638	1
6639	1
6640	0
6641	1
6642	0
6643	0
6644	2
6645	0
6646	1
6647	1
6648	0
6649	1
6650	0
6651	1
6652	1
6653	1
6654	1
6655	0
6656	0
6657	0
6658	1
6659	1
6660	0
6661	0
6662	1
6663	1
6664	0
6665	1
6666	0
6667	0
6668	0
6669	0
6670	0
6671	2
6672	0
6673	2
6674	0
6675	2
6676	0
6677	1
6678	1
6679	1
6680	0
6681	1
6682	0
6683	0
6684	0
6685	0
6686	1
6687	0
6688	0
6689	0
6690	1
6691	1
6692	0
6693	0
6694	0
6695	1
6696	1
6697	0
6698	1
6699	1
6700	0
6701	0
6702	0
6703	0
6704	0
6705	0
6706	2
6707	0
6708	0
6709	0
6710	1
6711	0
6712	0
6713	1
6714	1
6715	1
6716	2
6717	1
6718	2
6719	0
6720	0
6721	1
6722	0
6723	0
6724	0
6725	0
6726	0
6727	0
6728	0
6729	2
6730	1
6731	0
6732	0
6733	0
6734	1
6735	0
6736	0
6737	0
6738	1
6739	0
6740	0
6741	0
6742	0
6743	0
6744	0
6745	0
6746	2
6747	0
6748	0
6749	0
6750	1
6751	1
6752	0
6753	1
6754	0
6755	5
6756	1
6757	1
6758	0
6759	0
6760	0
6761	0
6762	1
6763	0
6764	0
6765	0
6766	0
6767	0
6768	0
6769	0
6770	0
6771	1
6772	0
6773	0
6774	0
6775	0
6776	1
6777	0
6778	0
6779	0
6780	1
6781	1
6782	1
6783	1
6784	0
6785	2
6786	1
6787	0
6788	0
6789	0
6790	0
6791	0
6792	2
6793	1
6794	0
6795	0
6796	0
6797	1
6798	0
6799	2
6800	1
6801	2
6802	0
6803	0
6804	0
6805	0
6806	0
6807	0
6808	0
6809	0
6810	0
6811	1
6812	1
6813	0
6814	0
6815	0
6816	0
6817	1
6818	0
6819	0
6820	1
6821	0
6822	0
6823	0
6824	0
6825	0
6826	0
6827	0
6828	0
6829	2
6830	0
6831	0
6832	0
6833	1
6834	1
6835	0
6836	0
6837	1
6838	0
6839	0
6840	0
6841	0
6842	0
6843	0
6844	0
6845	0
6846	1
6847	0
6848	0
6849	1
6850	1
6851	0
6852	2
6853	0
6854	1
6855	0
6856	0
6857	1
6858	1
6859	1
6860	0
6861	0
6862	0
6863	0
6864	0
6865	1
6866	0
6867	1
6868	0
6869	0
6870	0
6871	0
6872	0
6873	0
6874	0
6875	1
6876	0
6877	0
6878	0
6879	0
6880	2
6881	0
6882	1
6883	1
6884	0
6885	0
6886	0
6887	0
6888	1
6889	0
6890	0
6891	1
6892	1
6893	0
6894	1
6895	0
6896	0
6897	0
6898	1
6899	0
6900	2
6901	0
6902	2
6903	0
6904	0
6905	0
6906	0
6907	1
6908	0
6909	2
6910	0
6911	0
6912	0
6913	0
6914	2
6915	0
6916	0
6917	0
6918	0
6919	1
6920	3
6921	0
6922	0
6923	2
6924	2
6925	0
6926	2
6927	1
6928	0
6929	0
6930	0
6931	0
6932	0
6933	1
6934	0
6935	3
6936	0
6937	1
6938	1
6939	0
6940	0
6941	0
6942	0
6943	0
6944	0
6945	0
6946	0
6947	1
6948	0
6949	0
6950	2
6951	0
6952	1
6953	1
6954	0
6955	1
6956	1
6957	0
6958	0
6959	0
6960	2
6961	0
6962	1
6963	0
6964	0
6965	0
6966	1
6967	0
6968	0
6969	1
6970	0
6971	3
6972	1
6973	1
6974	0
6975	0
6976	0
6977	1
6978	2
6979	0
6980	0
6981	1
6982	0
6983	1
6984	2
6985	0
6986	1
6987	1
6988	0
6989	0
6990	0
6991	0
6992	0
6993	0
6994	1
6995	0
6996	0
6997	1
6998	0
6999	0
7000	0
7001	0
7002	0
7003	0
7004	1
7005	0
7006	0
7007	1
7008	0
7009	0
7010	1
7011	0
7012	0
7013	0
7014	0
7015	0
7016	0
7017	0
7018	0
7019	1
7020	1
7021	1
7022	0
7023	1
7024	0
7025	2
7026	0
7027	0
7028	1
7029	1
7030	1
7031	0
7032	2
7033	0
7034	0
7035	1
7036	0
7037	1
7038	2
7039	1
7040	2
7041	2
7042	0
7043	0
7044	0
7045	1
7046	0
7047	0
7048	0
7049	0
7050	0
7051	1
7052	1
7053	1
7054	0
7055	0
7056	0
7057	0
7058	0
7059	0
7060	2
7061	0
7062	1
7063	1
7064	0
7065	0
7066	1
7067	0
7068	0
7069	0
7070	0
7071	0
7072	1
7073	0
7074	0
7075	0
7076	0
7077	0
7078	0
7079	1
7080	1
7081	0
7082	2
7083	0
7084	0
7085	1
7086	1
7087	1
7088	0
7089	0
7090	0
7091	1
7092	0
7093	0
7094	0
7095	0
7096	0
7097	0
7098	0
7099	1
7100	0
7101	0
7102	1
7103	0
7104	0
7105	0
7106	1
7107	0
7108	1
7109	2
7110	0
7111	0
7112	2
7113	0
7114	0
7115	0
7116	1
7117	2
7118	0
7119	0
7120	1
7121	0
7122	0
7123	1
7124	0
7125	1
7126	0
7127	2
7128	0
7129	0
7130	0
7131	1
7132	0
7133	0
7134	0
7135	2
7136	1
7137	0
7138	0
7139	1
7140	1
7141	0
7142	0
7143	0
7144	0
7145	0
7146	1
7147	1
7148	0
7149	0
7150	1
7151	0
7152	0
7153	1
7154	1
7155	0
7156	0
7157	0
7158	0
7159	1
7160	0
7161	0
7162	1
7163	1
7164	1
7165	0
7166	1
7167	0
7168	1
7169	0
7170	1
7171	1
7172	0
7173	2
7174	0
7175	0
7176	0
7177	1
7178	1
7179	0
7180	0
7181	0
7182	1
7183	0
7184	0
7185	0
7186	0
7187	0
7188	0
7189	2
7190	3
7191	1
7192	1
7193	0
7194	0
7195	0
7196	0
7197	0
7198	0
7199	0
7200	0
7201	0
7202	2
7203	0
7204	2
7205	0
7206	0
7207	0
7208	1
7209	0
7210	0
7211	0
7212	0
7213	1
7214	1
7215	0
7216	3
7217	0
7218	0
7219	1
7220	0
7221	1
7222	0
7223	0
7224	0
7225	1
7226	0
7227	0
7228	0
7229	0
7230	0
7231	0
7232	1
7233	1
7234	0
7235	1
7236	0
7237	0
7238	0
7239	0
7240	0
7241	0
7242	1
7243	0
7244	0
7245	0
7246	1
7247	0
7248	0
7249	2
7250	0
7251	0
7252	1
7253	1
7254	0
7255	0
7256	0
7257	0
7258	0
7259	0
7260	0
7261	0
7262	0
7263	2
7264	0
7265	0
7266	0
7267	0
7268	1
7269	1
7270	1
7271	1
7272	0
7273	1
7274	2
7275	1
7276	0
7277	0
7278	0
7279	0
7280	0
7281	0
7282	0
7283	0
7284	0
7285	0
7286	0
7287	0
7288	0
7289	2
7290	0
7291	0
7292	0
7293	0
7294	0
7295	0
7296	1
7297	0
7298	0
7299	1
7300	0
7301	1
7302	0
7303	0
7304	0
7305	0
7306	0
7307	0
7308	2
7309	0
7310	1
7311	0
7312	1
7313	0
7314	0
7315	0
7316	0
7317	0
7318	1
7319	0
7320	0
7321	1
7322	0
7323	1
7324	0
7325	0
7326	0
7327	0
7328	0
7329	0
7330	0
7331	0
7332	0
7333	0
7334	0
7335	1
7336	0
7337	0
7338	0
7339	1
7340	0
7341	1
7342	0
7343	0
7344	0
7345	1
7346	0
7347	1
7348	1
7349	0
7350	0
7351	0
7352	2
7353	0
7354	0
7355	0
7356	0
7357	0
7358	0
7359	0
7360	0
7361	0
7362	1
7363	0
7364	1
7365	0
7366	0
7367	1
7368	1
7369	0
7370	0
7371	0
7372	1
7373	1
7374	0
7375	1
7376	1
7377	1
7378	0
7379	1
7380	0
7381	0
7382	1
7383	1
7384	0
7385	0
7386	0
7387	0
7388	0
7389	0
7390	2
7391	0
7392	0
7393	1
7394	0
7395	0
7396	0
7397	0
7398	0
7399	0
7400	0
7401	1
7402	0
7403	0
7404	0
7405	0
7406	1
7407	1
7408	0
7409	1
7410	0
7411	0
7412	0
7413	0
7414	0
7415	0
7416	0
7417	1
7418	0
7419	1
7420	0
7421	0
7422	0
7423	0
7424	0
7425	1
7426	0
7427	0
7428	0
7429	0
7430	1
7431	0
7432	0
7433	0
7434	0
7435	1
7436	0
7437	0
7438	0
7439	2
7440	3
7441	0
7442	0
7443	0
7444	0
7445	0
7446	1
7447	0
7448	0
7449	0
7450	1
7451	0
7452	0
7453	1
7454	0
7455	0
7456	0
7457	0
7458	0
7459	0
7460	0
7461	0
7462	0
7463	1
7464	0
7465	1
7466	0
7467	0
7468	1
7469	0
7470	2
7471	1
7472	0
7473	1
7474	0
7475	0
7476	1
7477	0
7478	0
7479	0
7480	2
7481	0
7482	0
7483	0
7484	0
7485	1
7486	0
7487	0
7488	0
7489	0
7490	0
7491	0
7492	0
7493	0
7494	0
7495	0
7496	0
7497	0
7498	0
7499	0
7500	0
7501	2
7502	3
7503	0
7504	0
7505	0
7506	0
7507	0
7508	0
7509	0
7510	0
7511	0
7512	0
7513	0
7514	0
7515	0
7516	0
7517	0
7518	0
7519	0
7520	1
7521	0
7522	0
7523	0
7524	0
7525	0
7526	1
7527	0
7528	0
7529	1
7530	0
7531	0
7532	0
7533	0
7534	1
7535	0
7536	2
7537	0
7538	0
7539	0
7540	0
7541	0
7542	0
7543	0
7544	0
7545	0
7546	1
7547	0
7548	0
7549	0
7550	0
7551	0
7552	0
7553	1
7554	0
7555	0
7556	2
7557	1
7558	1
7559	0
7560	0
7561	1
7562	0
7563	0
7564	0
7565	0
7566	1
7567	0
7568	0
7569	0
7570	0
7571	0
7572	2
7573	0
7574	0
7575	0
7576	0
7577	0
7578	0
7579	0
7580	0
7581	0
7582	0
7583	0
7584	0
7585	2
7586	0
7587	0
7588	1
7589	0
7590	0
7591	0
7592	0
7593	0
7594	0
7595	0
7596	0
7597	0
7598	0
7599	0
7600	0
7601	0
7602	0
7603	1
7604	0
7605	0
7606	0
7607	0
7608	0
7609	0
7610	0
7611	0
7612	2
7613	0
7614	0
7615	0
7616	1
7617	0
7618	0
7619	0
7620	0
7621	0
7622	0
7623	0
7624	0
7625	0
7626	0
7627	1
7628	1
7629	0
7630	0
7631	1
7632	1
7633	0
7634	0
7635	0
7636	0
7637	0
7638	0
7639	0
7640	0
7641	0
7642	0
7643	1
7644	0
7645	0
7646	1
7647	0
7648	0
7649	0
7650	0
7651	0
7652	0
7653	0
7654	0
7655	0
7656	1
7657	0
7658	1
7659	0
7660	0
7661	1
7662	0
7663	0
7664	0
7665	0
7666	1
7667	0
7668	0
7669	0
7670	0
7671	0
7672	0
7673	0
7674	0
7675	1
7676	0
7677	0
7678	0
7679	1
7680	0
7681	0
7682	0
7683	0
7684	0
7685	0
7686	0
7687	0
7688	0
7689	0
7690	0
7691	0
7692	0
7693	0
7694	1
7695	0
7696	0
7697	0
7698	0
7699	1
7700	0
7701	0
7702	0
7703	0
7704	0
7705	0
7706	1
7707	0
7708	1
7709	0
7710	0
7711	0
7712	0
7713	0
7714	0
7715	1
7716	0
7717	0
7718	0
7719	0
7720	1
7721	1
7722	0
7723	0
7724	0
7725	0
7726	1
7727	0
7728	0
7729	0
7730	0
7731	0
7732	1
7733	0
7734	0
7735	0
7736	0
7737	0
7738	0
7739	0
7740	1
7741	0
7742	0
7743	0
7744	1
7745	0
7746	1
7747	0
7748	0
7749	0
7750	0
7751	0
7752	0
7753	0
7754	0
7755	0
7756	1
7757	1
7758	0
7759	0
7760	0
7761	0
7762	0
7763	0
7764	0
7765	1
7766	0
7767	1
7768	0
7769	0
7770	1
7771	1
7772	0
7773	0
7774	0
7775	0
7776	0
7777	0
7778	0
7779	0
7780	1
7781	0
7782	0
7783	0
7784	0
7785	0
7786	1
7787	0
7788	0
7789	0
7790	1
7791	0
7792	0
7793	0
7794	0
7795	0
7796	0
7797	0
7798	0
7799	0
7800	0
7801	1
7802	0
7803	0
7804	1
7805	1
7806	0
7807	0
7808	0
7809	0
7810	0
7811	0
7812	1
7813	0
7814	0
7815	2
7816	0
7817	0
7818	0
7819	0
7820	0
7821	0
7822	0
7823	0
7824	0
7825	0
7826	0
7827	2
7828	0
7829	0
7830	0
7831	0
7832	1
7833	0
7834	0
7835	0
7836	0
7837	1
7838	0
7839	0
7840	0
7841	0
7842	0
7843	1
7844	1
7845	0
7846	0
7847	1
7848	0
7849	0
7850	0
7851	0
7852	0
7853	1
7854	0
7855	0
7856	0
7857	0
7858	0
7859	2
7860	1
7861	0
7862	0
7863	1
7864	0
7865	0
7866	0
7867	0
7868	0
7869	0
7870	0
7871	0
7872	0
7873	1
7874	0
7875	0
7876	0
7877	0
7878	1
7879	0
7880	0
7881	0
7882	0
7883	0
7884	0
7885	0
7886	1
7887	0
7888	0
7889	0
7890	0
7891	0
7892	1
7893	0
7894	0
7895	0
7896	0
7897	1
7898	2
7899	0
7900	0
7901	0
7902	0
7903	0
7904	1
7905	1
7906	0
7907	0
7908	0
7909	1
7910	0
7911	0
7912	0
7913	0
7914	0
7915	0
7916	0
7917	0
7918	0
7919	0
7920	0
7921	0
7922	0
7923	0
7924	0
7925	0
7926	0
7927	0
7928	0
7929	0
7930	0
7931	0
7932	0
7933	0
7934	0
7935	0
7936	0
7937	0
7938	0
7939	0
7940	0
7941	0
7942	0
7943	0
7944	0
7945	0
7946	0
7947	0
7948	0
7949	0
7950	0
7951	0
7952	0
7953	0
7954	0
7955	0
7956	0
7957	0
7958	0
7959	0
7960	0
7961	0
7962	0
7963	0
7964	0
7965	0
7966	0
7967	0
7968	0
7969	0
7970	0
7971	0
7972	0
7973	0
7974	0
7975	0
7976	0
7977	0
7978	0
7979	0
7980	0
7981	0
7982	0
7983	0
7984	0
7985	0
7986	0
7987	0
7988	0
7989	0
7990	0
7991	0
7992	0
7993	0
7994	0
7995	0
7996	0
7997	0
7998	0
7999	0
8000	0
8001	0
8002	0
8003	0
8004	0
8005	0
8006	0
8007	0
8008	0
8009	0
8010	0
8011	0
8012	0
8013	0
8014	0
8015	0
8016	0
8017	0
8018	0
8019	0
8020	0
8021	0
8022	0
8023	0
8024	0
8025	0
8026	0
8027	0
8028	0
8029	0
8030	0
8031	0
8032	0
8033	0
8034	0
8035	0
8036	0
8037	0
8038	0
8039	0
8040	0
8041	0
8042	0
8043	0
8044	0
8045	0
8046	0
8047	0
8048	0
8049	0
8050	0
8051	0
8052	0
8053	0
8054	0
8055	0
8056	0
8057	0
8058	0
8059	0
8060	0
8061	0
8062	0
8063	0
8064	0
8065	0
8066	0
8067	0
8068	0
8069	0
8070	0
8071	0
8072	0
8073	0
8074	0
8075	0
8076	0
8077	0
8078	0
8079	0
8080	0
8081	0
8082	0
8083	0
8084	0
8085	0
8086	0
8087	0
8088	0
8089	0
8090	0
8091	0
8092	0
8093	0
8094	0
8095	0
8096	0
8097	0
8098	0
8099	0
8100	0
8101	0
8102	0
8103	0
8104	0
8105	0
8106	0
8107	0
8108	0
8109	0
8110	0
8111	0
8112	0
8113	0
8114	0
8115	0
8116	0
8117	0
8118	0
8119	0
8120	0
8121	0
8122	0
8123	0
8124	0
8125	0
8126	0
8127	0
8128	0
8129	0
8130	0
8131	0
8132	0
8133	0
8134	0
8135	0
8136	0
8137	0
8138	0
8139	0
8140	0
8141	0
8142	0
8143	0
8144	0
8145	0
8146	0
8147	0
8148	0
8149	0
8150	0
8151	0
8152	0
8153	0
8154	0
8155	0
8156	0
8157	0
8158	0
8159	0
8160	0
8161	0
8162	0
8163	0
8164	0
8165	0
8166	0
8167	0
8168	0
8169	0
8170	0
8171	0
8172	0
8173	0
8174	0
8175	0
8176	0
8177	0
8178	0
8179	0
8180	0
8181	0
8182	0
8183	0
8184	0
8185	0
8186	0
8187	0
8188	0
8189	0
8190	0
8191	0
