0	0
1	0
2	0
3	0
4	0
5	0
6	0
7	0
8	0
9	0
10	0
11	0
12	0
13	0
14	0
15	0
16	0
17	0
18	0
19	0
20	0
21	0
22	0
23	0
24	0
25	0
26	0
27	0
28	0
29	0
30	0
31	0
32	0
33	0
34	0
35	0
36	0
37	0
38	0
39	0
40	0
41	0
42	0
43	0
44	0
45	0
46	0
47	0
48	0
49	0
50	0
51	0
52	0
53	0
54	0
55	0
56	0
57	0
58	0
59	0
60	0
61	0
62	0
63	0
64	0
65	0
66	0
67	0
68	0
69	0
70	0
71	0
72	0
73	0
74	0
75	0
76	0
77	0
78	0
79	0
80	0
81	0
82	0
83	4
84	16
85	17
86	18
87	15
88	24
89	36
90	24
91	27
92	21
93	14
94	24
95	20
96	23
97	24
98	19
99	13
100	21
101	16
102	18
103	23
104	21
105	20
106	20
107	26
108	27
109	18
110	19
111	15
112	21
113	16
114	20
115	18
116	15
117	21
118	22
119	25
120	29
121	13
122	23
123	18
124	17
125	17
126	25
127	21
128	25
129	17
130	12
131	16
132	15
133	14
134	13
135	24
136	14
137	24
138	26
139	15
140	20
141	16
142	26
143	19
144	17
145	23
146	22
147	19
148	26
149	20
150	18
151	23
152	16
153	21
154	23
155	17
156	25
157	23
158	26
159	24
160	19
161	22
162	23
163	19
164	17
165	30
166	23
167	28
168	31
169	19
170	18
171	23
172	17
173	24
174	20
175	22
176	25
177	19
178	16
179	20
180	20
181	25
182	23
183	26
184	26
185	16
186	26
187	13
188	27
189	19
190	20
191	24
192	21
193	24
194	19
195	18
196	28
197	22
198	20
199	22
200	17
201	23
202	24
203	25
204	21
205	29
206	26
207	18
208	24
209	28
210	28
211	22
212	21
213	18
214	25
215	31
216	17
217	21
218	18
219	20
220	20
221	21
222	22
223	23
224	25
225	21
226	22
227	15
228	29
229	15
230	24
231	26
232	23
233	25
234	27
235	20
236	27
237	31
238	20
239	30
240	20
241	20
242	19
243	24
244	28
245	21
246	25
247	27
248	21
249	31
250	24
251	29
252	19
253	22
254	22
255	20
256	18
257	23
258	29
259	25
260	21
261	26
262	30
263	31
264	25
265	29
266	20
267	33
268	19
269	19
270	26
271	19
272	26
273	16
274	37
275	24
276	31
277	21
278	19
279	17
280	22
281	27
282	24
283	25
284	27
285	21
286	19
287	24
288	25
289	29
290	19
291	32
292	28
293	23
294	15
295	31
296	26
297	29
298	33
299	29
300	27
301	21
302	36
303	23
304	20
305	32
306	29
307	25
308	37
309	27
310	26
311	25
312	18
313	20
314	32
315	22
316	38
317	30
318	30
319	28
320	23
321	16
322	31
323	23
324	34
325	20
326	24
327	29
328	23
329	26
330	20
331	23
332	26
333	20
334	32
335	26
336	23
337	15
338	16
339	25
340	27
341	23
342	23
343	26
344	25
345	24
346	25
347	31
348	15
349	19
350	30
351	23
352	17
353	29
354	20
355	25
356	21
357	27
358	22
359	19
360	23
361	25
362	26
363	17
364	25
365	23
366	22
367	22
368	21
369	30
370	30
371	22
372	13
373	21
374	25
375	31
376	24
377	23
378	26
379	24
380	24
381	27
382	22
383	16
384	30
385	34
386	26
387	21
388	27
389	25
390	26
391	21
392	28
393	19
394	30
395	19
396	22
397	29
398	14
399	21
400	26
401	32
402	26
403	20
404	25
405	28
406	18
407	20
408	30
409	30
410	24
411	19
412	19
413	31
414	25
415	28
416	25
417	28
418	36
419	31
420	28
421	32
422	25
423	26
424	27
425	27
426	28
427	38
428	27
429	29
430	28
431	22
432	24
433	29
434	18
435	28
436	35
437	28
438	33
439	35
440	23
441	33
442	26
443	32
444	28
445	34
446	25
447	17
448	40
449	28
450	27
451	33
452	31
453	30
454	30
455	32
456	35
457	26
458	42
459	36
460	30
461	15
462	33
463	39
464	36
465	34
466	45
467	46
468	29
469	39
470	36
471	29
472	30
473	37
474	39
475	34
476	46
477	46
478	46
479	38
480	43
481	42
482	41
483	41
484	48
485	44
486	42
487	41
488	41
489	37
490	46
491	42
492	58
493	41
494	38
495	36
496	47
497	42
498	50
499	50
500	46
501	45
502	50
503	48
504	48
505	54
506	46
507	48
508	59
509	43
510	57
511	74
512	69
513	58
514	47
515	77
516	48
517	50
518	61
519	45
520	66
521	66
522	56
523	55
524	57
525	47
526	65
527	50
528	65
529	57
530	66
531	55
532	63
533	70
534	60
535	50
536	65
537	41
538	44
539	48
540	66
541	42
542	36
543	61
544	48
545	51
546	38
547	46
548	45
549	33
550	39
551	42
552	49
553	45
554	63
555	54
556	44
557	39
558	40
559	57
560	35
561	50
562	40
563	59
564	49
565	43
566	38
567	39
568	47
569	42
570	49
571	45
572	46
573	33
574	40
575	28
576	38
577	36
578	38
579	39
580	44
581	32
582	35
583	34
584	47
585	53
586	45
587	41
588	33
589	35
590	38
591	35
592	39
593	49
594	37
595	44
596	41
597	44
598	40
599	35
600	43
601	42
602	41
603	44
604	47
605	27
606	25
607	41
608	37
609	31
610	39
611	39
612	36
613	27
614	32
615	43
616	43
617	46
618	31
619	38
620	36
621	35
622	21
623	43
624	33
625	37
626	18
627	33
628	31
629	29
630	23
631	34
632	37
633	37
634	34
635	41
636	35
637	41
638	35
639	28
640	48
641	25
642	37
643	27
644	21
645	19
646	19
647	27
648	45
649	23
650	29
651	22
652	42
653	29
654	27
655	30
656	38
657	34
658	41
659	41
660	35
661	32
662	35
663	25
664	31
665	28
666	20
667	24
668	33
669	26
670	21
671	30
672	22
673	37
674	27
675	36
676	35
677	27
678	36
679	23
680	26
681	26
682	26
683	28
684	33
685	21
686	29
687	27
688	39
689	27
690	25
691	35
692	18
693	33
694	36
695	23
696	39
697	36
698	31
699	27
700	32
701	34
702	39
703	29
704	36
705	41
706	35
707	34
708	23
709	28
710	32
711	33
712	39
713	25
714	29
715	30
716	27
717	48
718	26
719	28
720	34
721	41
722	36
723	37
724	32
725	25
726	29
727	27
728	31
729	36
730	26
731	30
732	37
733	26
734	35
735	21
736	32
737	33
738	31
739	35
740	35
741	33
742	24
743	38
744	40
745	28
746	35
747	35
748	30
749	32
750	33
751	43
752	36
753	26
754	29
755	35
756	42
757	30
758	35
759	42
760	30
761	37
762	32
763	36
764	46
765	35
766	32
767	39
768	44
769	26
770	37
771	36
772	45
773	42
774	33
775	39
776	32
777	35
778	34
779	27
780	32
781	40
782	37
783	30
784	36
785	23
786	35
787	35
788	27
789	27
790	34
791	27
792	43
793	23
794	43
795	37
796	32
797	35
798	43
799	34
800	41
801	29
802	37
803	34
804	32
805	32
806	39
807	37
808	27
809	26
810	40
811	36
812	32
813	36
814	35
815	30
816	50
817	40
818	42
819	44
820	30
821	31
822	42
823	34
824	31
825	33
826	32
827	35
828	32
829	49
830	50
831	40
832	41
833	30
834	37
835	30
836	33
837	45
838	48
839	37
840	26
841	38
842	35
843	32
844	36
845	38
846	24
847	28
848	36
849	23
850	47
851	40
852	34
853	33
854	32
855	45
856	49
857	32
858	26
859	44
860	32
861	41
862	44
863	36
864	39
865	33
866	38
867	32
868	36
869	41
870	32
871	32
872	39
873	29
874	46
875	30
876	39
877	33
878	35
879	43
880	46
881	35
882	36
883	39
884	39
885	51
886	38
887	46
888	47
889	35
890	36
891	46
892	25
893	48
894	44
895	37
896	37
897	39
898	38
899	40
900	31
901	27
902	44
903	33
904	51
905	31
906	32
907	44
908	40
909	30
910	37
911	44
912	39
913	48
914	35
915	36
916	33
917	30
918	36
919	48
920	41
921	34
922	37
923	33
924	38
925	55
926	40
927	42
928	45
929	46
930	39
931	39
932	38
933	37
934	42
935	45
936	41
937	40
938	44
939	31
940	40
941	25
942	35
943	45
944	43
945	36
946	28
947	46
948	53
949	39
950	41
951	55
952	32
953	45
954	32
955	35
956	46
957	47
958	25
959	46
960	46
961	43
962	36
963	42
964	49
965	35
966	30
967	38
968	45
969	37
970	39
971	25
972	53
973	40
974	34
975	43
976	46
977	37
978	33
979	57
980	55
981	48
982	45
983	40
984	39
985	43
986	35
987	38
988	38
989	30
990	46
991	40
992	45
993	53
994	45
995	31
996	42
997	37
998	40
999	41
1000	47
1001	44
1002	50
1003	30
1004	50
1005	42
1006	40
1007	39
1008	45
1009	51
1010	40
1011	38
1012	45
1013	46
1014	54
1015	37
1016	41
1017	31
1018	43
1019	51
1020	46
1021	38
1022	48
1023	33
1024	45
1025	51
1026	45
1027	47
1028	49
1029	46
1030	39
1031	41
1032	31
1033	46
1034	40
1035	40
1036	47
1037	29
1038	47
1039	38
1040	59
1041	55
1042	54
1043	58
1044	40
1045	42
1046	36
1047	33
1048	52
1049	44
1050	42
1051	38
1052	43
1053	34
1054	44
1055	32
1056	44
1057	37
1058	47
1059	49
1060	36
1061	37
1062	48
1063	42
1064	42
1065	44
1066	44
1067	52
1068	47
1069	43
1070	33
1071	50
1072	39
1073	48
1074	46
1075	51
1076	39
1077	47
1078	33
1079	48
1080	35
1081	54
1082	50
1083	49
1084	42
1085	39
1086	49
1087	45
1088	39
1089	43
1090	63
1091	59
1092	43
1093	52
1094	58
1095	64
1096	39
1097	50
1098	56
1099	45
1100	52
1101	50
1102	42
1103	50
1104	50
1105	44
1106	47
1107	54
1108	46
1109	45
1110	54
1111	49
1112	74
1113	50
1114	51
1115	41
1116	61
1117	46
1118	49
1119	57
1120	36
1121	55
1122	59
1123	48
1124	57
1125	52
1126	36
1127	46
1128	49
1129	47
1130	66
1131	52
1132	42
1133	55
1134	56
1135	50
1136	52
1137	62
1138	52
1139	54
1140	53
1141	50
1142	54
1143	49
1144	59
1145	61
1146	55
1147	53
1148	60
1149	53
1150	67
1151	42
1152	46
1153	45
1154	59
1155	38
1156	56
1157	52
1158	56
1159	53
1160	48
1161	51
1162	77
1163	53
1164	56
1165	54
1166	59
1167	59
1168	52
1169	51
1170	42
1171	59
1172	46
1173	47
1174	57
1175	53
1176	39
1177	41
1178	55
1179	53
1180	55
1181	51
1182	46
1183	39
1184	47
1185	38
1186	68
1187	51
1188	60
1189	51
1190	56
1191	51
1192	57
1193	52
1194	33
1195	49
1196	50
1197	68
1198	52
1199	50
1200	64
1201	53
1202	50
1203	51
1204	62
1205	51
1206	50
1207	69
1208	51
1209	54
1210	49
1211	55
1212	48
1213	57
1214	57
1215	53
1216	61
1217	55
1218	63
1219	57
1220	47
1221	45
1222	61
1223	68
1224	47
1225	42
1226	47
1227	63
1228	50
1229	53
1230	42
1231	52
1232	60
1233	44
1234	62
1235	63
1236	56
1237	53
1238	68
1239	61
1240	58
1241	51
1242	56
1243	48
1244	39
1245	53
1246	64
1247	58
1248	57
1249	45
1250	59
1251	66
1252	62
1253	47
1254	61
1255	52
1256	56
1257	52
1258	68
1259	53
1260	51
1261	49
1262	55
1263	54
1264	66
1265	58
1266	42
1267	53
1268	59
1269	54
1270	65
1271	52
1272	47
1273	50
1274	67
1275	69
1276	58
1277	55
1278	60
1279	58
1280	50
1281	49
1282	52
1283	53
1284	46
1285	46
1286	45
1287	53
1288	63
1289	63
1290	48
1291	55
1292	72
1293	54
1294	53
1295	41
1296	63
1297	51
1298	57
1299	57
1300	50
1301	57
1302	60
1303	56
1304	57
1305	57
1306	42
1307	66
1308	56
1309	58
1310	75
1311	45
1312	44
1313	52
1314	64
1315	65
1316	61
1317	62
1318	51
1319	57
1320	69
1321	44
1322	59
1323	64
1324	45
1325	66
1326	55
1327	46
1328	62
1329	68
1330	66
1331	47
1332	57
1333	54
1334	60
1335	67
1336	54
1337	74
1338	56
1339	66
1340	70
1341	60
1342	56
1343	68
1344	59
1345	76
1346	63
1347	53
1348	69
1349	50
1350	51
1351	63
1352	58
1353	61
1354	58
1355	50
1356	75
1357	70
1358	60
1359	74
1360	76
1361	56
1362	50
1363	61
1364	57
1365	55
1366	62
1367	56
1368	71
1369	70
1370	59
1371	69
1372	65
1373	60
1374	67
1375	55
1376	66
1377	71
1378	57
1379	73
1380	80
1381	57
1382	79
1383	65
1384	79
1385	80
1386	77
1387	58
1388	69
1389	65
1390	79
1391	64
1392	73
1393	65
1394	83
1395	91
1396	91
1397	76
1398	89
1399	73
1400	97
1401	66
1402	77
1403	79
1404	73
1405	93
1406	83
1407	65
1408	70
1409	78
1410	85
1411	71
1412	71
1413	86
1414	78
1415	77
1416	82
1417	88
1418	77
1419	72
1420	75
1421	82
1422	82
1423	82
1424	77
1425	91
1426	67
1427	95
1428	77
1429	86
1430	65
1431	99
1432	78
1433	93
1434	83
1435	74
1436	87
1437	85
1438	74
1439	83
1440	72
1441	74
1442	83
1443	94
1444	78
1445	83
1446	86
1447	83
1448	77
1449	96
1450	86
1451	84
1452	85
1453	75
1454	100
1455	97
1456	71
1457	97
1458	92
1459	92
1460	83
1461	101
1462	82
1463	73
1464	86
1465	84
1466	81
1467	74
1468	80
1469	75
1470	97
1471	75
1472	95
1473	99
1474	90
1475	84
1476	80
1477	99
1478	89
1479	93
1480	108
1481	127
1482	112
1483	84
1484	99
1485	103
1486	99
1487	106
1488	103
1489	101
1490	106
1491	88
1492	97
1493	93
1494	100
1495	93
1496	94
1497	102
1498	80
1499	92
1500	109
1501	91
1502	103
1503	89
1504	98
1505	97
1506	86
1507	104
1508	87
1509	109
1510	89
1511	87
1512	120
1513	98
1514	69
1515	93
1516	100
1517	105
1518	114
1519	101
1520	110
1521	109
1522	78
1523	94
1524	92
1525	102
1526	108
1527	79
1528	104
1529	107
1530	93
1531	89
1532	85
1533	112
1534	106
1535	88
1536	91
1537	101
1538	97
1539	96
1540	90
1541	82
1542	94
1543	108
1544	93
1545	96
1546	101
1547	100
1548	77
1549	93
1550	103
1551	94
1552	98
1553	103
1554	116
1555	87
1556	93
1557	79
1558	105
1559	106
1560	82
1561	84
1562	102
1563	101
1564	98
1565	91
1566	84
1567	84
1568	82
1569	98
1570	91
1571	97
1572	89
1573	85
1574	99
1575	104
1576	74
1577	81
1578	108
1579	83
1580	78
1581	84
1582	94
1583	88
1584	99
1585	87
1586	91
1587	96
1588	85
1589	102
1590	81
1591	83
1592	83
1593	92
1594	83
1595	81
1596	97
1597	86
1598	88
1599	92
1600	85
1601	90
1602	94
1603	101
1604	85
1605	85
1606	99
1607	78
1608	84
1609	98
1610	86
1611	94
1612	83
1613	101
1614	88
1615	89
1616	77
1617	79
1618	83
1619	80
1620	80
1621	83
1622	73
1623	76
1624	94
1625	83
1626	85
1627	85
1628	77
1629	83
1630	89
1631	86
1632	68
1633	79
1634	82
1635	86
1636	81
1637	98
1638	89
1639	92
1640	66
1641	84
1642	75
1643	71
1644	68
1645	73
1646	73
1647	75
1648	68
1649	72
1650	74
1651	93
1652	63
1653	71
1654	64
1655	82
1656	76
1657	75
1658	60
1659	71
1660	69
1661	77
1662	96
1663	53
1664	67
1665	88
1666	61
1667	66
1668	76
1669	63
1670	80
1671	58
1672	52
1673	68
1674	68
1675	60
1676	80
1677	55
1678	76
1679	63
1680	59
1681	61
1682	61
1683	67
1684	77
1685	57
1686	80
1687	62
1688	68
1689	68
1690	52
1691	53
1692	65
1693	60
1694	70
1695	53
1696	75
1697	53
1698	56
1699	55
1700	67
1701	65
1702	55
1703	73
1704	49
1705	62
1706	53
1707	57
1708	65
1709	78
1710	52
1711	48
1712	66
1713	50
1714	54
1715	56
1716	52
1717	70
1718	52
1719	64
1720	74
1721	66
1722	54
1723	51
1724	58
1725	58
1726	46
1727	67
1728	49
1729	49
1730	54
1731	59
1732	58
1733	57
1734	58
1735	49
1736	56
1737	53
1738	51
1739	54
1740	49
1741	48
1742	57
1743	49
1744	49
1745	54
1746	50
1747	59
1748	50
1749	49
1750	59
1751	52
1752	60
1753	51
1754	53
1755	41
1756	38
1757	54
1758	59
1759	46
1760	59
1761	47
1762	42
1763	43
1764	51
1765	51
1766	51
1767	37
1768	50
1769	53
1770	56
1771	41
1772	47
1773	47
1774	56
1775	61
1776	55
1777	42
1778	36
1779	52
1780	47
1781	37
1782	44
1783	54
1784	51
1785	43
1786	48
1787	44
1788	52
1789	43
1790	46
1791	46
1792	46
1793	46
1794	43
1795	47
1796	48
1797	45
1798	42
1799	41
1800	52
1801	44
1802	46
1803	31
1804	48
1805	40
1806	43
1807	44
1808	45
1809	33
1810	50
1811	49
1812	39
1813	40
1814	51
1815	40
1816	31
1817	36
1818	31
1819	35
1820	49
1821	34
1822	29
1823	44
1824	41
1825	43
1826	41
1827	41
1828	47
1829	32
1830	43
1831	40
1832	45
1833	45
1834	38
1835	40
1836	46
1837	50
1838	53
1839	27
1840	46
1841	44
1842	42
1843	47
1844	50
1845	33
1846	46
1847	36
1848	41
1849	45
1850	30
1851	34
1852	43
1853	32
1854	27
1855	48
1856	48
1857	41
1858	39
1859	51
1860	39
1861	36
1862	29
1863	42
1864	32
1865	41
1866	37
1867	33
1868	29
1869	40
1870	32
1871	36
1872	28
1873	45
1874	35
1875	35
1876	38
1877	33
1878	25
1879	33
1880	33
1881	32
1882	41
1883	39
1884	50
1885	41
1886	31
1887	47
1888	30
1889	20
1890	35
1891	33
1892	25
1893	35
1894	43
1895	35
1896	34
1897	44
1898	37
1899	35
1900	23
1901	40
1902	27
1903	37
1904	36
1905	29
1906	42
1907	38
1908	31
1909	32
1910	37
1911	32
1912	34
1913	27
1914	27
1915	43
1916	40
1917	38
1918	27
1919	31
1920	34
1921	32
1922	31
1923	26
1924	35
1925	27
1926	34
1927	32
1928	28
1929	27
1930	37
1931	39
1932	19
1933	34
1934	39
1935	31
1936	40
1937	33
1938	40
1939	30
1940	37
1941	42
1942	33
1943	32
1944	37
1945	33
1946	26
1947	42
1948	27
1949	31
1950	32
1951	28
1952	31
1953	24
1954	36
1955	28
1956	31
1957	39
1958	34
1959	26
1960	30
1961	29
1962	25
1963	31
1964	26
1965	24
1966	30
1967	27
1968	30
1969	27
1970	38
1971	35
1972	33
1973	29
1974	32
1975	37
1976	23
1977	30
1978	23
1979	32
1980	33
1981	37
1982	42
1983	26
1984	34
1985	31
1986	34
1987	25
1988	25
1989	25
1990	33
1991	33
1992	33
1993	36
1994	33
1995	28
1996	31
1997	28
1998	24
1999	29
2000	26
2001	24
2002	17
2003	28
2004	31
2005	27
2006	28
2007	36
2008	29
2009	28
2010	27
2011	24
2012	22
2013	22
2014	29
2015	35
2016	25
2017	24
2018	30
2019	26
2020	27
2021	29
2022	24
2023	21
2024	25
2025	21
2026	28
2027	25
2028	21
2029	27
2030	26
2031	17
2032	28
2033	21
2034	29
2035	28
2036	20
2037	30
2038	24
2039	23
2040	28
2041	31
2042	33
2043	30
2044	35
2045	23
2046	25
2047	26
2048	29
2049	26
2050	24
2051	23
2052	25
2053	22
2054	24
2055	21
2056	29
2057	23
2058	28
2059	21
2060	34
2061	25
2062	26
2063	25
2064	25
2065	49
2066	37
2067	22
2068	27
2069	29
2070	22
2071	30
2072	28
2073	28
2074	24
2075	24
2076	18
2077	30
2078	19
2079	29
2080	26
2081	33
2082	23
2083	24
2084	18
2085	22
2086	24
2087	26
2088	24
2089	34
2090	28
2091	25
2092	30
2093	25
2094	22
2095	24
2096	23
2097	35
2098	19
2099	23
2100	29
2101	30
2102	32
2103	32
2104	22
2105	24
2106	29
2107	26
2108	29
2109	39
2110	22
2111	25
2112	22
2113	33
2114	23
2115	30
2116	22
2117	18
2118	37
2119	19
2120	21
2121	26
2122	16
2123	22
2124	31
2125	17
2126	30
2127	30
2128	22
2129	26
2130	24
2131	14
2132	20
2133	20
2134	24
2135	30
2136	22
2137	29
2138	18
2139	19
2140	16
2141	21
2142	18
2143	24
2144	18
2145	35
2146	31
2147	36
2148	22
2149	34
2150	18
2151	20
2152	22
2153	27
2154	21
2155	17
2156	21
2157	18
2158	27
2159	17
2160	13
2161	24
2162	17
2163	24
2164	19
2165	17
2166	16
2167	19
2168	17
2169	22
2170	24
2171	27
2172	16
2173	27
2174	19
2175	26
2176	24
2177	25
2178	27
2179	23
2180	19
2181	21
2182	28
2183	18
2184	30
2185	29
2186	18
2187	19
2188	22
2189	31
2190	21
2191	25
2192	26
2193	21
2194	16
2195	17
2196	25
2197	21
2198	27
2199	18
2200	20
2201	17
2202	29
2203	15
2204	21
2205	21
2206	27
2207	17
2208	20
2209	21
2210	19
2211	24
2212	27
2213	19
2214	20
2215	24
2216	20
2217	24
2218	21
2219	38
2220	20
2221	23
2222	20
2223	18
2224	20
2225	20
2226	20
2227	15
2228	22
2229	27
2230	24
2231	22
2232	24
2233	23
2234	28
2235	28
2236	29
2237	19
2238	22
2239	20
2240	21
2241	20
2242	15
2243	20
2244	12
2245	19
2246	14
2247	21
2248	20
2249	15
2250	25
2251	32
2252	16
2253	19
2254	22
2255	17
2256	24
2257	26
2258	13
2259	24
2260	20
2261	15
2262	30
2263	21
2264	21
2265	27
2266	18
2267	27
2268	24
2269	19
2270	18
2271	19
2272	22
2273	26
2274	23
2275	21
2276	24
2277	21
2278	24
2279	18
2280	25
2281	28
2282	15
2283	18
2284	25
2285	25
2286	21
2287	21
2288	18
2289	21
2290	24
2291	17
2292	29
2293	22
2294	23
2295	30
2296	16
2297	18
2298	25
2299	14
2300	18
2301	24
2302	21
2303	27
2304	23
2305	21
2306	16
2307	32
2308	31
2309	19
2310	18
2311	15
2312	18
2313	23
2314	24
2315	26
2316	14
2317	24
2318	16
2319	16
2320	24
2321	14
2322	24
2323	19
2324	18
2325	24
2326	15
2327	20
2328	19
2329	14
2330	13
2331	22
2332	22
2333	19
2334	29
2335	18
2336	13
2337	32
2338	22
2339	21
2340	22
2341	17
2342	15
2343	21
2344	21
2345	20
2346	20
2347	20
2348	17
2349	22
2350	14
2351	26
2352	20
2353	29
2354	11
2355	19
2356	16
2357	9
2358	19
2359	23
2360	19
2361	26
2362	16
2363	20
2364	22
2365	17
2366	28
2367	17
2368	20
2369	24
2370	16
2371	18
2372	22
2373	16
2374	23
2375	24
2376	20
2377	19
2378	16
2379	19
2380	18
2381	14
2382	18
2383	15
2384	22
2385	11
2386	21
2387	25
2388	19
2389	23
2390	16
2391	18
2392	15
2393	21
2394	11
2395	19
2396	13
2397	14
2398	22
2399	23
2400	24
2401	16
2402	19
2403	28
2404	21
2405	18
2406	30
2407	23
2408	22
2409	29
2410	18
2411	16
2412	12
2413	13
2414	15
2415	20
2416	16
2417	14
2418	9
2419	24
2420	30
2421	10
2422	24
2423	25
2424	16
2425	27
2426	25
2427	14
2428	16
2429	25
2430	15
2431	19
2432	14
2433	18
2434	18
2435	21
2436	20
2437	16
2438	14
2439	17
2440	19
2441	18
2442	23
2443	22
2444	11
2445	12
2446	17
2447	19
2448	15
2449	19
2450	16
2451	21
2452	15
2453	12
2454	23
2455	10
2456	16
2457	24
2458	24
2459	22
2460	20
2461	18
2462	15
2463	13
2464	20
2465	27
2466	16
2467	26
2468	19
2469	18
2470	23
2471	25
2472	12
2473	25
2474	16
2475	20
2476	18
2477	16
2478	22
2479	13
2480	24
2481	12
2482	18
2483	26
2484	11
2485	18
2486	16
2487	18
2488	27
2489	21
2490	17
2491	19
2492	18
2493	16
2494	17
2495	19
2496	24
2497	13
2498	20
2499	20
2500	15
2501	19
2502	13
2503	22
2504	12
2505	15
2506	15
2507	20
2508	27
2509	14
2510	9
2511	18
2512	22
2513	10
2514	17
2515	19
2516	19
2517	25
2518	16
2519	19
2520	10
2521	15
2522	22
2523	13
2524	11
2525	15
2526	18
2527	24
2528	16
2529	11
2530	18
2531	13
2532	24
2533	14
2534	14
2535	20
2536	17
2537	23
2538	18
2539	14
2540	18
2541	19
2542	17
2543	20
2544	17
2545	9
2546	13
2547	10
2548	19
2549	28
2550	18
2551	22
2552	12
2553	21
2554	18
2555	22
2556	15
2557	25
2558	16
2559	20
2560	23
2561	16
2562	13
2563	10
2564	21
2565	8
2566	15
2567	14
2568	13
2569	12
2570	18
2571	12
2572	14
2573	14
2574	23
2575	18
2576	13
2577	32
2578	16
2579	16
2580	15
2581	18
2582	18
2583	17
2584	20
2585	17
2586	22
2587	12
2588	15
2589	21
2590	22
2591	16
2592	19
2593	16
2594	15
2595	16
2596	15
2597	13
2598	8
2599	22
2600	13
2601	21
2602	12
2603	15
2604	19
2605	14
2606	17
2607	28
2608	17
2609	13
2610	16
2611	15
2612	18
2613	22
2614	10
2615	18
2616	9
2617	19
2618	5
2619	14
2620	19
2621	17
2622	7
2623	17
2624	21
2625	15
2626	16
2627	16
2628	12
2629	14
2630	14
2631	18
2632	15
2633	16
2634	17
2635	17
2636	16
2637	17
2638	16
2639	22
2640	8
2641	23
2642	16
2643	20
2644	15
2645	22
2646	19
2647	14
2648	19
2649	18
2650	12
2651	11
2652	16
2653	21
2654	12
2655	20
2656	8
2657	12
2658	10
2659	15
2660	13
2661	16
2662	19
2663	8
2664	21
2665	16
2666	19
2667	13
2668	23
2669	16
2670	12
2671	15
2672	22
2673	12
2674	21
2675	14
2676	13
2677	6
2678	9
2679	19
2680	20
2681	12
2682	21
2683	13
2684	14
2685	20
2686	15
2687	13
2688	25
2689	22
2690	14
2691	12
2692	17
2693	15
2694	15
2695	16
2696	18
2697	18
2698	24
2699	14
2700	19
2701	19
2702	15
2703	17
2704	20
2705	14
2706	16
2707	18
2708	19
2709	18
2710	14
2711	16
2712	23
2713	22
2714	20
2715	16
2716	15
2717	16
2718	14
2719	13
2720	20
2721	15
2722	16
2723	12
2724	21
2725	15
2726	20
2727	16
2728	10
2729	16
2730	19
2731	8
2732	15
2733	15
2734	15
2735	21
2736	18
2737	19
2738	11
2739	14
2740	5
2741	17
2742	16
2743	16
2744	22
2745	15
2746	10
2747	23
2748	13
2749	13
2750	10
2751	17
2752	13
2753	10
2754	18
2755	17
2756	18
2757	18
2758	19
2759	12
2760	19
2761	14
2762	12
2763	15
2764	21
2765	13
2766	15
2767	6
2768	21
2769	22
2770	22
2771	19
2772	12
2773	23
2774	28
2775	22
2776	16
2777	21
2778	19
2779	18
2780	17
2781	19
2782	24
2783	18
2784	18
2785	14
2786	11
2787	14
2788	17
2789	14
2790	14
2791	16
2792	18
2793	19
2794	16
2795	16
2796	11
2797	23
2798	14
2799	13
2800	14
2801	18
2802	18
2803	18
2804	18
2805	17
2806	14
2807	26
2808	20
2809	21
2810	22
2811	18
2812	16
2813	15
2814	11
2815	17
2816	17
2817	15
2818	18
2819	21
2820	17
2821	21
2822	16
2823	18
2824	14
2825	13
2826	13
2827	8
2828	19
2829	17
2830	14
2831	10
2832	22
2833	21
2834	23
2835	22
2836	15
2837	22
2838	19
2839	14
2840	19
2841	13
2842	15
2843	13
2844	18
2845	11
2846	15
2847	17
2848	18
2849	18
2850	20
2851	11
2852	15
2853	16
2854	17
2855	14
2856	20
2857	21
2858	14
2859	13
2860	14
2861	15
2862	15
2863	16
2864	16
2865	11
2866	21
2867	23
2868	27
2869	11
2870	13
2871	19
2872	20
2873	16
2874	10
2875	14
2876	16
2877	18
2878	16
2879	23
2880	18
2881	18
2882	19
2883	18
2884	19
2885	18
2886	20
2887	23
2888	23
2889	18
2890	14
2891	26
2892	23
2893	16
2894	17
2895	28
2896	22
2897	10
2898	27
2899	17
2900	15
2901	22
2902	23
2903	20
2904	18
2905	17
2906	18
2907	14
2908	20
2909	12
2910	16
2911	20
2912	16
2913	26
2914	11
2915	20
2916	29
2917	22
2918	17
2919	20
2920	29
2921	16
2922	18
2923	10
2924	12
2925	11
2926	23
2927	17
2928	21
2929	13
2930	12
2931	13
2932	10
2933	19
2934	17
2935	17
2936	17
2937	17
2938	18
2939	22
2940	14
2941	24
2942	16
2943	13
2944	20
2945	25
2946	24
2947	19
2948	20
2949	15
2950	19
2951	14
2952	27
2953	29
2954	22
2955	24
2956	21
2957	20
2958	21
2959	24
2960	18
2961	10
2962	20
2963	24
2964	21
2965	26
2966	17
2967	16
2968	25
2969	19
2970	22
2971	27
2972	19
2973	11
2974	22
2975	25
2976	17
2977	27
2978	23
2979	21
2980	17
2981	21
2982	20
2983	22
2984	26
2985	29
2986	24
2987	23
2988	18
2989	32
2990	18
2991	18
2992	22
2993	23
2994	14
2995	28
2996	17
2997	21
2998	26
2999	23
3000	19
3001	17
3002	25
3003	28
3004	25
3005	24
3006	23
3007	20
3008	20
3009	18
3010	31
3011	17
3012	17
3013	22
3014	33
3015	24
3016	15
3017	20
3018	20
3019	15
3020	22
3021	24
3022	25
3023	32
3024	30
3025	25
3026	33
3027	30
3028	20
3029	20
3030	19
3031	28
3032	22
3033	16
3034	16
3035	23
3036	26
3037	26
3038	38
3039	27
3040	26
3041	26
3042	27
3043	25
3044	24
3045	31
3046	19
3047	29
3048	28
3049	20
3050	22
3051	19
3052	26
3053	34
3054	22
3055	23
3056	18
3057	25
3058	28
3059	22
3060	30
3061	28
3062	31
3063	25
3064	27
3065	25
3066	27
3067	37
3068	28
3069	39
3070	21
3071	33
3072	37
3073	27
3074	39
3075	30
3076	27
3077	25
3078	34
3079	22
3080	28
3081	32
3082	21
3083	36
3084	35
3085	30
3086	33
3087	25
3088	31
3089	21
3090	29
3091	36
3092	33
3093	33
3094	32
3095	34
3096	29
3097	25
3098	24
3099	24
3100	32
3101	17
3102	38
3103	29
3104	39
3105	32
3106	27
3107	28
3108	34
3109	24
3110	37
3111	35
3112	38
3113	29
3114	27
3115	22
3116	40
3117	26
3118	34
3119	35
3120	25
3121	29
3122	31
3123	31
3124	32
3125	23
3126	27
3127	23
3128	37
3129	29
3130	29
3131	35
3132	29
3133	36
3134	29
3135	36
3136	36
3137	30
3138	37
3139	35
3140	32
3141	34
3142	30
3143	37
3144	25
3145	25
3146	31
3147	34
3148	29
3149	34
3150	37
3151	28
3152	31
3153	21
3154	25
3155	39
3156	39
3157	47
3158	34
3159	31
3160	39
3161	36
3162	27
3163	34
3164	39
3165	28
3166	36
3167	37
3168	47
3169	28
3170	38
3171	41
3172	39
3173	38
3174	34
3175	33
3176	38
3177	40
3178	42
3179	37
3180	42
3181	33
3182	20
3183	33
3184	43
3185	27
3186	42
3187	41
3188	32
3189	40
3190	36
3191	35
3192	38
3193	25
3194	52
3195	27
3196	35
3197	33
3198	42
3199	42
3200	39
3201	41
3202	42
3203	39
3204	35
3205	45
3206	38
3207	52
3208	38
3209	38
3210	38
3211	47
3212	42
3213	46
3214	45
3215	40
3216	38
3217	40
3218	38
3219	35
3220	38
3221	39
3222	39
3223	37
3224	39
3225	45
3226	41
3227	44
3228	33
3229	39
3230	43
3231	40
3232	38
3233	36
3234	43
3235	31
3236	33
3237	23
3238	49
3239	37
3240	39
3241	50
3242	43
3243	42
3244	38
3245	45
3246	41
3247	38
3248	51
3249	55
3250	42
3251	44
3252	44
3253	27
3254	38
3255	32
3256	42
3257	52
3258	44
3259	36
3260	54
3261	33
3262	42
3263	50
3264	40
3265	37
3266	43
3267	48
3268	44
3269	42
3270	45
3271	33
3272	31
3273	55
3274	35
3275	45
3276	44
3277	39
3278	51
3279	57
3280	37
3281	32
3282	45
3283	44
3284	45
3285	36
3286	46
3287	42
3288	51
3289	38
3290	34
3291	56
3292	41
3293	48
3294	36
3295	38
3296	50
3297	44
3298	40
3299	41
3300	41
3301	46
3302	47
3303	39
3304	39
3305	42
3306	40
3307	45
3308	40
3309	37
3310	39
3311	49
3312	59
3313	46
3314	47
3315	43
3316	31
3317	39
3318	48
3319	52
3320	40
3321	39
3322	37
3323	42
3324	47
3325	44
3326	45
3327	35
3328	37
3329	53
3330	45
3331	49
3332	48
3333	51
3334	48
3335	43
3336	42
3337	39
3338	58
3339	42
3340	61
3341	51
3342	37
3343	53
3344	36
3345	50
3346	35
3347	47
3348	47
3349	58
3350	40
3351	38
3352	43
3353	41
3354	32
3355	35
3356	48
3357	39
3358	40
3359	39
3360	35
3361	42
3362	49
3363	35
3364	44
3365	50
3366	38
3367	45
3368	48
3369	51
3370	43
3371	46
3372	43
3373	43
3374	51
3375	47
3376	36
3377	34
3378	46
3379	44
3380	34
3381	50
3382	35
3383	36
3384	42
3385	49
3386	43
3387	40
3388	33
3389	43
3390	47
3391	38
3392	42
3393	43
3394	42
3395	46
3396	38
3397	44
3398	40
3399	56
3400	48
3401	36
3402	32
3403	39
3404	46
3405	40
3406	37
3407	29
3408	52
3409	49
3410	38
3411	51
3412	55
3413	27
3414	46
3415	48
3416	39
3417	32
3418	46
3419	42
3420	48
3421	36
3422	35
3423	28
3424	40
3425	46
3426	40
3427	44
3428	39
3429	37
3430	32
3431	33
3432	44
3433	49
3434	42
3435	55
3436	44
3437	34
3438	38
3439	30
3440	38
3441	36
3442	37
3443	31
3444	57
3445	34
3446	37
3447	40
3448	40
3449	46
3450	43
3451	39
3452	45
3453	48
3454	38
3455	48
3456	42
3457	41
3458	42
3459	42
3460	36
3461	38
3462	43
3463	50
3464	48
3465	29
3466	37
3467	47
3468	49
3469	35
3470	32
3471	37
3472	33
3473	32
3474	45
3475	27
3476	38
3477	52
3478	34
3479	19
3480	33
3481	26
3482	39
3483	29
3484	44
3485	27
3486	41
3487	36
3488	41
3489	36
3490	35
3491	32
3492	36
3493	25
3494	37
3495	34
3496	38
3497	26
3498	32
3499	34
3500	36
3501	33
3502	35
3503	28
3504	45
3505	41
3506	49
3507	31
3508	43
3509	30
3510	34
3511	32
3512	19
3513	38
3514	42
3515	35
3516	28
3517	26
3518	32
3519	37
3520	35
3521	32
3522	29
3523	36
3524	33
3525	33
3526	32
3527	36
3528	36
3529	27
3530	27
3531	40
3532	27
3533	38
3534	31
3535	31
3536	33
3537	29
3538	27
3539	34
3540	37
3541	36
3542	30
3543	31
3544	35
3545	32
3546	35
3547	35
3548	25
3549	33
3550	32
3551	20
3552	34
3553	27
3554	36
3555	37
3556	34
3557	27
3558	25
3559	45
3560	38
3561	31
3562	33
3563	30
3564	23
3565	37
3566	41
3567	31
3568	32
3569	27
3570	36
3571	25
3572	36
3573	25
3574	37
3575	33
3576	29
3577	27
3578	41
3579	42
3580	28
3581	33
3582	38
3583	31
3584	25
3585	27
3586	28
3587	32
3588	32
3589	35
3590	21
3591	31
3592	29
3593	29
3594	38
3595	30
3596	39
3597	34
3598	27
3599	30
3600	28
3601	26
3602	36
3603	35
3604	17
3605	28
3606	26
3607	24
3608	30
3609	33
3610	23
3611	29
3612	29
3613	33
3614	21
3615	28
3616	32
3617	23
3618	30
3619	36
3620	28
3621	32
3622	33
3623	25
3624	28
3625	30
3626	35
3627	36
3628	28
3629	23
3630	27
3631	27
3632	29
3633	33
3634	38
3635	28
3636	27
3637	31
3638	35
3639	23
3640	21
3641	24
3642	24
3643	25
3644	27
3645	32
3646	28
3647	29
3648	35
3649	27
3650	25
3651	29
3652	25
3653	25
3654	29
3655	26
3656	26
3657	28
3658	25
3659	35
3660	27
3661	28
3662	28
3663	29
3664	40
3665	25
3666	27
3667	29
3668	18
3669	32
3670	30
3671	16
3672	24
3673	25
3674	25
3675	30
3676	25
3677	35
3678	34
3679	17
3680	23
3681	28
3682	21
3683	32
3684	23
3685	26
3686	25
3687	22
3688	31
3689	35
3690	35
3691	23
3692	27
3693	22
3694	15
3695	24
3696	33
3697	28
3698	32
3699	19
3700	16
3701	31
3702	24
3703	24
3704	32
3705	20
3706	24
3707	15
3708	27
3709	26
3710	37
3711	26
3712	21
3713	23
3714	25
3715	31
3716	21
3717	31
3718	29
3719	23
3720	21
3721	24
3722	24
3723	21
3724	23
3725	22
3726	27
3727	34
3728	21
3729	16
3730	43
3731	30
3732	30
3733	30
3734	17
3735	23
3736	21
3737	28
3738	25
3739	32
3740	27
3741	24
3742	19
3743	26
3744	32
3745	20
3746	30
3747	22
3748	33
3749	26
3750	28
3751	27
3752	15
3753	17
3754	29
3755	25
3756	29
3757	27
3758	23
3759	27
3760	24
3761	21
3762	16
3763	26
3764	37
3765	20
3766	27
3767	23
3768	30
3769	26
3770	25
3771	28
3772	35
3773	26
3774	25
3775	31
3776	20
3777	32
3778	22
3779	15
3780	25
3781	20
3782	30
3783	34
3784	26
3785	36
3786	30
3787	23
3788	30
3789	25
3790	24
3791	35
3792	28
3793	21
3794	20
3795	27
3796	27
3797	34
3798	24
3799	26
3800	28
3801	17
3802	20
3803	26
3804	27
3805	18
3806	39
3807	20
3808	33
3809	26
3810	16
3811	25
3812	25
3813	19
3814	33
3815	21
3816	28
3817	28
3818	25
3819	21
3820	29
3821	26
3822	27
3823	23
3824	33
3825	24
3826	21
3827	20
3828	27
3829	31
3830	39
3831	24
3832	37
3833	33
3834	26
3835	29
3836	32
3837	35
3838	27
3839	26
3840	19
3841	27
3842	26
3843	25
3844	25
3845	26
3846	14
3847	26
3848	23
3849	28
3850	19
3851	27
3852	24
3853	29
3854	23
3855	17
3856	27
3857	29
3858	29
3859	25
3860	28
3861	22
3862	20
3863	22
3864	20
3865	27
3866	14
3867	24
3868	23
3869	19
3870	27
3871	19
3872	34
3873	19
3874	27
3875	30
3876	27
3877	30
3878	34
3879	26
3880	14
3881	25
3882	27
3883	23
3884	18
3885	14
3886	31
3887	21
3888	19
3889	18
3890	28
3891	27
3892	21
3893	16
3894	25
3895	18
3896	22
3897	24
3898	32
3899	25
3900	27
3901	16
3902	18
3903	20
3904	20
3905	14
3906	32
3907	13
3908	16
3909	20
3910	22
3911	20
3912	19
3913	36
3914	30
3915	18
3916	23
3917	28
3918	15
3919	26
3920	21
3921	20
3922	18
3923	19
3924	20
3925	18
3926	24
3927	17
3928	22
3929	20
3930	14
3931	19
3932	15
3933	23
3934	23
3935	22
3936	19
3937	17
3938	20
3939	15
3940	22
3941	26
3942	16
3943	22
3944	19
3945	16
3946	23
3947	19
3948	17
3949	17
3950	17
3951	24
3952	20
3953	20
3954	21
3955	16
3956	13
3957	15
3958	15
3959	15
3960	19
3961	24
3962	26
3963	19
3964	30
3965	10
3966	12
3967	17
3968	11
3969	12
3970	27
3971	21
3972	19
3973	13
3974	12
3975	13
3976	16
3977	18
3978	26
3979	17
3980	26
3981	15
3982	17
3983	18
3984	14
3985	8
3986	22
3987	15
3988	17
3989	13
3990	16
3991	13
3992	26
3993	17
3994	16
3995	20
3996	11
3997	14
3998	17
3999	18
4000	14
4001	8
4002	20
4003	16
4004	17
4005	10
4006	9
4007	16
4008	19
4009	19
4010	13
4011	19
4012	13
4013	12
4014	7
4015	20
4016	10
4017	8
4018	15
4019	9
4020	10
4021	19
4022	20
4023	14
4024	12
4025	12
4026	10
4027	10
4028	11
4029	16
4030	10
4031	15
4032	12
4033	18
4034	12
4035	13
4036	13
4037	9
4038	7
4039	9
4040	18
4041	10
4042	10
4043	6
4044	13
4045	17
4046	14
4047	13
4048	9
4049	4
4050	13
4051	9
4052	12
4053	14
4054	6
4055	6
4056	9
4057	19
4058	10
4059	8
4060	11
4061	6
4062	14
4063	14
4064	6
4065	11
4066	13
4067	12
4068	8
4069	9
4070	9
4071	15
4072	10
4073	8
4074	8
4075	11
4076	10
4077	9
4078	5
4079	9
4080	2
4081	11
4082	10
4083	11
4084	8
4085	5
4086	7
4087	7
4088	4
4089	9
4090	10
4091	8
4092	13
4093	6
4094	9
4095	6
4096	4
4097	14
4098	10
4099	9
4100	8
4101	6
4102	10
4103	6
4104	9
4105	13
4106	8
4107	11
4108	5
4109	6
4110	7
4111	9
4112	3
4113	3
4114	9
4115	5
4116	10
4117	3
4118	8
4119	9
4120	6
4121	7
4122	8
4123	6
4124	8
4125	5
4126	2
4127	2
4128	11
4129	2
4130	6
4131	8
4132	9
4133	11
4134	4
4135	8
4136	9
4137	8
4138	6
4139	3
4140	7
4141	8
4142	3
4143	3
4144	6
4145	9
4146	10
4147	7
4148	3
4149	5
4150	12
4151	8
4152	6
4153	6
4154	7
4155	2
4156	5
4157	6
4158	4
4159	7
4160	2
4161	0
4162	9
4163	7
4164	3
4165	5
4166	3
4167	5
4168	2
4169	5
4170	4
4171	6
4172	7
4173	4
4174	4
4175	8
4176	5
4177	3
4178	8
4179	5
4180	9
4181	3
4182	5
4183	3
4184	4
4185	7
4186	6
4187	4
4188	5
4189	5
4190	6
4191	4
4192	6
4193	8
4194	5
4195	3
4196	5
4197	2
4198	4
4199	5
4200	5
4201	3
4202	6
4203	4
4204	6
4205	5
4206	5
4207	3
4208	6
4209	6
4210	7
4211	1
4212	8
4213	4
4214	3
4215	4
4216	6
4217	3
4218	6
4219	3
4220	1
4221	5
4222	1
4223	6
4224	4
4225	2
4226	5
4227	1
4228	2
4229	4
4230	2
4231	1
4232	3
4233	3
4234	4
4235	2
4236	3
4237	4
4238	4
4239	4
4240	1
4241	4
4242	5
4243	3
4244	8
4245	3
4246	4
4247	5
4248	5
4249	0
4250	3
4251	1
4252	1
4253	2
4254	6
4255	4
4256	5
4257	0
4258	1
4259	4
4260	4
4261	5
4262	6
4263	5
4264	2
4265	5
4266	2
4267	2
4268	0
4269	0
4270	1
4271	2
4272	2
4273	4
4274	1
4275	1
4276	3
4277	0
4278	1
4279	1
4280	3
4281	5
4282	1
4283	1
4284	2
4285	1
4286	4
4287	1
4288	3
4289	1
4290	2
4291	2
4292	1
4293	2
4294	2
4295	1
4296	1
4297	5
4298	1
4299	2
4300	3
4301	0
4302	1
4303	0
4304	0
4305	2
4306	5
4307	4
4308	3
4309	3
4310	2
4311	0
4312	0
4313	1
4314	3
4315	5
4316	2
4317	3
4318	3
4319	1
4320	1
4321	3
4322	2
4323	2
4324	2
4325	0
4326	1
4327	3
4328	2
4329	1
4330	3
4331	1
4332	2
4333	2
4334	1
4335	2
4336	4
4337	1
4338	3
4339	3
4340	1
4341	3
4342	0
4343	2
4344	2
4345	1
4346	1
4347	3
4348	2
4349	2
4350	1
4351	2
4352	1
4353	2
4354	1
4355	1
4356	3
4357	0
4358	0
4359	4
4360	1
4361	2
4362	2
4363	2
4364	0
4365	0
4366	1
4367	1
4368	0
4369	0
4370	1
4371	1
4372	0
4373	1
4374	0
4375	1
4376	1
4377	0
4378	0
4379	0
4380	2
4381	0
4382	0
4383	4
4384	1
4385	2
4386	1
4387	0
4388	1
4389	0
4390	1
4391	2
4392	3
4393	1
4394	3
4395	0
4396	2
4397	1
4398	1
4399	0
4400	1
4401	0
4402	1
4403	1
4404	0
4405	1
4406	0
4407	0
4408	1
4409	2
4410	0
4411	3
4412	2
4413	0
4414	3
4415	0
4416	1
4417	0
4418	1
4419	0
4420	2
4421	0
4422	0
4423	1
4424	1
4425	0
4426	1
4427	0
4428	0
4429	1
4430	0
4431	0
4432	1
4433	1
4434	0
4435	3
4436	1
4437	1
4438	1
4439	1
4440	1
4441	0
4442	2
4443	1
4444	0
4445	1
4446	2
4447	2
4448	1
4449	4
4450	1
4451	0
4452	1
4453	1
4454	2
4455	0
4456	0
4457	0
4458	0
4459	3
4460	1
4461	3
4462	1
4463	1
4464	0
4465	1
4466	0
4467	0
4468	0
4469	0
4470	1
4471	0
4472	1
4473	1
4474	0
4475	0
4476	0
4477	0
4478	1
4479	1
4480	0
4481	1
4482	0
4483	0
4484	0
4485	1
4486	0
4487	2
4488	0
4489	0
4490	2
4491	1
4492	0
4493	1
4494	0
4495	1
4496	0
4497	0
4498	1
4499	1
4500	1
4501	1
4502	0
4503	2
4504	1
4505	1
4506	0
4507	1
4508	2
4509	1
4510	2
4511	0
4512	1
4513	0
4514	1
4515	1
4516	1
4517	4
4518	1
4519	1
4520	2
4521	0
4522	0
4523	1
4524	0
4525	2
4526	0
4527	1
4528	0
4529	1
4530	0
4531	0
4532	1
4533	1
4534	2
4535	0
4536	0
4537	0
4538	0
4539	1
4540	3
4541	1
4542	0
4543	1
4544	1
4545	1
4546	1
4547	1
4548	0
4549	0
4550	0
4551	2
4552	0
4553	0
4554	0
4555	1
4556	0
4557	1
4558	0
4559	0
4560	0
4561	0
4562	0
4563	0
4564	0
4565	1
4566	0
4567	1
4568	2
4569	3
4570	0
4571	2
4572	0
4573	1
4574	0
4575	0
4576	2
4577	0
4578	1
4579	0
4580	0
4581	1
4582	1
4583	1
4584	0
4585	2
4586	1
4587	0
4588	1
4589	1
4590	1
4591	1
4592	0
4593	1
4594	1
4595	1
4596	0
4597	2
4598	1
4599	0
4600	1
4601	0
4602	1
4603	0
4604	0
4605	0
4606	4
4607	2
4608	1
4609	0
4610	1
4611	0
4612	0
4613	0
4614	0
4615	1
4616	1
4617	2
4618	0
4619	1
4620	0
4621	0
4622	2
4623	1
4624	0
4625	0
4626	0
4627	0
4628	1
4629	1
4630	1
4631	1
4632	2
4633	1
4634	0
4635	0
4636	1
4637	0
4638	1
4639	1
4640	0
4641	1
4642	0
4643	0
4644	1
4645	4
4646	1
4647	1
4648	0
4649	0
4650	2
4651	1
4652	0
4653	2
4654	1
4655	1
4656	0
4657	0
4658	2
4659	1
4660	2
4661	0
4662	2
4663	0
4664	2
4665	0
4666	0
4667	0
4668	1
4669	2
4670	0
4671	0
4672	2
4673	0
4674	0
4675	0
4676	0
4677	1
4678	1
4679	0
4680	0
4681	2
4682	1
4683	1
4684	0
4685	1
4686	0
4687	1
4688	1
4689	1
4690	0
4691	0
4692	0
4693	0
4694	1
4695	1
4696	1
4697	0
4698	0
4699	0
4700	0
4701	0
4702	1
4703	0
4704	0
4705	0
4706	1
4707	2
4708	0
4709	1
4710	0
4711	2
4712	1
4713	0
4714	2
4715	0
4716	0
4717	0
4718	0
4719	0
4720	1
4721	0
4722	0
4723	0
4724	0
4725	0
4726	0
4727	1
4728	1
4729	2
4730	1
4731	2
4732	2
4733	0
4734	0
4735	0
4736	3
4737	0
4738	1
4739	0
4740	1
4741	0
4742	0
4743	0
4744	0
4745	1
4746	0
4747	0
4748	1
4749	1
4750	2
4751	0
4752	1
4753	1
4754	0
4755	0
4756	0
4757	1
4758	0
4759	1
4760	0
4761	0
4762	0
4763	1
4764	0
4765	2
4766	0
4767	0
4768	0
4769	0
4770	0
4771	0
4772	0
4773	0
4774	1
4775	2
4776	1
4777	1
4778	0
4779	0
4780	0
4781	1
4782	0
4783	1
4784	0
4785	1
4786	1
4787	0
4788	1
4789	1
4790	2
4791	1
4792	0
4793	0
4794	0
4795	0
4796	0
4797	1
4798	1
4799	0
4800	0
4801	1
4802	0
4803	0
4804	0
4805	1
4806	0
4807	0
4808	0
4809	0
4810	0
4811	2
4812	1
4813	1
4814	1
4815	0
4816	1
4817	2
4818	1
4819	0
4820	0
4821	2
4822	0
4823	1
4824	0
4825	0
4826	0
4827	2
4828	1
4829	0
4830	0
4831	0
4832	1
4833	0
4834	2
4835	1
4836	1
4837	1
4838	0
4839	0
4840	0
4841	0
4842	0
4843	0
4844	0
4845	1
4846	0
4847	0
4848	0
4849	2
4850	1
4851	0
4852	0
4853	0
4854	1
4855	1
4856	0
4857	0
4858	1
4859	0
4860	0
4861	1
4862	0
4863	0
4864	0
4865	1
4866	0
4867	0
4868	0
4869	0
4870	0
4871	0
4872	0
4873	2
4874	0
4875	0
4876	0
4877	0
4878	1
4879	0
4880	0
4881	0
4882	0
4883	0
4884	2
4885	0
4886	1
4887	0
4888	1
4889	1
4890	2
4891	1
4892	1
4893	0
4894	0
4895	1
4896	0
4897	2
4898	0
4899	0
4900	0
4901	0
4902	0
4903	1
4904	1
4905	0
4906	1
4907	0
4908	0
4909	0
4910	0
4911	1
4912	0
4913	0
4914	1
4915	0
4916	2
4917	0
4918	1
4919	1
4920	0
4921	0
4922	1
4923	0
4924	1
4925	0
4926	0
4927	1
4928	0
4929	0
4930	0
4931	0
4932	1
4933	1
4934	0
4935	1
4936	2
4937	2
4938	0
4939	0
4940	1
4941	0
4942	0
4943	1
4944	0
4945	0
4946	1
4947	1
4948	0
4949	0
4950	0
4951	0
4952	1
4953	0
4954	1
4955	1
4956	1
4957	1
4958	0
4959	1
4960	1
4961	1
4962	1
4963	0
4964	1
4965	0
4966	0
4967	0
4968	0
4969	1
4970	0
4971	0
4972	2
4973	0
4974	1
4975	0
4976	1
4977	0
4978	1
4979	0
4980	1
4981	0
4982	0
4983	0
4984	1
4985	1
4986	1
4987	0
4988	1
4989	0
4990	0
4991	0
4992	1
4993	1
4994	2
4995	0
4996	0
4997	2
4998	1
4999	1
5000	0
5001	0
5002	1
5003	0
5004	0
5005	0
5006	1
5007	0
5008	0
5009	1
5010	0
5011	0
5012	1
5013	1
5014	1
5015	0
5016	1
5017	1
5018	1
5019	0
5020	1
5021	1
5022	1
5023	0
5024	1
5025	0
5026	1
5027	0
5028	1
5029	1
5030	0
5031	0
5032	0
5033	1
5034	0
5035	2
5036	1
5037	0
5038	0
5039	3
5040	0
5041	2
5042	0
5043	1
5044	0
5045	0
5046	2
5047	1
5048	1
5049	0
5050	2
5051	1
5052	2
5053	0
5054	0
5055	0
5056	0
5057	0
5058	1
5059	0
5060	0
5061	0
5062	0
5063	1
5064	0
5065	0
5066	0
5067	1
5068	1
5069	2
5070	1
5071	1
5072	0
5073	0
5074	0
5075	0
5076	0
5077	0
5078	2
5079	0
5080	0
5081	0
5082	0
5083	1
5084	2
5085	0
5086	0
5087	0
5088	0
5089	0
5090	0
5091	0
5092	0
5093	0
5094	0
5095	0
5096	1
5097	0
5098	0
5099	0
5100	0
5101	3
5102	1
5103	1
5104	2
5105	1
5106	0
5107	0
5108	0
5109	0
5110	1
5111	1
5112	0
5113	0
5114	0
5115	1
5116	0
5117	0
5118	1
5119	0
5120	0
5121	0
5122	0
5123	1
5124	0
5125	0
5126	1
5127	0
5128	0
5129	0
5130	0
5131	0
5132	0
5133	0
5134	0
5135	0
5136	0
5137	0
5138	0
5139	0
5140	0
5141	1
5142	0
5143	0
5144	1
5145	1
5146	1
5147	0
5148	2
5149	0
5150	1
5151	0
5152	1
5153	0
5154	1
5155	1
5156	0
5157	2
5158	0
5159	1
5160	1
5161	0
5162	0
5163	0
5164	0
5165	0
5166	0
5167	0
5168	0
5169	0
5170	0
5171	1
5172	1
5173	0
5174	0
5175	0
5176	0
5177	1
5178	2
5179	2
5180	2
5181	1
5182	1
5183	2
5184	0
5185	0
5186	1
5187	0
5188	0
5189	2
5190	0
5191	1
5192	2
5193	2
5194	3
5195	1
5196	1
5197	0
5198	0
5199	0
5200	0
5201	0
5202	0
5203	0
5204	0
5205	0
5206	1
5207	0
5208	0
5209	0
5210	0
5211	0
5212	0
5213	3
5214	0
5215	1
5216	1
5217	1
5218	0
5219	0
5220	0
5221	0
5222	0
5223	0
5224	2
5225	1
5226	0
5227	1
5228	0
5229	0
5230	2
5231	0
5232	0
5233	0
5234	1
5235	0
5236	0
5237	2
5238	2
5239	2
5240	3
5241	0
5242	0
5243	1
5244	0
5245	1
5246	1
5247	0
5248	0
5249	0
5250	1
5251	2
5252	0
5253	1
5254	0
5255	0
5256	0
5257	3
5258	0
5259	0
5260	0
5261	0
5262	1
5263	0
5264	0
5265	0
5266	2
5267	0
5268	0
5269	1
5270	1
5271	1
5272	0
5273	1
5274	0
5275	1
5276	1
5277	0
5278	1
5279	0
5280	0
5281	1
5282	0
5283	1
5284	0
5285	0
5286	1
5287	0
5288	0
5289	0
5290	0
5291	1
5292	0
5293	0
5294	0
5295	1
5296	0
5297	0
5298	1
5299	1
5300	0
5301	0
5302	0
5303	0
5304	0
5305	2
5306	0
5307	0
5308	0
5309	0
5310	0
5311	0
5312	0
5313	0
5314	1
5315	0
5316	0
5317	1
5318	0
5319	0
5320	0
5321	0
5322	3
5323	2
5324	2
5325	0
5326	2
5327	0
5328	0
5329	0
5330	0
5331	0
5332	1
5333	1
5334	1
5335	0
5336	0
5337	0
5338	0
5339	1
5340	0
5341	0
5342	0
5343	0
5344	0
5345	2
5346	0
5347	1
5348	2
5349	1
5350	1
5351	0
5352	0
5353	2
5354	0
5355	0
5356	0
5357	0
5358	2
5359	2
5360	1
5361	1
5362	0
5363	0
5364	0
5365	1
5366	1
5367	1
5368	0
5369	0
5370	1
5371	1
5372	1
5373	0
5374	0
5375	0
5376	1
5377	1
5378	1
5379	0
5380	0
5381	1
5382	0
5383	1
5384	1
5385	0
5386	1
5387	0
5388	1
5389	2
5390	0
5391	0
5392	1
5393	0
5394	0
5395	0
5396	0
5397	0
5398	1
5399	0
5400	0
5401	1
5402	0
5403	0
5404	0
5405	0
5406	0
5407	0
5408	0
5409	0
5410	0
5411	0
5412	1
5413	1
5414	1
5415	0
5416	0
5417	0
5418	3
5419	0
5420	0
5421	0
5422	1
5423	1
5424	1
5425	1
5426	1
5427	0
5428	0
5429	0
5430	1
5431	0
5432	0
5433	1
5434	0
5435	0
5436	1
5437	1
5438	0
5439	0
5440	2
5441	0
5442	1
5443	0
5444	0
5445	0
5446	0
5447	0
5448	3
5449	0
5450	2
5451	1
5452	1
5453	0
5454	0
5455	0
5456	0
5457	0
5458	2
5459	0
5460	1
5461	2
5462	0
5463	0
5464	1
5465	2
5466	0
5467	0
5468	1
5469	1
5470	1
5471	0
5472	1
5473	0
5474	0
5475	1
5476	0
5477	0
5478	0
5479	1
5480	0
5481	0
5482	1
5483	3
5484	0
5485	1
5486	0
5487	0
5488	1
5489	1
5490	0
5491	1
5492	0
5493	1
5494	0
5495	0
5496	0
5497	0
5498	0
5499	1
5500	1
5501	0
5502	0
5503	1
5504	0
5505	0
5506	1
5507	1
5508	2
5509	1
5510	0
5511	0
5512	1
5513	1
5514	0
5515	0
5516	0
5517	0
5518	0
5519	0
5520	0
5521	1
5522	0
5523	0
5524	1
5525	1
5526	0
5527	0
5528	0
5529	0
5530	0
5531	1
5532	0
5533	0
5534	1
5535	1
5536	0
5537	1
5538	0
5539	0
5540	0
5541	0
5542	0
5543	0
5544	1
5545	1
5546	0
5547	0
5548	0
5549	0
5550	0
5551	0
5552	1
5553	0
5554	1
5555	0
5556	0
5557	1
5558	0
5559	1
5560	0
5561	0
5562	1
5563	0
5564	0
5565	0
5566	0
5567	0
5568	1
5569	1
5570	0
5571	0
5572	1
5573	0
5574	1
5575	1
5576	0
5577	1
5578	0
5579	2
5580	2
5581	1
5582	0
5583	0
5584	2
5585	0
5586	0
5587	0
5588	0
5589	1
5590	1
5591	2
5592	0
5593	0
5594	1
5595	1
5596	0
5597	0
5598	1
5599	0
5600	3
5601	0
5602	0
5603	0
5604	1
5605	1
5606	0
5607	0
5608	0
5609	0
5610	0
5611	1
5612	0
5613	0
5614	2
5615	0
5616	1
5617	1
5618	0
5619	0
5620	0
5621	0
5622	0
5623	0
5624	3
5625	1
5626	0
5627	2
5628	1
5629	0
5630	1
5631	0
5632	0
5633	2
5634	2
5635	0
5636	1
5637	1
5638	0
5639	1
5640	1
5641	0
5642	0
5643	0
5644	0
5645	0
5646	1
5647	1
5648	1
5649	1
5650	0
5651	1
5652	1
5653	1
5654	0
5655	0
5656	1
5657	0
5658	0
5659	1
5660	0
5661	0
5662	1
5663	0
5664	2
5665	0
5666	0
5667	0
5668	0
5669	1
5670	1
5671	0
5672	0
5673	1
5674	1
5675	0
5676	0
5677	1
5678	0
5679	0
5680	0
5681	0
5682	3
5683	0
5684	0
5685	1
5686	0
5687	0
5688	0
5689	0
5690	0
5691	2
5692	1
5693	0
5694	0
5695	1
5696	1
5697	1
5698	0
5699	1
5700	2
5701	1
5702	0
5703	1
5704	0
5705	0
5706	0
5707	0
5708	0
5709	1
5710	0
5711	0
5712	0
5713	0
5714	0
5715	3
5716	0
5717	0
5718	0
5719	0
5720	0
5721	4
5722	1
5723	0
5724	1
5725	0
5726	3
5727	0
5728	3
5729	0
5730	0
5731	0
5732	1
5733	0
5734	1
5735	0
5736	1
5737	1
5738	0
5739	0
5740	2
5741	1
5742	1
5743	1
5744	1
5745	2
5746	2
5747	1
5748	0
5749	0
5750	1
5751	0
5752	2
5753	0
5754	0
5755	1
5756	0
5757	0
5758	1
5759	0
5760	0
5761	0
5762	2
5763	0
5764	1
5765	1
5766	0
5767	1
5768	1
5769	0
5770	1
5771	0
5772	0
5773	0
5774	1
5775	0
5776	1
5777	0
5778	2
5779	0
5780	0
5781	0
5782	1
5783	1
5784	2
5785	1
5786	0
5787	1
5788	2
5789	0
5790	0
5791	1
5792	0
5793	0
5794	1
5795	0
5796	2
5797	1
5798	0
5799	0
5800	0
5801	0
5802	1
5803	0
5804	2
5805	0
5806	0
5807	0
5808	0
5809	0
5810	0
5811	2
5812	0
5813	2
5814	0
5815	0
5816	1
5817	0
5818	0
5819	0
5820	1
5821	0
5822	0
5823	0
5824	0
5825	0
5826	0
5827	0
5828	0
5829	2
5830	1
5831	0
5832	0
5833	0
5834	0
5835	2
5836	2
5837	0
5838	0
5839	0
5840	1
5841	2
5842	1
5843	1
5844	4
5845	1
5846	0
5847	1
5848	0
5849	1
5850	0
5851	0
5852	0
5853	0
5854	0
5855	0
5856	2
5857	1
5858	1
5859	1
5860	0
5861	0
5862	2
5863	1
5864	0
5865	0
5866	1
5867	1
5868	0
5869	0
5870	0
5871	0
5872	2
5873	0
5874	0
5875	0
5876	1
5877	0
5878	0
5879	0
5880	0
5881	1
5882	0
5883	0
5884	0
5885	0
5886	0
5887	0
5888	0
5889	0
5890	0
5891	0
5892	0
5893	1
5894	1
5895	0
5896	2
5897	1
5898	1
5899	1
5900	0
5901	1
5902	0
5903	0
5904	1
5905	1
5906	1
5907	1
5908	1
5909	0
5910	1
5911	3
5912	0
5913	1
5914	0
5915	0
5916	0
5917	0
5918	0
5919	0
5920	0
5921	1
5922	1
5923	1
5924	1
5925	0
5926	0
5927	0
5928	1
5929	0
5930	2
5931	0
5932	0
5933	0
5934	0
5935	0
5936	0
5937	0
5938	0
5939	0
5940	2
5941	0
5942	0
5943	0
5944	0
5945	1
5946	2
5947	1
5948	0
5949	2
5950	0
5951	2
5952	2
5953	0
5954	0
5955	0
5956	0
5957	2
5958	0
5959	0
5960	0
5961	0
5962	1
5963	0
5964	0
5965	0
5966	2
5967	0
5968	0
5969	2
5970	1
5971	0
5972	1
5973	0
5974	1
5975	1
5976	0
5977	0
5978	0
5979	0
5980	0
5981	0
5982	0
5983	1
5984	1
5985	0
5986	0
5987	1
5988	0
5989	0
5990	1
5991	0
5992	0
5993	0
5994	2
5995	1
5996	0
5997	0
5998	1
5999	1
6000	0
6001	0
6002	0
6003	0
6004	0
6005	0
6006	0
6007	1
6008	0
6009	0
6010	0
6011	2
6012	1
6013	0
6014	1
6015	0
6016	1
6017	1
6018	0
6019	1
6020	0
6021	2
6022	0
6023	0
6024	2
6025	0
6026	0
6027	0
6028	0
6029	2
6030	2
6031	0
6032	1
6033	0
6034	0
6035	0
6036	0
6037	0
6038	2
6039	0
6040	0
6041	2
6042	0
6043	1
6044	0
6045	0
6046	1
6047	0
6048	0
6049	1
6050	2
6051	0
6052	1
6053	0
6054	0
6055	1
6056	0
6057	0
6058	0
6059	0
6060	0
6061	1
6062	0
6063	0
6064	0
6065	0
6066	2
6067	0
6068	0
6069	1
6070	1
6071	0
6072	0
6073	1
6074	0
6075	0
6076	2
6077	3
6078	0
6079	0
6080	0
6081	1
6082	0
6083	0
6084	1
6085	0
6086	0
6087	0
6088	0
6089	3
6090	0
6091	0
6092	1
6093	0
6094	0
6095	0
6096	0
6097	0
6098	0
6099	1
6100	0
6101	0
6102	0
6103	0
6104	1
6105	0
6106	1
6107	1
6108	1
6109	2
6110	1
6111	1
6112	0
6113	0
6114	2
6115	0
6116	0
6117	1
6118	1
6119	0
6120	1
6121	0
6122	2
6123	0
6124	0
6125	0
6126	0
6127	1
6128	0
6129	0
6130	0
6131	1
6132	0
6133	1
6134	0
6135	0
6136	0
6137	1
6138	0
6139	0
6140	1
6141	0
6142	1
6143	2
6144	0
6145	0
6146	0
6147	1
6148	0
6149	4
6150	0
6151	1
6152	0
6153	0
6154	1
6155	1
6156	0
6157	0
6158	0
6159	0
6160	0
6161	0
6162	1
6163	0
6164	0
6165	2
6166	0
6167	0
6168	1
6169	1
6170	0
6171	1
6172	0
6173	1
6174	1
6175	0
6176	1
6177	1
6178	0
6179	0
6180	0
6181	0
6182	1
6183	0
6184	0
6185	0
6186	0
6187	0
6188	0
6189	0
6190	0
6191	0
6192	0
6193	0
6194	0
6195	0
6196	1
6197	1
6198	0
6199	0
6200	0
6201	0
6202	0
6203	0
6204	0
6205	0
6206	0
6207	1
6208	1
6209	0
6210	0
6211	0
6212	0
6213	0
6214	2
6215	1
6216	0
6217	0
6218	0
6219	1
6220	0
6221	0
6222	0
6223	1
6224	0
6225	2
6226	1
6227	0
6228	0
6229	0
6230	0
6231	0
6232	0
6233	2
6234	1
6235	0
6236	0
6237	0
6238	0
6239	0
6240	1
6241	0
6242	0
6243	0
6244	0
6245	1
6246	0
6247	0
6248	1
6249	0
6250	0
6251	0
6252	1
6253	0
6254	2
6255	0
6256	0
6257	1
6258	0
6259	2
6260	0
6261	0
6262	0
6263	0
6264	0
6265	2
6266	1
6267	0
6268	0
6269	0
6270	0
6271	0
6272	1
6273	0
6274	1
6275	0
6276	1
6277	1
6278	0
6279	0
6280	0
6281	0
6282	1
6283	1
6284	1
6285	0
6286	0
6287	1
6288	0
6289	0
6290	1
6291	0
6292	0
6293	1
6294	0
6295	2
6296	0
6297	0
6298	2
6299	0
6300	0
6301	0
6302	0
6303	1
6304	0
6305	0
6306	0
6307	1
6308	2
6309	2
6310	0
6311	1
6312	1
6313	0
6314	0
6315	0
6316	0
6317	0
6318	1
6319	0
6320	1
6321	0
6322	0
6323	0
6324	1
6325	2
6326	0
6327	1
6328	0
6329	1
6330	0
6331	1
6332	0
6333	0
6334	0
6335	0
6336	0
6337	0
6338	0
6339	0
6340	0
6341	0
6342	2
6343	0
6344	0
6345	0
6346	0
6347	0
6348	0
6349	0
6350	1
6351	0
6352	0
6353	0
6354	0
6355	0
6356	0
6357	0
6358	0
6359	0
6360	1
6361	0
6362	0
6363	1
6364	0
6365	0
6366	0
6367	1
6368	0
6369	1
6370	0
6371	0
6372	1
6373	0
6374	0
6375	0
6376	0
6377	0
6378	0
6379	0
6380	0
6381	1
6382	0
6383	1
6384	0
6385	0
6386	1
6387	0
6388	0
6389	0
6390	1
6391	0
6392	0
6393	0
6394	0
6395	1
6396	0
6397	2
6398	0
6399	0
6400	0
6401	0
6402	0
6403	0
6404	0
6405	1
6406	2
6407	0
6408	0
6409	0
6410	0
6411	1
6412	1
6413	0
6414	1
6415	0
6416	1
6417	0
6418	0
6419	1
6420	0
6421	0
6422	0
6423	0
6424	0
6425	1
6426	1
6427	0
6428	0
6429	0
6430	0
6431	0
6432	0
6433	0
6434	0
6435	0
6436	0
6437	0
6438	0
6439	0
6440	0
6441	0
6442	0
6443	0
6444	1
6445	1
6446	0
6447	0
6448	0
6449	0
6450	1
6451	1
6452	1
6453	0
6454	1
6455	1
6456	0
6457	0
6458	0
6459	0
6460	1
6461	0
6462	1
6463	0
6464	2
6465	1
6466	0
6467	0
6468	0
6469	0
6470	0
6471	0
6472	0
6473	0
6474	0
6475	0
6476	0
6477	0
6478	1
6479	0
6480	1
6481	1
6482	2
6483	1
6484	0
6485	0
6486	1
6487	0
6488	0
6489	1
6490	0
6491	1
6492	0
6493	0
6494	0
6495	0
6496	0
6497	0
6498	1
6499	0
6500	0
6501	0
6502	1
6503	0
6504	0
6505	0
6506	0
6507	0
6508	0
6509	0
6510	0
6511	1
6512	0
6513	0
6514	1
6515	0
6516	1
6517	0
6518	0
6519	0
6520	1
6521	1
6522	0
6523	0
6524	1
6525	0
6526	0
6527	0
6528	0
6529	0
6530	0
6531	0
6532	1
6533	0
6534	1
6535	2
6536	0
6537	1
6538	0
6539	0
6540	0
6541	1
6542	0
6543	1
6544	0
6545	1
6546	1
6547	0
6548	0
6549	0
6550	0
6551	2
6552	0
6553	0
6554	0
6555	0
6556	0
6557	0
6558	3
6559	0
6560	0
6561	0
6562	2
6563	2
6564	0
6565	1
6566	0
6567	0
6568	1
6569	0
6570	1
6571	0
6572	1
6573	0
6574	1
6575	0
6576	1
6577	0
6578	0
6579	1
6580	0
6581	0
6582	0
6583	0
6584	0
6585	0
6586	0
6587	0
6588	0
6589	1
6590	0
6591	0
6592	0
6593	0
6594	0
6595	1
6596	0
6597	1
6598	0
6599	0
6600	1
6601	0
6602	1
6603	0
6604	0
6605	0
6606	3
6607	0
6608	0
6609	0
6610	2
6611	0
6612	1
6613	0
6614	1
6615	0
6616	0
6617	0
6618	1
6619	0
6620	1
6621	0
6622	0
6623	0
6624	0
6625	0
6626	0
6627	0
6628	2
6629	0
6630	0
6631	1
6632	0
6633	1
6634	0
6635	0
6636	0
6637	0
6638	0
6639	1
6640	0
6641	0
6642	0
6643	1
6644	0
6645	0
6646	1
6647	0
6648	0
6649	0
6650	0
6651	1
6652	0
6653	0
6654	0
6655	0
6656	0
6657	0
6658	0
6659	1
6660	0
6661	1
6662	0
6663	0
6664	0
6665	2
6666	0
6667	1
6668	0
6669	0
6670	1
6671	0
6672	0
6673	1
6674	0
6675	0
6676	1
6677	0
6678	0
6679	0
6680	0
6681	0
6682	0
6683	0
6684	1
6685	0
6686	0
6687	0
6688	0
6689	2
6690	2
6691	1
6692	0
6693	0
6694	1
6695	0
6696	0
6697	2
6698	0
6699	0
6700	0
6701	0
6702	0
6703	0
6704	0
6705	1
6706	0
6707	0
6708	2
6709	0
6710	0
6711	0
6712	0
6713	0
6714	0
6715	0
6716	0
6717	0
6718	1
6719	0
6720	0
6721	1
6722	0
6723	2
6724	0
6725	0
6726	0
6727	0
6728	0
6729	0
6730	1
6731	1
6732	0
6733	0
6734	0
6735	0
6736	1
6737	0
6738	1
6739	1
6740	0
6741	0
6742	2
6743	0
6744	0
6745	0
6746	0
6747	0
6748	0
6749	0
6750	0
6751	0
6752	0
6753	0
6754	0
6755	0
6756	0
6757	0
6758	0
6759	0
6760	0
6761	0
6762	1
6763	0
6764	0
6765	0
6766	0
6767	0
6768	0
6769	0
6770	0
6771	0
6772	0
6773	1
6774	2
6775	0
6776	1
6777	0
6778	0
6779	0
6780	0
6781	1
6782	0
6783	0
6784	2
6785	0
6786	0
6787	0
6788	1
6789	0
6790	0
6791	0
6792	1
6793	0
6794	1
6795	0
6796	0
6797	1
6798	0
6799	1
6800	0
6801	0
6802	0
6803	0
6804	0
6805	1
6806	0
6807	2
6808	1
6809	0
6810	0
6811	0
6812	0
6813	0
6814	0
6815	1
6816	0
6817	0
6818	0
6819	0
6820	0
6821	1
6822	2
6823	0
6824	0
6825	2
6826	0
6827	0
6828	2
6829	1
6830	0
6831	0
6832	1
6833	0
6834	0
6835	0
6836	0
6837	0
6838	0
6839	0
6840	1
6841	0
6842	0
6843	0
6844	0
6845	0
6846	0
6847	1
6848	0
6849	0
6850	1
6851	1
6852	1
6853	0
6854	0
6855	0
6856	0
6857	0
6858	1
6859	1
6860	0
6861	0
6862	1
6863	0
6864	2
6865	0
6866	0
6867	0
6868	0
6869	0
6870	0
6871	1
6872	0
6873	0
6874	0
6875	1
6876	0
6877	0
6878	2
6879	0
6880	0
6881	1
6882	2
6883	0
6884	0
6885	0
6886	0
6887	0
6888	1
6889	0
6890	0
6891	0
6892	0
6893	0
6894	1
6895	0
6896	2
6897	0
6898	1
6899	0
6900	1
6901	0
6902	0
6903	1
6904	0
6905	0
6906	0
6907	0
6908	0
6909	0
6910	0
6911	1
6912	0
6913	0
6914	0
6915	0
6916	0
6917	0
6918	0
6919	0
6920	0
6921	0
6922	0
6923	0
6924	0
6925	1
6926	0
6927	0
6928	0
6929	2
6930	1
6931	1
6932	0
6933	1
6934	1
6935	0
6936	0
6937	0
6938	0
6939	0
6940	1
6941	0
6942	0
6943	0
6944	0
6945	1
6946	0
6947	0
6948	1
6949	2
6950	0
6951	0
6952	0
6953	1
6954	1
6955	1
6956	1
6957	0
6958	1
6959	0
6960	1
6961	0
6962	0
6963	2
6964	0
6965	0
6966	1
6967	1
6968	0
6969	0
6970	0
6971	0
6972	0
6973	1
6974	1
6975	0
6976	0
6977	0
6978	0
6979	1
6980	0
6981	0
6982	0
6983	0
6984	0
6985	0
6986	1
6987	0
6988	0
6989	0
6990	0
6991	1
6992	0
6993	0
6994	1
6995	0
6996	0
6997	0
6998	0
6999	2
7000	1
7001	1
7002	1
7003	0
7004	0
7005	1
7006	1
7007	1
7008	0
7009	0
7010	2
7011	0
7012	2
7013	0
7014	0
7015	2
7016	1
7017	0
7018	0
7019	0
7020	0
7021	0
7022	0
7023	0
7024	0
7025	1
7026	0
7027	1
7028	1
7029	1
7030	0
7031	0
7032	1
7033	0
7034	0
7035	0
7036	0
7037	0
7038	0
7039	2
7040	0
7041	0
7042	0
7043	0
7044	0
7045	0
7046	0
7047	1
7048	0
7049	0
7050	0
7051	0
7052	0
7053	0
7054	1
7055	0
7056	1
7057	0
7058	0
7059	1
7060	1
7061	1
7062	0
7063	0
7064	0
7065	2
7066	0
7067	1
7068	0
7069	1
7070	0
7071	0
7072	0
7073	0
7074	0
7075	1
7076	0
7077	0
7078	0
7079	2
7080	0
7081	0
7082	1
7083	0
7084	0
7085	0
7086	0
7087	0
7088	0
7089	0
7090	0
7091	1
7092	0
7093	0
7094	0
7095	1
7096	1
7097	0
7098	1
7099	0
7100	0
7101	0
7102	0
7103	0
7104	0
7105	0
7106	0
7107	1
7108	1
7109	0
7110	0
7111	1
7112	1
7113	0
7114	0
7115	0
7116	0
7117	0
7118	0
7119	0
7120	0
7121	2
7122	3
7123	0
7124	0
7125	0
7126	0
7127	0
7128	0
7129	0
7130	0
7131	0
7132	2
7133	0
7134	1
7135	0
7136	0
7137	0
7138	1
7139	1
7140	0
7141	0
7142	0
7143	1
7144	0
7145	1
7146	0
7147	1
7148	1
7149	1
7150	0
7151	0
7152	0
7153	0
7154	0
7155	0
7156	0
7157	0
7158	0
7159	0
7160	0
7161	0
7162	1
7163	0
7164	0
7165	0
7166	2
7167	0
7168	0
7169	0
7170	1
7171	1
7172	0
7173	0
7174	1
7175	2
7176	2
7177	0
7178	0
7179	0
7180	1
7181	0
7182	0
7183	0
7184	0
7185	0
7186	0
7187	0
7188	0
7189	1
7190	0
7191	0
7192	1
7193	0
7194	0
7195	0
7196	0
7197	0
7198	0
7199	0
7200	0
7201	0
7202	1
7203	1
7204	0
7205	0
7206	0
7207	2
7208	0
7209	0
7210	0
7211	1
7212	0
7213	0
7214	0
7215	0
7216	1
7217	0
7218	0
7219	0
7220	1
7221	0
7222	0
7223	2
7224	0
7225	0
7226	0
7227	0
7228	0
7229	0
7230	0
7231	0
7232	0
7233	0
7234	0
7235	0
7236	0
7237	2
7238	0
7239	0
7240	1
7241	1
7242	0
7243	0
7244	0
7245	1
7246	2
7247	0
7248	0
7249	0
7250	1
7251	0
7252	0
7253	0
7254	0
7255	1
7256	1
7257	0
7258	1
7259	0
7260	0
7261	0
7262	0
7263	0
7264	0
7265	0
7266	1
7267	0
7268	0
7269	0
7270	1
7271	0
7272	0
7273	1
7274	0
7275	0
7276	0
7277	0
7278	0
7279	1
7280	2
7281	1
7282	0
7283	0
7284	0
7285	0
7286	0
7287	1
7288	0
7289	0
7290	0
7291	0
7292	0
7293	2
7294	0
7295	0
7296	0
7297	0
7298	0
7299	0
7300	1
7301	0
7302	0
7303	1
7304	0
7305	0
7306	0
7307	0
7308	2
7309	1
7310	1
7311	0
7312	0
7313	1
7314	0
7315	0
7316	1
7317	0
7318	0
7319	0
7320	0
7321	0
7322	0
7323	1
7324	0
7325	0
7326	0
7327	0
7328	0
7329	0
7330	0
7331	0
7332	0
7333	0
7334	0
7335	0
7336	0
7337	0
7338	1
7339	0
7340	1
7341	0
7342	0
7343	0
7344	1
7345	0
7346	0
7347	1
7348	0
7349	1
7350	2
7351	0
7352	0
7353	0
7354	1
7355	0
7356	1
7357	0
7358	0
7359	0
7360	0
7361	0
7362	0
7363	0
7364	0
7365	0
7366	0
7367	0
7368	0
7369	0
7370	0
7371	0
7372	0
7373	0
7374	0
7375	1
7376	0
7377	0
7378	0
7379	1
7380	0
7381	0
7382	0
7383	0
7384	1
7385	0
7386	0
7387	1
7388	0
7389	0
7390	0
7391	0
7392	0
7393	0
7394	0
7395	0
7396	0
7397	0
7398	0
7399	0
7400	0
7401	0
7402	1
7403	0
7404	0
7405	0
7406	0
7407	0
7408	0
7409	0
7410	0
7411	1
7412	0
7413	0
7414	0
7415	0
7416	0
7417	0
7418	0
7419	0
7420	0
7421	0
7422	0
7423	0
7424	1
7425	0
7426	1
7427	0
7428	0
7429	0
7430	0
7431	0
7432	0
7433	0
7434	0
7435	0
7436	0
7437	0
7438	0
7439	0
7440	0
7441	1
7442	0
7443	0
7444	0
7445	0
7446	0
7447	0
7448	0
7449	0
7450	0
7451	0
7452	0
7453	0
7454	0
7455	0
7456	0
7457	0
7458	0
7459	0
7460	0
7461	0
7462	1
7463	0
7464	0
7465	0
7466	1
7467	0
7468	0
7469	0
7470	0
7471	0
7472	1
7473	0
7474	0
7475	1
7476	0
7477	0
7478	0
7479	0
7480	1
7481	1
7482	0
7483	1
7484	0
7485	2
7486	0
7487	0
7488	0
7489	0
7490	0
7491	0
7492	0
7493	1
7494	0
7495	0
7496	0
7497	0
7498	0
7499	0
7500	1
7501	0
7502	0
7503	0
7504	0
7505	1
7506	1
7507	0
7508	0
7509	0
7510	0
7511	0
7512	1
7513	0
7514	0
7515	0
7516	0
7517	0
7518	0
7519	0
7520	0
7521	0
7522	1
7523	0
7524	0
7525	1
7526	1
7527	0
7528	1
7529	0
7530	2
7531	0
7532	0
7533	0
7534	0
7535	3
7536	1
7537	0
7538	0
7539	0
7540	0
7541	0
7542	1
7543	0
7544	0
7545	0
7546	1
7547	1
7548	0
7549	0
7550	0
7551	0
7552	0
7553	0
7554	0
7555	0
7556	0
7557	0
7558	0
7559	0
7560	1
7561	1
7562	0
7563	0
7564	0
7565	0
7566	2
7567	0
7568	0
7569	2
7570	1
7571	0
7572	0
7573	0
7574	0
7575	0
7576	0
7577	0
7578	0
7579	0
7580	1
7581	0
7582	0
7583	0
7584	0
7585	0
7586	0
7587	1
7588	0
7589	0
7590	0
7591	1
7592	0
7593	0
7594	1
7595	0
7596	0
7597	0
7598	0
7599	1
7600	1
7601	0
7602	0
7603	0
7604	0
7605	0
7606	0
7607	1
7608	0
7609	0
7610	0
7611	0
7612	0
7613	0
7614	0
7615	0
7616	0
7617	0
7618	1
7619	0
7620	0
7621	0
7622	1
7623	0
7624	0
7625	0
7626	0
7627	0
7628	0
7629	0
7630	0
7631	0
7632	0
7633	0
7634	0
7635	0
7636	0
7637	1
7638	0
7639	0
7640	0
7641	1
7642	0
7643	0
7644	0
7645	0
7646	0
7647	0
7648	0
7649	0
7650	0
7651	1
7652	0
7653	0
7654	0
7655	1
7656	0
7657	0
7658	0
7659	1
7660	0
7661	0
7662	0
7663	0
7664	0
7665	0
7666	0
7667	2
7668	0
7669	0
7670	1
7671	0
7672	0
7673	0
7674	0
7675	0
7676	0
7677	0
7678	1
7679	0
7680	0
7681	1
7682	0
7683	1
7684	1
7685	0
7686	0
7687	0
7688	0
7689	0
7690	0
7691	0
7692	0
7693	0
7694	0
7695	1
7696	0
7697	1
7698	0
7699	0
7700	0
7701	1
7702	0
7703	0
7704	0
7705	1
7706	0
7707	0
7708	0
7709	0
7710	0
7711	2
7712	0
7713	0
7714	0
7715	0
7716	0
7717	0
7718	0
7719	0
7720	0
7721	0
7722	1
7723	0
7724	0
7725	0
7726	0
7727	1
7728	0
7729	1
7730	0
7731	1
7732	0
7733	0
7734	0
7735	1
7736	0
7737	0
7738	0
7739	0
7740	0
7741	0
7742	0
7743	0
7744	2
7745	0
7746	0
7747	1
7748	0
7749	0
7750	0
7751	1
7752	0
7753	0
7754	0
7755	0
7756	0
7757	0
7758	0
7759	1
7760	0
7761	0
7762	0
7763	0
7764	0
7765	0
7766	0
7767	0
7768	0
7769	0
7770	0
7771	0
7772	0
7773	2
7774	0
7775	0
7776	0
7777	0
7778	0
7779	0
7780	2
7781	1
7782	0
7783	0
7784	0
7785	0
7786	0
7787	0
7788	0
7789	0
7790	0
7791	0
7792	0
7793	0
7794	0
7795	0
7796	0
7797	0
7798	1
7799	0
7800	0
7801	1
7802	0
7803	0
7804	0
7805	0
7806	0
7807	1
7808	0
7809	0
7810	1
7811	1
7812	0
7813	0
7814	0
7815	0
7816	0
7817	1
7818	0
7819	1
7820	0
7821	0
7822	0
7823	1
7824	1
7825	0
7826	0
7827	0
7828	1
7829	0
7830	0
7831	1
7832	0
7833	0
7834	0
7835	0
7836	0
7837	0
7838	0
7839	0
7840	0
7841	0
7842	0
7843	0
7844	0
7845	0
7846	1
7847	0
7848	0
7849	0
7850	0
7851	0
7852	0
7853	0
7854	0
7855	0
7856	0
7857	0
7858	0
7859	0
7860	0
7861	0
7862	0
7863	0
7864	0
7865	0
7866	0
7867	0
7868	0
7869	1
7870	0
7871	0
7872	0
7873	0
7874	0
7875	2
7876	0
7877	0
7878	0
7879	1
7880	0
7881	1
7882	0
7883	0
7884	0
7885	0
7886	0
7887	0
7888	1
7889	0
7890	0
7891	1
7892	1
7893	0
7894	0
7895	0
7896	2
7897	0
7898	0
7899	0
7900	0
7901	1
7902	0
7903	0
7904	0
7905	0
7906	0
7907	0
7908	0
7909	0
7910	0
7911	0
7912	0
7913	0
7914	0
7915	0
7916	0
7917	0
7918	0
7919	0
7920	0
7921	0
7922	0
7923	0
7924	0
7925	0
7926	0
7927	0
7928	0
7929	0
7930	0
7931	0
7932	0
7933	0
7934	0
7935	0
7936	0
7937	0
7938	0
7939	0
7940	0
7941	0
7942	0
7943	0
7944	0
7945	0
7946	0
7947	0
7948	0
7949	0
7950	0
7951	0
7952	0
7953	0
7954	0
7955	0
7956	0
7957	0
7958	0
7959	0
7960	0
7961	0
7962	0
7963	0
7964	0
7965	0
7966	0
7967	0
7968	0
7969	0
7970	0
7971	0
7972	0
7973	0
7974	0
7975	0
7976	0
7977	0
7978	0
7979	0
7980	0
7981	0
7982	0
7983	0
7984	0
7985	0
7986	0
7987	0
7988	0
7989	0
7990	0
7991	0
7992	0
7993	0
7994	0
7995	0
7996	0
7997	0
7998	0
7999	0
8000	0
8001	0
8002	0
8003	0
8004	0
8005	0
8006	0
8007	0
8008	0
8009	0
8010	0
8011	0
8012	0
8013	0
8014	0
8015	0
8016	0
8017	0
8018	0
8019	0
8020	0
8021	0
8022	0
8023	0
8024	0
8025	0
8026	0
8027	0
8028	0
8029	0
8030	0
8031	0
8032	0
8033	0
8034	0
8035	0
8036	0
8037	0
8038	0
8039	0
8040	0
8041	0
8042	0
8043	0
8044	0
8045	0
8046	0
8047	0
8048	0
8049	0
8050	0
8051	0
8052	0
8053	0
8054	0
8055	0
8056	0
8057	0
8058	0
8059	0
8060	0
8061	0
8062	0
8063	0
8064	0
8065	0
8066	0
8067	0
8068	0
8069	0
8070	0
8071	0
8072	0
8073	0
8074	0
8075	0
8076	0
8077	0
8078	0
8079	0
8080	0
8081	0
8082	0
8083	0
8084	0
8085	0
8086	0
8087	0
8088	0
8089	0
8090	0
8091	0
8092	0
8093	0
8094	0
8095	0
8096	0
8097	0
8098	0
8099	0
8100	0
8101	0
8102	0
8103	0
8104	0
8105	0
8106	0
8107	0
8108	0
8109	0
8110	0
8111	0
8112	0
8113	0
8114	0
8115	0
8116	0
8117	0
8118	0
8119	0
8120	0
8121	0
8122	0
8123	0
8124	0
8125	0
8126	0
8127	0
8128	0
8129	0
8130	0
8131	0
8132	0
8133	0
8134	0
8135	0
8136	0
8137	0
8138	0
8139	0
8140	0
8141	0
8142	0
8143	0
8144	0
8145	0
8146	0
8147	0
8148	0
8149	0
8150	0
8151	0
8152	0
8153	0
8154	0
8155	0
8156	0
8157	0
8158	0
8159	0
8160	0
8161	0
8162	0
8163	0
8164	0
8165	0
8166	0
8167	0
8168	0
8169	0
8170	0
8171	0
8172	0
8173	0
8174	0
8175	0
8176	0
8177	0
8178	0
8179	0
8180	0
8181	0
8182	0
8183	0
8184	0
8185	0
8186	0
8187	0
8188	0
8189	0
8190	0
8191	0
