0	0
1	0
2	0
3	0
4	0
5	0
6	0
7	0
8	0
9	0
10	0
11	0
12	0
13	0
14	0
15	0
16	0
17	0
18	0
19	0
20	0
21	0
22	0
23	0
24	0
25	0
26	0
27	0
28	0
29	0
30	0
31	0
32	0
33	0
34	0
35	0
36	0
37	0
38	0
39	0
40	0
41	0
42	0
43	0
44	0
45	0
46	0
47	0
48	0
49	0
50	0
51	0
52	0
53	0
54	0
55	0
56	0
57	0
58	0
59	0
60	0
61	0
62	0
63	0
64	0
65	0
66	0
67	0
68	0
69	0
70	0
71	0
72	0
73	0
74	0
75	0
76	0
77	0
78	0
79	0
80	0
81	0
82	0
83	4
84	10
85	12
86	11
87	22
88	7
89	18
90	13
91	23
92	18
93	18
94	20
95	12
96	22
97	7
98	18
99	9
100	14
101	16
102	21
103	18
104	25
105	12
106	21
107	18
108	11
109	18
110	12
111	13
112	19
113	19
114	19
115	14
116	15
117	17
118	18
119	16
120	16
121	21
122	12
123	22
124	16
125	17
126	15
127	19
128	25
129	13
130	28
131	14
132	12
133	16
134	16
135	20
136	17
137	14
138	20
139	19
140	16
141	14
142	13
143	20
144	10
145	13
146	12
147	17
148	15
149	16
150	15
151	16
152	13
153	18
154	17
155	18
156	16
157	16
158	24
159	19
160	20
161	14
162	22
163	16
164	15
165	14
166	16
167	12
168	14
169	16
170	13
171	12
172	23
173	21
174	13
175	15
176	11
177	25
178	17
179	15
180	21
181	11
182	10
183	12
184	20
185	7
186	15
187	10
188	16
189	15
190	22
191	26
192	17
193	14
194	24
195	17
196	12
197	14
198	12
199	14
200	12
201	21
202	7
203	16
204	18
205	13
206	18
207	24
208	12
209	22
210	18
211	9
212	15
213	12
214	27
215	17
216	11
217	19
218	17
219	21
220	18
221	15
222	21
223	16
224	17
225	20
226	15
227	18
228	20
229	15
230	18
231	17
232	13
233	13
234	19
235	20
236	24
237	18
238	15
239	14
240	17
241	26
242	18
243	13
244	21
245	13
246	19
247	22
248	18
249	21
250	18
251	15
252	15
253	21
254	22
255	15
256	16
257	17
258	18
259	16
260	18
261	19
262	25
263	13
264	15
265	13
266	22
267	11
268	20
269	16
270	19
271	16
272	21
273	23
274	17
275	14
276	22
277	18
278	22
279	20
280	16
281	24
282	16
283	15
284	22
285	18
286	23
287	21
288	20
289	14
290	22
291	20
292	15
293	9
294	17
295	28
296	15
297	18
298	17
299	18
300	18
301	13
302	16
303	23
304	17
305	18
306	17
307	17
308	23
309	23
310	22
311	22
312	12
313	22
314	20
315	22
316	12
317	16
318	20
319	23
320	13
321	18
322	26
323	15
324	22
325	19
326	20
327	17
328	24
329	18
330	19
331	26
332	19
333	25
334	24
335	28
336	23
337	20
338	15
339	16
340	14
341	16
342	18
343	27
344	24
345	16
346	17
347	20
348	23
349	16
350	13
351	18
352	18
353	23
354	15
355	15
356	30
357	23
358	21
359	26
360	13
361	13
362	19
363	16
364	16
365	20
366	20
367	17
368	16
369	17
370	15
371	11
372	14
373	20
374	18
375	18
376	21
377	21
378	20
379	18
380	23
381	28
382	25
383	17
384	18
385	16
386	15
387	14
388	21
389	14
390	13
391	20
392	19
393	13
394	19
395	16
396	25
397	20
398	18
399	20
400	15
401	20
402	26
403	19
404	21
405	18
406	16
407	15
408	24
409	21
410	25
411	19
412	29
413	19
414	24
415	23
416	18
417	18
418	17
419	27
420	25
421	18
422	21
423	20
424	26
425	18
426	20
427	24
428	15
429	18
430	32
431	17
432	24
433	16
434	21
435	25
436	17
437	20
438	23
439	20
440	19
441	29
442	17
443	21
444	18
445	16
446	23
447	20
448	17
449	24
450	24
451	26
452	16
453	20
454	25
455	14
456	31
457	24
458	26
459	33
460	19
461	20
462	25
463	24
464	28
465	26
466	24
467	30
468	22
469	25
470	33
471	17
472	40
473	28
474	27
475	19
476	33
477	31
478	24
479	37
480	31
481	34
482	29
483	30
484	32
485	39
486	35
487	24
488	29
489	39
490	37
491	22
492	35
493	32
494	34
495	34
496	40
497	43
498	32
499	54
500	42
501	52
502	34
503	30
504	45
505	44
506	38
507	47
508	46
509	51
510	42
511	34
512	57
513	36
514	52
515	51
516	54
517	58
518	45
519	60
520	44
521	53
522	45
523	56
524	69
525	35
526	45
527	46
528	44
529	41
530	48
531	48
532	53
533	39
534	46
535	52
536	41
537	40
538	43
539	36
540	29
541	41
542	29
543	36
544	38
545	52
546	43
547	34
548	35
549	39
550	38
551	40
552	24
553	44
554	37
555	46
556	45
557	31
558	37
559	24
560	31
561	25
562	36
563	31
564	38
565	39
566	45
567	22
568	41
569	35
570	41
571	30
572	36
573	25
574	30
575	29
576	33
577	37
578	31
579	36
580	42
581	28
582	24
583	22
584	35
585	35
586	35
587	33
588	27
589	30
590	36
591	23
592	36
593	39
594	34
595	29
596	29
597	33
598	27
599	37
600	31
601	26
602	35
603	28
604	31
605	29
606	35
607	32
608	34
609	26
610	31
611	33
612	39
613	22
614	27
615	30
616	29
617	36
618	22
619	31
620	26
621	31
622	27
623	34
624	22
625	33
626	23
627	22
628	28
629	32
630	31
631	25
632	25
633	21
634	19
635	24
636	37
637	30
638	30
639	22
640	26
641	21
642	21
643	24
644	21
645	32
646	31
647	24
648	27
649	28
650	29
651	23
652	30
653	17
654	24
655	24
656	24
657	23
658	22
659	20
660	13
661	20
662	25
663	32
664	25
665	31
666	22
667	28
668	26
669	32
670	24
671	23
672	26
673	29
674	23
675	23
676	31
677	20
678	26
679	22
680	31
681	16
682	24
683	28
684	18
685	20
686	27
687	21
688	23
689	18
690	25
691	22
692	21
693	25
694	24
695	25
696	25
697	27
698	26
699	20
700	29
701	20
702	25
703	27
704	25
705	17
706	24
707	23
708	24
709	19
710	20
711	19
712	16
713	26
714	28
715	27
716	21
717	31
718	36
719	30
720	26
721	32
722	24
723	22
724	26
725	30
726	28
727	20
728	30
729	29
730	27
731	24
732	27
733	29
734	22
735	26
736	29
737	29
738	31
739	27
740	22
741	33
742	20
743	25
744	23
745	27
746	24
747	18
748	32
749	29
750	26
751	18
752	25
753	27
754	26
755	29
756	21
757	27
758	21
759	34
760	30
761	11
762	20
763	27
764	35
765	16
766	21
767	30
768	22
769	26
770	44
771	25
772	25
773	20
774	31
775	28
776	22
777	18
778	32
779	27
780	23
781	22
782	26
783	36
784	27
785	29
786	30
787	26
788	37
789	25
790	22
791	31
792	28
793	27
794	28
795	29
796	27
797	33
798	33
799	22
800	39
801	27
802	28
803	28
804	33
805	29
806	34
807	24
808	20
809	28
810	34
811	33
812	33
813	29
814	30
815	40
816	29
817	26
818	29
819	31
820	41
821	31
822	25
823	21
824	23
825	33
826	41
827	22
828	25
829	32
830	25
831	28
832	23
833	28
834	20
835	25
836	31
837	27
838	37
839	29
840	27
841	36
842	32
843	34
844	27
845	21
846	33
847	35
848	22
849	24
850	22
851	31
852	32
853	33
854	30
855	18
856	37
857	37
858	37
859	29
860	19
861	26
862	28
863	38
864	39
865	31
866	26
867	32
868	27
869	27
870	29
871	31
872	26
873	31
874	40
875	21
876	29
877	17
878	29
879	26
880	34
881	26
882	40
883	24
884	36
885	29
886	28
887	38
888	38
889	28
890	41
891	37
892	42
893	29
894	31
895	27
896	36
897	25
898	22
899	28
900	35
901	35
902	33
903	30
904	33
905	35
906	32
907	32
908	31
909	22
910	35
911	23
912	32
913	33
914	37
915	23
916	34
917	31
918	40
919	42
920	35
921	30
922	33
923	31
924	43
925	34
926	35
927	34
928	37
929	43
930	27
931	39
932	39
933	42
934	29
935	24
936	41
937	30
938	28
939	32
940	36
941	34
942	31
943	36
944	39
945	32
946	48
947	24
948	30
949	34
950	24
951	28
952	28
953	28
954	39
955	20
956	25
957	39
958	31
959	33
960	29
961	33
962	34
963	40
964	34
965	32
966	41
967	28
968	38
969	39
970	33
971	36
972	35
973	38
974	22
975	33
976	33
977	31
978	31
979	29
980	28
981	29
982	38
983	32
984	38
985	33
986	30
987	26
988	29
989	28
990	34
991	45
992	42
993	42
994	41
995	52
996	25
997	28
998	32
999	37
1000	40
1001	37
1002	31
1003	40
1004	37
1005	29
1006	33
1007	38
1008	38
1009	35
1010	23
1011	48
1012	41
1013	43
1014	34
1015	37
1016	37
1017	25
1018	31
1019	27
1020	30
1021	28
1022	40
1023	35
1024	44
1025	42
1026	35
1027	27
1028	31
1029	40
1030	35
1031	35
1032	40
1033	27
1034	40
1035	37
1036	23
1037	39
1038	41
1039	28
1040	36
1041	34
1042	44
1043	50
1044	45
1045	62
1046	53
1047	38
1048	39
1049	48
1050	44
1051	36
1052	39
1053	44
1054	38
1055	43
1056	41
1057	33
1058	35
1059	47
1060	40
1061	40
1062	39
1063	34
1064	33
1065	50
1066	37
1067	39
1068	39
1069	41
1070	44
1071	48
1072	41
1073	42
1074	36
1075	48
1076	33
1077	42
1078	22
1079	38
1080	38
1081	29
1082	34
1083	36
1084	33
1085	34
1086	44
1087	37
1088	35
1089	44
1090	49
1091	39
1092	30
1093	43
1094	48
1095	30
1096	42
1097	35
1098	44
1099	39
1100	43
1101	29
1102	40
1103	40
1104	50
1105	38
1106	38
1107	36
1108	46
1109	42
1110	47
1111	33
1112	38
1113	59
1114	41
1115	46
1116	40
1117	44
1118	37
1119	45
1120	40
1121	37
1122	40
1123	36
1124	37
1125	33
1126	43
1127	39
1128	48
1129	49
1130	42
1131	44
1132	36
1133	40
1134	47
1135	41
1136	38
1137	37
1138	30
1139	49
1140	43
1141	43
1142	37
1143	34
1144	40
1145	46
1146	43
1147	37
1148	43
1149	47
1150	33
1151	49
1152	46
1153	54
1154	37
1155	29
1156	37
1157	46
1158	43
1159	32
1160	45
1161	42
1162	44
1163	46
1164	42
1165	35
1166	40
1167	52
1168	50
1169	55
1170	46
1171	41
1172	37
1173	36
1174	43
1175	34
1176	61
1177	40
1178	46
1179	55
1180	56
1181	44
1182	48
1183	44
1184	42
1185	45
1186	54
1187	42
1188	42
1189	61
1190	45
1191	44
1192	49
1193	46
1194	37
1195	48
1196	50
1197	33
1198	48
1199	41
1200	55
1201	31
1202	47
1203	41
1204	44
1205	47
1206	35
1207	66
1208	50
1209	59
1210	36
1211	39
1212	45
1213	39
1214	43
1215	49
1216	41
1217	60
1218	48
1219	39
1220	48
1221	40
1222	38
1223	42
1224	43
1225	52
1226	50
1227	44
1228	56
1229	46
1230	42
1231	42
1232	40
1233	47
1234	45
1235	45
1236	40
1237	55
1238	65
1239	55
1240	40
1241	44
1242	47
1243	43
1244	41
1245	49
1246	43
1247	37
1248	53
1249	54
1250	41
1251	46
1252	51
1253	50
1254	39
1255	57
1256	51
1257	50
1258	55
1259	49
1260	59
1261	52
1262	58
1263	51
1264	43
1265	41
1266	54
1267	38
1268	50
1269	56
1270	36
1271	53
1272	40
1273	40
1274	58
1275	39
1276	43
1277	48
1278	56
1279	52
1280	59
1281	51
1282	47
1283	51
1284	57
1285	47
1286	65
1287	42
1288	40
1289	47
1290	40
1291	46
1292	52
1293	34
1294	44
1295	50
1296	44
1297	43
1298	41
1299	58
1300	42
1301	60
1302	58
1303	62
1304	53
1305	47
1306	55
1307	36
1308	59
1309	37
1310	49
1311	50
1312	50
1313	48
1314	54
1315	56
1316	60
1317	48
1318	49
1319	59
1320	61
1321	49
1322	49
1323	65
1324	59
1325	62
1326	50
1327	50
1328	43
1329	57
1330	61
1331	45
1332	69
1333	61
1334	51
1335	53
1336	57
1337	48
1338	41
1339	54
1340	54
1341	51
1342	49
1343	62
1344	57
1345	54
1346	46
1347	52
1348	70
1349	55
1350	54
1351	44
1352	60
1353	68
1354	76
1355	49
1356	46
1357	53
1358	62
1359	57
1360	70
1361	61
1362	69
1363	57
1364	58
1365	51
1366	62
1367	46
1368	72
1369	66
1370	71
1371	73
1372	58
1373	66
1374	58
1375	50
1376	73
1377	55
1378	56
1379	64
1380	50
1381	59
1382	70
1383	70
1384	59
1385	71
1386	77
1387	58
1388	61
1389	58
1390	67
1391	65
1392	63
1393	58
1394	64
1395	87
1396	69
1397	59
1398	72
1399	74
1400	61
1401	56
1402	67
1403	55
1404	68
1405	74
1406	82
1407	64
1408	75
1409	69
1410	55
1411	69
1412	73
1413	58
1414	55
1415	74
1416	61
1417	72
1418	81
1419	78
1420	82
1421	87
1422	61
1423	78
1424	69
1425	64
1426	81
1427	79
1428	82
1429	68
1430	71
1431	70
1432	82
1433	83
1434	79
1435	94
1436	94
1437	79
1438	86
1439	61
1440	76
1441	83
1442	71
1443	92
1444	89
1445	75
1446	87
1447	94
1448	89
1449	93
1450	69
1451	95
1452	73
1453	78
1454	82
1455	94
1456	102
1457	86
1458	91
1459	101
1460	94
1461	66
1462	78
1463	85
1464	81
1465	75
1466	77
1467	78
1468	81
1469	86
1470	82
1471	72
1472	77
1473	102
1474	96
1475	83
1476	104
1477	100
1478	73
1479	100
1480	72
1481	93
1482	86
1483	94
1484	100
1485	89
1486	106
1487	97
1488	88
1489	78
1490	85
1491	98
1492	99
1493	103
1494	99
1495	79
1496	97
1497	88
1498	107
1499	91
1500	101
1501	86
1502	87
1503	118
1504	98
1505	96
1506	81
1507	106
1508	93
1509	93
1510	116
1511	126
1512	90
1513	83
1514	77
1515	95
1516	90
1517	104
1518	79
1519	111
1520	97
1521	101
1522	96
1523	103
1524	95
1525	86
1526	82
1527	103
1528	91
1529	72
1530	91
1531	88
1532	95
1533	93
1534	106
1535	100
1536	95
1537	86
1538	103
1539	91
1540	108
1541	81
1542	82
1543	95
1544	81
1545	79
1546	84
1547	86
1548	105
1549	83
1550	92
1551	92
1552	89
1553	84
1554	93
1555	100
1556	92
1557	88
1558	89
1559	100
1560	93
1561	93
1562	91
1563	87
1564	94
1565	85
1566	89
1567	100
1568	71
1569	84
1570	88
1571	87
1572	80
1573	87
1574	74
1575	79
1576	89
1577	85
1578	89
1579	77
1580	101
1581	71
1582	80
1583	86
1584	81
1585	68
1586	91
1587	77
1588	113
1589	84
1590	82
1591	86
1592	95
1593	79
1594	89
1595	82
1596	60
1597	68
1598	87
1599	75
1600	71
1601	67
1602	81
1603	101
1604	96
1605	83
1606	88
1607	75
1608	74
1609	66
1610	68
1611	88
1612	86
1613	75
1614	85
1615	69
1616	72
1617	77
1618	78
1619	76
1620	74
1621	64
1622	86
1623	81
1624	64
1625	73
1626	70
1627	60
1628	78
1629	88
1630	87
1631	71
1632	75
1633	54
1634	73
1635	78
1636	93
1637	60
1638	61
1639	68
1640	67
1641	63
1642	69
1643	77
1644	58
1645	101
1646	74
1647	76
1648	65
1649	73
1650	71
1651	70
1652	75
1653	70
1654	56
1655	50
1656	60
1657	65
1658	61
1659	69
1660	64
1661	77
1662	73
1663	67
1664	67
1665	63
1666	55
1667	77
1668	66
1669	67
1670	64
1671	66
1672	63
1673	68
1674	57
1675	63
1676	60
1677	59
1678	59
1679	56
1680	68
1681	62
1682	63
1683	44
1684	58
1685	71
1686	49
1687	57
1688	62
1689	60
1690	61
1691	41
1692	71
1693	70
1694	59
1695	51
1696	39
1697	54
1698	54
1699	49
1700	54
1701	59
1702	61
1703	59
1704	57
1705	59
1706	58
1707	55
1708	57
1709	62
1710	56
1711	59
1712	63
1713	59
1714	57
1715	43
1716	48
1717	55
1718	53
1719	50
1720	53
1721	52
1722	45
1723	52
1724	38
1725	51
1726	59
1727	48
1728	56
1729	37
1730	51
1731	52
1732	63
1733	50
1734	56
1735	52
1736	56
1737	53
1738	38
1739	61
1740	43
1741	53
1742	43
1743	43
1744	54
1745	44
1746	46
1747	53
1748	55
1749	49
1750	53
1751	42
1752	47
1753	44
1754	52
1755	44
1756	50
1757	45
1758	47
1759	35
1760	47
1761	44
1762	48
1763	44
1764	40
1765	38
1766	54
1767	40
1768	45
1769	42
1770	47
1771	49
1772	39
1773	47
1774	37
1775	38
1776	47
1777	45
1778	39
1779	46
1780	28
1781	40
1782	41
1783	34
1784	32
1785	39
1786	39
1787	36
1788	39
1789	39
1790	34
1791	32
1792	33
1793	43
1794	52
1795	50
1796	32
1797	41
1798	32
1799	45
1800	31
1801	40
1802	37
1803	43
1804	38
1805	42
1806	27
1807	36
1808	32
1809	32
1810	45
1811	39
1812	42
1813	24
1814	43
1815	49
1816	28
1817	33
1818	40
1819	32
1820	34
1821	40
1822	44
1823	41
1824	49
1825	39
1826	36
1827	26
1828	33
1829	26
1830	45
1831	31
1832	25
1833	30
1834	25
1835	25
1836	46
1837	29
1838	45
1839	27
1840	42
1841	36
1842	35
1843	39
1844	38
1845	36
1846	39
1847	27
1848	31
1849	36
1850	34
1851	30
1852	31
1853	29
1854	29
1855	25
1856	32
1857	29
1858	36
1859	27
1860	28
1861	33
1862	35
1863	28
1864	36
1865	25
1866	27
1867	28
1868	36
1869	33
1870	31
1871	25
1872	22
1873	24
1874	35
1875	34
1876	31
1877	29
1878	40
1879	36
1880	29
1881	31
1882	26
1883	41
1884	29
1885	25
1886	24
1887	18
1888	28
1889	29
1890	31
1891	33
1892	38
1893	28
1894	27
1895	30
1896	32
1897	25
1898	34
1899	29
1900	25
1901	27
1902	24
1903	27
1904	24
1905	19
1906	28
1907	28
1908	29
1909	35
1910	28
1911	34
1912	25
1913	34
1914	28
1915	25
1916	23
1917	26
1918	25
1919	28
1920	30
1921	38
1922	33
1923	30
1924	31
1925	20
1926	25
1927	35
1928	31
1929	22
1930	32
1931	31
1932	23
1933	39
1934	31
1935	31
1936	34
1937	24
1938	28
1939	26
1940	33
1941	27
1942	23
1943	25
1944	19
1945	28
1946	19
1947	23
1948	20
1949	35
1950	31
1951	29
1952	22
1953	26
1954	23
1955	23
1956	22
1957	27
1958	24
1959	24
1960	30
1961	23
1962	23
1963	27
1964	37
1965	34
1966	20
1967	23
1968	19
1969	25
1970	33
1971	25
1972	25
1973	30
1974	20
1975	18
1976	33
1977	24
1978	17
1979	25
1980	32
1981	24
1982	25
1983	32
1984	20
1985	19
1986	24
1987	11
1988	27
1989	20
1990	24
1991	21
1992	33
1993	17
1994	18
1995	19
1996	21
1997	20
1998	17
1999	16
2000	26
2001	18
2002	27
2003	23
2004	32
2005	15
2006	22
2007	24
2008	19
2009	25
2010	26
2011	23
2012	31
2013	22
2014	24
2015	18
2016	23
2017	20
2018	17
2019	31
2020	18
2021	33
2022	19
2023	19
2024	24
2025	32
2026	24
2027	21
2028	19
2029	14
2030	26
2031	20
2032	30
2033	19
2034	12
2035	24
2036	24
2037	20
2038	20
2039	21
2040	15
2041	22
2042	26
2043	29
2044	22
2045	19
2046	27
2047	23
2048	21
2049	15
2050	20
2051	30
2052	17
2053	29
2054	23
2055	16
2056	17
2057	18
2058	15
2059	17
2060	21
2061	15
2062	25
2063	16
2064	18
2065	27
2066	19
2067	20
2068	20
2069	17
2070	19
2071	25
2072	19
2073	19
2074	26
2075	19
2076	25
2077	13
2078	17
2079	23
2080	24
2081	19
2082	24
2083	21
2084	17
2085	22
2086	19
2087	17
2088	24
2089	19
2090	15
2091	22
2092	17
2093	22
2094	19
2095	18
2096	16
2097	12
2098	22
2099	21
2100	23
2101	22
2102	16
2103	18
2104	21
2105	17
2106	17
2107	20
2108	17
2109	23
2110	15
2111	19
2112	16
2113	20
2114	13
2115	11
2116	24
2117	25
2118	22
2119	19
2120	17
2121	26
2122	22
2123	24
2124	23
2125	12
2126	18
2127	23
2128	17
2129	20
2130	24
2131	14
2132	19
2133	26
2134	16
2135	21
2136	24
2137	15
2138	28
2139	26
2140	25
2141	20
2142	24
2143	15
2144	17
2145	19
2146	25
2147	19
2148	19
2149	14
2150	17
2151	16
2152	12
2153	15
2154	17
2155	25
2156	17
2157	15
2158	22
2159	17
2160	16
2161	15
2162	13
2163	20
2164	24
2165	21
2166	21
2167	18
2168	20
2169	17
2170	17
2171	11
2172	15
2173	18
2174	19
2175	16
2176	21
2177	26
2178	19
2179	22
2180	17
2181	20
2182	20
2183	19
2184	22
2185	11
2186	15
2187	21
2188	25
2189	23
2190	24
2191	19
2192	16
2193	21
2194	14
2195	25
2196	18
2197	9
2198	19
2199	14
2200	17
2201	32
2202	24
2203	21
2204	19
2205	19
2206	20
2207	9
2208	17
2209	20
2210	16
2211	27
2212	19
2213	18
2214	15
2215	15
2216	17
2217	26
2218	18
2219	14
2220	21
2221	17
2222	23
2223	20
2224	10
2225	17
2226	11
2227	15
2228	9
2229	20
2230	20
2231	20
2232	14
2233	21
2234	15
2235	19
2236	8
2237	20
2238	10
2239	17
2240	17
2241	16
2242	21
2243	21
2244	20
2245	16
2246	18
2247	15
2248	18
2249	24
2250	24
2251	13
2252	17
2253	20
2254	15
2255	19
2256	9
2257	15
2258	21
2259	24
2260	17
2261	21
2262	16
2263	16
2264	14
2265	15
2266	18
2267	18
2268	19
2269	19
2270	15
2271	14
2272	18
2273	17
2274	21
2275	16
2276	18
2277	14
2278	21
2279	18
2280	10
2281	12
2282	19
2283	27
2284	23
2285	14
2286	11
2287	9
2288	12
2289	17
2290	20
2291	15
2292	13
2293	19
2294	11
2295	12
2296	19
2297	16
2298	15
2299	17
2300	21
2301	17
2302	21
2303	18
2304	22
2305	17
2306	17
2307	10
2308	12
2309	18
2310	21
2311	17
2312	18
2313	19
2314	19
2315	15
2316	14
2317	20
2318	19
2319	20
2320	18
2321	16
2322	20
2323	15
2324	20
2325	13
2326	19
2327	12
2328	18
2329	18
2330	13
2331	18
2332	16
2333	21
2334	14
2335	19
2336	10
2337	14
2338	16
2339	19
2340	15
2341	20
2342	19
2343	12
2344	22
2345	18
2346	18
2347	18
2348	18
2349	13
2350	15
2351	13
2352	11
2353	14
2354	12
2355	16
2356	14
2357	20
2358	20
2359	22
2360	10
2361	14
2362	15
2363	16
2364	15
2365	15
2366	13
2367	12
2368	17
2369	12
2370	12
2371	19
2372	9
2373	13
2374	19
2375	11
2376	14
2377	17
2378	11
2379	16
2380	11
2381	13
2382	12
2383	18
2384	14
2385	16
2386	18
2387	17
2388	12
2389	18
2390	13
2391	21
2392	17
2393	17
2394	12
2395	14
2396	9
2397	23
2398	26
2399	15
2400	17
2401	9
2402	14
2403	23
2404	14
2405	9
2406	22
2407	21
2408	9
2409	21
2410	19
2411	10
2412	21
2413	15
2414	17
2415	14
2416	15
2417	11
2418	16
2419	14
2420	15
2421	19
2422	12
2423	12
2424	16
2425	22
2426	28
2427	15
2428	10
2429	21
2430	18
2431	9
2432	15
2433	16
2434	14
2435	17
2436	13
2437	20
2438	20
2439	13
2440	9
2441	13
2442	16
2443	15
2444	22
2445	11
2446	25
2447	13
2448	17
2449	17
2450	15
2451	18
2452	20
2453	7
2454	11
2455	18
2456	12
2457	20
2458	14
2459	20
2460	16
2461	11
2462	19
2463	15
2464	13
2465	17
2466	17
2467	11
2468	12
2469	12
2470	29
2471	13
2472	17
2473	15
2474	14
2475	13
2476	13
2477	13
2478	13
2479	17
2480	15
2481	15
2482	20
2483	15
2484	17
2485	14
2486	11
2487	13
2488	17
2489	18
2490	11
2491	17
2492	26
2493	12
2494	23
2495	12
2496	9
2497	10
2498	13
2499	11
2500	19
2501	10
2502	19
2503	16
2504	15
2505	23
2506	11
2507	12
2508	15
2509	19
2510	12
2511	19
2512	19
2513	11
2514	16
2515	9
2516	13
2517	21
2518	12
2519	14
2520	14
2521	8
2522	12
2523	11
2524	21
2525	16
2526	11
2527	3
2528	20
2529	13
2530	9
2531	16
2532	12
2533	15
2534	13
2535	15
2536	15
2537	18
2538	11
2539	16
2540	21
2541	9
2542	10
2543	19
2544	11
2545	8
2546	14
2547	15
2548	18
2549	16
2550	12
2551	12
2552	20
2553	14
2554	13
2555	13
2556	11
2557	14
2558	15
2559	17
2560	13
2561	15
2562	14
2563	16
2564	10
2565	10
2566	15
2567	13
2568	8
2569	14
2570	14
2571	17
2572	12
2573	17
2574	22
2575	23
2576	7
2577	13
2578	19
2579	10
2580	7
2581	11
2582	15
2583	17
2584	5
2585	11
2586	10
2587	19
2588	14
2589	14
2590	16
2591	14
2592	14
2593	14
2594	14
2595	16
2596	11
2597	8
2598	13
2599	17
2600	18
2601	22
2602	13
2603	10
2604	20
2605	12
2606	12
2607	9
2608	10
2609	8
2610	11
2611	18
2612	16
2613	11
2614	24
2615	15
2616	14
2617	14
2618	11
2619	23
2620	19
2621	16
2622	12
2623	11
2624	19
2625	7
2626	13
2627	12
2628	10
2629	11
2630	12
2631	14
2632	8
2633	14
2634	20
2635	13
2636	17
2637	15
2638	14
2639	12
2640	8
2641	15
2642	14
2643	14
2644	19
2645	11
2646	18
2647	13
2648	7
2649	9
2650	14
2651	14
2652	13
2653	15
2654	15
2655	17
2656	9
2657	15
2658	15
2659	8
2660	14
2661	8
2662	16
2663	8
2664	16
2665	12
2666	13
2667	14
2668	14
2669	9
2670	14
2671	10
2672	14
2673	12
2674	12
2675	12
2676	19
2677	13
2678	14
2679	11
2680	17
2681	10
2682	8
2683	19
2684	10
2685	9
2686	16
2687	14
2688	10
2689	7
2690	16
2691	17
2692	10
2693	7
2694	10
2695	14
2696	10
2697	15
2698	17
2699	15
2700	18
2701	11
2702	19
2703	21
2704	17
2705	10
2706	15
2707	9
2708	13
2709	14
2710	16
2711	15
2712	16
2713	18
2714	11
2715	11
2716	14
2717	20
2718	8
2719	17
2720	10
2721	13
2722	12
2723	16
2724	17
2725	12
2726	16
2727	13
2728	13
2729	9
2730	13
2731	19
2732	11
2733	13
2734	12
2735	12
2736	15
2737	15
2738	20
2739	17
2740	18
2741	12
2742	13
2743	18
2744	15
2745	16
2746	13
2747	9
2748	12
2749	17
2750	6
2751	14
2752	9
2753	16
2754	8
2755	16
2756	13
2757	10
2758	12
2759	8
2760	17
2761	8
2762	10
2763	12
2764	5
2765	12
2766	7
2767	10
2768	11
2769	17
2770	10
2771	10
2772	14
2773	15
2774	11
2775	9
2776	13
2777	13
2778	17
2779	10
2780	15
2781	14
2782	16
2783	14
2784	14
2785	10
2786	9
2787	6
2788	16
2789	5
2790	17
2791	14
2792	9
2793	9
2794	12
2795	13
2796	4
2797	10
2798	14
2799	11
2800	9
2801	13
2802	9
2803	9
2804	11
2805	14
2806	12
2807	12
2808	11
2809	12
2810	10
2811	13
2812	10
2813	13
2814	13
2815	8
2816	21
2817	13
2818	9
2819	0
2820	9
2821	12
2822	11
2823	18
2824	11
2825	13
2826	12
2827	9
2828	14
2829	11
2830	17
2831	13
2832	13
2833	9
2834	15
2835	9
2836	12
2837	10
2838	13
2839	12
2840	15
2841	11
2842	16
2843	10
2844	7
2845	16
2846	13
2847	16
2848	9
2849	10
2850	14
2851	11
2852	16
2853	7
2854	10
2855	10
2856	9
2857	11
2858	11
2859	9
2860	14
2861	8
2862	17
2863	18
2864	7
2865	17
2866	23
2867	9
2868	8
2869	16
2870	18
2871	10
2872	10
2873	16
2874	17
2875	11
2876	17
2877	11
2878	12
2879	18
2880	18
2881	14
2882	9
2883	9
2884	9
2885	15
2886	13
2887	15
2888	10
2889	12
2890	11
2891	12
2892	13
2893	11
2894	13
2895	8
2896	10
2897	9
2898	8
2899	3
2900	10
2901	13
2902	13
2903	12
2904	13
2905	10
2906	12
2907	11
2908	13
2909	14
2910	17
2911	8
2912	9
2913	14
2914	10
2915	9
2916	16
2917	20
2918	16
2919	8
2920	14
2921	14
2922	11
2923	15
2924	15
2925	17
2926	7
2927	14
2928	12
2929	26
2930	11
2931	17
2932	14
2933	9
2934	11
2935	15
2936	15
2937	10
2938	9
2939	13
2940	12
2941	10
2942	13
2943	9
2944	18
2945	7
2946	17
2947	9
2948	19
2949	10
2950	17
2951	17
2952	7
2953	15
2954	10
2955	8
2956	12
2957	10
2958	9
2959	14
2960	15
2961	8
2962	9
2963	9
2964	10
2965	8
2966	8
2967	10
2968	12
2969	12
2970	14
2971	14
2972	19
2973	6
2974	22
2975	13
2976	13
2977	11
2978	8
2979	8
2980	6
2981	7
2982	15
2983	7
2984	15
2985	9
2986	11
2987	8
2988	11
2989	7
2990	15
2991	13
2992	13
2993	14
2994	10
2995	11
2996	19
2997	8
2998	13
2999	17
3000	10
3001	8
3002	14
3003	7
3004	13
3005	11
3006	19
3007	14
3008	14
3009	5
3010	13
3011	11
3012	14
3013	9
3014	17
3015	8
3016	14
3017	10
3018	14
3019	12
3020	16
3021	12
3022	4
3023	13
3024	17
3025	17
3026	10
3027	16
3028	14
3029	14
3030	8
3031	8
3032	11
3033	10
3034	8
3035	10
3036	7
3037	13
3038	10
3039	12
3040	12
3041	8
3042	12
3043	17
3044	10
3045	12
3046	7
3047	10
3048	15
3049	7
3050	12
3051	14
3052	7
3053	12
3054	14
3055	8
3056	17
3057	14
3058	6
3059	15
3060	9
3061	9
3062	13
3063	11
3064	9
3065	18
3066	10
3067	17
3068	7
3069	12
3070	7
3071	5
3072	15
3073	10
3074	14
3075	15
3076	11
3077	11
3078	11
3079	11
3080	14
3081	12
3082	16
3083	12
3084	13
3085	13
3086	10
3087	9
3088	11
3089	8
3090	15
3091	12
3092	20
3093	12
3094	15
3095	10
3096	18
3097	5
3098	7
3099	14
3100	22
3101	10
3102	8
3103	14
3104	9
3105	16
3106	11
3107	7
3108	16
3109	4
3110	5
3111	9
3112	10
3113	9
3114	12
3115	9
3116	10
3117	15
3118	6
3119	15
3120	7
3121	9
3122	7
3123	14
3124	7
3125	13
3126	11
3127	18
3128	10
3129	8
3130	16
3131	4
3132	15
3133	8
3134	10
3135	17
3136	15
3137	3
3138	13
3139	8
3140	7
3141	14
3142	11
3143	11
3144	11
3145	13
3146	4
3147	8
3148	9
3149	6
3150	9
3151	11
3152	13
3153	16
3154	14
3155	11
3156	12
3157	16
3158	14
3159	9
3160	11
3161	15
3162	17
3163	13
3164	18
3165	15
3166	9
3167	16
3168	9
3169	10
3170	9
3171	9
3172	11
3173	4
3174	12
3175	13
3176	13
3177	9
3178	5
3179	12
3180	15
3181	16
3182	8
3183	11
3184	14
3185	7
3186	13
3187	8
3188	15
3189	12
3190	8
3191	6
3192	16
3193	7
3194	10
3195	16
3196	15
3197	15
3198	13
3199	9
3200	11
3201	9
3202	15
3203	19
3204	11
3205	18
3206	7
3207	12
3208	15
3209	11
3210	11
3211	14
3212	14
3213	9
3214	9
3215	12
3216	13
3217	11
3218	8
3219	10
3220	9
3221	16
3222	11
3223	12
3224	15
3225	9
3226	13
3227	11
3228	16
3229	8
3230	10
3231	12
3232	8
3233	15
3234	14
3235	13
3236	9
3237	8
3238	16
3239	10
3240	10
3241	13
3242	10
3243	7
3244	10
3245	7
3246	9
3247	17
3248	9
3249	11
3250	8
3251	11
3252	12
3253	10
3254	11
3255	10
3256	8
3257	16
3258	11
3259	12
3260	9
3261	8
3262	8
3263	17
3264	11
3265	8
3266	11
3267	13
3268	16
3269	9
3270	10
3271	13
3272	14
3273	7
3274	10
3275	15
3276	14
3277	11
3278	15
3279	17
3280	18
3281	10
3282	14
3283	8
3284	14
3285	13
3286	12
3287	14
3288	8
3289	19
3290	10
3291	6
3292	10
3293	13
3294	13
3295	10
3296	12
3297	10
3298	7
3299	12
3300	7
3301	6
3302	17
3303	11
3304	9
3305	17
3306	13
3307	6
3308	20
3309	7
3310	12
3311	6
3312	12
3313	9
3314	12
3315	7
3316	8
3317	4
3318	12
3319	11
3320	13
3321	9
3322	7
3323	10
3324	15
3325	11
3326	12
3327	16
3328	8
3329	17
3330	8
3331	13
3332	13
3333	14
3334	11
3335	11
3336	9
3337	12
3338	15
3339	7
3340	16
3341	17
3342	8
3343	16
3344	11
3345	18
3346	15
3347	9
3348	8
3349	15
3350	14
3351	16
3352	6
3353	4
3354	11
3355	17
3356	12
3357	9
3358	12
3359	10
3360	15
3361	10
3362	10
3363	5
3364	13
3365	12
3366	10
3367	13
3368	11
3369	16
3370	13
3371	7
3372	10
3373	8
3374	15
3375	11
3376	11
3377	14
3378	12
3379	19
3380	17
3381	12
3382	12
3383	17
3384	10
3385	10
3386	6
3387	11
3388	14
3389	10
3390	9
3391	16
3392	11
3393	16
3394	15
3395	11
3396	9
3397	15
3398	13
3399	10
3400	12
3401	7
3402	19
3403	15
3404	16
3405	16
3406	9
3407	15
3408	12
3409	12
3410	16
3411	6
3412	15
3413	10
3414	11
3415	13
3416	14
3417	9
3418	16
3419	11
3420	16
3421	15
3422	11
3423	6
3424	9
3425	12
3426	12
3427	17
3428	21
3429	11
3430	14
3431	15
3432	7
3433	16
3434	11
3435	10
3436	19
3437	10
3438	14
3439	9
3440	15
3441	17
3442	8
3443	10
3444	19
3445	13
3446	15
3447	19
3448	18
3449	23
3450	10
3451	13
3452	11
3453	9
3454	11
3455	10
3456	10
3457	14
3458	10
3459	11
3460	13
3461	13
3462	13
3463	13
3464	12
3465	13
3466	10
3467	15
3468	13
3469	14
3470	16
3471	14
3472	15
3473	12
3474	11
3475	16
3476	13
3477	15
3478	15
3479	14
3480	9
3481	10
3482	10
3483	9
3484	11
3485	13
3486	7
3487	19
3488	10
3489	16
3490	9
3491	12
3492	23
3493	16
3494	21
3495	16
3496	16
3497	18
3498	17
3499	16
3500	11
3501	10
3502	8
3503	14
3504	17
3505	15
3506	10
3507	17
3508	13
3509	17
3510	11
3511	22
3512	13
3513	11
3514	19
3515	17
3516	17
3517	16
3518	12
3519	23
3520	14
3521	4
3522	12
3523	10
3524	13
3525	16
3526	13
3527	16
3528	14
3529	15
3530	11
3531	16
3532	22
3533	14
3534	11
3535	11
3536	22
3537	13
3538	17
3539	20
3540	10
3541	11
3542	20
3543	18
3544	23
3545	18
3546	14
3547	10
3548	13
3549	14
3550	13
3551	16
3552	20
3553	14
3554	14
3555	20
3556	13
3557	12
3558	18
3559	18
3560	19
3561	21
3562	12
3563	15
3564	16
3565	18
3566	16
3567	16
3568	21
3569	19
3570	16
3571	13
3572	13
3573	20
3574	21
3575	15
3576	15
3577	13
3578	18
3579	19
3580	12
3581	8
3582	17
3583	24
3584	18
3585	12
3586	23
3587	14
3588	18
3589	19
3590	17
3591	23
3592	16
3593	17
3594	12
3595	15
3596	18
3597	14
3598	12
3599	12
3600	11
3601	19
3602	15
3603	18
3604	17
3605	19
3606	23
3607	19
3608	17
3609	18
3610	11
3611	13
3612	11
3613	18
3614	19
3615	20
3616	13
3617	16
3618	26
3619	18
3620	22
3621	15
3622	20
3623	11
3624	22
3625	17
3626	18
3627	26
3628	24
3629	10
3630	23
3631	24
3632	18
3633	16
3634	22
3635	12
3636	10
3637	19
3638	19
3639	20
3640	18
3641	16
3642	21
3643	25
3644	23
3645	18
3646	18
3647	10
3648	24
3649	12
3650	16
3651	20
3652	16
3653	22
3654	15
3655	23
3656	22
3657	19
3658	24
3659	17
3660	22
3661	21
3662	15
3663	17
3664	18
3665	24
3666	21
3667	19
3668	25
3669	9
3670	25
3671	15
3672	16
3673	22
3674	28
3675	26
3676	18
3677	23
3678	23
3679	15
3680	14
3681	18
3682	22
3683	21
3684	25
3685	18
3686	22
3687	29
3688	23
3689	17
3690	24
3691	15
3692	20
3693	22
3694	26
3695	28
3696	21
3697	23
3698	31
3699	19
3700	25
3701	23
3702	27
3703	18
3704	15
3705	20
3706	16
3707	25
3708	23
3709	19
3710	28
3711	20
3712	17
3713	20
3714	26
3715	23
3716	19
3717	13
3718	30
3719	30
3720	17
3721	20
3722	23
3723	17
3724	18
3725	19
3726	15
3727	19
3728	25
3729	25
3730	14
3731	20
3732	31
3733	32
3734	16
3735	27
3736	24
3737	25
3738	20
3739	19
3740	26
3741	24
3742	31
3743	25
3744	28
3745	17
3746	17
3747	18
3748	23
3749	16
3750	25
3751	31
3752	23
3753	22
3754	23
3755	22
3756	18
3757	27
3758	29
3759	22
3760	28
3761	31
3762	20
3763	28
3764	36
3765	22
3766	24
3767	26
3768	22
3769	20
3770	27
3771	22
3772	28
3773	20
3774	30
3775	28
3776	23
3777	30
3778	24
3779	21
3780	19
3781	27
3782	24
3783	30
3784	28
3785	26
3786	26
3787	26
3788	28
3789	23
3790	33
3791	25
3792	22
3793	34
3794	19
3795	23
3796	18
3797	26
3798	26
3799	19
3800	25
3801	24
3802	34
3803	29
3804	28
3805	31
3806	22
3807	22
3808	22
3809	25
3810	25
3811	27
3812	23
3813	17
3814	19
3815	27
3816	18
3817	21
3818	27
3819	19
3820	33
3821	33
3822	24
3823	19
3824	37
3825	26
3826	25
3827	19
3828	23
3829	31
3830	16
3831	23
3832	33
3833	27
3834	31
3835	25
3836	25
3837	18
3838	18
3839	21
3840	16
3841	30
3842	19
3843	25
3844	20
3845	34
3846	26
3847	19
3848	24
3849	22
3850	21
3851	23
3852	23
3853	31
3854	23
3855	20
3856	22
3857	20
3858	27
3859	26
3860	21
3861	18
3862	18
3863	29
3864	20
3865	19
3866	20
3867	20
3868	22
3869	20
3870	17
3871	29
3872	26
3873	19
3874	31
3875	36
3876	31
3877	27
3878	17
3879	30
3880	26
3881	19
3882	22
3883	25
3884	29
3885	19
3886	31
3887	15
3888	21
3889	18
3890	21
3891	23
3892	33
3893	27
3894	24
3895	19
3896	23
3897	27
3898	35
3899	17
3900	29
3901	15
3902	18
3903	19
3904	13
3905	20
3906	19
3907	18
3908	20
3909	22
3910	21
3911	12
3912	17
3913	20
3914	23
3915	18
3916	37
3917	19
3918	29
3919	19
3920	15
3921	22
3922	17
3923	20
3924	13
3925	22
3926	23
3927	20
3928	23
3929	19
3930	21
3931	12
3932	19
3933	15
3934	17
3935	22
3936	24
3937	23
3938	24
3939	22
3940	19
3941	27
3942	18
3943	15
3944	19
3945	22
3946	19
3947	14
3948	19
3949	13
3950	14
3951	10
3952	19
3953	16
3954	16
3955	20
3956	14
3957	24
3958	19
3959	18
3960	18
3961	14
3962	16
3963	14
3964	15
3965	20
3966	20
3967	17
3968	21
3969	16
3970	13
3971	20
3972	21
3973	16
3974	21
3975	15
3976	20
3977	11
3978	13
3979	23
3980	12
3981	15
3982	23
3983	15
3984	18
3985	19
3986	18
3987	10
3988	13
3989	20
3990	15
3991	10
3992	13
3993	16
3994	17
3995	11
3996	12
3997	9
3998	12
3999	12
4000	13
4001	17
4002	15
4003	10
4004	19
4005	11
4006	12
4007	12
4008	21
4009	13
4010	12
4011	16
4012	5
4013	17
4014	17
4015	25
4016	12
4017	16
4018	11
4019	19
4020	6
4021	9
4022	21
4023	16
4024	9
4025	14
4026	10
4027	17
4028	19
4029	8
4030	18
4031	14
4032	15
4033	15
4034	10
4035	11
4036	8
4037	10
4038	9
4039	15
4040	11
4041	9
4042	16
4043	10
4044	13
4045	10
4046	12
4047	17
4048	9
4049	22
4050	7
4051	6
4052	10
4053	10
4054	4
4055	5
4056	5
4057	9
4058	8
4059	18
4060	5
4061	8
4062	8
4063	11
4064	18
4065	5
4066	10
4067	10
4068	12
4069	7
4070	10
4071	8
4072	9
4073	10
4074	12
4075	9
4076	10
4077	13
4078	13
4079	11
4080	6
4081	12
4082	6
4083	3
4084	6
4085	9
4086	9
4087	10
4088	9
4089	4
4090	8
4091	5
4092	5
4093	11
4094	12
4095	9
4096	7
4097	4
4098	11
4099	6
4100	5
4101	9
4102	8
4103	10
4104	6
4105	6
4106	15
4107	6
4108	9
4109	7
4110	6
4111	6
4112	9
4113	7
4114	7
4115	5
4116	12
4117	5
4118	5
4119	10
4120	8
4121	7
4122	7
4123	10
4124	5
4125	4
4126	7
4127	8
4128	5
4129	1
4130	6
4131	3
4132	4
4133	8
4134	10
4135	4
4136	5
4137	6
4138	7
4139	4
4140	10
4141	4
4142	2
4143	4
4144	9
4145	6
4146	7
4147	7
4148	3
4149	4
4150	5
4151	6
4152	5
4153	5
4154	11
4155	12
4156	1
4157	1
4158	6
4159	7
4160	5
4161	6
4162	7
4163	7
4164	3
4165	6
4166	10
4167	5
4168	4
4169	5
4170	8
4171	5
4172	6
4173	2
4174	7
4175	4
4176	2
4177	5
4178	3
4179	6
4180	5
4181	4
4182	4
4183	11
4184	3
4185	4
4186	3
4187	5
4188	5
4189	5
4190	6
4191	2
4192	7
4193	7
4194	2
4195	3
4196	3
4197	2
4198	4
4199	2
4200	4
4201	4
4202	3
4203	1
4204	5
4205	7
4206	5
4207	5
4208	5
4209	2
4210	1
4211	3
4212	2
4213	3
4214	4
4215	4
4216	8
4217	2
4218	4
4219	2
4220	2
4221	4
4222	3
4223	3
4224	3
4225	0
4226	2
4227	2
4228	6
4229	4
4230	2
4231	2
4232	2
4233	4
4234	3
4235	8
4236	2
4237	5
4238	4
4239	3
4240	2
4241	4
4242	5
4243	4
4244	2
4245	1
4246	2
4247	1
4248	4
4249	1
4250	1
4251	3
4252	2
4253	3
4254	4
4255	2
4256	1
4257	1
4258	1
4259	1
4260	3
4261	1
4262	4
4263	1
4264	1
4265	3
4266	4
4267	2
4268	1
4269	4
4270	2
4271	4
4272	6
4273	3
4274	1
4275	2
4276	6
4277	1
4278	2
4279	1
4280	2
4281	1
4282	4
4283	1
4284	1
4285	3
4286	3
4287	4
4288	2
4289	1
4290	4
4291	4
4292	2
4293	6
4294	1
4295	3
4296	1
4297	2
4298	2
4299	1
4300	1
4301	4
4302	3
4303	2
4304	4
4305	1
4306	2
4307	3
4308	3
4309	1
4310	0
4311	1
4312	2
4313	1
4314	1
4315	1
4316	2
4317	2
4318	1
4319	2
4320	1
4321	1
4322	0
4323	2
4324	1
4325	2
4326	1
4327	0
4328	2
4329	0
4330	2
4331	1
4332	1
4333	4
4334	2
4335	0
4336	3
4337	0
4338	1
4339	1
4340	2
4341	1
4342	2
4343	2
4344	1
4345	2
4346	0
4347	2
4348	1
4349	0
4350	1
4351	0
4352	2
4353	2
4354	2
4355	0
4356	2
4357	2
4358	4
4359	2
4360	1
4361	1
4362	0
4363	1
4364	0
4365	2
4366	1
4367	1
4368	0
4369	2
4370	2
4371	0
4372	0
4373	2
4374	0
4375	2
4376	0
4377	1
4378	2
4379	0
4380	1
4381	3
4382	0
4383	4
4384	1
4385	1
4386	2
4387	1
4388	1
4389	1
4390	1
4391	2
4392	1
4393	0
4394	1
4395	0
4396	0
4397	1
4398	0
4399	1
4400	0
4401	1
4402	0
4403	0
4404	1
4405	1
4406	0
4407	0
4408	4
4409	0
4410	1
4411	0
4412	0
4413	0
4414	1
4415	0
4416	1
4417	1
4418	0
4419	1
4420	2
4421	2
4422	1
4423	2
4424	0
4425	2
4426	2
4427	2
4428	0
4429	1
4430	1
4431	0
4432	1
4433	1
4434	2
4435	2
4436	2
4437	2
4438	0
4439	0
4440	2
4441	1
4442	1
4443	1
4444	2
4445	1
4446	1
4447	0
4448	2
4449	0
4450	0
4451	2
4452	1
4453	0
4454	1
4455	1
4456	1
4457	0
4458	2
4459	0
4460	0
4461	1
4462	1
4463	1
4464	0
4465	0
4466	2
4467	0
4468	0
4469	0
4470	0
4471	1
4472	2
4473	0
4474	1
4475	1
4476	0
4477	1
4478	0
4479	0
4480	1
4481	0
4482	1
4483	1
4484	0
4485	1
4486	2
4487	0
4488	1
4489	0
4490	0
4491	1
4492	0
4493	4
4494	0
4495	1
4496	0
4497	0
4498	1
4499	0
4500	1
4501	0
4502	1
4503	0
4504	1
4505	0
4506	0
4507	1
4508	1
4509	1
4510	1
4511	1
4512	1
4513	0
4514	0
4515	1
4516	1
4517	0
4518	1
4519	0
4520	0
4521	1
4522	1
4523	0
4524	0
4525	1
4526	0
4527	2
4528	1
4529	0
4530	0
4531	0
4532	0
4533	0
4534	0
4535	0
4536	0
4537	0
4538	1
4539	0
4540	0
4541	1
4542	0
4543	0
4544	1
4545	0
4546	0
4547	0
4548	0
4549	1
4550	2
4551	1
4552	0
4553	0
4554	0
4555	1
4556	1
4557	1
4558	2
4559	1
4560	1
4561	0
4562	0
4563	0
4564	1
4565	0
4566	0
4567	1
4568	0
4569	3
4570	0
4571	1
4572	1
4573	1
4574	0
4575	0
4576	0
4577	0
4578	0
4579	1
4580	0
4581	1
4582	0
4583	0
4584	0
4585	1
4586	0
4587	1
4588	1
4589	1
4590	1
4591	0
4592	1
4593	1
4594	0
4595	0
4596	2
4597	0
4598	0
4599	0
4600	2
4601	0
4602	1
4603	0
4604	0
4605	1
4606	1
4607	2
4608	1
4609	2
4610	0
4611	2
4612	0
4613	1
4614	0
4615	0
4616	0
4617	1
4618	0
4619	1
4620	1
4621	0
4622	1
4623	2
4624	1
4625	0
4626	1
4627	1
4628	0
4629	1
4630	1
4631	0
4632	0
4633	0
4634	0
4635	1
4636	0
4637	0
4638	2
4639	0
4640	0
4641	0
4642	2
4643	0
4644	2
4645	3
4646	1
4647	0
4648	1
4649	0
4650	0
4651	0
4652	2
4653	1
4654	1
4655	1
4656	1
4657	0
4658	1
4659	0
4660	1
4661	0
4662	2
4663	0
4664	0
4665	1
4666	1
4667	0
4668	0
4669	0
4670	0
4671	1
4672	0
4673	0
4674	0
4675	0
4676	1
4677	0
4678	0
4679	0
4680	1
4681	1
4682	1
4683	0
4684	1
4685	0
4686	0
4687	2
4688	2
4689	1
4690	0
4691	1
4692	0
4693	1
4694	1
4695	2
4696	0
4697	0
4698	0
4699	2
4700	0
4701	2
4702	2
4703	2
4704	0
4705	0
4706	0
4707	0
4708	1
4709	1
4710	1
4711	0
4712	0
4713	0
4714	0
4715	0
4716	1
4717	0
4718	0
4719	1
4720	0
4721	1
4722	0
4723	0
4724	1
4725	0
4726	1
4727	4
4728	1
4729	0
4730	0
4731	0
4732	1
4733	2
4734	0
4735	1
4736	0
4737	3
4738	0
4739	1
4740	1
4741	0
4742	1
4743	2
4744	0
4745	1
4746	1
4747	0
4748	1
4749	0
4750	2
4751	0
4752	0
4753	1
4754	0
4755	0
4756	0
4757	0
4758	2
4759	0
4760	1
4761	2
4762	5
4763	1
4764	1
4765	0
4766	0
4767	0
4768	1
4769	2
4770	2
4771	0
4772	0
4773	1
4774	0
4775	0
4776	0
4777	0
4778	0
4779	0
4780	1
4781	1
4782	2
4783	0
4784	1
4785	0
4786	1
4787	0
4788	0
4789	1
4790	0
4791	1
4792	1
4793	0
4794	1
4795	0
4796	1
4797	0
4798	0
4799	0
4800	0
4801	3
4802	1
4803	0
4804	0
4805	0
4806	0
4807	1
4808	1
4809	0
4810	0
4811	1
4812	1
4813	0
4814	1
4815	0
4816	1
4817	1
4818	1
4819	1
4820	2
4821	0
4822	0
4823	0
4824	0
4825	1
4826	0
4827	1
4828	1
4829	0
4830	0
4831	0
4832	0
4833	1
4834	1
4835	1
4836	0
4837	0
4838	0
4839	0
4840	0
4841	0
4842	0
4843	0
4844	0
4845	1
4846	0
4847	1
4848	1
4849	0
4850	0
4851	2
4852	1
4853	0
4854	0
4855	0
4856	1
4857	1
4858	3
4859	0
4860	0
4861	1
4862	0
4863	1
4864	0
4865	1
4866	0
4867	0
4868	0
4869	1
4870	1
4871	1
4872	1
4873	2
4874	0
4875	0
4876	0
4877	2
4878	1
4879	0
4880	1
4881	1
4882	1
4883	1
4884	0
4885	2
4886	0
4887	0
4888	0
4889	1
4890	0
4891	0
4892	1
4893	0
4894	2
4895	2
4896	0
4897	1
4898	0
4899	1
4900	1
4901	0
4902	1
4903	0
4904	0
4905	1
4906	0
4907	2
4908	1
4909	0
4910	0
4911	2
4912	1
4913	1
4914	1
4915	1
4916	0
4917	0
4918	1
4919	0
4920	1
4921	0
4922	0
4923	0
4924	0
4925	0
4926	1
4927	1
4928	0
4929	3
4930	1
4931	3
4932	1
4933	1
4934	0
4935	0
4936	1
4937	0
4938	2
4939	0
4940	0
4941	0
4942	2
4943	1
4944	0
4945	0
4946	0
4947	1
4948	1
4949	1
4950	1
4951	1
4952	0
4953	0
4954	1
4955	1
4956	0
4957	0
4958	0
4959	1
4960	1
4961	1
4962	0
4963	0
4964	1
4965	0
4966	0
4967	2
4968	2
4969	0
4970	1
4971	0
4972	0
4973	0
4974	1
4975	0
4976	0
4977	1
4978	0
4979	2
4980	0
4981	1
4982	0
4983	0
4984	0
4985	0
4986	0
4987	0
4988	0
4989	0
4990	0
4991	0
4992	0
4993	1
4994	0
4995	1
4996	0
4997	0
4998	0
4999	2
5000	2
5001	1
5002	0
5003	0
5004	1
5005	2
5006	0
5007	2
5008	0
5009	1
5010	1
5011	2
5012	0
5013	0
5014	0
5015	2
5016	2
5017	0
5018	2
5019	1
5020	0
5021	0
5022	0
5023	0
5024	1
5025	0
5026	0
5027	1
5028	0
5029	0
5030	1
5031	0
5032	0
5033	1
5034	0
5035	2
5036	0
5037	0
5038	0
5039	1
5040	0
5041	1
5042	0
5043	0
5044	1
5045	0
5046	1
5047	0
5048	0
5049	0
5050	1
5051	1
5052	0
5053	0
5054	1
5055	1
5056	4
5057	0
5058	1
5059	1
5060	0
5061	0
5062	1
5063	0
5064	0
5065	0
5066	0
5067	0
5068	0
5069	3
5070	1
5071	0
5072	0
5073	0
5074	3
5075	1
5076	0
5077	1
5078	0
5079	0
5080	0
5081	0
5082	0
5083	0
5084	1
5085	0
5086	0
5087	0
5088	1
5089	0
5090	0
5091	1
5092	0
5093	0
5094	0
5095	0
5096	1
5097	1
5098	0
5099	0
5100	2
5101	1
5102	1
5103	1
5104	0
5105	0
5106	0
5107	0
5108	1
5109	0
5110	1
5111	0
5112	0
5113	0
5114	0
5115	0
5116	1
5117	1
5118	0
5119	0
5120	1
5121	1
5122	0
5123	0
5124	0
5125	3
5126	0
5127	0
5128	0
5129	1
5130	0
5131	2
5132	0
5133	2
5134	0
5135	1
5136	1
5137	0
5138	2
5139	1
5140	0
5141	1
5142	0
5143	1
5144	1
5145	1
5146	0
5147	0
5148	1
5149	1
5150	1
5151	0
5152	0
5153	2
5154	1
5155	2
5156	3
5157	2
5158	0
5159	0
5160	1
5161	0
5162	0
5163	1
5164	0
5165	0
5166	0
5167	1
5168	1
5169	0
5170	1
5171	1
5172	1
5173	0
5174	1
5175	0
5176	0
5177	0
5178	0
5179	1
5180	0
5181	1
5182	1
5183	0
5184	1
5185	1
5186	0
5187	2
5188	0
5189	0
5190	0
5191	0
5192	0
5193	1
5194	1
5195	0
5196	0
5197	0
5198	1
5199	1
5200	1
5201	3
5202	2
5203	0
5204	0
5205	1
5206	0
5207	0
5208	0
5209	1
5210	0
5211	0
5212	0
5213	2
5214	1
5215	1
5216	0
5217	0
5218	0
5219	1
5220	1
5221	0
5222	1
5223	0
5224	2
5225	0
5226	0
5227	0
5228	1
5229	0
5230	0
5231	0
5232	2
5233	1
5234	0
5235	0
5236	1
5237	0
5238	0
5239	2
5240	0
5241	1
5242	0
5243	0
5244	0
5245	1
5246	0
5247	1
5248	0
5249	0
5250	1
5251	1
5252	1
5253	0
5254	0
5255	0
5256	0
5257	1
5258	1
5259	0
5260	1
5261	0
5262	0
5263	0
5264	0
5265	1
5266	0
5267	1
5268	0
5269	2
5270	1
5271	0
5272	1
5273	1
5274	1
5275	0
5276	0
5277	1
5278	0
5279	0
5280	2
5281	2
5282	1
5283	0
5284	0
5285	1
5286	1
5287	0
5288	0
5289	0
5290	1
5291	1
5292	0
5293	1
5294	0
5295	0
5296	0
5297	0
5298	0
5299	1
5300	2
5301	0
5302	0
5303	0
5304	0
5305	2
5306	1
5307	1
5308	0
5309	1
5310	0
5311	0
5312	0
5313	1
5314	1
5315	0
5316	0
5317	2
5318	0
5319	0
5320	1
5321	1
5322	0
5323	0
5324	2
5325	1
5326	0
5327	1
5328	1
5329	1
5330	0
5331	1
5332	0
5333	2
5334	0
5335	1
5336	0
5337	1
5338	1
5339	0
5340	0
5341	0
5342	1
5343	1
5344	0
5345	0
5346	0
5347	0
5348	1
5349	0
5350	1
5351	1
5352	0
5353	0
5354	0
5355	1
5356	2
5357	0
5358	0
5359	0
5360	2
5361	0
5362	0
5363	1
5364	1
5365	1
5366	0
5367	0
5368	2
5369	0
5370	0
5371	0
5372	0
5373	0
5374	2
5375	0
5376	0
5377	0
5378	1
5379	1
5380	0
5381	0
5382	0
5383	0
5384	1
5385	1
5386	0
5387	0
5388	0
5389	1
5390	0
5391	0
5392	1
5393	2
5394	0
5395	0
5396	2
5397	1
5398	0
5399	0
5400	0
5401	1
5402	0
5403	0
5404	0
5405	1
5406	1
5407	0
5408	1
5409	0
5410	0
5411	0
5412	1
5413	0
5414	1
5415	0
5416	0
5417	0
5418	0
5419	1
5420	3
5421	1
5422	1
5423	1
5424	0
5425	0
5426	1
5427	0
5428	2
5429	2
5430	2
5431	1
5432	0
5433	0
5434	0
5435	0
5436	0
5437	0
5438	0
5439	0
5440	4
5441	0
5442	0
5443	1
5444	2
5445	1
5446	0
5447	1
5448	0
5449	0
5450	1
5451	0
5452	2
5453	0
5454	0
5455	2
5456	2
5457	1
5458	1
5459	1
5460	2
5461	2
5462	0
5463	0
5464	0
5465	1
5466	0
5467	0
5468	0
5469	0
5470	0
5471	0
5472	0
5473	0
5474	0
5475	1
5476	0
5477	1
5478	0
5479	0
5480	0
5481	0
5482	0
5483	0
5484	0
5485	0
5486	1
5487	0
5488	0
5489	1
5490	2
5491	0
5492	0
5493	0
5494	0
5495	1
5496	0
5497	1
5498	0
5499	1
5500	1
5501	1
5502	2
5503	1
5504	0
5505	1
5506	0
5507	1
5508	1
5509	0
5510	0
5511	2
5512	1
5513	1
5514	0
5515	1
5516	0
5517	0
5518	0
5519	0
5520	0
5521	0
5522	2
5523	1
5524	1
5525	0
5526	0
5527	0
5528	0
5529	1
5530	1
5531	0
5532	1
5533	0
5534	1
5535	0
5536	0
5537	0
5538	0
5539	2
5540	2
5541	0
5542	1
5543	0
5544	0
5545	1
5546	1
5547	0
5548	0
5549	0
5550	1
5551	2
5552	2
5553	1
5554	0
5555	0
5556	1
5557	0
5558	0
5559	0
5560	0
5561	1
5562	0
5563	1
5564	0
5565	1
5566	1
5567	1
5568	0
5569	1
5570	1
5571	0
5572	0
5573	0
5574	1
5575	0
5576	0
5577	1
5578	0
5579	2
5580	1
5581	0
5582	0
5583	2
5584	2
5585	0
5586	1
5587	0
5588	1
5589	0
5590	1
5591	1
5592	2
5593	0
5594	0
5595	1
5596	0
5597	1
5598	2
5599	1
5600	1
5601	0
5602	2
5603	1
5604	0
5605	0
5606	0
5607	1
5608	1
5609	0
5610	0
5611	1
5612	0
5613	0
5614	1
5615	2
5616	1
5617	1
5618	1
5619	0
5620	0
5621	0
5622	0
5623	0
5624	0
5625	1
5626	0
5627	1
5628	0
5629	1
5630	2
5631	1
5632	0
5633	1
5634	0
5635	0
5636	0
5637	1
5638	2
5639	1
5640	0
5641	1
5642	1
5643	0
5644	0
5645	1
5646	0
5647	1
5648	1
5649	0
5650	0
5651	2
5652	1
5653	0
5654	0
5655	0
5656	0
5657	0
5658	0
5659	0
5660	1
5661	0
5662	1
5663	0
5664	0
5665	1
5666	1
5667	1
5668	0
5669	0
5670	0
5671	0
5672	0
5673	1
5674	1
5675	0
5676	0
5677	1
5678	0
5679	0
5680	1
5681	0
5682	1
5683	0
5684	2
5685	1
5686	0
5687	0
5688	1
5689	0
5690	0
5691	1
5692	0
5693	3
5694	0
5695	0
5696	1
5697	0
5698	0
5699	1
5700	0
5701	0
5702	0
5703	0
5704	1
5705	3
5706	0
5707	1
5708	0
5709	1
5710	1
5711	0
5712	0
5713	1
5714	1
5715	0
5716	0
5717	0
5718	0
5719	0
5720	0
5721	2
5722	0
5723	0
5724	0
5725	1
5726	0
5727	0
5728	3
5729	0
5730	0
5731	0
5732	0
5733	0
5734	0
5735	0
5736	2
5737	0
5738	0
5739	0
5740	1
5741	0
5742	1
5743	1
5744	0
5745	1
5746	0
5747	0
5748	0
5749	0
5750	0
5751	0
5752	0
5753	0
5754	2
5755	0
5756	0
5757	0
5758	1
5759	0
5760	1
5761	2
5762	0
5763	1
5764	0
5765	1
5766	1
5767	0
5768	1
5769	0
5770	0
5771	1
5772	0
5773	0
5774	0
5775	1
5776	1
5777	1
5778	0
5779	0
5780	1
5781	0
5782	0
5783	1
5784	1
5785	0
5786	0
5787	0
5788	1
5789	1
5790	0
5791	0
5792	1
5793	1
5794	0
5795	0
5796	0
5797	0
5798	1
5799	1
5800	0
5801	0
5802	0
5803	1
5804	0
5805	2
5806	0
5807	0
5808	1
5809	1
5810	0
5811	0
5812	0
5813	0
5814	0
5815	0
5816	0
5817	1
5818	0
5819	0
5820	0
5821	1
5822	0
5823	0
5824	0
5825	0
5826	0
5827	0
5828	3
5829	2
5830	1
5831	0
5832	0
5833	1
5834	0
5835	0
5836	1
5837	0
5838	0
5839	1
5840	0
5841	1
5842	1
5843	1
5844	1
5845	0
5846	0
5847	0
5848	1
5849	2
5850	0
5851	2
5852	1
5853	1
5854	0
5855	0
5856	1
5857	1
5858	1
5859	1
5860	1
5861	0
5862	1
5863	1
5864	1
5865	0
5866	2
5867	1
5868	0
5869	0
5870	0
5871	0
5872	0
5873	0
5874	1
5875	0
5876	0
5877	1
5878	2
5879	1
5880	1
5881	0
5882	0
5883	0
5884	0
5885	1
5886	0
5887	0
5888	0
5889	1
5890	0
5891	1
5892	0
5893	3
5894	0
5895	0
5896	0
5897	0
5898	0
5899	2
5900	0
5901	0
5902	1
5903	0
5904	1
5905	0
5906	0
5907	0
5908	0
5909	1
5910	0
5911	2
5912	0
5913	0
5914	0
5915	1
5916	0
5917	1
5918	0
5919	0
5920	0
5921	1
5922	0
5923	0
5924	0
5925	0
5926	0
5927	0
5928	0
5929	0
5930	1
5931	0
5932	0
5933	0
5934	1
5935	0
5936	0
5937	0
5938	0
5939	0
5940	0
5941	1
5942	0
5943	0
5944	0
5945	0
5946	1
5947	0
5948	0
5949	0
5950	0
5951	0
5952	1
5953	0
5954	0
5955	1
5956	2
5957	1
5958	0
5959	1
5960	1
5961	1
5962	1
5963	0
5964	0
5965	0
5966	0
5967	0
5968	0
5969	1
5970	1
5971	1
5972	0
5973	1
5974	1
5975	0
5976	0
5977	0
5978	0
5979	0
5980	1
5981	0
5982	1
5983	2
5984	1
5985	1
5986	0
5987	1
5988	0
5989	0
5990	0
5991	0
5992	0
5993	1
5994	0
5995	1
5996	0
5997	1
5998	0
5999	0
6000	0
6001	0
6002	3
6003	0
6004	1
6005	1
6006	0
6007	0
6008	0
6009	3
6010	2
6011	1
6012	0
6013	1
6014	0
6015	2
6016	0
6017	0
6018	0
6019	0
6020	2
6021	0
6022	0
6023	0
6024	0
6025	1
6026	1
6027	0
6028	0
6029	0
6030	1
6031	0
6032	0
6033	1
6034	1
6035	0
6036	0
6037	1
6038	0
6039	0
6040	0
6041	0
6042	0
6043	0
6044	0
6045	0
6046	1
6047	1
6048	0
6049	0
6050	0
6051	0
6052	1
6053	0
6054	1
6055	0
6056	1
6057	0
6058	0
6059	1
6060	0
6061	0
6062	0
6063	0
6064	0
6065	0
6066	0
6067	0
6068	0
6069	0
6070	1
6071	0
6072	1
6073	0
6074	0
6075	0
6076	0
6077	0
6078	0
6079	0
6080	1
6081	0
6082	1
6083	0
6084	1
6085	1
6086	1
6087	1
6088	0
6089	0
6090	0
6091	1
6092	1
6093	0
6094	1
6095	0
6096	0
6097	0
6098	0
6099	1
6100	1
6101	0
6102	0
6103	1
6104	0
6105	0
6106	2
6107	0
6108	0
6109	1
6110	0
6111	0
6112	2
6113	1
6114	1
6115	0
6116	0
6117	2
6118	1
6119	0
6120	1
6121	0
6122	0
6123	0
6124	0
6125	0
6126	1
6127	1
6128	0
6129	0
6130	0
6131	0
6132	2
6133	0
6134	0
6135	0
6136	0
6137	1
6138	0
6139	0
6140	0
6141	0
6142	1
6143	1
6144	0
6145	2
6146	0
6147	0
6148	0
6149	0
6150	0
6151	1
6152	0
6153	0
6154	0
6155	0
6156	0
6157	1
6158	1
6159	0
6160	0
6161	1
6162	1
6163	0
6164	0
6165	0
6166	2
6167	0
6168	0
6169	0
6170	1
6171	0
6172	1
6173	1
6174	0
6175	1
6176	0
6177	0
6178	1
6179	1
6180	1
6181	0
6182	2
6183	0
6184	4
6185	0
6186	0
6187	0
6188	0
6189	0
6190	1
6191	0
6192	0
6193	0
6194	1
6195	0
6196	1
6197	0
6198	1
6199	0
6200	0
6201	3
6202	0
6203	0
6204	0
6205	1
6206	0
6207	1
6208	0
6209	1
6210	0
6211	0
6212	0
6213	0
6214	1
6215	0
6216	0
6217	0
6218	1
6219	0
6220	0
6221	0
6222	1
6223	0
6224	0
6225	1
6226	1
6227	0
6228	0
6229	1
6230	0
6231	0
6232	0
6233	0
6234	0
6235	0
6236	0
6237	1
6238	0
6239	0
6240	0
6241	0
6242	0
6243	1
6244	0
6245	0
6246	0
6247	0
6248	0
6249	0
6250	0
6251	0
6252	1
6253	0
6254	0
6255	0
6256	1
6257	1
6258	1
6259	0
6260	0
6261	0
6262	1
6263	0
6264	1
6265	0
6266	0
6267	1
6268	1
6269	1
6270	0
6271	1
6272	0
6273	0
6274	0
6275	0
6276	1
6277	2
6278	1
6279	0
6280	0
6281	0
6282	1
6283	0
6284	0
6285	0
6286	0
6287	0
6288	1
6289	0
6290	1
6291	1
6292	0
6293	0
6294	1
6295	0
6296	1
6297	0
6298	0
6299	0
6300	0
6301	0
6302	1
6303	0
6304	0
6305	1
6306	0
6307	0
6308	0
6309	1
6310	0
6311	0
6312	1
6313	1
6314	0
6315	1
6316	1
6317	0
6318	0
6319	0
6320	0
6321	2
6322	2
6323	1
6324	1
6325	0
6326	0
6327	1
6328	0
6329	1
6330	0
6331	0
6332	0
6333	0
6334	0
6335	3
6336	0
6337	0
6338	1
6339	1
6340	1
6341	0
6342	0
6343	0
6344	2
6345	1
6346	0
6347	0
6348	0
6349	0
6350	1
6351	1
6352	1
6353	0
6354	2
6355	0
6356	0
6357	0
6358	0
6359	1
6360	0
6361	0
6362	1
6363	0
6364	0
6365	0
6366	1
6367	2
6368	0
6369	1
6370	0
6371	1
6372	0
6373	0
6374	0
6375	0
6376	0
6377	0
6378	0
6379	2
6380	0
6381	0
6382	1
6383	0
6384	0
6385	0
6386	0
6387	0
6388	0
6389	0
6390	0
6391	0
6392	0
6393	0
6394	0
6395	0
6396	0
6397	1
6398	0
6399	0
6400	1
6401	0
6402	2
6403	0
6404	2
6405	1
6406	3
6407	0
6408	1
6409	0
6410	0
6411	0
6412	0
6413	1
6414	0
6415	0
6416	0
6417	0
6418	0
6419	0
6420	2
6421	1
6422	0
6423	0
6424	0
6425	0
6426	0
6427	1
6428	0
6429	0
6430	1
6431	1
6432	0
6433	0
6434	0
6435	0
6436	2
6437	1
6438	1
6439	0
6440	0
6441	0
6442	1
6443	0
6444	0
6445	1
6446	0
6447	0
6448	0
6449	0
6450	1
6451	0
6452	1
6453	0
6454	2
6455	0
6456	0
6457	0
6458	1
6459	0
6460	0
6461	0
6462	0
6463	0
6464	1
6465	1
6466	0
6467	1
6468	1
6469	0
6470	0
6471	0
6472	0
6473	0
6474	1
6475	0
6476	1
6477	0
6478	0
6479	0
6480	2
6481	0
6482	0
6483	0
6484	0
6485	0
6486	0
6487	2
6488	0
6489	2
6490	0
6491	0
6492	2
6493	1
6494	0
6495	0
6496	1
6497	2
6498	0
6499	0
6500	0
6501	1
6502	1
6503	1
6504	0
6505	0
6506	2
6507	0
6508	1
6509	0
6510	1
6511	1
6512	0
6513	0
6514	1
6515	1
6516	0
6517	0
6518	0
6519	1
6520	0
6521	1
6522	1
6523	2
6524	1
6525	2
6526	1
6527	0
6528	0
6529	0
6530	2
6531	0
6532	0
6533	1
6534	0
6535	0
6536	0
6537	0
6538	0
6539	2
6540	1
6541	0
6542	0
6543	0
6544	0
6545	0
6546	0
6547	1
6548	0
6549	0
6550	0
6551	1
6552	1
6553	0
6554	0
6555	0
6556	0
6557	1
6558	1
6559	1
6560	1
6561	0
6562	0
6563	1
6564	0
6565	0
6566	0
6567	0
6568	0
6569	0
6570	0
6571	0
6572	2
6573	0
6574	0
6575	0
6576	1
6577	0
6578	0
6579	1
6580	0
6581	0
6582	0
6583	0
6584	0
6585	0
6586	0
6587	1
6588	0
6589	0
6590	1
6591	1
6592	0
6593	0
6594	0
6595	1
6596	0
6597	0
6598	0
6599	0
6600	1
6601	0
6602	1
6603	1
6604	0
6605	0
6606	0
6607	0
6608	1
6609	2
6610	0
6611	0
6612	0
6613	1
6614	1
6615	0
6616	0
6617	0
6618	1
6619	0
6620	0
6621	0
6622	0
6623	0
6624	1
6625	0
6626	0
6627	0
6628	0
6629	0
6630	0
6631	0
6632	1
6633	0
6634	0
6635	0
6636	0
6637	0
6638	0
6639	1
6640	0
6641	0
6642	1
6643	0
6644	0
6645	0
6646	0
6647	0
6648	0
6649	1
6650	0
6651	0
6652	0
6653	0
6654	0
6655	0
6656	0
6657	0
6658	1
6659	0
6660	0
6661	0
6662	0
6663	2
6664	0
6665	1
6666	0
6667	1
6668	0
6669	0
6670	1
6671	0
6672	1
6673	0
6674	0
6675	0
6676	0
6677	2
6678	0
6679	2
6680	0
6681	1
6682	1
6683	0
6684	0
6685	0
6686	1
6687	0
6688	1
6689	0
6690	0
6691	0
6692	0
6693	2
6694	1
6695	0
6696	1
6697	0
6698	0
6699	0
6700	0
6701	0
6702	0
6703	0
6704	1
6705	1
6706	0
6707	0
6708	0
6709	1
6710	0
6711	0
6712	0
6713	0
6714	0
6715	0
6716	2
6717	1
6718	0
6719	0
6720	0
6721	0
6722	1
6723	0
6724	0
6725	0
6726	0
6727	0
6728	0
6729	1
6730	0
6731	1
6732	0
6733	0
6734	0
6735	1
6736	0
6737	1
6738	1
6739	0
6740	2
6741	0
6742	0
6743	0
6744	0
6745	1
6746	0
6747	0
6748	0
6749	0
6750	0
6751	0
6752	0
6753	0
6754	0
6755	0
6756	0
6757	0
6758	1
6759	0
6760	0
6761	0
6762	0
6763	0
6764	0
6765	0
6766	0
6767	0
6768	0
6769	1
6770	0
6771	1
6772	0
6773	1
6774	0
6775	0
6776	2
6777	0
6778	0
6779	1
6780	0
6781	0
6782	0
6783	1
6784	0
6785	1
6786	0
6787	0
6788	0
6789	0
6790	0
6791	1
6792	0
6793	0
6794	1
6795	0
6796	0
6797	0
6798	0
6799	1
6800	1
6801	1
6802	2
6803	1
6804	0
6805	0
6806	0
6807	0
6808	1
6809	0
6810	1
6811	1
6812	0
6813	2
6814	0
6815	0
6816	0
6817	0
6818	0
6819	0
6820	0
6821	0
6822	0
6823	0
6824	0
6825	0
6826	0
6827	0
6828	0
6829	1
6830	0
6831	0
6832	2
6833	1
6834	0
6835	0
6836	0
6837	0
6838	0
6839	0
6840	1
6841	0
6842	0
6843	1
6844	0
6845	1
6846	2
6847	0
6848	1
6849	0
6850	0
6851	0
6852	0
6853	0
6854	0
6855	0
6856	2
6857	0
6858	0
6859	0
6860	0
6861	1
6862	1
6863	1
6864	1
6865	1
6866	1
6867	0
6868	0
6869	0
6870	0
6871	0
6872	1
6873	0
6874	2
6875	0
6876	1
6877	0
6878	1
6879	0
6880	0
6881	1
6882	0
6883	2
6884	0
6885	0
6886	0
6887	0
6888	0
6889	0
6890	1
6891	0
6892	2
6893	1
6894	0
6895	0
6896	0
6897	0
6898	0
6899	0
6900	0
6901	0
6902	1
6903	0
6904	3
6905	0
6906	0
6907	0
6908	0
6909	0
6910	2
6911	2
6912	1
6913	0
6914	0
6915	0
6916	0
6917	0
6918	0
6919	0
6920	0
6921	0
6922	1
6923	1
6924	0
6925	1
6926	1
6927	1
6928	1
6929	0
6930	0
6931	0
6932	0
6933	0
6934	0
6935	0
6936	1
6937	2
6938	0
6939	1
6940	0
6941	0
6942	1
6943	0
6944	0
6945	0
6946	0
6947	2
6948	0
6949	0
6950	0
6951	0
6952	1
6953	0
6954	0
6955	1
6956	0
6957	1
6958	0
6959	0
6960	0
6961	0
6962	0
6963	1
6964	0
6965	0
6966	0
6967	0
6968	1
6969	0
6970	0
6971	0
6972	0
6973	0
6974	0
6975	0
6976	0
6977	1
6978	1
6979	0
6980	0
6981	0
6982	2
6983	1
6984	0
6985	0
6986	0
6987	0
6988	1
6989	1
6990	0
6991	1
6992	0
6993	0
6994	0
6995	0
6996	0
6997	0
6998	0
6999	0
7000	0
7001	0
7002	0
7003	0
7004	0
7005	0
7006	0
7007	0
7008	0
7009	0
7010	0
7011	1
7012	0
7013	1
7014	1
7015	0
7016	3
7017	1
7018	0
7019	0
7020	0
7021	1
7022	0
7023	1
7024	1
7025	0
7026	1
7027	0
7028	0
7029	0
7030	0
7031	0
7032	0
7033	0
7034	1
7035	0
7036	0
7037	0
7038	0
7039	1
7040	0
7041	0
7042	0
7043	0
7044	0
7045	0
7046	0
7047	0
7048	0
7049	0
7050	1
7051	0
7052	0
7053	0
7054	1
7055	0
7056	0
7057	0
7058	0
7059	0
7060	0
7061	0
7062	1
7063	0
7064	0
7065	1
7066	0
7067	0
7068	1
7069	0
7070	0
7071	0
7072	0
7073	1
7074	0
7075	0
7076	0
7077	1
7078	0
7079	0
7080	0
7081	0
7082	1
7083	0
7084	0
7085	1
7086	2
7087	0
7088	1
7089	0
7090	1
7091	0
7092	0
7093	0
7094	1
7095	0
7096	1
7097	1
7098	1
7099	0
7100	1
7101	1
7102	2
7103	0
7104	0
7105	0
7106	0
7107	1
7108	0
7109	0
7110	0
7111	0
7112	0
7113	0
7114	0
7115	0
7116	1
7117	0
7118	1
7119	0
7120	1
7121	0
7122	0
7123	0
7124	0
7125	0
7126	0
7127	2
7128	0
7129	0
7130	1
7131	0
7132	0
7133	0
7134	0
7135	0
7136	0
7137	0
7138	0
7139	0
7140	0
7141	0
7142	0
7143	0
7144	0
7145	0
7146	1
7147	1
7148	1
7149	0
7150	1
7151	0
7152	0
7153	0
7154	0
7155	0
7156	0
7157	0
7158	1
7159	0
7160	1
7161	0
7162	0
7163	1
7164	0
7165	1
7166	1
7167	0
7168	0
7169	0
7170	1
7171	1
7172	0
7173	0
7174	1
7175	0
7176	1
7177	0
7178	0
7179	0
7180	0
7181	0
7182	1
7183	1
7184	2
7185	0
7186	0
7187	2
7188	0
7189	0
7190	0
7191	0
7192	0
7193	0
7194	0
7195	0
7196	0
7197	1
7198	1
7199	0
7200	1
7201	1
7202	0
7203	0
7204	0
7205	0
7206	2
7207	1
7208	0
7209	0
7210	0
7211	0
7212	0
7213	0
7214	0
7215	1
7216	0
7217	0
7218	0
7219	1
7220	0
7221	0
7222	0
7223	0
7224	1
7225	0
7226	0
7227	0
7228	1
7229	0
7230	0
7231	1
7232	1
7233	0
7234	0
7235	0
7236	0
7237	0
7238	0
7239	0
7240	0
7241	0
7242	1
7243	0
7244	0
7245	1
7246	0
7247	0
7248	0
7249	1
7250	0
7251	0
7252	1
7253	0
7254	0
7255	0
7256	1
7257	1
7258	0
7259	2
7260	0
7261	1
7262	0
7263	0
7264	0
7265	0
7266	1
7267	0
7268	0
7269	1
7270	0
7271	1
7272	0
7273	0
7274	0
7275	0
7276	0
7277	0
7278	0
7279	0
7280	0
7281	0
7282	0
7283	0
7284	0
7285	0
7286	0
7287	0
7288	0
7289	0
7290	0
7291	0
7292	0
7293	0
7294	2
7295	0
7296	0
7297	0
7298	0
7299	1
7300	1
7301	0
7302	1
7303	0
7304	0
7305	0
7306	0
7307	1
7308	1
7309	0
7310	0
7311	0
7312	0
7313	0
7314	0
7315	0
7316	1
7317	0
7318	1
7319	1
7320	2
7321	2
7322	0
7323	0
7324	1
7325	0
7326	0
7327	0
7328	0
7329	0
7330	0
7331	0
7332	0
7333	0
7334	0
7335	0
7336	1
7337	0
7338	0
7339	0
7340	0
7341	0
7342	0
7343	1
7344	0
7345	0
7346	1
7347	0
7348	0
7349	0
7350	0
7351	0
7352	0
7353	0
7354	0
7355	0
7356	0
7357	0
7358	1
7359	1
7360	1
7361	0
7362	0
7363	1
7364	0
7365	0
7366	0
7367	1
7368	0
7369	0
7370	1
7371	0
7372	0
7373	0
7374	0
7375	0
7376	0
7377	0
7378	0
7379	0
7380	0
7381	0
7382	0
7383	0
7384	0
7385	1
7386	1
7387	0
7388	0
7389	1
7390	0
7391	0
7392	1
7393	0
7394	1
7395	0
7396	0
7397	0
7398	0
7399	0
7400	1
7401	0
7402	0
7403	1
7404	0
7405	2
7406	0
7407	1
7408	1
7409	0
7410	0
7411	0
7412	0
7413	0
7414	0
7415	1
7416	1
7417	0
7418	0
7419	0
7420	1
7421	0
7422	0
7423	0
7424	0
7425	0
7426	1
7427	2
7428	3
7429	2
7430	0
7431	0
7432	0
7433	0
7434	0
7435	0
7436	0
7437	0
7438	0
7439	0
7440	0
7441	0
7442	0
7443	0
7444	0
7445	0
7446	0
7447	0
7448	0
7449	0
7450	0
7451	0
7452	1
7453	0
7454	1
7455	2
7456	1
7457	0
7458	0
7459	0
7460	0
7461	1
7462	0
7463	0
7464	0
7465	0
7466	0
7467	1
7468	0
7469	1
7470	0
7471	0
7472	0
7473	0
7474	0
7475	0
7476	0
7477	0
7478	0
7479	1
7480	0
7481	0
7482	0
7483	0
7484	0
7485	0
7486	0
7487	0
7488	1
7489	0
7490	0
7491	0
7492	0
7493	0
7494	0
7495	0
7496	0
7497	0
7498	0
7499	2
7500	0
7501	0
7502	0
7503	0
7504	0
7505	0
7506	0
7507	0
7508	0
7509	0
7510	0
7511	0
7512	0
7513	0
7514	0
7515	0
7516	0
7517	0
7518	1
7519	0
7520	1
7521	0
7522	0
7523	0
7524	0
7525	0
7526	1
7527	0
7528	0
7529	0
7530	0
7531	0
7532	0
7533	0
7534	1
7535	1
7536	0
7537	0
7538	0
7539	1
7540	0
7541	1
7542	0
7543	0
7544	0
7545	0
7546	0
7547	0
7548	0
7549	0
7550	0
7551	1
7552	0
7553	0
7554	0
7555	0
7556	0
7557	0
7558	0
7559	0
7560	0
7561	1
7562	1
7563	0
7564	0
7565	0
7566	0
7567	0
7568	1
7569	0
7570	0
7571	0
7572	0
7573	0
7574	0
7575	0
7576	1
7577	0
7578	1
7579	0
7580	0
7581	0
7582	0
7583	0
7584	0
7585	1
7586	0
7587	0
7588	1
7589	0
7590	0
7591	0
7592	1
7593	0
7594	1
7595	1
7596	1
7597	0
7598	0
7599	0
7600	0
7601	0
7602	0
7603	0
7604	0
7605	0
7606	0
7607	0
7608	0
7609	0
7610	0
7611	2
7612	0
7613	0
7614	0
7615	1
7616	0
7617	1
7618	0
7619	1
7620	0
7621	0
7622	1
7623	0
7624	1
7625	1
7626	0
7627	0
7628	0
7629	0
7630	0
7631	0
7632	0
7633	0
7634	0
7635	0
7636	0
7637	0
7638	1
7639	1
7640	0
7641	0
7642	0
7643	0
7644	0
7645	1
7646	0
7647	0
7648	0
7649	0
7650	0
7651	0
7652	0
7653	0
7654	0
7655	0
7656	1
7657	0
7658	0
7659	1
7660	0
7661	2
7662	0
7663	0
7664	0
7665	0
7666	0
7667	0
7668	0
7669	0
7670	0
7671	0
7672	1
7673	0
7674	0
7675	1
7676	1
7677	0
7678	1
7679	0
7680	0
7681	0
7682	0
7683	1
7684	0
7685	0
7686	0
7687	0
7688	1
7689	1
7690	0
7691	0
7692	1
7693	1
7694	0
7695	1
7696	2
7697	0
7698	0
7699	0
7700	0
7701	0
7702	0
7703	0
7704	0
7705	0
7706	0
7707	0
7708	0
7709	0
7710	0
7711	1
7712	0
7713	0
7714	0
7715	0
7716	1
7717	0
7718	1
7719	0
7720	0
7721	0
7722	0
7723	1
7724	1
7725	0
7726	0
7727	0
7728	0
7729	0
7730	0
7731	0
7732	0
7733	0
7734	1
7735	0
7736	0
7737	0
7738	0
7739	0
7740	0
7741	0
7742	0
7743	1
7744	0
7745	0
7746	0
7747	0
7748	0
7749	0
7750	0
7751	0
7752	0
7753	0
7754	0
7755	0
7756	0
7757	0
7758	0
7759	0
7760	0
7761	2
7762	0
7763	0
7764	0
7765	0
7766	0
7767	1
7768	0
7769	0
7770	1
7771	0
7772	0
7773	0
7774	0
7775	1
7776	0
7777	0
7778	0
7779	1
7780	0
7781	0
7782	0
7783	0
7784	0
7785	0
7786	1
7787	0
7788	0
7789	0
7790	0
7791	0
7792	0
7793	0
7794	0
7795	0
7796	1
7797	0
7798	0
7799	0
7800	0
7801	0
7802	0
7803	0
7804	0
7805	0
7806	1
7807	0
7808	0
7809	0
7810	0
7811	0
7812	0
7813	0
7814	0
7815	0
7816	0
7817	0
7818	0
7819	0
7820	1
7821	0
7822	0
7823	0
7824	0
7825	0
7826	0
7827	0
7828	0
7829	0
7830	0
7831	1
7832	0
7833	1
7834	0
7835	0
7836	1
7837	0
7838	0
7839	1
7840	0
7841	0
7842	0
7843	0
7844	0
7845	0
7846	0
7847	0
7848	0
7849	0
7850	0
7851	0
7852	0
7853	0
7854	0
7855	0
7856	1
7857	0
7858	0
7859	0
7860	0
7861	1
7862	0
7863	0
7864	1
7865	0
7866	1
7867	0
7868	0
7869	0
7870	0
7871	0
7872	1
7873	0
7874	0
7875	0
7876	1
7877	0
7878	0
7879	0
7880	0
7881	0
7882	0
7883	0
7884	0
7885	0
7886	0
7887	0
7888	0
7889	1
7890	0
7891	0
7892	1
7893	0
7894	0
7895	0
7896	0
7897	0
7898	0
7899	0
7900	1
7901	0
7902	0
7903	0
7904	1
7905	0
7906	0
7907	1
7908	1
7909	0
7910	0
7911	0
7912	0
7913	0
7914	0
7915	0
7916	0
7917	0
7918	0
7919	0
7920	0
7921	0
7922	0
7923	0
7924	0
7925	0
7926	0
7927	0
7928	0
7929	0
7930	0
7931	0
7932	0
7933	0
7934	0
7935	0
7936	0
7937	0
7938	0
7939	0
7940	0
7941	0
7942	0
7943	0
7944	0
7945	0
7946	0
7947	0
7948	0
7949	0
7950	0
7951	0
7952	0
7953	0
7954	0
7955	0
7956	0
7957	0
7958	0
7959	0
7960	0
7961	0
7962	0
7963	0
7964	0
7965	0
7966	0
7967	0
7968	0
7969	0
7970	0
7971	0
7972	0
7973	0
7974	0
7975	0
7976	0
7977	0
7978	0
7979	0
7980	0
7981	0
7982	0
7983	0
7984	0
7985	0
7986	0
7987	0
7988	0
7989	0
7990	0
7991	0
7992	0
7993	0
7994	0
7995	0
7996	0
7997	0
7998	0
7999	0
8000	0
8001	0
8002	0
8003	0
8004	0
8005	0
8006	0
8007	0
8008	0
8009	0
8010	0
8011	0
8012	0
8013	0
8014	0
8015	0
8016	0
8017	0
8018	0
8019	0
8020	0
8021	0
8022	0
8023	0
8024	0
8025	0
8026	0
8027	0
8028	0
8029	0
8030	0
8031	0
8032	0
8033	0
8034	0
8035	0
8036	0
8037	0
8038	0
8039	0
8040	0
8041	0
8042	0
8043	0
8044	0
8045	0
8046	0
8047	0
8048	0
8049	0
8050	0
8051	0
8052	0
8053	0
8054	0
8055	0
8056	0
8057	0
8058	0
8059	0
8060	0
8061	0
8062	0
8063	0
8064	0
8065	0
8066	0
8067	0
8068	0
8069	0
8070	0
8071	0
8072	0
8073	0
8074	0
8075	0
8076	0
8077	0
8078	0
8079	0
8080	0
8081	0
8082	0
8083	0
8084	0
8085	0
8086	0
8087	0
8088	0
8089	0
8090	0
8091	0
8092	0
8093	0
8094	0
8095	0
8096	0
8097	0
8098	0
8099	0
8100	0
8101	0
8102	0
8103	0
8104	0
8105	0
8106	0
8107	0
8108	0
8109	0
8110	0
8111	0
8112	0
8113	0
8114	0
8115	0
8116	0
8117	0
8118	0
8119	0
8120	0
8121	0
8122	0
8123	0
8124	0
8125	0
8126	0
8127	0
8128	0
8129	0
8130	0
8131	0
8132	0
8133	0
8134	0
8135	0
8136	0
8137	0
8138	0
8139	0
8140	0
8141	0
8142	0
8143	0
8144	0
8145	0
8146	0
8147	0
8148	0
8149	0
8150	0
8151	0
8152	0
8153	0
8154	0
8155	0
8156	0
8157	0
8158	0
8159	0
8160	0
8161	0
8162	0
8163	0
8164	0
8165	0
8166	0
8167	0
8168	0
8169	0
8170	0
8171	0
8172	0
8173	0
8174	0
8175	0
8176	0
8177	0
8178	0
8179	0
8180	0
8181	0
8182	0
8183	0
8184	0
8185	0
8186	0
8187	0
8188	0
8189	0
8190	0
8191	0
