0	0
1	0
2	0
3	0
4	0
5	0
6	0
7	0
8	0
9	0
10	0
11	0
12	0
13	0
14	0
15	0
16	0
17	0
18	0
19	0
20	0
21	0
22	0
23	0
24	0
25	0
26	0
27	0
28	0
29	0
30	0
31	0
32	0
33	0
34	0
35	0
36	0
37	0
38	0
39	0
40	0
41	0
42	0
43	0
44	0
45	0
46	0
47	0
48	0
49	0
50	0
51	0
52	0
53	0
54	0
55	0
56	0
57	0
58	0
59	0
60	0
61	0
62	0
63	0
64	0
65	0
66	0
67	0
68	0
69	0
70	0
71	0
72	0
73	0
74	0
75	0
76	0
77	0
78	0
79	0
80	0
81	0
82	0
83	3
84	10
85	19
86	10
87	16
88	22
89	14
90	19
91	16
92	19
93	12
94	16
95	10
96	17
97	12
98	20
99	19
100	19
101	19
102	16
103	18
104	19
105	16
106	13
107	18
108	14
109	18
110	19
111	15
112	15
113	11
114	22
115	17
116	12
117	17
118	10
119	21
120	10
121	15
122	24
123	18
124	15
125	14
126	20
127	17
128	18
129	13
130	17
131	17
132	19
133	22
134	11
135	20
136	14
137	10
138	16
139	13
140	21
141	21
142	15
143	21
144	20
145	17
146	17
147	19
148	13
149	15
150	12
151	24
152	19
153	18
154	15
155	8
156	17
157	18
158	19
159	23
160	17
161	27
162	18
163	14
164	15
165	14
166	18
167	17
168	19
169	21
170	17
171	14
172	20
173	16
174	17
175	15
176	16
177	18
178	19
179	24
180	13
181	20
182	20
183	13
184	26
185	21
186	18
187	18
188	17
189	14
190	22
191	25
192	15
193	19
194	17
195	23
196	19
197	15
198	24
199	16
200	19
201	20
202	15
203	16
204	23
205	22
206	9
207	15
208	23
209	15
210	16
211	14
212	14
213	15
214	24
215	15
216	11
217	12
218	16
219	19
220	19
221	16
222	17
223	14
224	20
225	19
226	15
227	18
228	17
229	9
230	23
231	22
232	13
233	23
234	22
235	18
236	28
237	20
238	15
239	17
240	20
241	19
242	18
243	15
244	19
245	21
246	13
247	20
248	19
249	16
250	15
251	19
252	13
253	9
254	26
255	19
256	26
257	16
258	18
259	21
260	17
261	11
262	18
263	25
264	22
265	23
266	19
267	18
268	19
269	21
270	15
271	29
272	18
273	11
274	24
275	11
276	23
277	12
278	17
279	18
280	14
281	21
282	13
283	22
284	16
285	18
286	18
287	15
288	25
289	25
290	21
291	15
292	18
293	25
294	21
295	27
296	16
297	25
298	20
299	18
300	23
301	18
302	20
303	18
304	25
305	24
306	13
307	19
308	17
309	20
310	23
311	25
312	17
313	24
314	20
315	24
316	18
317	26
318	27
319	23
320	17
321	15
322	16
323	11
324	17
325	15
326	26
327	19
328	16
329	16
330	22
331	25
332	29
333	19
334	23
335	19
336	13
337	22
338	10
339	13
340	16
341	13
342	16
343	19
344	16
345	10
346	21
347	17
348	21
349	25
350	21
351	32
352	16
353	27
354	21
355	18
356	16
357	22
358	25
359	20
360	28
361	22
362	17
363	22
364	14
365	21
366	26
367	20
368	17
369	21
370	19
371	23
372	24
373	22
374	17
375	22
376	25
377	18
378	19
379	22
380	21
381	12
382	26
383	17
384	18
385	16
386	24
387	20
388	17
389	23
390	25
391	22
392	25
393	18
394	20
395	22
396	20
397	21
398	17
399	23
400	19
401	14
402	25
403	12
404	22
405	26
406	22
407	18
408	23
409	20
410	21
411	22
412	15
413	21
414	20
415	19
416	24
417	11
418	18
419	10
420	20
421	12
422	21
423	26
424	14
425	11
426	17
427	24
428	16
429	17
430	18
431	22
432	19
433	24
434	23
435	24
436	24
437	22
438	17
439	21
440	28
441	27
442	23
443	25
444	27
445	27
446	23
447	19
448	15
449	18
450	22
451	20
452	27
453	26
454	20
455	25
456	29
457	25
458	19
459	37
460	32
461	23
462	18
463	26
464	21
465	30
466	19
467	20
468	31
469	29
470	36
471	26
472	25
473	26
474	40
475	29
476	28
477	34
478	32
479	39
480	34
481	32
482	21
483	42
484	23
485	34
486	36
487	34
488	37
489	33
490	43
491	41
492	26
493	41
494	38
495	36
496	35
497	36
498	43
499	32
500	40
501	48
502	35
503	44
504	50
505	47
506	40
507	42
508	40
509	47
510	41
511	35
512	40
513	40
514	35
515	43
516	45
517	40
518	46
519	47
520	38
521	50
522	46
523	54
524	42
525	48
526	50
527	39
528	37
529	41
530	38
531	43
532	48
533	34
534	48
535	47
536	34
537	51
538	31
539	38
540	24
541	40
542	40
543	44
544	40
545	51
546	42
547	39
548	35
549	25
550	31
551	34
552	39
553	34
554	48
555	40
556	25
557	43
558	30
559	48
560	32
561	36
562	23
563	20
564	34
565	29
566	38
567	41
568	33
569	28
570	45
571	30
572	44
573	33
574	33
575	46
576	34
577	26
578	32
579	32
580	40
581	41
582	29
583	32
584	41
585	33
586	28
587	27
588	27
589	36
590	28
591	24
592	39
593	34
594	24
595	32
596	45
597	27
598	35
599	27
600	32
601	37
602	26
603	31
604	38
605	25
606	24
607	30
608	31
609	24
610	26
611	19
612	21
613	23
614	31
615	25
616	34
617	33
618	32
619	28
620	24
621	29
622	31
623	31
624	27
625	31
626	25
627	27
628	38
629	29
630	27
631	27
632	24
633	17
634	42
635	19
636	22
637	29
638	29
639	29
640	34
641	28
642	25
643	23
644	18
645	26
646	19
647	32
648	23
649	27
650	31
651	28
652	21
653	24
654	16
655	25
656	36
657	28
658	23
659	31
660	20
661	23
662	25
663	26
664	20
665	32
666	16
667	22
668	27
669	26
670	31
671	34
672	26
673	27
674	19
675	21
676	31
677	32
678	25
679	26
680	22
681	20
682	26
683	25
684	31
685	32
686	26
687	23
688	22
689	27
690	25
691	34
692	30
693	22
694	23
695	20
696	22
697	30
698	24
699	18
700	25
701	25
702	28
703	33
704	25
705	23
706	24
707	29
708	18
709	26
710	24
711	24
712	23
713	29
714	26
715	25
716	30
717	18
718	24
719	17
720	39
721	23
722	33
723	23
724	24
725	36
726	23
727	17
728	20
729	28
730	22
731	26
732	38
733	30
734	38
735	38
736	29
737	25
738	29
739	28
740	25
741	30
742	28
743	26
744	35
745	25
746	27
747	23
748	33
749	31
750	25
751	30
752	33
753	29
754	25
755	33
756	41
757	29
758	26
759	41
760	30
761	26
762	33
763	33
764	31
765	34
766	32
767	32
768	35
769	26
770	24
771	32
772	23
773	32
774	18
775	26
776	34
777	23
778	29
779	26
780	41
781	32
782	29
783	30
784	32
785	19
786	31
787	20
788	27
789	29
790	24
791	30
792	39
793	37
794	25
795	34
796	20
797	24
798	25
799	29
800	35
801	28
802	30
803	31
804	32
805	40
806	30
807	30
808	37
809	27
810	24
811	32
812	25
813	27
814	25
815	32
816	39
817	34
818	22
819	19
820	35
821	25
822	43
823	20
824	28
825	24
826	27
827	37
828	22
829	31
830	23
831	35
832	37
833	29
834	28
835	29
836	32
837	34
838	30
839	40
840	32
841	32
842	23
843	26
844	36
845	31
846	31
847	31
848	33
849	44
850	41
851	24
852	27
853	30
854	35
855	30
856	31
857	25
858	32
859	35
860	24
861	32
862	35
863	23
864	32
865	31
866	36
867	26
868	33
869	21
870	46
871	26
872	33
873	32
874	35
875	35
876	44
877	53
878	32
879	28
880	22
881	34
882	30
883	33
884	31
885	34
886	29
887	24
888	29
889	31
890	30
891	32
892	35
893	37
894	34
895	39
896	29
897	35
898	27
899	33
900	39
901	34
902	28
903	40
904	37
905	23
906	43
907	30
908	22
909	32
910	31
911	50
912	36
913	34
914	26
915	47
916	34
917	31
918	30
919	33
920	42
921	30
922	40
923	26
924	31
925	34
926	46
927	28
928	26
929	30
930	34
931	29
932	39
933	38
934	29
935	30
936	41
937	30
938	37
939	37
940	39
941	30
942	41
943	26
944	24
945	38
946	46
947	36
948	40
949	25
950	28
951	30
952	36
953	24
954	32
955	45
956	33
957	40
958	32
959	37
960	30
961	24
962	31
963	29
964	42
965	42
966	20
967	46
968	51
969	40
970	33
971	38
972	46
973	50
974	39
975	33
976	34
977	32
978	28
979	37
980	52
981	37
982	38
983	40
984	36
985	25
986	39
987	30
988	38
989	39
990	27
991	39
992	36
993	38
994	32
995	41
996	37
997	38
998	28
999	29
1000	28
1001	22
1002	28
1003	35
1004	41
1005	36
1006	38
1007	36
1008	40
1009	40
1010	45
1011	39
1012	38
1013	36
1014	34
1015	31
1016	34
1017	44
1018	34
1019	39
1020	51
1021	38
1022	41
1023	45
1024	49
1025	31
1026	33
1027	36
1028	32
1029	44
1030	32
1031	30
1032	34
1033	28
1034	43
1035	36
1036	43
1037	44
1038	33
1039	36
1040	39
1041	36
1042	46
1043	32
1044	52
1045	46
1046	42
1047	45
1048	45
1049	42
1050	42
1051	38
1052	39
1053	32
1054	52
1055	48
1056	26
1057	32
1058	42
1059	41
1060	36
1061	35
1062	46
1063	32
1064	46
1065	46
1066	42
1067	40
1068	25
1069	43
1070	31
1071	47
1072	55
1073	48
1074	40
1075	35
1076	40
1077	45
1078	48
1079	51
1080	38
1081	49
1082	45
1083	33
1084	40
1085	37
1086	44
1087	47
1088	38
1089	52
1090	37
1091	54
1092	43
1093	35
1094	46
1095	33
1096	27
1097	38
1098	40
1099	39
1100	47
1101	50
1102	33
1103	39
1104	39
1105	46
1106	42
1107	38
1108	38
1109	45
1110	40
1111	37
1112	60
1113	46
1114	35
1115	43
1116	34
1117	39
1118	42
1119	39
1120	49
1121	37
1122	46
1123	29
1124	45
1125	34
1126	46
1127	42
1128	42
1129	37
1130	42
1131	51
1132	47
1133	25
1134	27
1135	48
1136	44
1137	51
1138	38
1139	48
1140	44
1141	38
1142	41
1143	45
1144	50
1145	38
1146	41
1147	31
1148	37
1149	36
1150	56
1151	42
1152	32
1153	54
1154	48
1155	38
1156	48
1157	52
1158	39
1159	41
1160	55
1161	50
1162	38
1163	39
1164	53
1165	55
1166	44
1167	50
1168	38
1169	41
1170	46
1171	49
1172	35
1173	39
1174	34
1175	45
1176	56
1177	44
1178	53
1179	49
1180	53
1181	43
1182	38
1183	53
1184	36
1185	32
1186	52
1187	47
1188	49
1189	46
1190	51
1191	37
1192	46
1193	55
1194	46
1195	44
1196	47
1197	38
1198	44
1199	46
1200	43
1201	46
1202	41
1203	49
1204	55
1205	40
1206	41
1207	27
1208	43
1209	38
1210	38
1211	28
1212	38
1213	36
1214	45
1215	53
1216	36
1217	43
1218	39
1219	48
1220	48
1221	50
1222	53
1223	36
1224	49
1225	44
1226	57
1227	47
1228	48
1229	57
1230	37
1231	51
1232	51
1233	64
1234	43
1235	57
1236	46
1237	44
1238	58
1239	43
1240	50
1241	45
1242	51
1243	58
1244	47
1245	29
1246	40
1247	51
1248	55
1249	47
1250	49
1251	51
1252	58
1253	61
1254	48
1255	51
1256	46
1257	44
1258	50
1259	51
1260	42
1261	55
1262	50
1263	49
1264	33
1265	46
1266	42
1267	42
1268	52
1269	51
1270	55
1271	37
1272	47
1273	34
1274	37
1275	55
1276	50
1277	44
1278	45
1279	40
1280	61
1281	47
1282	58
1283	40
1284	43
1285	51
1286	45
1287	50
1288	41
1289	46
1290	49
1291	50
1292	42
1293	65
1294	38
1295	35
1296	38
1297	60
1298	41
1299	39
1300	39
1301	53
1302	50
1303	41
1304	54
1305	53
1306	59
1307	59
1308	57
1309	47
1310	44
1311	48
1312	46
1313	50
1314	58
1315	54
1316	50
1317	64
1318	49
1319	38
1320	54
1321	40
1322	39
1323	39
1324	37
1325	38
1326	46
1327	58
1328	50
1329	43
1330	49
1331	56
1332	66
1333	61
1334	55
1335	47
1336	46
1337	60
1338	53
1339	41
1340	59
1341	54
1342	63
1343	41
1344	70
1345	46
1346	55
1347	62
1348	60
1349	55
1350	60
1351	48
1352	44
1353	45
1354	61
1355	65
1356	62
1357	67
1358	58
1359	74
1360	69
1361	55
1362	60
1363	55
1364	51
1365	67
1366	59
1367	48
1368	53
1369	65
1370	56
1371	69
1372	50
1373	50
1374	63
1375	47
1376	54
1377	65
1378	62
1379	61
1380	58
1381	60
1382	57
1383	48
1384	60
1385	59
1386	66
1387	67
1388	75
1389	61
1390	64
1391	72
1392	67
1393	59
1394	70
1395	69
1396	52
1397	52
1398	57
1399	72
1400	55
1401	61
1402	75
1403	69
1404	61
1405	45
1406	69
1407	66
1408	65
1409	71
1410	58
1411	63
1412	74
1413	75
1414	53
1415	53
1416	66
1417	61
1418	63
1419	70
1420	69
1421	79
1422	53
1423	86
1424	78
1425	81
1426	73
1427	66
1428	74
1429	74
1430	66
1431	65
1432	66
1433	78
1434	74
1435	84
1436	76
1437	83
1438	81
1439	66
1440	76
1441	68
1442	76
1443	65
1444	64
1445	72
1446	76
1447	78
1448	75
1449	80
1450	74
1451	75
1452	85
1453	80
1454	68
1455	84
1456	94
1457	74
1458	92
1459	78
1460	78
1461	66
1462	80
1463	79
1464	90
1465	70
1466	80
1467	91
1468	94
1469	87
1470	85
1471	70
1472	94
1473	84
1474	65
1475	84
1476	81
1477	83
1478	90
1479	79
1480	73
1481	86
1482	92
1483	74
1484	83
1485	85
1486	69
1487	88
1488	92
1489	71
1490	88
1491	87
1492	101
1493	89
1494	105
1495	83
1496	91
1497	92
1498	76
1499	98
1500	76
1501	79
1502	90
1503	84
1504	84
1505	85
1506	80
1507	76
1508	78
1509	103
1510	91
1511	85
1512	90
1513	82
1514	77
1515	84
1516	83
1517	83
1518	76
1519	81
1520	78
1521	78
1522	90
1523	85
1524	78
1525	79
1526	89
1527	78
1528	101
1529	83
1530	86
1531	87
1532	75
1533	85
1534	94
1535	91
1536	85
1537	85
1538	86
1539	103
1540	87
1541	80
1542	79
1543	84
1544	86
1545	91
1546	99
1547	87
1548	86
1549	79
1550	80
1551	84
1552	78
1553	79
1554	85
1555	87
1556	83
1557	76
1558	99
1559	64
1560	78
1561	83
1562	72
1563	80
1564	91
1565	81
1566	87
1567	73
1568	69
1569	90
1570	76
1571	83
1572	86
1573	75
1574	75
1575	80
1576	83
1577	73
1578	73
1579	92
1580	83
1581	97
1582	78
1583	76
1584	70
1585	84
1586	67
1587	85
1588	60
1589	83
1590	81
1591	83
1592	68
1593	76
1594	65
1595	72
1596	82
1597	77
1598	76
1599	77
1600	77
1601	77
1602	64
1603	60
1604	72
1605	67
1606	68
1607	78
1608	75
1609	84
1610	66
1611	69
1612	71
1613	64
1614	71
1615	62
1616	71
1617	60
1618	63
1619	75
1620	59
1621	73
1622	66
1623	62
1624	61
1625	78
1626	68
1627	77
1628	68
1629	65
1630	70
1631	58
1632	62
1633	61
1634	70
1635	67
1636	63
1637	55
1638	60
1639	68
1640	58
1641	62
1642	63
1643	66
1644	72
1645	68
1646	58
1647	68
1648	65
1649	78
1650	62
1651	68
1652	51
1653	62
1654	62
1655	64
1656	54
1657	56
1658	59
1659	58
1660	68
1661	62
1662	60
1663	65
1664	53
1665	63
1666	59
1667	68
1668	50
1669	50
1670	56
1671	46
1672	47
1673	51
1674	50
1675	57
1676	43
1677	57
1678	58
1679	52
1680	64
1681	63
1682	60
1683	45
1684	57
1685	48
1686	51
1687	50
1688	66
1689	42
1690	46
1691	52
1692	43
1693	49
1694	52
1695	40
1696	53
1697	60
1698	54
1699	52
1700	43
1701	47
1702	47
1703	40
1704	43
1705	53
1706	51
1707	52
1708	53
1709	58
1710	54
1711	63
1712	47
1713	42
1714	47
1715	59
1716	35
1717	47
1718	42
1719	36
1720	37
1721	48
1722	34
1723	57
1724	45
1725	45
1726	40
1727	46
1728	50
1729	45
1730	42
1731	43
1732	71
1733	44
1734	54
1735	37
1736	52
1737	54
1738	40
1739	41
1740	59
1741	39
1742	47
1743	42
1744	27
1745	43
1746	49
1747	39
1748	44
1749	37
1750	47
1751	38
1752	43
1753	47
1754	43
1755	40
1756	47
1757	43
1758	34
1759	42
1760	41
1761	51
1762	39
1763	30
1764	47
1765	36
1766	43
1767	51
1768	41
1769	34
1770	39
1771	47
1772	46
1773	30
1774	36
1775	46
1776	50
1777	45
1778	42
1779	44
1780	39
1781	44
1782	45
1783	42
1784	36
1785	31
1786	29
1787	31
1788	44
1789	32
1790	41
1791	41
1792	33
1793	28
1794	38
1795	38
1796	29
1797	38
1798	48
1799	31
1800	39
1801	32
1802	31
1803	34
1804	41
1805	44
1806	29
1807	45
1808	39
1809	31
1810	40
1811	29
1812	33
1813	24
1814	44
1815	27
1816	38
1817	36
1818	37
1819	28
1820	25
1821	29
1822	32
1823	39
1824	28
1825	39
1826	30
1827	35
1828	27
1829	29
1830	29
1831	37
1832	34
1833	36
1834	25
1835	49
1836	35
1837	33
1838	35
1839	25
1840	27
1841	35
1842	25
1843	27
1844	35
1845	29
1846	28
1847	41
1848	29
1849	29
1850	27
1851	31
1852	22
1853	38
1854	27
1855	21
1856	35
1857	28
1858	31
1859	24
1860	22
1861	32
1862	35
1863	22
1864	22
1865	29
1866	26
1867	28
1868	23
1869	21
1870	33
1871	24
1872	33
1873	32
1874	28
1875	35
1876	29
1877	29
1878	25
1879	32
1880	18
1881	28
1882	26
1883	37
1884	21
1885	29
1886	37
1887	28
1888	31
1889	26
1890	25
1891	25
1892	28
1893	26
1894	28
1895	29
1896	42
1897	31
1898	40
1899	30
1900	26
1901	29
1902	50
1903	25
1904	30
1905	25
1906	29
1907	30
1908	36
1909	23
1910	27
1911	37
1912	24
1913	36
1914	29
1915	29
1916	23
1917	27
1918	24
1919	24
1920	11
1921	21
1922	28
1923	30
1924	24
1925	28
1926	29
1927	27
1928	28
1929	23
1930	30
1931	19
1932	34
1933	17
1934	25
1935	23
1936	21
1937	27
1938	24
1939	28
1940	21
1941	28
1942	23
1943	26
1944	18
1945	18
1946	31
1947	20
1948	23
1949	20
1950	24
1951	20
1952	26
1953	21
1954	31
1955	28
1956	34
1957	14
1958	25
1959	15
1960	19
1961	24
1962	19
1963	28
1964	23
1965	34
1966	22
1967	26
1968	27
1969	18
1970	24
1971	28
1972	22
1973	30
1974	21
1975	25
1976	22
1977	30
1978	21
1979	19
1980	18
1981	28
1982	26
1983	29
1984	25
1985	30
1986	18
1987	22
1988	16
1989	27
1990	18
1991	15
1992	29
1993	26
1994	23
1995	30
1996	15
1997	26
1998	18
1999	13
2000	24
2001	28
2002	15
2003	24
2004	28
2005	19
2006	26
2007	25
2008	26
2009	25
2010	26
2011	26
2012	18
2013	19
2014	17
2015	17
2016	19
2017	28
2018	13
2019	18
2020	16
2021	16
2022	20
2023	22
2024	20
2025	21
2026	17
2027	18
2028	19
2029	19
2030	26
2031	18
2032	20
2033	24
2034	17
2035	17
2036	30
2037	19
2038	22
2039	23
2040	23
2041	20
2042	25
2043	16
2044	23
2045	19
2046	22
2047	17
2048	23
2049	31
2050	19
2051	15
2052	20
2053	26
2054	19
2055	21
2056	15
2057	23
2058	17
2059	24
2060	20
2061	8
2062	17
2063	23
2064	20
2065	24
2066	24
2067	21
2068	19
2069	20
2070	18
2071	16
2072	16
2073	28
2074	17
2075	30
2076	26
2077	19
2078	22
2079	22
2080	17
2081	25
2082	15
2083	27
2084	14
2085	22
2086	19
2087	23
2088	15
2089	22
2090	17
2091	26
2092	22
2093	22
2094	18
2095	24
2096	16
2097	26
2098	17
2099	15
2100	23
2101	18
2102	26
2103	20
2104	28
2105	23
2106	19
2107	21
2108	24
2109	19
2110	18
2111	16
2112	22
2113	17
2114	21
2115	21
2116	18
2117	16
2118	22
2119	17
2120	17
2121	21
2122	16
2123	23
2124	24
2125	16
2126	21
2127	23
2128	17
2129	26
2130	12
2131	22
2132	15
2133	25
2134	24
2135	13
2136	23
2137	19
2138	19
2139	15
2140	21
2141	13
2142	17
2143	19
2144	16
2145	10
2146	22
2147	22
2148	15
2149	19
2150	16
2151	27
2152	16
2153	20
2154	19
2155	20
2156	17
2157	11
2158	19
2159	14
2160	23
2161	24
2162	19
2163	15
2164	26
2165	24
2166	23
2167	12
2168	25
2169	16
2170	19
2171	15
2172	20
2173	13
2174	19
2175	16
2176	17
2177	13
2178	23
2179	18
2180	12
2181	19
2182	18
2183	16
2184	9
2185	20
2186	18
2187	17
2188	19
2189	15
2190	15
2191	14
2192	18
2193	15
2194	16
2195	17
2196	16
2197	18
2198	19
2199	18
2200	13
2201	17
2202	21
2203	14
2204	15
2205	22
2206	12
2207	18
2208	24
2209	13
2210	6
2211	18
2212	22
2213	18
2214	23
2215	15
2216	11
2217	13
2218	23
2219	14
2220	20
2221	15
2222	16
2223	13
2224	16
2225	15
2226	19
2227	12
2228	20
2229	17
2230	15
2231	14
2232	19
2233	18
2234	20
2235	17
2236	23
2237	24
2238	25
2239	11
2240	22
2241	14
2242	14
2243	19
2244	17
2245	12
2246	20
2247	13
2248	10
2249	11
2250	14
2251	14
2252	20
2253	14
2254	14
2255	18
2256	19
2257	16
2258	22
2259	12
2260	19
2261	17
2262	17
2263	13
2264	14
2265	12
2266	17
2267	15
2268	15
2269	9
2270	15
2271	16
2272	10
2273	16
2274	11
2275	13
2276	11
2277	18
2278	16
2279	18
2280	10
2281	6
2282	11
2283	19
2284	15
2285	18
2286	17
2287	17
2288	18
2289	17
2290	16
2291	24
2292	13
2293	12
2294	17
2295	20
2296	15
2297	17
2298	7
2299	16
2300	10
2301	17
2302	14
2303	11
2304	21
2305	14
2306	21
2307	12
2308	14
2309	18
2310	23
2311	11
2312	16
2313	16
2314	10
2315	10
2316	17
2317	20
2318	20
2319	8
2320	9
2321	15
2322	18
2323	18
2324	14
2325	10
2326	20
2327	20
2328	18
2329	12
2330	21
2331	21
2332	13
2333	15
2334	20
2335	20
2336	12
2337	12
2338	17
2339	17
2340	14
2341	14
2342	12
2343	11
2344	5
2345	23
2346	11
2347	12
2348	18
2349	20
2350	11
2351	20
2352	14
2353	11
2354	16
2355	14
2356	24
2357	19
2358	10
2359	17
2360	10
2361	13
2362	13
2363	21
2364	16
2365	12
2366	19
2367	11
2368	11
2369	11
2370	7
2371	12
2372	18
2373	12
2374	14
2375	22
2376	17
2377	13
2378	20
2379	13
2380	17
2381	11
2382	12
2383	16
2384	13
2385	11
2386	11
2387	16
2388	13
2389	16
2390	18
2391	15
2392	27
2393	7
2394	21
2395	14
2396	15
2397	17
2398	12
2399	11
2400	10
2401	11
2402	11
2403	22
2404	14
2405	15
2406	15
2407	10
2408	11
2409	12
2410	15
2411	13
2412	9
2413	13
2414	15
2415	17
2416	18
2417	11
2418	17
2419	10
2420	17
2421	17
2422	8
2423	16
2424	13
2425	8
2426	14
2427	16
2428	14
2429	12
2430	13
2431	11
2432	19
2433	13
2434	13
2435	16
2436	19
2437	17
2438	16
2439	18
2440	12
2441	15
2442	17
2443	16
2444	15
2445	13
2446	15
2447	13
2448	15
2449	18
2450	14
2451	10
2452	17
2453	13
2454	10
2455	14
2456	9
2457	10
2458	15
2459	15
2460	12
2461	15
2462	17
2463	12
2464	20
2465	11
2466	13
2467	10
2468	14
2469	13
2470	10
2471	13
2472	16
2473	16
2474	17
2475	16
2476	20
2477	10
2478	15
2479	18
2480	13
2481	12
2482	10
2483	14
2484	14
2485	9
2486	15
2487	7
2488	17
2489	23
2490	9
2491	13
2492	14
2493	15
2494	15
2495	12
2496	3
2497	14
2498	14
2499	12
2500	17
2501	8
2502	14
2503	9
2504	17
2505	19
2506	11
2507	21
2508	10
2509	7
2510	5
2511	10
2512	12
2513	10
2514	17
2515	8
2516	12
2517	10
2518	20
2519	18
2520	22
2521	15
2522	13
2523	13
2524	12
2525	11
2526	13
2527	21
2528	9
2529	16
2530	21
2531	14
2532	17
2533	14
2534	14
2535	16
2536	8
2537	9
2538	14
2539	14
2540	12
2541	15
2542	10
2543	17
2544	11
2545	11
2546	14
2547	18
2548	12
2549	15
2550	6
2551	16
2552	15
2553	14
2554	22
2555	15
2556	9
2557	23
2558	16
2559	14
2560	12
2561	12
2562	6
2563	13
2564	15
2565	15
2566	8
2567	14
2568	14
2569	15
2570	22
2571	8
2572	13
2573	6
2574	9
2575	17
2576	14
2577	10
2578	10
2579	12
2580	9
2581	15
2582	22
2583	11
2584	14
2585	6
2586	20
2587	14
2588	13
2589	16
2590	13
2591	19
2592	10
2593	8
2594	10
2595	15
2596	13
2597	14
2598	14
2599	16
2600	11
2601	20
2602	15
2603	12
2604	8
2605	15
2606	11
2607	16
2608	14
2609	15
2610	14
2611	12
2612	12
2613	8
2614	12
2615	19
2616	15
2617	15
2618	9
2619	14
2620	15
2621	13
2622	10
2623	10
2624	6
2625	7
2626	13
2627	5
2628	12
2629	12
2630	11
2631	15
2632	20
2633	15
2634	17
2635	16
2636	14
2637	22
2638	14
2639	13
2640	10
2641	21
2642	11
2643	18
2644	18
2645	14
2646	13
2647	12
2648	18
2649	15
2650	7
2651	14
2652	8
2653	20
2654	12
2655	8
2656	10
2657	14
2658	14
2659	12
2660	19
2661	9
2662	14
2663	17
2664	14
2665	17
2666	14
2667	16
2668	19
2669	10
2670	10
2671	18
2672	16
2673	12
2674	15
2675	9
2676	11
2677	8
2678	15
2679	15
2680	13
2681	21
2682	12
2683	17
2684	13
2685	17
2686	14
2687	21
2688	13
2689	14
2690	10
2691	9
2692	16
2693	15
2694	5
2695	14
2696	13
2697	14
2698	13
2699	11
2700	10
2701	16
2702	16
2703	13
2704	10
2705	19
2706	9
2707	13
2708	20
2709	10
2710	20
2711	11
2712	14
2713	17
2714	13
2715	13
2716	10
2717	8
2718	14
2719	16
2720	20
2721	12
2722	19
2723	15
2724	22
2725	19
2726	15
2727	14
2728	14
2729	25
2730	17
2731	11
2732	17
2733	19
2734	18
2735	10
2736	13
2737	16
2738	20
2739	10
2740	16
2741	15
2742	18
2743	16
2744	16
2745	8
2746	12
2747	22
2748	12
2749	9
2750	15
2751	13
2752	15
2753	11
2754	23
2755	18
2756	18
2757	17
2758	16
2759	21
2760	21
2761	17
2762	18
2763	14
2764	15
2765	16
2766	22
2767	25
2768	22
2769	16
2770	13
2771	15
2772	21
2773	24
2774	17
2775	15
2776	15
2777	9
2778	18
2779	12
2780	14
2781	21
2782	21
2783	10
2784	12
2785	16
2786	14
2787	17
2788	26
2789	20
2790	14
2791	17
2792	21
2793	12
2794	21
2795	22
2796	14
2797	22
2798	14
2799	19
2800	26
2801	18
2802	16
2803	24
2804	14
2805	20
2806	14
2807	17
2808	16
2809	16
2810	15
2811	16
2812	26
2813	24
2814	17
2815	21
2816	21
2817	21
2818	17
2819	20
2820	23
2821	25
2822	18
2823	28
2824	14
2825	20
2826	16
2827	14
2828	18
2829	24
2830	25
2831	17
2832	19
2833	15
2834	17
2835	18
2836	14
2837	17
2838	21
2839	20
2840	18
2841	16
2842	22
2843	7
2844	12
2845	25
2846	23
2847	17
2848	27
2849	15
2850	21
2851	20
2852	31
2853	27
2854	29
2855	19
2856	27
2857	24
2858	19
2859	26
2860	27
2861	17
2862	10
2863	33
2864	22
2865	29
2866	19
2867	18
2868	30
2869	20
2870	23
2871	31
2872	19
2873	26
2874	26
2875	20
2876	27
2877	31
2878	19
2879	26
2880	27
2881	23
2882	25
2883	27
2884	23
2885	20
2886	12
2887	21
2888	21
2889	31
2890	18
2891	26
2892	29
2893	21
2894	16
2895	22
2896	33
2897	21
2898	18
2899	43
2900	25
2901	27
2902	20
2903	26
2904	29
2905	28
2906	29
2907	15
2908	24
2909	34
2910	21
2911	20
2912	23
2913	35
2914	23
2915	27
2916	26
2917	27
2918	29
2919	28
2920	18
2921	15
2922	23
2923	25
2924	37
2925	28
2926	32
2927	24
2928	28
2929	29
2930	28
2931	36
2932	24
2933	28
2934	30
2935	24
2936	27
2937	35
2938	27
2939	26
2940	23
2941	24
2942	28
2943	28
2944	34
2945	26
2946	21
2947	29
2948	20
2949	21
2950	31
2951	30
2952	27
2953	25
2954	26
2955	30
2956	23
2957	23
2958	39
2959	24
2960	39
2961	30
2962	21
2963	32
2964	31
2965	30
2966	33
2967	30
2968	21
2969	31
2970	38
2971	36
2972	33
2973	21
2974	22
2975	34
2976	23
2977	27
2978	16
2979	33
2980	30
2981	28
2982	31
2983	34
2984	41
2985	37
2986	33
2987	37
2988	36
2989	24
2990	40
2991	35
2992	28
2993	37
2994	25
2995	28
2996	28
2997	29
2998	28
2999	31
3000	37
3001	34
3002	33
3003	27
3004	33
3005	39
3006	32
3007	33
3008	32
3009	42
3010	41
3011	39
3012	28
3013	46
3014	31
3015	39
3016	35
3017	33
3018	27
3019	24
3020	35
3021	24
3022	31
3023	43
3024	27
3025	36
3026	44
3027	28
3028	33
3029	42
3030	32
3031	36
3032	27
3033	30
3034	28
3035	31
3036	32
3037	42
3038	43
3039	39
3040	37
3041	34
3042	36
3043	29
3044	26
3045	42
3046	33
3047	38
3048	33
3049	40
3050	34
3051	28
3052	39
3053	33
3054	34
3055	32
3056	32
3057	32
3058	44
3059	27
3060	24
3061	43
3062	31
3063	30
3064	38
3065	31
3066	31
3067	31
3068	25
3069	29
3070	41
3071	34
3072	30
3073	42
3074	37
3075	40
3076	40
3077	37
3078	25
3079	27
3080	27
3081	36
3082	46
3083	39
3084	39
3085	41
3086	46
3087	36
3088	36
3089	32
3090	48
3091	38
3092	39
3093	25
3094	27
3095	41
3096	32
3097	36
3098	32
3099	34
3100	48
3101	27
3102	32
3103	41
3104	35
3105	44
3106	41
3107	40
3108	41
3109	31
3110	37
3111	28
3112	37
3113	34
3114	41
3115	28
3116	46
3117	35
3118	36
3119	44
3120	34
3121	42
3122	41
3123	32
3124	35
3125	34
3126	38
3127	40
3128	52
3129	29
3130	34
3131	39
3132	35
3133	35
3134	43
3135	44
3136	47
3137	27
3138	46
3139	41
3140	45
3141	40
3142	32
3143	33
3144	33
3145	48
3146	30
3147	32
3148	47
3149	45
3150	45
3151	36
3152	38
3153	26
3154	28
3155	38
3156	41
3157	36
3158	38
3159	44
3160	41
3161	33
3162	28
3163	41
3164	31
3165	27
3166	40
3167	28
3168	33
3169	46
3170	31
3171	45
3172	41
3173	28
3174	35
3175	36
3176	35
3177	30
3178	50
3179	32
3180	30
3181	28
3182	45
3183	35
3184	30
3185	37
3186	28
3187	32
3188	32
3189	43
3190	37
3191	26
3192	45
3193	34
3194	40
3195	26
3196	46
3197	48
3198	47
3199	35
3200	34
3201	39
3202	38
3203	39
3204	38
3205	23
3206	40
3207	41
3208	41
3209	36
3210	51
3211	45
3212	43
3213	35
3214	38
3215	29
3216	28
3217	38
3218	35
3219	41
3220	38
3221	44
3222	30
3223	41
3224	36
3225	28
3226	34
3227	45
3228	36
3229	33
3230	46
3231	38
3232	36
3233	35
3234	46
3235	32
3236	42
3237	29
3238	29
3239	34
3240	34
3241	42
3242	40
3243	48
3244	31
3245	40
3246	32
3247	28
3248	41
3249	41
3250	35
3251	42
3252	30
3253	37
3254	35
3255	30
3256	34
3257	30
3258	21
3259	38
3260	38
3261	28
3262	39
3263	52
3264	24
3265	39
3266	36
3267	37
3268	35
3269	33
3270	43
3271	27
3272	35
3273	39
3274	35
3275	26
3276	58
3277	36
3278	34
3279	30
3280	25
3281	38
3282	34
3283	29
3284	44
3285	44
3286	34
3287	34
3288	29
3289	31
3290	24
3291	30
3292	29
3293	43
3294	35
3295	27
3296	25
3297	28
3298	31
3299	35
3300	37
3301	29
3302	27
3303	27
3304	31
3305	31
3306	29
3307	29
3308	27
3309	31
3310	26
3311	42
3312	26
3313	30
3314	36
3315	28
3316	31
3317	36
3318	32
3319	40
3320	34
3321	37
3322	29
3323	29
3324	30
3325	27
3326	47
3327	31
3328	22
3329	31
3330	33
3331	32
3332	31
3333	34
3334	29
3335	29
3336	26
3337	27
3338	40
3339	44
3340	24
3341	22
3342	32
3343	25
3344	31
3345	26
3346	30
3347	28
3348	26
3349	24
3350	26
3351	33
3352	24
3353	25
3354	31
3355	31
3356	22
3357	25
3358	30
3359	25
3360	25
3361	23
3362	13
3363	31
3364	22
3365	21
3366	32
3367	20
3368	35
3369	23
3370	22
3371	35
3372	29
3373	28
3374	28
3375	30
3376	32
3377	20
3378	20
3379	26
3380	35
3381	27
3382	25
3383	38
3384	22
3385	21
3386	23
3387	22
3388	26
3389	17
3390	27
3391	18
3392	28
3393	26
3394	21
3395	27
3396	14
3397	22
3398	22
3399	23
3400	19
3401	23
3402	17
3403	25
3404	23
3405	22
3406	26
3407	24
3408	25
3409	19
3410	19
3411	22
3412	21
3413	16
3414	28
3415	24
3416	27
3417	15
3418	25
3419	22
3420	17
3421	15
3422	23
3423	22
3424	27
3425	19
3426	17
3427	25
3428	21
3429	19
3430	21
3431	14
3432	20
3433	18
3434	24
3435	15
3436	20
3437	21
3438	18
3439	25
3440	25
3441	18
3442	22
3443	16
3444	23
3445	21
3446	13
3447	13
3448	14
3449	20
3450	21
3451	21
3452	20
3453	14
3454	26
3455	18
3456	17
3457	22
3458	16
3459	14
3460	17
3461	24
3462	19
3463	15
3464	16
3465	21
3466	14
3467	13
3468	22
3469	25
3470	13
3471	22
3472	18
3473	16
3474	14
3475	17
3476	23
3477	13
3478	18
3479	10
3480	21
3481	14
3482	14
3483	14
3484	13
3485	20
3486	16
3487	13
3488	16
3489	27
3490	15
3491	16
3492	17
3493	14
3494	13
3495	12
3496	24
3497	15
3498	14
3499	17
3500	9
3501	25
3502	24
3503	20
3504	15
3505	12
3506	15
3507	11
3508	13
3509	13
3510	13
3511	16
3512	18
3513	10
3514	17
3515	11
3516	13
3517	19
3518	10
3519	13
3520	16
3521	19
3522	17
3523	11
3524	16
3525	10
3526	11
3527	14
3528	14
3529	18
3530	15
3531	21
3532	11
3533	19
3534	13
3535	9
3536	10
3537	14
3538	20
3539	10
3540	11
3541	16
3542	18
3543	15
3544	18
3545	16
3546	13
3547	15
3548	11
3549	18
3550	10
3551	16
3552	13
3553	9
3554	19
3555	12
3556	14
3557	21
3558	15
3559	15
3560	15
3561	8
3562	10
3563	16
3564	14
3565	21
3566	16
3567	9
3568	14
3569	17
3570	19
3571	14
3572	13
3573	9
3574	16
3575	17
3576	10
3577	18
3578	17
3579	6
3580	12
3581	11
3582	10
3583	15
3584	16
3585	14
3586	15
3587	8
3588	11
3589	19
3590	12
3591	7
3592	17
3593	17
3594	6
3595	5
3596	12
3597	11
3598	8
3599	19
3600	6
3601	17
3602	16
3603	10
3604	16
3605	20
3606	10
3607	17
3608	12
3609	13
3610	13
3611	9
3612	13
3613	11
3614	7
3615	12
3616	24
3617	16
3618	10
3619	14
3620	13
3621	19
3622	14
3623	17
3624	15
3625	23
3626	13
3627	11
3628	10
3629	9
3630	8
3631	8
3632	10
3633	16
3634	9
3635	13
3636	13
3637	14
3638	21
3639	17
3640	9
3641	12
3642	14
3643	12
3644	7
3645	19
3646	13
3647	15
3648	13
3649	15
3650	11
3651	12
3652	11
3653	17
3654	9
3655	19
3656	14
3657	13
3658	10
3659	12
3660	13
3661	10
3662	15
3663	22
3664	14
3665	9
3666	13
3667	15
3668	11
3669	12
3670	11
3671	15
3672	12
3673	13
3674	13
3675	13
3676	10
3677	13
3678	14
3679	19
3680	10
3681	16
3682	6
3683	21
3684	13
3685	13
3686	12
3687	12
3688	14
3689	13
3690	13
3691	9
3692	16
3693	14
3694	10
3695	9
3696	13
3697	16
3698	13
3699	10
3700	19
3701	8
3702	22
3703	18
3704	8
3705	14
3706	10
3707	11
3708	21
3709	15
3710	12
3711	13
3712	14
3713	13
3714	11
3715	15
3716	16
3717	12
3718	19
3719	10
3720	13
3721	17
3722	9
3723	11
3724	13
3725	12
3726	15
3727	15
3728	16
3729	7
3730	8
3731	6
3732	16
3733	10
3734	14
3735	9
3736	12
3737	10
3738	8
3739	20
3740	14
3741	18
3742	12
3743	12
3744	12
3745	12
3746	14
3747	12
3748	10
3749	17
3750	7
3751	12
3752	11
3753	12
3754	17
3755	6
3756	18
3757	18
3758	9
3759	12
3760	12
3761	10
3762	13
3763	15
3764	17
3765	13
3766	16
3767	14
3768	6
3769	8
3770	11
3771	10
3772	15
3773	15
3774	15
3775	16
3776	8
3777	15
3778	17
3779	9
3780	15
3781	14
3782	9
3783	15
3784	22
3785	8
3786	15
3787	8
3788	13
3789	9
3790	10
3791	12
3792	8
3793	15
3794	14
3795	10
3796	13
3797	9
3798	11
3799	15
3800	11
3801	19
3802	16
3803	8
3804	15
3805	19
3806	16
3807	7
3808	17
3809	11
3810	11
3811	7
3812	14
3813	8
3814	2
3815	8
3816	16
3817	12
3818	11
3819	8
3820	9
3821	17
3822	15
3823	9
3824	8
3825	11
3826	12
3827	13
3828	13
3829	11
3830	12
3831	5
3832	11
3833	11
3834	16
3835	4
3836	14
3837	8
3838	12
3839	6
3840	10
3841	11
3842	6
3843	8
3844	10
3845	6
3846	8
3847	11
3848	7
3849	8
3850	14
3851	16
3852	7
3853	12
3854	12
3855	9
3856	9
3857	10
3858	9
3859	9
3860	6
3861	6
3862	11
3863	9
3864	12
3865	8
3866	8
3867	7
3868	9
3869	7
3870	6
3871	11
3872	9
3873	11
3874	7
3875	7
3876	9
3877	12
3878	10
3879	10
3880	8
3881	14
3882	9
3883	14
3884	9
3885	6
3886	6
3887	9
3888	9
3889	9
3890	9
3891	8
3892	8
3893	12
3894	11
3895	9
3896	9
3897	7
3898	10
3899	8
3900	8
3901	10
3902	10
3903	15
3904	7
3905	7
3906	11
3907	10
3908	10
3909	5
3910	7
3911	10
3912	9
3913	7
3914	9
3915	3
3916	5
3917	9
3918	6
3919	14
3920	13
3921	7
3922	10
3923	8
3924	11
3925	7
3926	6
3927	14
3928	10
3929	8
3930	7
3931	4
3932	4
3933	8
3934	9
3935	6
3936	9
3937	7
3938	7
3939	8
3940	4
3941	1
3942	6
3943	6
3944	7
3945	11
3946	9
3947	12
3948	4
3949	4
3950	5
3951	6
3952	10
3953	9
3954	6
3955	7
3956	8
3957	5
3958	4
3959	5
3960	9
3961	8
3962	4
3963	9
3964	7
3965	7
3966	7
3967	6
3968	2
3969	4
3970	2
3971	9
3972	11
3973	5
3974	8
3975	6
3976	5
3977	5
3978	5
3979	4
3980	5
3981	5
3982	5
3983	6
3984	8
3985	8
3986	7
3987	6
3988	4
3989	2
3990	5
3991	4
3992	5
3993	5
3994	7
3995	6
3996	4
3997	2
3998	5
3999	2
4000	6
4001	5
4002	9
4003	6
4004	5
4005	2
4006	7
4007	2
4008	8
4009	10
4010	5
4011	4
4012	5
4013	6
4014	5
4015	9
4016	2
4017	6
4018	7
4019	5
4020	3
4021	7
4022	2
4023	4
4024	4
4025	2
4026	7
4027	5
4028	5
4029	4
4030	4
4031	6
4032	1
4033	1
4034	1
4035	7
4036	8
4037	4
4038	5
4039	8
4040	3
4041	5
4042	4
4043	3
4044	4
4045	4
4046	4
4047	3
4048	3
4049	5
4050	6
4051	5
4052	6
4053	6
4054	4
4055	2
4056	4
4057	2
4058	2
4059	5
4060	5
4061	3
4062	4
4063	2
4064	4
4065	3
4066	5
4067	4
4068	2
4069	2
4070	0
4071	3
4072	3
4073	4
4074	8
4075	3
4076	3
4077	4
4078	3
4079	5
4080	1
4081	3
4082	4
4083	2
4084	2
4085	2
4086	1
4087	6
4088	4
4089	3
4090	6
4091	4
4092	3
4093	3
4094	0
4095	8
4096	3
4097	0
4098	2
4099	2
4100	6
4101	1
4102	3
4103	3
4104	2
4105	1
4106	5
4107	1
4108	2
4109	3
4110	2
4111	1
4112	1
4113	2
4114	3
4115	4
4116	5
4117	6
4118	3
4119	3
4120	2
4121	4
4122	2
4123	0
4124	5
4125	1
4126	5
4127	2
4128	3
4129	4
4130	1
4131	3
4132	2
4133	2
4134	0
4135	0
4136	3
4137	4
4138	4
4139	2
4140	1
4141	1
4142	3
4143	2
4144	1
4145	3
4146	3
4147	6
4148	2
4149	1
4150	2
4151	2
4152	4
4153	3
4154	3
4155	2
4156	3
4157	1
4158	1
4159	4
4160	5
4161	4
4162	3
4163	3
4164	5
4165	4
4166	2
4167	5
4168	2
4169	1
4170	1
4171	2
4172	4
4173	0
4174	2
4175	3
4176	2
4177	5
4178	3
4179	1
4180	2
4181	2
4182	5
4183	3
4184	4
4185	3
4186	1
4187	2
4188	1
4189	3
4190	1
4191	1
4192	1
4193	0
4194	3
4195	1
4196	0
4197	2
4198	0
4199	0
4200	1
4201	0
4202	1
4203	1
4204	3
4205	5
4206	2
4207	3
4208	4
4209	1
4210	2
4211	2
4212	2
4213	2
4214	2
4215	2
4216	0
4217	2
4218	1
4219	4
4220	0
4221	2
4222	1
4223	2
4224	2
4225	1
4226	4
4227	0
4228	3
4229	0
4230	2
4231	2
4232	1
4233	2
4234	0
4235	3
4236	2
4237	4
4238	1
4239	2
4240	2
4241	1
4242	2
4243	0
4244	1
4245	2
4246	2
4247	1
4248	0
4249	1
4250	1
4251	3
4252	1
4253	2
4254	2
4255	1
4256	3
4257	2
4258	1
4259	4
4260	0
4261	1
4262	6
4263	4
4264	2
4265	2
4266	2
4267	2
4268	1
4269	0
4270	3
4271	2
4272	1
4273	1
4274	1
4275	1
4276	2
4277	0
4278	3
4279	0
4280	0
4281	0
4282	2
4283	1
4284	1
4285	0
4286	2
4287	3
4288	1
4289	3
4290	3
4291	0
4292	0
4293	2
4294	2
4295	1
4296	4
4297	3
4298	3
4299	2
4300	1
4301	1
4302	0
4303	2
4304	0
4305	1
4306	4
4307	1
4308	4
4309	0
4310	2
4311	1
4312	0
4313	4
4314	0
4315	1
4316	0
4317	1
4318	2
4319	0
4320	0
4321	0
4322	0
4323	0
4324	2
4325	2
4326	1
4327	1
4328	0
4329	0
4330	1
4331	0
4332	1
4333	2
4334	0
4335	0
4336	1
4337	1
4338	0
4339	1
4340	1
4341	0
4342	0
4343	0
4344	0
4345	2
4346	1
4347	0
4348	0
4349	1
4350	0
4351	0
4352	2
4353	0
4354	1
4355	0
4356	4
4357	2
4358	0
4359	0
4360	2
4361	2
4362	2
4363	1
4364	2
4365	0
4366	2
4367	1
4368	1
4369	0
4370	1
4371	1
4372	0
4373	0
4374	1
4375	1
4376	1
4377	0
4378	1
4379	1
4380	1
4381	2
4382	0
4383	0
4384	0
4385	0
4386	0
4387	1
4388	1
4389	1
4390	1
4391	1
4392	0
4393	1
4394	1
4395	2
4396	1
4397	1
4398	1
4399	0
4400	2
4401	0
4402	3
4403	1
4404	0
4405	3
4406	0
4407	0
4408	1
4409	2
4410	0
4411	0
4412	1
4413	1
4414	1
4415	2
4416	1
4417	2
4418	0
4419	0
4420	2
4421	3
4422	0
4423	0
4424	0
4425	0
4426	1
4427	2
4428	2
4429	1
4430	0
4431	0
4432	2
4433	0
4434	0
4435	0
4436	1
4437	0
4438	1
4439	2
4440	3
4441	1
4442	1
4443	5
4444	1
4445	0
4446	0
4447	0
4448	1
4449	0
4450	0
4451	0
4452	0
4453	0
4454	1
4455	0
4456	0
4457	1
4458	0
4459	1
4460	0
4461	1
4462	1
4463	0
4464	0
4465	1
4466	0
4467	0
4468	1
4469	1
4470	0
4471	0
4472	1
4473	0
4474	0
4475	2
4476	1
4477	0
4478	0
4479	0
4480	0
4481	0
4482	0
4483	0
4484	0
4485	1
4486	0
4487	4
4488	2
4489	0
4490	3
4491	0
4492	2
4493	0
4494	0
4495	1
4496	0
4497	1
4498	0
4499	4
4500	1
4501	1
4502	3
4503	0
4504	0
4505	1
4506	2
4507	1
4508	0
4509	1
4510	1
4511	1
4512	0
4513	0
4514	0
4515	0
4516	0
4517	0
4518	1
4519	1
4520	1
4521	1
4522	3
4523	0
4524	2
4525	4
4526	1
4527	0
4528	0
4529	1
4530	2
4531	0
4532	2
4533	0
4534	1
4535	1
4536	2
4537	0
4538	0
4539	0
4540	2
4541	0
4542	1
4543	1
4544	2
4545	2
4546	0
4547	2
4548	1
4549	1
4550	0
4551	0
4552	1
4553	1
4554	0
4555	1
4556	0
4557	0
4558	0
4559	2
4560	1
4561	0
4562	2
4563	0
4564	1
4565	0
4566	0
4567	1
4568	0
4569	1
4570	0
4571	1
4572	1
4573	2
4574	0
4575	1
4576	0
4577	2
4578	0
4579	3
4580	1
4581	1
4582	3
4583	0
4584	0
4585	0
4586	0
4587	1
4588	0
4589	1
4590	1
4591	2
4592	1
4593	0
4594	0
4595	1
4596	1
4597	0
4598	2
4599	2
4600	0
4601	0
4602	2
4603	0
4604	0
4605	0
4606	1
4607	1
4608	1
4609	1
4610	1
4611	1
4612	0
4613	0
4614	0
4615	0
4616	2
4617	0
4618	0
4619	0
4620	0
4621	0
4622	0
4623	1
4624	0
4625	1
4626	0
4627	0
4628	1
4629	1
4630	0
4631	1
4632	0
4633	1
4634	3
4635	0
4636	1
4637	2
4638	1
4639	1
4640	0
4641	0
4642	0
4643	1
4644	1
4645	0
4646	0
4647	0
4648	3
4649	0
4650	0
4651	0
4652	0
4653	1
4654	0
4655	0
4656	0
4657	1
4658	1
4659	1
4660	1
4661	0
4662	0
4663	0
4664	2
4665	0
4666	0
4667	3
4668	1
4669	1
4670	1
4671	0
4672	0
4673	1
4674	0
4675	0
4676	0
4677	2
4678	0
4679	0
4680	1
4681	2
4682	0
4683	0
4684	0
4685	1
4686	1
4687	2
4688	0
4689	1
4690	1
4691	0
4692	0
4693	2
4694	0
4695	0
4696	0
4697	1
4698	0
4699	1
4700	2
4701	2
4702	1
4703	1
4704	1
4705	0
4706	1
4707	1
4708	0
4709	1
4710	0
4711	0
4712	1
4713	1
4714	0
4715	2
4716	2
4717	1
4718	1
4719	0
4720	1
4721	0
4722	0
4723	1
4724	2
4725	0
4726	0
4727	0
4728	0
4729	1
4730	0
4731	0
4732	1
4733	1
4734	0
4735	0
4736	0
4737	1
4738	2
4739	0
4740	1
4741	1
4742	1
4743	1
4744	1
4745	0
4746	2
4747	1
4748	3
4749	1
4750	0
4751	1
4752	0
4753	0
4754	2
4755	1
4756	0
4757	0
4758	1
4759	0
4760	2
4761	0
4762	0
4763	0
4764	0
4765	1
4766	0
4767	1
4768	0
4769	0
4770	0
4771	0
4772	0
4773	0
4774	1
4775	2
4776	0
4777	0
4778	1
4779	0
4780	0
4781	0
4782	1
4783	0
4784	0
4785	2
4786	2
4787	0
4788	0
4789	1
4790	1
4791	0
4792	0
4793	0
4794	2
4795	1
4796	0
4797	0
4798	0
4799	1
4800	0
4801	0
4802	1
4803	0
4804	1
4805	1
4806	1
4807	0
4808	1
4809	1
4810	1
4811	0
4812	1
4813	1
4814	0
4815	0
4816	1
4817	0
4818	0
4819	1
4820	0
4821	0
4822	0
4823	2
4824	0
4825	0
4826	1
4827	0
4828	0
4829	0
4830	0
4831	0
4832	0
4833	0
4834	1
4835	0
4836	0
4837	1
4838	1
4839	3
4840	1
4841	2
4842	3
4843	1
4844	2
4845	0
4846	0
4847	0
4848	0
4849	1
4850	0
4851	0
4852	0
4853	1
4854	1
4855	0
4856	1
4857	1
4858	0
4859	0
4860	0
4861	0
4862	0
4863	0
4864	1
4865	0
4866	1
4867	1
4868	0
4869	0
4870	0
4871	0
4872	2
4873	0
4874	0
4875	0
4876	0
4877	0
4878	0
4879	1
4880	1
4881	0
4882	1
4883	1
4884	1
4885	0
4886	1
4887	2
4888	0
4889	1
4890	0
4891	0
4892	0
4893	1
4894	0
4895	1
4896	1
4897	1
4898	0
4899	0
4900	0
4901	3
4902	0
4903	0
4904	0
4905	1
4906	1
4907	1
4908	1
4909	0
4910	0
4911	0
4912	0
4913	0
4914	1
4915	0
4916	1
4917	1
4918	0
4919	0
4920	0
4921	0
4922	1
4923	0
4924	0
4925	0
4926	0
4927	2
4928	3
4929	0
4930	1
4931	1
4932	0
4933	0
4934	1
4935	1
4936	1
4937	0
4938	2
4939	1
4940	0
4941	0
4942	2
4943	0
4944	0
4945	1
4946	0
4947	0
4948	0
4949	1
4950	0
4951	0
4952	2
4953	2
4954	1
4955	0
4956	1
4957	1
4958	1
4959	0
4960	0
4961	1
4962	0
4963	1
4964	0
4965	0
4966	0
4967	0
4968	1
4969	1
4970	2
4971	0
4972	0
4973	1
4974	1
4975	1
4976	1
4977	0
4978	0
4979	1
4980	1
4981	0
4982	0
4983	3
4984	0
4985	0
4986	0
4987	1
4988	0
4989	0
4990	0
4991	0
4992	0
4993	0
4994	1
4995	2
4996	0
4997	1
4998	0
4999	1
5000	0
5001	2
5002	1
5003	0
5004	1
5005	3
5006	0
5007	1
5008	1
5009	1
5010	0
5011	1
5012	2
5013	1
5014	1
5015	3
5016	1
5017	0
5018	0
5019	0
5020	0
5021	0
5022	0
5023	0
5024	1
5025	0
5026	0
5027	0
5028	0
5029	1
5030	1
5031	0
5032	2
5033	1
5034	0
5035	0
5036	1
5037	1
5038	0
5039	1
5040	2
5041	1
5042	0
5043	1
5044	0
5045	0
5046	0
5047	0
5048	1
5049	0
5050	1
5051	0
5052	2
5053	0
5054	0
5055	0
5056	0
5057	1
5058	0
5059	0
5060	0
5061	1
5062	1
5063	2
5064	0
5065	0
5066	0
5067	0
5068	0
5069	1
5070	0
5071	0
5072	0
5073	1
5074	0
5075	1
5076	3
5077	0
5078	1
5079	0
5080	2
5081	0
5082	1
5083	0
5084	0
5085	1
5086	0
5087	1
5088	0
5089	0
5090	0
5091	0
5092	0
5093	1
5094	1
5095	1
5096	0
5097	0
5098	0
5099	1
5100	0
5101	2
5102	0
5103	0
5104	0
5105	0
5106	1
5107	1
5108	2
5109	0
5110	0
5111	2
5112	1
5113	1
5114	1
5115	0
5116	1
5117	0
5118	0
5119	1
5120	1
5121	1
5122	0
5123	2
5124	0
5125	1
5126	1
5127	0
5128	0
5129	1
5130	1
5131	0
5132	0
5133	0
5134	0
5135	0
5136	1
5137	3
5138	1
5139	1
5140	2
5141	1
5142	1
5143	0
5144	0
5145	1
5146	0
5147	0
5148	0
5149	0
5150	1
5151	0
5152	0
5153	0
5154	1
5155	0
5156	0
5157	2
5158	0
5159	1
5160	2
5161	0
5162	0
5163	0
5164	0
5165	0
5166	0
5167	0
5168	1
5169	0
5170	0
5171	0
5172	1
5173	0
5174	2
5175	0
5176	1
5177	0
5178	0
5179	0
5180	1
5181	0
5182	0
5183	0
5184	0
5185	0
5186	0
5187	0
5188	0
5189	0
5190	0
5191	1
5192	1
5193	1
5194	1
5195	0
5196	1
5197	0
5198	0
5199	0
5200	1
5201	0
5202	1
5203	0
5204	1
5205	1
5206	1
5207	0
5208	0
5209	1
5210	0
5211	1
5212	0
5213	0
5214	1
5215	0
5216	0
5217	1
5218	3
5219	0
5220	0
5221	1
5222	0
5223	1
5224	1
5225	0
5226	0
5227	1
5228	0
5229	1
5230	1
5231	1
5232	0
5233	0
5234	0
5235	0
5236	1
5237	0
5238	1
5239	0
5240	0
5241	0
5242	0
5243	1
5244	2
5245	0
5246	0
5247	0
5248	0
5249	0
5250	1
5251	0
5252	2
5253	0
5254	0
5255	0
5256	0
5257	0
5258	1
5259	0
5260	0
5261	1
5262	0
5263	0
5264	0
5265	0
5266	0
5267	0
5268	0
5269	0
5270	2
5271	1
5272	0
5273	1
5274	0
5275	0
5276	0
5277	1
5278	1
5279	0
5280	0
5281	0
5282	0
5283	1
5284	0
5285	1
5286	0
5287	1
5288	2
5289	0
5290	1
5291	1
5292	1
5293	0
5294	0
5295	0
5296	1
5297	0
5298	0
5299	1
5300	0
5301	0
5302	0
5303	1
5304	0
5305	0
5306	1
5307	1
5308	0
5309	0
5310	0
5311	0
5312	0
5313	1
5314	1
5315	0
5316	0
5317	0
5318	0
5319	1
5320	0
5321	0
5322	0
5323	0
5324	2
5325	2
5326	0
5327	0
5328	0
5329	0
5330	0
5331	0
5332	2
5333	0
5334	0
5335	1
5336	0
5337	0
5338	0
5339	1
5340	1
5341	2
5342	0
5343	0
5344	0
5345	0
5346	1
5347	0
5348	1
5349	2
5350	1
5351	1
5352	1
5353	1
5354	0
5355	2
5356	0
5357	0
5358	1
5359	0
5360	0
5361	0
5362	0
5363	1
5364	1
5365	1
5366	1
5367	0
5368	2
5369	0
5370	0
5371	0
5372	0
5373	0
5374	0
5375	1
5376	0
5377	0
5378	2
5379	0
5380	0
5381	0
5382	2
5383	1
5384	0
5385	0
5386	0
5387	0
5388	1
5389	1
5390	0
5391	1
5392	0
5393	0
5394	0
5395	0
5396	1
5397	1
5398	1
5399	0
5400	0
5401	0
5402	0
5403	1
5404	0
5405	0
5406	1
5407	0
5408	3
5409	0
5410	1
5411	0
5412	1
5413	2
5414	0
5415	1
5416	2
5417	1
5418	1
5419	0
5420	1
5421	0
5422	0
5423	0
5424	0
5425	1
5426	0
5427	0
5428	0
5429	0
5430	0
5431	1
5432	0
5433	0
5434	0
5435	1
5436	0
5437	0
5438	0
5439	0
5440	0
5441	2
5442	0
5443	0
5444	0
5445	0
5446	1
5447	0
5448	0
5449	0
5450	0
5451	0
5452	0
5453	0
5454	0
5455	1
5456	0
5457	1
5458	0
5459	0
5460	0
5461	0
5462	0
5463	0
5464	2
5465	0
5466	0
5467	0
5468	0
5469	0
5470	0
5471	0
5472	0
5473	0
5474	1
5475	1
5476	0
5477	0
5478	0
5479	1
5480	0
5481	1
5482	0
5483	0
5484	1
5485	0
5486	0
5487	1
5488	0
5489	1
5490	0
5491	0
5492	1
5493	1
5494	1
5495	1
5496	0
5497	1
5498	0
5499	0
5500	0
5501	0
5502	0
5503	1
5504	1
5505	0
5506	1
5507	1
5508	1
5509	0
5510	0
5511	0
5512	0
5513	0
5514	2
5515	0
5516	0
5517	1
5518	0
5519	1
5520	0
5521	0
5522	0
5523	1
5524	2
5525	0
5526	1
5527	0
5528	0
5529	2
5530	1
5531	0
5532	1
5533	1
5534	0
5535	0
5536	1
5537	0
5538	1
5539	0
5540	0
5541	1
5542	0
5543	0
5544	0
5545	0
5546	0
5547	0
5548	2
5549	0
5550	0
5551	0
5552	0
5553	0
5554	1
5555	2
5556	1
5557	0
5558	0
5559	0
5560	1
5561	0
5562	0
5563	1
5564	1
5565	1
5566	1
5567	0
5568	2
5569	1
5570	1
5571	0
5572	0
5573	1
5574	2
5575	0
5576	2
5577	0
5578	0
5579	1
5580	0
5581	0
5582	0
5583	0
5584	0
5585	1
5586	2
5587	0
5588	0
5589	0
5590	0
5591	0
5592	1
5593	1
5594	1
5595	1
5596	1
5597	1
5598	0
5599	2
5600	1
5601	1
5602	0
5603	0
5604	0
5605	1
5606	0
5607	0
5608	1
5609	0
5610	1
5611	0
5612	0
5613	0
5614	1
5615	1
5616	1
5617	2
5618	0
5619	0
5620	2
5621	2
5622	0
5623	1
5624	0
5625	1
5626	0
5627	0
5628	2
5629	1
5630	1
5631	0
5632	0
5633	0
5634	0
5635	0
5636	0
5637	1
5638	0
5639	1
5640	0
5641	0
5642	0
5643	0
5644	0
5645	0
5646	0
5647	1
5648	1
5649	1
5650	0
5651	1
5652	1
5653	0
5654	0
5655	0
5656	0
5657	0
5658	0
5659	0
5660	1
5661	0
5662	0
5663	1
5664	0
5665	1
5666	0
5667	1
5668	0
5669	0
5670	0
5671	1
5672	0
5673	2
5674	1
5675	1
5676	0
5677	0
5678	1
5679	0
5680	0
5681	0
5682	1
5683	0
5684	2
5685	0
5686	0
5687	0
5688	1
5689	1
5690	0
5691	1
5692	0
5693	0
5694	1
5695	0
5696	0
5697	1
5698	1
5699	0
5700	0
5701	0
5702	1
5703	0
5704	0
5705	2
5706	0
5707	0
5708	0
5709	0
5710	1
5711	1
5712	1
5713	0
5714	1
5715	0
5716	0
5717	0
5718	0
5719	2
5720	0
5721	3
5722	0
5723	0
5724	0
5725	0
5726	0
5727	0
5728	0
5729	0
5730	0
5731	1
5732	1
5733	1
5734	1
5735	0
5736	0
5737	0
5738	0
5739	0
5740	2
5741	1
5742	1
5743	1
5744	2
5745	1
5746	0
5747	0
5748	0
5749	0
5750	0
5751	0
5752	0
5753	0
5754	0
5755	0
5756	2
5757	1
5758	0
5759	0
5760	0
5761	1
5762	1
5763	2
5764	1
5765	1
5766	0
5767	2
5768	0
5769	0
5770	0
5771	0
5772	0
5773	0
5774	1
5775	1
5776	1
5777	0
5778	1
5779	1
5780	1
5781	1
5782	1
5783	1
5784	0
5785	1
5786	0
5787	1
5788	1
5789	1
5790	1
5791	0
5792	1
5793	0
5794	2
5795	0
5796	0
5797	0
5798	1
5799	0
5800	0
5801	1
5802	1
5803	0
5804	0
5805	1
5806	0
5807	0
5808	0
5809	0
5810	2
5811	0
5812	0
5813	0
5814	2
5815	0
5816	0
5817	0
5818	1
5819	1
5820	0
5821	0
5822	1
5823	1
5824	1
5825	0
5826	0
5827	0
5828	0
5829	1
5830	1
5831	1
5832	0
5833	0
5834	1
5835	2
5836	0
5837	0
5838	0
5839	0
5840	1
5841	0
5842	0
5843	1
5844	1
5845	0
5846	1
5847	0
5848	2
5849	0
5850	1
5851	1
5852	0
5853	0
5854	0
5855	1
5856	0
5857	0
5858	0
5859	1
5860	0
5861	0
5862	0
5863	0
5864	0
5865	0
5866	0
5867	0
5868	0
5869	0
5870	0
5871	0
5872	0
5873	0
5874	0
5875	1
5876	0
5877	0
5878	0
5879	0
5880	0
5881	0
5882	0
5883	0
5884	0
5885	1
5886	0
5887	0
5888	0
5889	1
5890	1
5891	1
5892	1
5893	1
5894	0
5895	0
5896	0
5897	2
5898	0
5899	0
5900	0
5901	0
5902	1
5903	0
5904	0
5905	1
5906	2
5907	0
5908	0
5909	0
5910	3
5911	0
5912	0
5913	0
5914	1
5915	0
5916	1
5917	2
5918	0
5919	0
5920	0
5921	0
5922	0
5923	0
5924	1
5925	0
5926	0
5927	0
5928	1
5929	0
5930	0
5931	0
5932	0
5933	0
5934	0
5935	0
5936	1
5937	2
5938	0
5939	0
5940	1
5941	0
5942	0
5943	1
5944	0
5945	0
5946	0
5947	0
5948	0
5949	0
5950	0
5951	1
5952	0
5953	1
5954	1
5955	1
5956	0
5957	0
5958	0
5959	1
5960	0
5961	1
5962	0
5963	0
5964	0
5965	1
5966	0
5967	0
5968	1
5969	1
5970	1
5971	1
5972	1
5973	1
5974	1
5975	1
5976	0
5977	0
5978	0
5979	0
5980	0
5981	1
5982	0
5983	1
5984	0
5985	1
5986	0
5987	1
5988	1
5989	1
5990	0
5991	0
5992	2
5993	1
5994	1
5995	1
5996	2
5997	1
5998	0
5999	0
6000	1
6001	0
6002	0
6003	1
6004	0
6005	1
6006	3
6007	0
6008	1
6009	0
6010	1
6011	2
6012	1
6013	0
6014	0
6015	0
6016	1
6017	0
6018	0
6019	0
6020	0
6021	2
6022	1
6023	0
6024	0
6025	2
6026	0
6027	0
6028	0
6029	0
6030	0
6031	1
6032	1
6033	0
6034	1
6035	0
6036	1
6037	0
6038	0
6039	0
6040	1
6041	1
6042	1
6043	0
6044	0
6045	1
6046	0
6047	1
6048	2
6049	3
6050	2
6051	0
6052	0
6053	0
6054	1
6055	1
6056	0
6057	0
6058	0
6059	1
6060	0
6061	0
6062	3
6063	0
6064	0
6065	1
6066	0
6067	0
6068	0
6069	0
6070	0
6071	1
6072	0
6073	0
6074	0
6075	1
6076	0
6077	1
6078	1
6079	0
6080	0
6081	1
6082	0
6083	0
6084	0
6085	0
6086	1
6087	0
6088	0
6089	0
6090	0
6091	1
6092	1
6093	0
6094	1
6095	1
6096	0
6097	0
6098	0
6099	2
6100	0
6101	0
6102	1
6103	0
6104	2
6105	1
6106	2
6107	0
6108	1
6109	0
6110	0
6111	1
6112	0
6113	0
6114	0
6115	0
6116	0
6117	0
6118	0
6119	0
6120	2
6121	0
6122	0
6123	1
6124	0
6125	1
6126	0
6127	1
6128	0
6129	0
6130	0
6131	1
6132	0
6133	1
6134	0
6135	0
6136	0
6137	1
6138	1
6139	0
6140	2
6141	0
6142	1
6143	0
6144	0
6145	0
6146	1
6147	0
6148	0
6149	0
6150	0
6151	0
6152	0
6153	1
6154	0
6155	0
6156	0
6157	1
6158	2
6159	0
6160	1
6161	0
6162	1
6163	0
6164	1
6165	0
6166	0
6167	0
6168	0
6169	1
6170	2
6171	1
6172	0
6173	0
6174	1
6175	0
6176	0
6177	1
6178	1
6179	0
6180	0
6181	0
6182	0
6183	0
6184	0
6185	0
6186	2
6187	2
6188	0
6189	0
6190	0
6191	0
6192	3
6193	1
6194	0
6195	0
6196	2
6197	0
6198	0
6199	0
6200	0
6201	0
6202	2
6203	2
6204	2
6205	0
6206	1
6207	0
6208	0
6209	0
6210	0
6211	0
6212	0
6213	0
6214	0
6215	1
6216	0
6217	0
6218	0
6219	0
6220	0
6221	0
6222	0
6223	1
6224	2
6225	1
6226	0
6227	0
6228	1
6229	1
6230	0
6231	0
6232	0
6233	0
6234	0
6235	0
6236	1
6237	1
6238	0
6239	0
6240	1
6241	0
6242	0
6243	1
6244	0
6245	1
6246	0
6247	0
6248	0
6249	0
6250	1
6251	0
6252	0
6253	1
6254	0
6255	0
6256	0
6257	0
6258	0
6259	0
6260	0
6261	1
6262	0
6263	1
6264	0
6265	0
6266	0
6267	0
6268	0
6269	0
6270	0
6271	0
6272	0
6273	0
6274	0
6275	0
6276	2
6277	0
6278	0
6279	1
6280	0
6281	1
6282	1
6283	0
6284	0
6285	1
6286	0
6287	0
6288	0
6289	0
6290	0
6291	0
6292	0
6293	1
6294	0
6295	2
6296	0
6297	0
6298	0
6299	1
6300	0
6301	0
6302	1
6303	0
6304	0
6305	0
6306	0
6307	0
6308	0
6309	0
6310	1
6311	0
6312	0
6313	1
6314	0
6315	3
6316	2
6317	0
6318	1
6319	0
6320	0
6321	0
6322	1
6323	0
6324	0
6325	0
6326	0
6327	1
6328	0
6329	0
6330	1
6331	0
6332	0
6333	0
6334	0
6335	1
6336	1
6337	0
6338	0
6339	1
6340	1
6341	1
6342	1
6343	0
6344	1
6345	0
6346	1
6347	0
6348	0
6349	0
6350	0
6351	0
6352	1
6353	0
6354	0
6355	0
6356	0
6357	0
6358	0
6359	0
6360	0
6361	0
6362	0
6363	2
6364	1
6365	1
6366	1
6367	0
6368	0
6369	0
6370	1
6371	1
6372	0
6373	0
6374	1
6375	0
6376	0
6377	0
6378	0
6379	0
6380	0
6381	1
6382	0
6383	1
6384	0
6385	1
6386	0
6387	1
6388	0
6389	1
6390	0
6391	1
6392	3
6393	1
6394	0
6395	1
6396	0
6397	2
6398	0
6399	0
6400	0
6401	0
6402	0
6403	0
6404	0
6405	0
6406	0
6407	1
6408	0
6409	0
6410	0
6411	0
6412	0
6413	0
6414	1
6415	0
6416	0
6417	0
6418	1
6419	0
6420	0
6421	0
6422	1
6423	0
6424	0
6425	2
6426	0
6427	0
6428	0
6429	0
6430	0
6431	0
6432	0
6433	0
6434	0
6435	1
6436	1
6437	0
6438	0
6439	1
6440	0
6441	0
6442	0
6443	1
6444	1
6445	0
6446	0
6447	1
6448	0
6449	0
6450	0
6451	0
6452	1
6453	0
6454	0
6455	0
6456	0
6457	0
6458	0
6459	0
6460	0
6461	0
6462	2
6463	0
6464	0
6465	1
6466	0
6467	0
6468	0
6469	1
6470	0
6471	0
6472	0
6473	0
6474	0
6475	0
6476	0
6477	1
6478	0
6479	2
6480	0
6481	0
6482	0
6483	0
6484	2
6485	0
6486	0
6487	0
6488	0
6489	0
6490	0
6491	0
6492	0
6493	0
6494	0
6495	0
6496	0
6497	1
6498	0
6499	0
6500	0
6501	0
6502	0
6503	2
6504	2
6505	0
6506	0
6507	1
6508	2
6509	0
6510	0
6511	1
6512	0
6513	1
6514	0
6515	1
6516	0
6517	1
6518	0
6519	0
6520	2
6521	1
6522	1
6523	0
6524	0
6525	0
6526	0
6527	0
6528	0
6529	0
6530	0
6531	0
6532	0
6533	0
6534	0
6535	0
6536	0
6537	0
6538	0
6539	0
6540	0
6541	0
6542	0
6543	1
6544	0
6545	0
6546	0
6547	2
6548	0
6549	0
6550	0
6551	1
6552	0
6553	0
6554	1
6555	2
6556	1
6557	0
6558	0
6559	0
6560	0
6561	0
6562	0
6563	0
6564	0
6565	1
6566	1
6567	0
6568	0
6569	0
6570	0
6571	0
6572	2
6573	0
6574	0
6575	0
6576	0
6577	0
6578	0
6579	0
6580	0
6581	1
6582	0
6583	2
6584	0
6585	0
6586	0
6587	0
6588	0
6589	0
6590	0
6591	0
6592	0
6593	0
6594	0
6595	1
6596	0
6597	1
6598	0
6599	1
6600	1
6601	2
6602	0
6603	0
6604	0
6605	0
6606	0
6607	0
6608	1
6609	0
6610	0
6611	0
6612	0
6613	0
6614	1
6615	0
6616	1
6617	0
6618	1
6619	0
6620	0
6621	2
6622	0
6623	0
6624	1
6625	0
6626	0
6627	0
6628	1
6629	1
6630	0
6631	0
6632	0
6633	2
6634	0
6635	0
6636	0
6637	1
6638	0
6639	1
6640	2
6641	1
6642	0
6643	0
6644	1
6645	0
6646	0
6647	0
6648	0
6649	1
6650	0
6651	2
6652	1
6653	0
6654	1
6655	0
6656	0
6657	0
6658	0
6659	0
6660	0
6661	1
6662	1
6663	0
6664	1
6665	2
6666	0
6667	0
6668	0
6669	0
6670	0
6671	0
6672	0
6673	0
6674	0
6675	1
6676	0
6677	1
6678	1
6679	1
6680	0
6681	0
6682	0
6683	1
6684	0
6685	0
6686	0
6687	1
6688	2
6689	0
6690	1
6691	0
6692	0
6693	1
6694	0
6695	0
6696	0
6697	0
6698	0
6699	2
6700	0
6701	0
6702	0
6703	2
6704	0
6705	0
6706	0
6707	0
6708	1
6709	0
6710	1
6711	0
6712	0
6713	0
6714	0
6715	0
6716	1
6717	1
6718	2
6719	1
6720	0
6721	2
6722	0
6723	0
6724	1
6725	1
6726	0
6727	1
6728	1
6729	2
6730	0
6731	0
6732	0
6733	0
6734	1
6735	1
6736	0
6737	2
6738	0
6739	1
6740	1
6741	0
6742	0
6743	0
6744	1
6745	0
6746	0
6747	1
6748	1
6749	0
6750	0
6751	0
6752	0
6753	1
6754	0
6755	0
6756	1
6757	1
6758	0
6759	0
6760	0
6761	0
6762	0
6763	1
6764	0
6765	1
6766	0
6767	0
6768	0
6769	0
6770	0
6771	2
6772	1
6773	1
6774	2
6775	1
6776	0
6777	0
6778	1
6779	0
6780	1
6781	1
6782	2
6783	1
6784	2
6785	1
6786	0
6787	1
6788	2
6789	1
6790	0
6791	0
6792	0
6793	0
6794	1
6795	0
6796	0
6797	1
6798	2
6799	0
6800	0
6801	0
6802	0
6803	1
6804	0
6805	0
6806	1
6807	0
6808	1
6809	0
6810	1
6811	0
6812	0
6813	0
6814	0
6815	1
6816	0
6817	0
6818	0
6819	0
6820	0
6821	1
6822	0
6823	1
6824	1
6825	0
6826	1
6827	0
6828	0
6829	1
6830	0
6831	1
6832	1
6833	0
6834	0
6835	0
6836	1
6837	0
6838	0
6839	3
6840	0
6841	1
6842	0
6843	0
6844	2
6845	0
6846	0
6847	0
6848	0
6849	0
6850	0
6851	0
6852	0
6853	0
6854	0
6855	0
6856	0
6857	2
6858	1
6859	2
6860	0
6861	0
6862	0
6863	0
6864	0
6865	0
6866	1
6867	0
6868	0
6869	0
6870	0
6871	1
6872	0
6873	1
6874	0
6875	0
6876	1
6877	0
6878	0
6879	0
6880	0
6881	0
6882	0
6883	1
6884	1
6885	0
6886	0
6887	0
6888	0
6889	0
6890	2
6891	1
6892	0
6893	1
6894	1
6895	1
6896	0
6897	1
6898	0
6899	1
6900	0
6901	0
6902	0
6903	0
6904	0
6905	1
6906	1
6907	1
6908	1
6909	0
6910	0
6911	0
6912	0
6913	0
6914	1
6915	1
6916	0
6917	1
6918	0
6919	0
6920	0
6921	0
6922	0
6923	1
6924	0
6925	0
6926	1
6927	0
6928	1
6929	0
6930	1
6931	0
6932	0
6933	0
6934	0
6935	0
6936	0
6937	2
6938	0
6939	1
6940	1
6941	1
6942	1
6943	1
6944	1
6945	0
6946	1
6947	1
6948	0
6949	1
6950	1
6951	0
6952	0
6953	1
6954	0
6955	1
6956	0
6957	0
6958	1
6959	2
6960	0
6961	0
6962	0
6963	2
6964	1
6965	1
6966	0
6967	0
6968	0
6969	0
6970	0
6971	0
6972	0
6973	0
6974	1
6975	0
6976	1
6977	0
6978	0
6979	1
6980	0
6981	0
6982	1
6983	1
6984	0
6985	0
6986	0
6987	1
6988	1
6989	0
6990	0
6991	0
6992	1
6993	1
6994	1
6995	2
6996	1
6997	1
6998	0
6999	1
7000	0
7001	1
7002	0
7003	0
7004	0
7005	0
7006	0
7007	0
7008	1
7009	0
7010	1
7011	1
7012	1
7013	0
7014	0
7015	0
7016	0
7017	0
7018	0
7019	0
7020	0
7021	2
7022	0
7023	0
7024	0
7025	2
7026	1
7027	1
7028	0
7029	0
7030	0
7031	1
7032	0
7033	0
7034	1
7035	1
7036	0
7037	0
7038	0
7039	0
7040	2
7041	2
7042	0
7043	1
7044	0
7045	2
7046	0
7047	1
7048	1
7049	0
7050	0
7051	1
7052	0
7053	1
7054	0
7055	0
7056	0
7057	0
7058	0
7059	0
7060	0
7061	0
7062	0
7063	0
7064	0
7065	0
7066	2
7067	0
7068	1
7069	1
7070	0
7071	0
7072	1
7073	0
7074	0
7075	0
7076	0
7077	0
7078	1
7079	0
7080	1
7081	1
7082	0
7083	2
7084	0
7085	0
7086	0
7087	0
7088	1
7089	0
7090	0
7091	1
7092	0
7093	0
7094	0
7095	1
7096	0
7097	1
7098	0
7099	0
7100	0
7101	0
7102	1
7103	0
7104	1
7105	0
7106	0
7107	1
7108	0
7109	0
7110	0
7111	0
7112	0
7113	0
7114	0
7115	0
7116	0
7117	1
7118	0
7119	2
7120	0
7121	1
7122	0
7123	0
7124	0
7125	0
7126	0
7127	1
7128	0
7129	1
7130	0
7131	0
7132	0
7133	0
7134	0
7135	0
7136	1
7137	0
7138	1
7139	0
7140	0
7141	0
7142	0
7143	0
7144	1
7145	0
7146	2
7147	0
7148	1
7149	0
7150	2
7151	3
7152	0
7153	0
7154	1
7155	0
7156	0
7157	0
7158	0
7159	0
7160	1
7161	0
7162	1
7163	0
7164	0
7165	0
7166	1
7167	0
7168	0
7169	1
7170	0
7171	1
7172	0
7173	0
7174	2
7175	0
7176	0
7177	0
7178	0
7179	1
7180	0
7181	0
7182	0
7183	0
7184	0
7185	1
7186	0
7187	0
7188	0
7189	1
7190	0
7191	1
7192	0
7193	1
7194	1
7195	0
7196	0
7197	0
7198	0
7199	0
7200	1
7201	1
7202	0
7203	0
7204	1
7205	0
7206	0
7207	0
7208	0
7209	0
7210	0
7211	0
7212	0
7213	0
7214	1
7215	0
7216	0
7217	1
7218	0
7219	1
7220	0
7221	0
7222	0
7223	0
7224	0
7225	0
7226	0
7227	0
7228	0
7229	0
7230	1
7231	1
7232	1
7233	0
7234	0
7235	1
7236	0
7237	0
7238	1
7239	0
7240	0
7241	0
7242	0
7243	0
7244	0
7245	0
7246	0
7247	0
7248	0
7249	0
7250	0
7251	0
7252	0
7253	0
7254	0
7255	0
7256	1
7257	0
7258	1
7259	0
7260	0
7261	0
7262	0
7263	3
7264	0
7265	0
7266	0
7267	1
7268	0
7269	1
7270	0
7271	0
7272	0
7273	1
7274	1
7275	0
7276	0
7277	0
7278	0
7279	1
7280	0
7281	0
7282	1
7283	0
7284	0
7285	0
7286	0
7287	0
7288	0
7289	0
7290	0
7291	1
7292	0
7293	0
7294	0
7295	0
7296	0
7297	1
7298	0
7299	0
7300	0
7301	0
7302	0
7303	0
7304	1
7305	1
7306	0
7307	1
7308	0
7309	0
7310	1
7311	0
7312	2
7313	0
7314	0
7315	1
7316	1
7317	0
7318	0
7319	0
7320	0
7321	0
7322	1
7323	0
7324	0
7325	0
7326	0
7327	0
7328	0
7329	1
7330	0
7331	0
7332	0
7333	0
7334	0
7335	0
7336	0
7337	1
7338	0
7339	1
7340	0
7341	0
7342	0
7343	0
7344	1
7345	0
7346	0
7347	1
7348	1
7349	0
7350	1
7351	0
7352	0
7353	0
7354	0
7355	0
7356	0
7357	1
7358	1
7359	0
7360	0
7361	0
7362	0
7363	0
7364	1
7365	0
7366	0
7367	0
7368	0
7369	1
7370	0
7371	0
7372	0
7373	0
7374	1
7375	0
7376	0
7377	0
7378	0
7379	0
7380	1
7381	1
7382	0
7383	0
7384	0
7385	0
7386	0
7387	0
7388	0
7389	1
7390	0
7391	0
7392	0
7393	1
7394	1
7395	0
7396	0
7397	0
7398	0
7399	1
7400	0
7401	0
7402	0
7403	0
7404	0
7405	0
7406	0
7407	0
7408	0
7409	0
7410	0
7411	0
7412	0
7413	0
7414	1
7415	0
7416	0
7417	0
7418	0
7419	0
7420	0
7421	0
7422	1
7423	0
7424	0
7425	0
7426	0
7427	0
7428	0
7429	1
7430	0
7431	0
7432	0
7433	1
7434	0
7435	2
7436	1
7437	0
7438	1
7439	0
7440	0
7441	0
7442	1
7443	1
7444	1
7445	2
7446	0
7447	0
7448	0
7449	0
7450	0
7451	1
7452	0
7453	0
7454	1
7455	0
7456	0
7457	0
7458	1
7459	0
7460	1
7461	1
7462	0
7463	0
7464	0
7465	0
7466	0
7467	1
7468	1
7469	1
7470	0
7471	0
7472	0
7473	0
7474	0
7475	1
7476	0
7477	0
7478	0
7479	0
7480	1
7481	0
7482	2
7483	1
7484	0
7485	0
7486	0
7487	0
7488	0
7489	0
7490	0
7491	1
7492	1
7493	0
7494	0
7495	0
7496	0
7497	1
7498	0
7499	0
7500	0
7501	1
7502	0
7503	0
7504	0
7505	0
7506	0
7507	0
7508	1
7509	0
7510	0
7511	0
7512	0
7513	2
7514	0
7515	0
7516	2
7517	0
7518	0
7519	1
7520	0
7521	1
7522	0
7523	0
7524	0
7525	1
7526	0
7527	0
7528	0
7529	0
7530	0
7531	0
7532	0
7533	2
7534	0
7535	0
7536	0
7537	0
7538	1
7539	0
7540	0
7541	0
7542	0
7543	0
7544	0
7545	0
7546	1
7547	0
7548	0
7549	0
7550	0
7551	0
7552	0
7553	1
7554	1
7555	0
7556	0
7557	0
7558	1
7559	0
7560	0
7561	1
7562	0
7563	0
7564	0
7565	0
7566	0
7567	0
7568	1
7569	0
7570	1
7571	0
7572	1
7573	0
7574	1
7575	0
7576	0
7577	0
7578	0
7579	0
7580	0
7581	0
7582	1
7583	1
7584	0
7585	0
7586	0
7587	0
7588	0
7589	4
7590	0
7591	0
7592	0
7593	0
7594	0
7595	0
7596	0
7597	0
7598	0
7599	0
7600	0
7601	1
7602	0
7603	0
7604	0
7605	0
7606	0
7607	1
7608	0
7609	0
7610	1
7611	0
7612	0
7613	0
7614	0
7615	0
7616	0
7617	0
7618	0
7619	0
7620	0
7621	0
7622	0
7623	0
7624	0
7625	1
7626	0
7627	0
7628	0
7629	1
7630	0
7631	0
7632	0
7633	1
7634	1
7635	0
7636	0
7637	0
7638	0
7639	2
7640	0
7641	1
7642	0
7643	0
7644	0
7645	0
7646	0
7647	0
7648	0
7649	1
7650	0
7651	0
7652	0
7653	0
7654	0
7655	1
7656	0
7657	0
7658	1
7659	0
7660	0
7661	0
7662	0
7663	0
7664	0
7665	0
7666	0
7667	0
7668	0
7669	1
7670	0
7671	0
7672	0
7673	0
7674	2
7675	0
7676	0
7677	0
7678	0
7679	0
7680	1
7681	1
7682	0
7683	0
7684	0
7685	0
7686	0
7687	0
7688	0
7689	0
7690	0
7691	0
7692	0
7693	0
7694	0
7695	0
7696	0
7697	0
7698	0
7699	0
7700	0
7701	0
7702	0
7703	0
7704	1
7705	1
7706	0
7707	0
7708	0
7709	0
7710	0
7711	0
7712	0
7713	0
7714	0
7715	0
7716	0
7717	1
7718	0
7719	0
7720	0
7721	0
7722	0
7723	0
7724	0
7725	1
7726	0
7727	0
7728	1
7729	0
7730	0
7731	1
7732	1
7733	0
7734	0
7735	1
7736	0
7737	0
7738	0
7739	2
7740	0
7741	0
7742	0
7743	0
7744	0
7745	0
7746	0
7747	0
7748	0
7749	0
7750	0
7751	0
7752	0
7753	0
7754	0
7755	1
7756	0
7757	0
7758	0
7759	0
7760	0
7761	1
7762	0
7763	0
7764	1
7765	0
7766	2
7767	0
7768	0
7769	0
7770	0
7771	0
7772	0
7773	0
7774	0
7775	1
7776	1
7777	0
7778	0
7779	0
7780	1
7781	0
7782	0
7783	0
7784	0
7785	0
7786	0
7787	0
7788	0
7789	0
7790	0
7791	1
7792	1
7793	1
7794	0
7795	0
7796	0
7797	0
7798	0
7799	0
7800	0
7801	1
7802	0
7803	0
7804	0
7805	0
7806	0
7807	1
7808	1
7809	0
7810	0
7811	1
7812	0
7813	0
7814	0
7815	0
7816	0
7817	0
7818	3
7819	0
7820	1
7821	0
7822	0
7823	0
7824	0
7825	0
7826	1
7827	0
7828	0
7829	1
7830	0
7831	0
7832	0
7833	0
7834	0
7835	0
7836	0
7837	0
7838	0
7839	0
7840	1
7841	0
7842	0
7843	0
7844	0
7845	0
7846	0
7847	0
7848	0
7849	0
7850	0
7851	0
7852	0
7853	0
7854	1
7855	0
7856	0
7857	0
7858	0
7859	0
7860	0
7861	0
7862	1
7863	0
7864	0
7865	0
7866	1
7867	1
7868	0
7869	0
7870	0
7871	0
7872	0
7873	2
7874	0
7875	0
7876	0
7877	0
7878	1
7879	1
7880	0
7881	0
7882	0
7883	0
7884	0
7885	1
7886	0
7887	1
7888	0
7889	0
7890	0
7891	0
7892	0
7893	0
7894	0
7895	0
7896	0
7897	0
7898	0
7899	0
7900	0
7901	0
7902	1
7903	0
7904	0
7905	0
7906	0
7907	0
7908	0
7909	0
7910	0
7911	0
7912	0
7913	0
7914	0
7915	0
7916	0
7917	0
7918	0
7919	0
7920	0
7921	0
7922	0
7923	0
7924	0
7925	0
7926	0
7927	0
7928	0
7929	0
7930	0
7931	0
7932	0
7933	0
7934	0
7935	0
7936	0
7937	0
7938	0
7939	0
7940	0
7941	0
7942	0
7943	0
7944	0
7945	0
7946	0
7947	0
7948	0
7949	0
7950	0
7951	0
7952	0
7953	0
7954	0
7955	0
7956	0
7957	0
7958	0
7959	0
7960	0
7961	0
7962	0
7963	0
7964	0
7965	0
7966	0
7967	0
7968	0
7969	0
7970	0
7971	0
7972	0
7973	0
7974	0
7975	0
7976	0
7977	0
7978	0
7979	0
7980	0
7981	0
7982	0
7983	0
7984	0
7985	0
7986	0
7987	0
7988	0
7989	0
7990	0
7991	0
7992	0
7993	0
7994	0
7995	0
7996	0
7997	0
7998	0
7999	0
8000	0
8001	0
8002	0
8003	0
8004	0
8005	0
8006	0
8007	0
8008	0
8009	0
8010	0
8011	0
8012	0
8013	0
8014	0
8015	0
8016	0
8017	0
8018	0
8019	0
8020	0
8021	0
8022	0
8023	0
8024	0
8025	0
8026	0
8027	0
8028	0
8029	0
8030	0
8031	0
8032	0
8033	0
8034	0
8035	0
8036	0
8037	0
8038	0
8039	0
8040	0
8041	0
8042	0
8043	0
8044	0
8045	0
8046	0
8047	0
8048	0
8049	0
8050	0
8051	0
8052	0
8053	0
8054	0
8055	0
8056	0
8057	0
8058	0
8059	0
8060	0
8061	0
8062	0
8063	0
8064	0
8065	0
8066	0
8067	0
8068	0
8069	0
8070	0
8071	0
8072	0
8073	0
8074	0
8075	0
8076	0
8077	0
8078	0
8079	0
8080	0
8081	0
8082	0
8083	0
8084	0
8085	0
8086	0
8087	0
8088	0
8089	0
8090	0
8091	0
8092	0
8093	0
8094	0
8095	0
8096	0
8097	0
8098	0
8099	0
8100	0
8101	0
8102	0
8103	0
8104	0
8105	0
8106	0
8107	0
8108	0
8109	0
8110	0
8111	0
8112	0
8113	0
8114	0
8115	0
8116	0
8117	0
8118	0
8119	0
8120	0
8121	0
8122	0
8123	0
8124	0
8125	0
8126	0
8127	0
8128	0
8129	0
8130	0
8131	0
8132	0
8133	0
8134	0
8135	0
8136	0
8137	0
8138	0
8139	0
8140	0
8141	0
8142	0
8143	0
8144	0
8145	0
8146	0
8147	0
8148	0
8149	0
8150	0
8151	0
8152	0
8153	0
8154	0
8155	0
8156	0
8157	0
8158	0
8159	0
8160	0
8161	0
8162	0
8163	0
8164	0
8165	0
8166	0
8167	0
8168	0
8169	0
8170	0
8171	0
8172	0
8173	0
8174	0
8175	0
8176	0
8177	0
8178	0
8179	0
8180	0
8181	0
8182	0
8183	0
8184	0
8185	0
8186	0
8187	0
8188	0
8189	0
8190	0
8191	0
