0	0
1	0
2	0
3	0
4	0
5	0
6	0
7	0
8	0
9	0
10	0
11	0
12	0
13	0
14	0
15	0
16	0
17	0
18	0
19	0
20	0
21	0
22	0
23	0
24	0
25	0
26	0
27	0
28	0
29	0
30	0
31	0
32	0
33	0
34	0
35	0
36	0
37	0
38	0
39	0
40	0
41	0
42	0
43	0
44	0
45	0
46	0
47	0
48	0
49	0
50	0
51	0
52	0
53	0
54	0
55	0
56	0
57	0
58	0
59	0
60	0
61	0
62	0
63	0
64	0
65	0
66	0
67	0
68	0
69	0
70	0
71	0
72	0
73	0
74	0
75	0
76	0
77	0
78	0
79	0
80	0
81	0
82	0
83	1
84	11
85	13
86	20
87	11
88	14
89	12
90	11
91	12
92	11
93	7
94	12
95	14
96	11
97	7
98	15
99	8
100	8
101	12
102	14
103	18
104	11
105	14
106	8
107	9
108	17
109	14
110	11
111	16
112	13
113	11
114	15
115	9
116	10
117	9
118	7
119	13
120	13
121	16
122	13
123	10
124	9
125	17
126	21
127	9
128	10
129	10
130	8
131	8
132	9
133	12
134	6
135	16
136	7
137	14
138	12
139	12
140	14
141	16
142	7
143	11
144	11
145	19
146	5
147	18
148	13
149	10
150	8
151	14
152	11
153	16
154	12
155	10
156	13
157	8
158	17
159	10
160	10
161	9
162	16
163	13
164	14
165	13
166	15
167	13
168	11
169	12
170	15
171	11
172	12
173	14
174	13
175	10
176	18
177	16
178	15
179	10
180	12
181	18
182	17
183	10
184	20
185	20
186	8
187	12
188	11
189	13
190	18
191	13
192	11
193	18
194	13
195	17
196	7
197	19
198	10
199	11
200	12
201	21
202	20
203	13
204	18
205	22
206	21
207	9
208	14
209	18
210	12
211	13
212	17
213	12
214	13
215	13
216	16
217	18
218	9
219	11
220	10
221	17
222	7
223	10
224	19
225	8
226	11
227	13
228	11
229	10
230	17
231	15
232	12
233	17
234	13
235	13
236	16
237	17
238	11
239	18
240	16
241	15
242	10
243	12
244	13
245	16
246	11
247	15
248	10
249	16
250	14
251	16
252	12
253	6
254	6
255	13
256	18
257	15
258	24
259	19
260	13
261	18
262	12
263	13
264	12
265	10
266	16
267	9
268	8
269	20
270	12
271	13
272	14
273	11
274	19
275	12
276	8
277	13
278	17
279	27
280	17
281	12
282	15
283	10
284	12
285	11
286	15
287	11
288	14
289	20
290	12
291	19
292	18
293	18
294	15
295	11
296	15
297	14
298	14
299	11
300	14
301	19
302	11
303	18
304	12
305	14
306	18
307	13
308	11
309	21
310	11
311	21
312	14
313	19
314	20
315	18
316	11
317	15
318	19
319	13
320	10
321	17
322	14
323	10
324	12
325	15
326	21
327	16
328	15
329	9
330	14
331	17
332	17
333	20
334	12
335	14
336	11
337	15
338	12
339	9
340	13
341	10
342	15
343	23
344	13
345	12
346	17
347	13
348	14
349	19
350	13
351	16
352	14
353	14
354	22
355	17
356	13
357	11
358	14
359	18
360	8
361	16
362	22
363	21
364	10
365	13
366	22
367	16
368	15
369	16
370	16
371	21
372	13
373	15
374	17
375	17
376	11
377	21
378	12
379	11
380	22
381	19
382	13
383	17
384	12
385	21
386	14
387	16
388	20
389	9
390	11
391	23
392	15
393	14
394	18
395	12
396	15
397	12
398	15
399	21
400	18
401	13
402	16
403	22
404	15
405	18
406	10
407	17
408	9
409	25
410	17
411	21
412	16
413	7
414	21
415	11
416	15
417	6
418	17
419	16
420	23
421	22
422	15
423	21
424	19
425	22
426	19
427	21
428	14
429	21
430	17
431	15
432	13
433	11
434	16
435	13
436	12
437	12
438	15
439	13
440	21
441	13
442	17
443	12
444	17
445	19
446	24
447	21
448	13
449	18
450	22
451	18
452	26
453	12
454	20
455	16
456	18
457	20
458	22
459	16
460	13
461	21
462	15
463	19
464	14
465	19
466	17
467	21
468	24
469	23
470	19
471	24
472	23
473	22
474	24
475	19
476	29
477	28
478	21
479	16
480	24
481	21
482	23
483	25
484	22
485	30
486	30
487	22
488	28
489	25
490	21
491	19
492	40
493	33
494	33
495	22
496	37
497	20
498	32
499	26
500	26
501	30
502	28
503	32
504	30
505	35
506	48
507	40
508	38
509	33
510	27
511	27
512	34
513	28
514	47
515	32
516	36
517	34
518	33
519	40
520	26
521	37
522	31
523	26
524	38
525	35
526	45
527	26
528	37
529	29
530	34
531	38
532	29
533	36
534	36
535	27
536	31
537	30
538	39
539	27
540	26
541	34
542	39
543	34
544	34
545	27
546	36
547	23
548	26
549	18
550	28
551	32
552	29
553	29
554	27
555	29
556	18
557	25
558	29
559	24
560	30
561	23
562	25
563	31
564	28
565	27
566	30
567	22
568	27
569	34
570	29
571	23
572	25
573	35
574	23
575	30
576	30
577	32
578	30
579	25
580	26
581	28
582	26
583	28
584	31
585	28
586	25
587	25
588	24
589	24
590	18
591	32
592	20
593	30
594	25
595	31
596	28
597	18
598	35
599	24
600	28
601	21
602	30
603	25
604	30
605	27
606	24
607	27
608	31
609	25
610	35
611	33
612	22
613	17
614	17
615	16
616	23
617	27
618	17
619	24
620	24
621	25
622	23
623	18
624	20
625	23
626	18
627	21
628	12
629	23
630	18
631	22
632	20
633	22
634	23
635	19
636	24
637	20
638	26
639	21
640	22
641	19
642	17
643	18
644	16
645	26
646	17
647	15
648	20
649	23
650	16
651	16
652	18
653	20
654	16
655	21
656	22
657	18
658	20
659	28
660	14
661	21
662	18
663	24
664	17
665	19
666	23
667	20
668	28
669	17
670	22
671	11
672	15
673	24
674	20
675	22
676	19
677	18
678	21
679	19
680	22
681	28
682	23
683	17
684	18
685	15
686	21
687	19
688	18
689	17
690	25
691	19
692	15
693	24
694	22
695	24
696	18
697	13
698	20
699	16
700	21
701	16
702	19
703	19
704	14
705	22
706	17
707	18
708	20
709	27
710	19
711	23
712	17
713	12
714	12
715	27
716	23
717	19
718	22
719	18
720	19
721	17
722	19
723	19
724	16
725	17
726	23
727	18
728	14
729	19
730	15
731	17
732	22
733	27
734	18
735	29
736	26
737	26
738	26
739	20
740	20
741	15
742	17
743	19
744	25
745	16
746	22
747	19
748	16
749	19
750	23
751	12
752	29
753	20
754	24
755	21
756	29
757	28
758	14
759	19
760	19
761	17
762	17
763	31
764	19
765	22
766	21
767	24
768	14
769	20
770	22
771	24
772	30
773	28
774	22
775	22
776	21
777	22
778	16
779	30
780	20
781	21
782	18
783	17
784	22
785	23
786	29
787	22
788	25
789	16
790	30
791	30
792	19
793	22
794	20
795	32
796	19
797	29
798	22
799	30
800	21
801	14
802	21
803	27
804	18
805	24
806	26
807	19
808	23
809	20
810	25
811	22
812	21
813	24
814	18
815	30
816	18
817	32
818	33
819	25
820	23
821	26
822	29
823	23
824	28
825	25
826	18
827	26
828	19
829	37
830	28
831	26
832	27
833	24
834	28
835	28
836	26
837	29
838	21
839	29
840	25
841	17
842	32
843	22
844	32
845	32
846	21
847	29
848	24
849	24
850	23
851	36
852	31
853	28
854	30
855	24
856	24
857	23
858	25
859	24
860	28
861	23
862	19
863	34
864	29
865	24
866	37
867	34
868	22
869	15
870	31
871	33
872	23
873	31
874	20
875	23
876	28
877	26
878	25
879	25
880	21
881	25
882	31
883	23
884	34
885	18
886	31
887	26
888	20
889	28
890	22
891	21
892	20
893	34
894	31
895	35
896	28
897	24
898	21
899	33
900	34
901	23
902	29
903	21
904	27
905	20
906	38
907	24
908	23
909	27
910	28
911	25
912	28
913	26
914	24
915	34
916	25
917	35
918	18
919	27
920	40
921	32
922	27
923	24
924	26
925	26
926	25
927	21
928	27
929	23
930	25
931	26
932	38
933	19
934	29
935	29
936	28
937	35
938	33
939	28
940	34
941	28
942	36
943	30
944	26
945	27
946	36
947	28
948	24
949	25
950	26
951	25
952	26
953	29
954	35
955	24
956	20
957	28
958	27
959	24
960	23
961	25
962	34
963	31
964	28
965	42
966	24
967	26
968	31
969	21
970	25
971	28
972	25
973	28
974	35
975	38
976	31
977	40
978	16
979	33
980	32
981	17
982	31
983	28
984	21
985	31
986	37
987	36
988	25
989	16
990	30
991	30
992	19
993	34
994	27
995	33
996	32
997	23
998	27
999	34
1000	34
1001	38
1002	27
1003	35
1004	35
1005	31
1006	24
1007	34
1008	25
1009	35
1010	38
1011	20
1012	36
1013	28
1014	37
1015	31
1016	46
1017	29
1018	25
1019	34
1020	31
1021	20
1022	29
1023	34
1024	26
1025	36
1026	35
1027	27
1028	30
1029	32
1030	31
1031	44
1032	36
1033	28
1034	29
1035	44
1036	27
1037	23
1038	26
1039	39
1040	40
1041	26
1042	26
1043	33
1044	36
1045	29
1046	29
1047	35
1048	35
1049	32
1050	35
1051	41
1052	41
1053	22
1054	27
1055	27
1056	28
1057	42
1058	27
1059	33
1060	32
1061	37
1062	36
1063	28
1064	30
1065	28
1066	44
1067	37
1068	37
1069	37
1070	25
1071	32
1072	29
1073	37
1074	29
1075	45
1076	29
1077	37
1078	29
1079	34
1080	35
1081	30
1082	33
1083	35
1084	33
1085	21
1086	45
1087	35
1088	43
1089	32
1090	29
1091	45
1092	33
1093	31
1094	41
1095	36
1096	43
1097	27
1098	35
1099	28
1100	28
1101	31
1102	32
1103	30
1104	35
1105	28
1106	26
1107	36
1108	37
1109	37
1110	39
1111	24
1112	29
1113	37
1114	17
1115	32
1116	30
1117	33
1118	40
1119	34
1120	32
1121	25
1122	30
1123	28
1124	34
1125	36
1126	33
1127	49
1128	44
1129	46
1130	36
1131	28
1132	27
1133	29
1134	38
1135	34
1136	34
1137	31
1138	34
1139	40
1140	39
1141	20
1142	35
1143	34
1144	25
1145	27
1146	29
1147	35
1148	47
1149	33
1150	36
1151	37
1152	30
1153	41
1154	36
1155	41
1156	21
1157	39
1158	47
1159	35
1160	36
1161	43
1162	29
1163	45
1164	34
1165	35
1166	32
1167	37
1168	38
1169	39
1170	44
1171	45
1172	31
1173	39
1174	28
1175	46
1176	36
1177	37
1178	42
1179	41
1180	31
1181	39
1182	33
1183	41
1184	41
1185	43
1186	33
1187	37
1188	39
1189	38
1190	38
1191	37
1192	35
1193	41
1194	43
1195	37
1196	45
1197	36
1198	38
1199	35
1200	30
1201	26
1202	33
1203	23
1204	48
1205	53
1206	37
1207	36
1208	48
1209	32
1210	31
1211	33
1212	27
1213	44
1214	41
1215	42
1216	35
1217	27
1218	48
1219	43
1220	37
1221	46
1222	39
1223	36
1224	32
1225	37
1226	32
1227	44
1228	32
1229	32
1230	35
1231	27
1232	33
1233	45
1234	42
1235	32
1236	39
1237	46
1238	22
1239	42
1240	28
1241	41
1242	43
1243	29
1244	40
1245	40
1246	37
1247	37
1248	36
1249	51
1250	43
1251	55
1252	52
1253	35
1254	41
1255	37
1256	40
1257	37
1258	51
1259	45
1260	40
1261	45
1262	29
1263	49
1264	49
1265	34
1266	44
1267	35
1268	34
1269	49
1270	42
1271	41
1272	51
1273	48
1274	51
1275	45
1276	43
1277	38
1278	36
1279	44
1280	36
1281	38
1282	42
1283	48
1284	41
1285	49
1286	42
1287	35
1288	37
1289	42
1290	43
1291	34
1292	41
1293	54
1294	40
1295	39
1296	37
1297	36
1298	43
1299	43
1300	37
1301	34
1302	37
1303	43
1304	48
1305	49
1306	21
1307	36
1308	49
1309	46
1310	50
1311	54
1312	50
1313	40
1314	53
1315	38
1316	36
1317	42
1318	40
1319	47
1320	52
1321	34
1322	36
1323	35
1324	41
1325	52
1326	50
1327	43
1328	33
1329	43
1330	53
1331	47
1332	39
1333	44
1334	43
1335	48
1336	35
1337	59
1338	45
1339	46
1340	46
1341	48
1342	52
1343	46
1344	51
1345	51
1346	55
1347	43
1348	51
1349	38
1350	46
1351	58
1352	55
1353	45
1354	62
1355	54
1356	44
1357	55
1358	46
1359	42
1360	46
1361	46
1362	55
1363	51
1364	58
1365	53
1366	46
1367	55
1368	51
1369	49
1370	47
1371	57
1372	50
1373	41
1374	53
1375	46
1376	61
1377	56
1378	44
1379	59
1380	45
1381	59
1382	44
1383	53
1384	61
1385	59
1386	49
1387	53
1388	66
1389	63
1390	63
1391	46
1392	61
1393	51
1394	48
1395	61
1396	67
1397	49
1398	61
1399	48
1400	57
1401	63
1402	62
1403	67
1404	57
1405	58
1406	73
1407	56
1408	54
1409	65
1410	51
1411	72
1412	71
1413	60
1414	77
1415	73
1416	68
1417	65
1418	62
1419	66
1420	69
1421	58
1422	72
1423	52
1424	59
1425	72
1426	78
1427	66
1428	83
1429	71
1430	77
1431	76
1432	61
1433	66
1434	59
1435	73
1436	68
1437	74
1438	62
1439	87
1440	68
1441	64
1442	66
1443	81
1444	87
1445	55
1446	79
1447	77
1448	62
1449	77
1450	76
1451	70
1452	73
1453	58
1454	70
1455	86
1456	80
1457	77
1458	73
1459	78
1460	80
1461	69
1462	80
1463	78
1464	69
1465	68
1466	73
1467	83
1468	85
1469	70
1470	69
1471	76
1472	77
1473	79
1474	76
1475	70
1476	64
1477	61
1478	80
1479	80
1480	81
1481	61
1482	79
1483	74
1484	64
1485	84
1486	78
1487	80
1488	79
1489	90
1490	85
1491	87
1492	84
1493	87
1494	90
1495	79
1496	61
1497	69
1498	80
1499	85
1500	92
1501	67
1502	81
1503	75
1504	78
1505	78
1506	60
1507	77
1508	77
1509	78
1510	83
1511	81
1512	83
1513	78
1514	69
1515	57
1516	77
1517	78
1518	77
1519	67
1520	90
1521	70
1522	67
1523	80
1524	76
1525	86
1526	84
1527	92
1528	85
1529	84
1530	70
1531	71
1532	77
1533	72
1534	104
1535	73
1536	73
1537	66
1538	62
1539	82
1540	95
1541	67
1542	94
1543	82
1544	76
1545	76
1546	88
1547	93
1548	79
1549	77
1550	72
1551	83
1552	74
1553	69
1554	75
1555	70
1556	75
1557	86
1558	77
1559	78
1560	65
1561	79
1562	76
1563	68
1564	83
1565	81
1566	72
1567	68
1568	76
1569	79
1570	84
1571	67
1572	83
1573	84
1574	72
1575	77
1576	71
1577	82
1578	71
1579	71
1580	72
1581	65
1582	84
1583	61
1584	70
1585	69
1586	53
1587	66
1588	87
1589	70
1590	69
1591	68
1592	65
1593	70
1594	60
1595	67
1596	64
1597	67
1598	78
1599	70
1600	66
1601	60
1602	68
1603	61
1604	57
1605	72
1606	82
1607	68
1608	71
1609	59
1610	67
1611	70
1612	61
1613	69
1614	68
1615	61
1616	48
1617	68
1618	72
1619	62
1620	62
1621	69
1622	52
1623	70
1624	60
1625	60
1626	73
1627	54
1628	57
1629	56
1630	73
1631	62
1632	70
1633	70
1634	63
1635	62
1636	66
1637	51
1638	69
1639	62
1640	58
1641	44
1642	60
1643	49
1644	77
1645	64
1646	61
1647	63
1648	51
1649	43
1650	51
1651	62
1652	63
1653	52
1654	64
1655	64
1656	50
1657	52
1658	62
1659	54
1660	46
1661	51
1662	49
1663	52
1664	61
1665	47
1666	53
1667	59
1668	54
1669	44
1670	54
1671	50
1672	46
1673	53
1674	63
1675	39
1676	45
1677	43
1678	49
1679	54
1680	57
1681	46
1682	50
1683	67
1684	58
1685	53
1686	53
1687	52
1688	51
1689	49
1690	52
1691	59
1692	62
1693	47
1694	47
1695	49
1696	41
1697	42
1698	40
1699	47
1700	46
1701	43
1702	35
1703	42
1704	42
1705	37
1706	34
1707	32
1708	35
1709	50
1710	37
1711	48
1712	39
1713	50
1714	44
1715	36
1716	46
1717	43
1718	50
1719	41
1720	36
1721	39
1722	29
1723	45
1724	42
1725	41
1726	36
1727	41
1728	44
1729	30
1730	36
1731	36
1732	39
1733	36
1734	38
1735	42
1736	40
1737	35
1738	44
1739	30
1740	43
1741	40
1742	33
1743	30
1744	32
1745	35
1746	37
1747	22
1748	34
1749	38
1750	38
1751	42
1752	35
1753	34
1754	28
1755	30
1756	33
1757	44
1758	38
1759	38
1760	49
1761	34
1762	36
1763	37
1764	41
1765	50
1766	38
1767	33
1768	30
1769	34
1770	37
1771	33
1772	30
1773	28
1774	31
1775	42
1776	27
1777	33
1778	35
1779	41
1780	31
1781	29
1782	29
1783	40
1784	28
1785	38
1786	26
1787	23
1788	33
1789	32
1790	30
1791	32
1792	34
1793	35
1794	35
1795	29
1796	23
1797	25
1798	27
1799	30
1800	33
1801	21
1802	37
1803	27
1804	26
1805	26
1806	29
1807	23
1808	30
1809	31
1810	33
1811	27
1812	35
1813	32
1814	31
1815	24
1816	34
1817	33
1818	23
1819	25
1820	26
1821	25
1822	29
1823	32
1824	31
1825	25
1826	19
1827	30
1828	33
1829	24
1830	30
1831	43
1832	33
1833	28
1834	26
1835	29
1836	27
1837	24
1838	31
1839	28
1840	17
1841	19
1842	23
1843	27
1844	29
1845	18
1846	27
1847	21
1848	26
1849	26
1850	21
1851	33
1852	27
1853	27
1854	26
1855	27
1856	15
1857	29
1858	19
1859	31
1860	26
1861	23
1862	26
1863	26
1864	26
1865	26
1866	28
1867	29
1868	28
1869	22
1870	22
1871	30
1872	21
1873	24
1874	18
1875	30
1876	20
1877	21
1878	27
1879	17
1880	20
1881	22
1882	34
1883	25
1884	33
1885	26
1886	25
1887	30
1888	17
1889	20
1890	15
1891	25
1892	20
1893	26
1894	23
1895	25
1896	14
1897	18
1898	18
1899	26
1900	19
1901	23
1902	24
1903	34
1904	15
1905	23
1906	33
1907	18
1908	26
1909	21
1910	25
1911	21
1912	19
1913	20
1914	27
1915	24
1916	24
1917	23
1918	19
1919	22
1920	25
1921	25
1922	17
1923	25
1924	23
1925	30
1926	19
1927	21
1928	20
1929	21
1930	20
1931	32
1932	17
1933	27
1934	16
1935	23
1936	19
1937	15
1938	23
1939	21
1940	14
1941	16
1942	10
1943	26
1944	16
1945	25
1946	24
1947	19
1948	17
1949	23
1950	20
1951	21
1952	18
1953	9
1954	16
1955	20
1956	21
1957	18
1958	20
1959	14
1960	18
1961	16
1962	22
1963	19
1964	23
1965	11
1966	22
1967	8
1968	11
1969	25
1970	15
1971	17
1972	28
1973	22
1974	18
1975	14
1976	21
1977	17
1978	25
1979	25
1980	16
1981	20
1982	21
1983	16
1984	21
1985	27
1986	22
1987	22
1988	16
1989	11
1990	18
1991	17
1992	18
1993	23
1994	19
1995	14
1996	20
1997	15
1998	25
1999	12
2000	19
2001	19
2002	15
2003	14
2004	16
2005	12
2006	18
2007	15
2008	23
2009	13
2010	16
2011	13
2012	16
2013	21
2014	20
2015	11
2016	11
2017	14
2018	24
2019	14
2020	16
2021	19
2022	18
2023	30
2024	23
2025	18
2026	13
2027	14
2028	16
2029	15
2030	26
2031	17
2032	15
2033	20
2034	21
2035	17
2036	15
2037	18
2038	15
2039	21
2040	13
2041	20
2042	15
2043	20
2044	21
2045	18
2046	26
2047	17
2048	22
2049	21
2050	12
2051	12
2052	10
2053	11
2054	20
2055	13
2056	13
2057	20
2058	22
2059	13
2060	13
2061	20
2062	25
2063	28
2064	18
2065	15
2066	10
2067	18
2068	14
2069	19
2070	15
2071	24
2072	16
2073	18
2074	18
2075	18
2076	15
2077	13
2078	13
2079	17
2080	13
2081	15
2082	15
2083	19
2084	20
2085	9
2086	11
2087	13
2088	22
2089	17
2090	12
2091	12
2092	15
2093	19
2094	12
2095	13
2096	16
2097	17
2098	26
2099	7
2100	14
2101	12
2102	12
2103	16
2104	19
2105	20
2106	17
2107	17
2108	10
2109	11
2110	14
2111	17
2112	17
2113	13
2114	20
2115	21
2116	19
2117	13
2118	19
2119	20
2120	10
2121	19
2122	13
2123	20
2124	13
2125	20
2126	19
2127	18
2128	11
2129	14
2130	12
2131	14
2132	20
2133	11
2134	9
2135	14
2136	16
2137	10
2138	14
2139	20
2140	13
2141	17
2142	14
2143	19
2144	15
2145	15
2146	18
2147	10
2148	20
2149	17
2150	14
2151	11
2152	15
2153	13
2154	18
2155	12
2156	20
2157	20
2158	8
2159	13
2160	11
2161	16
2162	9
2163	11
2164	18
2165	15
2166	18
2167	6
2168	14
2169	8
2170	18
2171	21
2172	9
2173	10
2174	15
2175	10
2176	16
2177	16
2178	15
2179	9
2180	16
2181	13
2182	11
2183	13
2184	10
2185	13
2186	19
2187	19
2188	10
2189	19
2190	13
2191	15
2192	10
2193	10
2194	12
2195	12
2196	13
2197	7
2198	17
2199	23
2200	7
2201	13
2202	15
2203	10
2204	13
2205	21
2206	17
2207	6
2208	19
2209	15
2210	12
2211	14
2212	12
2213	14
2214	11
2215	11
2216	12
2217	12
2218	13
2219	14
2220	13
2221	20
2222	19
2223	17
2224	14
2225	15
2226	18
2227	11
2228	23
2229	9
2230	12
2231	12
2232	15
2233	15
2234	10
2235	11
2236	15
2237	14
2238	7
2239	22
2240	8
2241	14
2242	20
2243	10
2244	10
2245	11
2246	13
2247	9
2248	16
2249	13
2250	11
2251	12
2252	13
2253	7
2254	13
2255	14
2256	17
2257	10
2258	14
2259	14
2260	8
2261	23
2262	10
2263	16
2264	16
2265	11
2266	13
2267	11
2268	11
2269	19
2270	12
2271	13
2272	9
2273	19
2274	16
2275	14
2276	20
2277	18
2278	10
2279	10
2280	20
2281	15
2282	16
2283	13
2284	12
2285	7
2286	14
2287	7
2288	12
2289	18
2290	14
2291	10
2292	15
2293	7
2294	15
2295	10
2296	7
2297	17
2298	13
2299	8
2300	23
2301	11
2302	10
2303	13
2304	8
2305	12
2306	15
2307	11
2308	10
2309	14
2310	11
2311	4
2312	9
2313	12
2314	16
2315	17
2316	11
2317	14
2318	11
2319	10
2320	9
2321	17
2322	8
2323	14
2324	13
2325	13
2326	4
2327	9
2328	11
2329	14
2330	9
2331	13
2332	18
2333	11
2334	18
2335	8
2336	17
2337	12
2338	10
2339	10
2340	15
2341	15
2342	14
2343	7
2344	9
2345	15
2346	20
2347	13
2348	11
2349	15
2350	16
2351	9
2352	8
2353	16
2354	13
2355	9
2356	14
2357	15
2358	17
2359	12
2360	14
2361	11
2362	8
2363	11
2364	12
2365	16
2366	8
2367	9
2368	10
2369	15
2370	13
2371	13
2372	15
2373	16
2374	10
2375	19
2376	16
2377	18
2378	12
2379	11
2380	17
2381	23
2382	12
2383	15
2384	8
2385	18
2386	13
2387	12
2388	16
2389	12
2390	13
2391	9
2392	8
2393	17
2394	12
2395	17
2396	17
2397	10
2398	12
2399	10
2400	9
2401	12
2402	11
2403	4
2404	7
2405	12
2406	9
2407	9
2408	8
2409	13
2410	13
2411	11
2412	12
2413	13
2414	11
2415	12
2416	12
2417	11
2418	12
2419	7
2420	11
2421	14
2422	14
2423	14
2424	10
2425	14
2426	8
2427	8
2428	11
2429	10
2430	3
2431	19
2432	18
2433	6
2434	17
2435	18
2436	11
2437	11
2438	19
2439	10
2440	13
2441	5
2442	14
2443	10
2444	17
2445	11
2446	16
2447	9
2448	14
2449	14
2450	8
2451	7
2452	10
2453	9
2454	8
2455	10
2456	12
2457	3
2458	5
2459	14
2460	17
2461	8
2462	13
2463	13
2464	6
2465	20
2466	11
2467	9
2468	13
2469	9
2470	9
2471	7
2472	7
2473	12
2474	12
2475	10
2476	12
2477	13
2478	8
2479	21
2480	12
2481	9
2482	12
2483	9
2484	16
2485	21
2486	13
2487	6
2488	10
2489	17
2490	12
2491	10
2492	14
2493	14
2494	8
2495	15
2496	11
2497	8
2498	18
2499	14
2500	7
2501	10
2502	8
2503	9
2504	10
2505	15
2506	9
2507	8
2508	5
2509	14
2510	9
2511	5
2512	5
2513	10
2514	20
2515	11
2516	15
2517	14
2518	13
2519	4
2520	14
2521	16
2522	17
2523	10
2524	10
2525	10
2526	14
2527	7
2528	10
2529	15
2530	14
2531	10
2532	19
2533	9
2534	8
2535	12
2536	8
2537	8
2538	5
2539	10
2540	6
2541	9
2542	8
2543	10
2544	8
2545	9
2546	5
2547	14
2548	14
2549	9
2550	14
2551	10
2552	16
2553	11
2554	11
2555	12
2556	14
2557	16
2558	12
2559	8
2560	10
2561	13
2562	13
2563	8
2564	12
2565	7
2566	5
2567	13
2568	10
2569	9
2570	14
2571	12
2572	10
2573	12
2574	6
2575	7
2576	8
2577	11
2578	11
2579	11
2580	8
2581	12
2582	12
2583	11
2584	10
2585	13
2586	10
2587	10
2588	12
2589	17
2590	11
2591	11
2592	14
2593	6
2594	9
2595	12
2596	10
2597	7
2598	10
2599	9
2600	15
2601	12
2602	9
2603	8
2604	9
2605	15
2606	6
2607	13
2608	14
2609	9
2610	13
2611	5
2612	10
2613	8
2614	15
2615	9
2616	12
2617	13
2618	8
2619	13
2620	8
2621	8
2622	14
2623	10
2624	12
2625	9
2626	17
2627	8
2628	10
2629	10
2630	8
2631	5
2632	11
2633	5
2634	10
2635	7
2636	8
2637	9
2638	21
2639	8
2640	15
2641	10
2642	11
2643	10
2644	4
2645	15
2646	8
2647	15
2648	11
2649	6
2650	10
2651	8
2652	6
2653	10
2654	2
2655	6
2656	5
2657	12
2658	11
2659	8
2660	13
2661	10
2662	11
2663	11
2664	8
2665	7
2666	10
2667	15
2668	11
2669	11
2670	5
2671	4
2672	9
2673	16
2674	5
2675	14
2676	8
2677	11
2678	12
2679	10
2680	8
2681	6
2682	8
2683	11
2684	4
2685	9
2686	10
2687	14
2688	7
2689	10
2690	14
2691	13
2692	4
2693	9
2694	9
2695	6
2696	11
2697	10
2698	15
2699	5
2700	10
2701	4
2702	9
2703	8
2704	9
2705	14
2706	6
2707	11
2708	12
2709	7
2710	12
2711	14
2712	5
2713	14
2714	9
2715	11
2716	16
2717	11
2718	6
2719	9
2720	12
2721	8
2722	10
2723	13
2724	14
2725	6
2726	11
2727	11
2728	8
2729	11
2730	21
2731	14
2732	8
2733	9
2734	9
2735	10
2736	10
2737	5
2738	15
2739	9
2740	15
2741	7
2742	7
2743	7
2744	9
2745	10
2746	12
2747	9
2748	8
2749	8
2750	8
2751	13
2752	8
2753	7
2754	10
2755	9
2756	9
2757	9
2758	8
2759	6
2760	7
2761	13
2762	11
2763	11
2764	8
2765	13
2766	7
2767	11
2768	12
2769	9
2770	8
2771	4
2772	17
2773	7
2774	12
2775	5
2776	6
2777	6
2778	8
2779	11
2780	10
2781	10
2782	8
2783	7
2784	8
2785	11
2786	7
2787	6
2788	12
2789	7
2790	9
2791	10
2792	4
2793	10
2794	9
2795	8
2796	9
2797	12
2798	13
2799	11
2800	6
2801	13
2802	8
2803	7
2804	7
2805	14
2806	14
2807	12
2808	15
2809	12
2810	18
2811	10
2812	12
2813	14
2814	16
2815	15
2816	13
2817	13
2818	6
2819	12
2820	9
2821	6
2822	7
2823	13
2824	2
2825	10
2826	14
2827	11
2828	5
2829	10
2830	8
2831	10
2832	11
2833	15
2834	9
2835	14
2836	4
2837	8
2838	11
2839	13
2840	10
2841	17
2842	7
2843	12
2844	7
2845	8
2846	3
2847	11
2848	9
2849	8
2850	10
2851	13
2852	17
2853	5
2854	7
2855	9
2856	4
2857	9
2858	16
2859	4
2860	7
2861	7
2862	11
2863	11
2864	3
2865	9
2866	3
2867	10
2868	8
2869	9
2870	13
2871	7
2872	9
2873	12
2874	7
2875	11
2876	8
2877	10
2878	15
2879	15
2880	14
2881	6
2882	7
2883	9
2884	12
2885	8
2886	7
2887	10
2888	10
2889	11
2890	8
2891	6
2892	8
2893	9
2894	11
2895	10
2896	13
2897	11
2898	7
2899	12
2900	8
2901	3
2902	8
2903	6
2904	5
2905	7
2906	8
2907	10
2908	8
2909	8
2910	7
2911	10
2912	8
2913	13
2914	8
2915	13
2916	9
2917	6
2918	9
2919	3
2920	5
2921	10
2922	8
2923	7
2924	7
2925	9
2926	11
2927	5
2928	15
2929	10
2930	14
2931	14
2932	14
2933	7
2934	17
2935	7
2936	8
2937	9
2938	6
2939	8
2940	10
2941	10
2942	8
2943	12
2944	4
2945	11
2946	10
2947	10
2948	9
2949	8
2950	7
2951	11
2952	8
2953	10
2954	7
2955	6
2956	11
2957	10
2958	11
2959	9
2960	9
2961	10
2962	16
2963	11
2964	7
2965	5
2966	8
2967	14
2968	14
2969	6
2970	9
2971	6
2972	7
2973	9
2974	7
2975	8
2976	6
2977	8
2978	8
2979	8
2980	8
2981	9
2982	13
2983	9
2984	4
2985	4
2986	10
2987	7
2988	6
2989	6
2990	16
2991	9
2992	11
2993	4
2994	13
2995	5
2996	8
2997	8
2998	8
2999	13
3000	11
3001	16
3002	11
3003	13
3004	8
3005	10
3006	7
3007	10
3008	9
3009	8
3010	7
3011	5
3012	3
3013	7
3014	13
3015	8
3016	8
3017	6
3018	6
3019	10
3020	10
3021	6
3022	14
3023	7
3024	8
3025	9
3026	11
3027	6
3028	8
3029	12
3030	7
3031	10
3032	4
3033	9
3034	6
3035	8
3036	6
3037	16
3038	6
3039	13
3040	8
3041	12
3042	11
3043	11
3044	11
3045	7
3046	5
3047	9
3048	9
3049	8
3050	11
3051	9
3052	5
3053	8
3054	12
3055	5
3056	9
3057	7
3058	15
3059	10
3060	10
3061	8
3062	4
3063	3
3064	5
3065	11
3066	11
3067	5
3068	9
3069	12
3070	15
3071	9
3072	9
3073	7
3074	11
3075	11
3076	9
3077	5
3078	9
3079	9
3080	12
3081	13
3082	10
3083	3
3084	7
3085	7
3086	11
3087	13
3088	10
3089	12
3090	2
3091	11
3092	8
3093	9
3094	9
3095	8
3096	13
3097	10
3098	9
3099	8
3100	8
3101	12
3102	7
3103	10
3104	10
3105	12
3106	5
3107	7
3108	9
3109	4
3110	7
3111	7
3112	7
3113	9
3114	4
3115	9
3116	11
3117	10
3118	6
3119	11
3120	7
3121	7
3122	10
3123	9
3124	10
3125	7
3126	16
3127	8
3128	7
3129	14
3130	7
3131	7
3132	8
3133	10
3134	4
3135	10
3136	9
3137	10
3138	6
3139	10
3140	5
3141	7
3142	8
3143	5
3144	14
3145	3
3146	12
3147	13
3148	12
3149	17
3150	12
3151	8
3152	8
3153	7
3154	9
3155	11
3156	8
3157	9
3158	14
3159	6
3160	5
3161	6
3162	16
3163	12
3164	6
3165	6
3166	8
3167	4
3168	14
3169	14
3170	10
3171	5
3172	8
3173	10
3174	11
3175	5
3176	7
3177	6
3178	5
3179	7
3180	14
3181	4
3182	8
3183	10
3184	9
3185	10
3186	13
3187	6
3188	9
3189	5
3190	10
3191	10
3192	7
3193	8
3194	12
3195	11
3196	11
3197	8
3198	11
3199	13
3200	12
3201	10
3202	6
3203	8
3204	4
3205	8
3206	10
3207	9
3208	3
3209	10
3210	13
3211	5
3212	9
3213	9
3214	12
3215	16
3216	3
3217	9
3218	12
3219	8
3220	8
3221	12
3222	8
3223	13
3224	7
3225	9
3226	16
3227	3
3228	7
3229	10
3230	10
3231	13
3232	11
3233	4
3234	8
3235	11
3236	5
3237	3
3238	11
3239	8
3240	8
3241	7
3242	14
3243	10
3244	7
3245	7
3246	12
3247	11
3248	13
3249	5
3250	12
3251	15
3252	12
3253	11
3254	8
3255	8
3256	5
3257	12
3258	7
3259	9
3260	12
3261	15
3262	12
3263	9
3264	7
3265	11
3266	4
3267	13
3268	11
3269	13
3270	9
3271	10
3272	11
3273	10
3274	5
3275	5
3276	9
3277	9
3278	7
3279	7
3280	11
3281	12
3282	9
3283	8
3284	10
3285	10
3286	5
3287	6
3288	15
3289	13
3290	9
3291	10
3292	7
3293	9
3294	17
3295	9
3296	3
3297	7
3298	7
3299	13
3300	10
3301	6
3302	10
3303	11
3304	12
3305	8
3306	12
3307	8
3308	4
3309	10
3310	14
3311	8
3312	9
3313	10
3314	10
3315	7
3316	8
3317	5
3318	10
3319	7
3320	8
3321	12
3322	9
3323	10
3324	12
3325	9
3326	6
3327	10
3328	11
3329	11
3330	12
3331	6
3332	7
3333	7
3334	8
3335	6
3336	8
3337	9
3338	10
3339	11
3340	3
3341	11
3342	11
3343	13
3344	8
3345	11
3346	12
3347	8
3348	14
3349	10
3350	3
3351	7
3352	3
3353	7
3354	12
3355	7
3356	8
3357	14
3358	10
3359	10
3360	7
3361	7
3362	11
3363	9
3364	16
3365	9
3366	5
3367	9
3368	7
3369	8
3370	10
3371	3
3372	7
3373	5
3374	10
3375	14
3376	11
3377	9
3378	5
3379	17
3380	8
3381	5
3382	10
3383	11
3384	6
3385	9
3386	8
3387	11
3388	9
3389	11
3390	7
3391	11
3392	13
3393	5
3394	10
3395	9
3396	9
3397	8
3398	15
3399	14
3400	13
3401	8
3402	11
3403	13
3404	17
3405	6
3406	9
3407	11
3408	11
3409	8
3410	14
3411	7
3412	4
3413	15
3414	11
3415	6
3416	11
3417	12
3418	7
3419	10
3420	10
3421	11
3422	4
3423	11
3424	10
3425	11
3426	9
3427	10
3428	4
3429	11
3430	5
3431	13
3432	12
3433	15
3434	12
3435	9
3436	11
3437	10
3438	11
3439	15
3440	15
3441	4
3442	10
3443	9
3444	8
3445	2
3446	12
3447	9
3448	8
3449	12
3450	13
3451	12
3452	4
3453	4
3454	9
3455	11
3456	9
3457	8
3458	11
3459	6
3460	7
3461	8
3462	13
3463	9
3464	12
3465	11
3466	6
3467	6
3468	14
3469	7
3470	14
3471	5
3472	16
3473	7
3474	8
3475	10
3476	13
3477	8
3478	7
3479	16
3480	5
3481	10
3482	7
3483	12
3484	13
3485	10
3486	8
3487	9
3488	12
3489	4
3490	14
3491	12
3492	14
3493	4
3494	12
3495	10
3496	11
3497	9
3498	8
3499	7
3500	12
3501	11
3502	11
3503	11
3504	9
3505	9
3506	15
3507	8
3508	7
3509	9
3510	12
3511	15
3512	4
3513	6
3514	12
3515	7
3516	14
3517	8
3518	7
3519	9
3520	8
3521	15
3522	9
3523	10
3524	13
3525	6
3526	16
3527	8
3528	6
3529	15
3530	9
3531	13
3532	7
3533	9
3534	18
3535	9
3536	12
3537	15
3538	10
3539	11
3540	10
3541	6
3542	13
3543	10
3544	8
3545	17
3546	15
3547	13
3548	16
3549	15
3550	16
3551	13
3552	8
3553	9
3554	14
3555	10
3556	18
3557	9
3558	7
3559	10
3560	10
3561	9
3562	15
3563	14
3564	10
3565	10
3566	12
3567	12
3568	11
3569	7
3570	12
3571	10
3572	7
3573	10
3574	5
3575	6
3576	11
3577	8
3578	18
3579	12
3580	7
3581	14
3582	8
3583	18
3584	12
3585	10
3586	14
3587	10
3588	10
3589	5
3590	8
3591	10
3592	9
3593	17
3594	12
3595	8
3596	13
3597	11
3598	10
3599	17
3600	2
3601	7
3602	14
3603	12
3604	13
3605	16
3606	8
3607	15
3608	14
3609	8
3610	16
3611	15
3612	8
3613	13
3614	14
3615	17
3616	12
3617	5
3618	10
3619	10
3620	8
3621	18
3622	17
3623	14
3624	21
3625	11
3626	15
3627	10
3628	8
3629	6
3630	9
3631	7
3632	12
3633	9
3634	15
3635	11
3636	9
3637	10
3638	14
3639	12
3640	15
3641	14
3642	13
3643	15
3644	12
3645	16
3646	12
3647	15
3648	6
3649	9
3650	8
3651	18
3652	13
3653	17
3654	12
3655	16
3656	10
3657	13
3658	16
3659	6
3660	16
3661	11
3662	5
3663	15
3664	15
3665	11
3666	9
3667	13
3668	11
3669	12
3670	11
3671	5
3672	10
3673	9
3674	10
3675	10
3676	9
3677	7
3678	11
3679	20
3680	7
3681	10
3682	16
3683	8
3684	11
3685	20
3686	9
3687	10
3688	15
3689	16
3690	18
3691	20
3692	17
3693	13
3694	10
3695	9
3696	14
3697	12
3698	17
3699	9
3700	14
3701	15
3702	13
3703	12
3704	16
3705	17
3706	14
3707	15
3708	12
3709	11
3710	9
3711	8
3712	13
3713	13
3714	21
3715	6
3716	11
3717	17
3718	11
3719	17
3720	9
3721	10
3722	12
3723	10
3724	12
3725	8
3726	12
3727	9
3728	16
3729	14
3730	15
3731	10
3732	19
3733	11
3734	14
3735	7
3736	11
3737	13
3738	12
3739	16
3740	12
3741	11
3742	12
3743	17
3744	10
3745	9
3746	13
3747	13
3748	11
3749	7
3750	15
3751	9
3752	14
3753	11
3754	9
3755	11
3756	7
3757	6
3758	13
3759	9
3760	7
3761	20
3762	13
3763	15
3764	9
3765	7
3766	16
3767	10
3768	13
3769	14
3770	7
3771	7
3772	11
3773	15
3774	14
3775	13
3776	16
3777	8
3778	9
3779	7
3780	9
3781	6
3782	8
3783	8
3784	23
3785	13
3786	11
3787	12
3788	10
3789	19
3790	11
3791	5
3792	9
3793	13
3794	14
3795	18
3796	13
3797	9
3798	8
3799	20
3800	13
3801	14
3802	11
3803	10
3804	9
3805	14
3806	16
3807	13
3808	8
3809	5
3810	11
3811	11
3812	11
3813	11
3814	12
3815	14
3816	10
3817	9
3818	8
3819	13
3820	10
3821	6
3822	14
3823	11
3824	10
3825	16
3826	8
3827	8
3828	12
3829	12
3830	5
3831	12
3832	13
3833	7
3834	6
3835	9
3836	12
3837	10
3838	16
3839	17
3840	14
3841	10
3842	7
3843	8
3844	11
3845	8
3846	11
3847	7
3848	4
3849	9
3850	6
3851	8
3852	10
3853	7
3854	9
3855	6
3856	10
3857	8
3858	9
3859	8
3860	13
3861	11
3862	11
3863	8
3864	13
3865	19
3866	8
3867	14
3868	11
3869	7
3870	5
3871	9
3872	6
3873	11
3874	9
3875	12
3876	6
3877	4
3878	9
3879	8
3880	7
3881	17
3882	13
3883	9
3884	4
3885	6
3886	9
3887	15
3888	12
3889	11
3890	8
3891	10
3892	8
3893	8
3894	5
3895	6
3896	9
3897	14
3898	6
3899	9
3900	6
3901	5
3902	9
3903	20
3904	6
3905	8
3906	13
3907	6
3908	9
3909	8
3910	11
3911	4
3912	6
3913	8
3914	7
3915	8
3916	5
3917	14
3918	8
3919	8
3920	6
3921	9
3922	7
3923	7
3924	10
3925	9
3926	7
3927	7
3928	7
3929	7
3930	8
3931	8
3932	6
3933	4
3934	10
3935	4
3936	8
3937	6
3938	6
3939	7
3940	7
3941	7
3942	11
3943	13
3944	6
3945	4
3946	10
3947	6
3948	9
3949	6
3950	5
3951	5
3952	8
3953	10
3954	7
3955	6
3956	4
3957	7
3958	3
3959	8
3960	3
3961	7
3962	7
3963	4
3964	7
3965	9
3966	10
3967	5
3968	7
3969	9
3970	5
3971	2
3972	10
3973	9
3974	3
3975	12
3976	10
3977	14
3978	4
3979	6
3980	5
3981	5
3982	8
3983	3
3984	7
3985	7
3986	8
3987	5
3988	6
3989	7
3990	7
3991	4
3992	7
3993	5
3994	6
3995	6
3996	4
3997	3
3998	6
3999	2
4000	7
4001	8
4002	7
4003	6
4004	4
4005	6
4006	8
4007	4
4008	4
4009	4
4010	8
4011	3
4012	9
4013	4
4014	6
4015	3
4016	5
4017	3
4018	7
4019	3
4020	7
4021	3
4022	1
4023	3
4024	5
4025	2
4026	5
4027	10
4028	7
4029	3
4030	9
4031	4
4032	4
4033	6
4034	4
4035	3
4036	6
4037	8
4038	6
4039	4
4040	5
4041	6
4042	3
4043	2
4044	7
4045	4
4046	3
4047	5
4048	6
4049	1
4050	2
4051	5
4052	8
4053	0
4054	4
4055	3
4056	2
4057	1
4058	5
4059	8
4060	4
4061	5
4062	6
4063	4
4064	2
4065	4
4066	2
4067	2
4068	7
4069	4
4070	3
4071	3
4072	7
4073	2
4074	2
4075	4
4076	2
4077	6
4078	5
4079	5
4080	6
4081	4
4082	3
4083	1
4084	6
4085	1
4086	3
4087	3
4088	6
4089	2
4090	6
4091	3
4092	5
4093	3
4094	4
4095	5
4096	7
4097	5
4098	1
4099	2
4100	3
4101	4
4102	3
4103	4
4104	2
4105	2
4106	3
4107	5
4108	9
4109	4
4110	7
4111	4
4112	6
4113	4
4114	3
4115	1
4116	3
4117	3
4118	2
4119	1
4120	1
4121	5
4122	1
4123	0
4124	2
4125	3
4126	2
4127	3
4128	4
4129	3
4130	0
4131	3
4132	1
4133	4
4134	3
4135	4
4136	3
4137	0
4138	1
4139	4
4140	3
4141	0
4142	4
4143	3
4144	2
4145	1
4146	3
4147	2
4148	2
4149	1
4150	3
4151	2
4152	3
4153	2
4154	1
4155	2
4156	2
4157	2
4158	0
4159	2
4160	5
4161	1
4162	3
4163	4
4164	1
4165	1
4166	2
4167	1
4168	4
4169	0
4170	3
4171	1
4172	2
4173	0
4174	5
4175	1
4176	4
4177	2
4178	0
4179	0
4180	0
4181	4
4182	1
4183	2
4184	1
4185	4
4186	0
4187	2
4188	1
4189	3
4190	4
4191	1
4192	3
4193	5
4194	1
4195	1
4196	3
4197	6
4198	1
4199	2
4200	1
4201	3
4202	3
4203	1
4204	1
4205	1
4206	2
4207	2
4208	2
4209	1
4210	0
4211	2
4212	2
4213	1
4214	1
4215	2
4216	2
4217	0
4218	4
4219	3
4220	1
4221	5
4222	2
4223	1
4224	0
4225	3
4226	4
4227	2
4228	2
4229	2
4230	2
4231	3
4232	5
4233	3
4234	3
4235	0
4236	0
4237	2
4238	2
4239	0
4240	2
4241	1
4242	3
4243	2
4244	0
4245	0
4246	0
4247	0
4248	1
4249	5
4250	0
4251	0
4252	0
4253	2
4254	1
4255	1
4256	1
4257	2
4258	3
4259	2
4260	1
4261	1
4262	1
4263	1
4264	3
4265	2
4266	4
4267	3
4268	3
4269	0
4270	4
4271	2
4272	3
4273	1
4274	1
4275	2
4276	3
4277	2
4278	1
4279	1
4280	0
4281	2
4282	0
4283	1
4284	1
4285	4
4286	3
4287	2
4288	4
4289	1
4290	0
4291	1
4292	1
4293	2
4294	1
4295	2
4296	3
4297	1
4298	1
4299	0
4300	3
4301	1
4302	1
4303	1
4304	0
4305	1
4306	2
4307	4
4308	2
4309	3
4310	0
4311	3
4312	2
4313	1
4314	1
4315	0
4316	0
4317	2
4318	1
4319	0
4320	0
4321	1
4322	1
4323	2
4324	0
4325	1
4326	2
4327	3
4328	1
4329	0
4330	0
4331	0
4332	1
4333	2
4334	2
4335	2
4336	1
4337	1
4338	0
4339	0
4340	0
4341	2
4342	2
4343	1
4344	1
4345	1
4346	0
4347	1
4348	4
4349	0
4350	0
4351	1
4352	0
4353	0
4354	0
4355	0
4356	1
4357	2
4358	3
4359	1
4360	1
4361	2
4362	4
4363	1
4364	2
4365	0
4366	1
4367	1
4368	0
4369	2
4370	1
4371	1
4372	1
4373	2
4374	0
4375	2
4376	2
4377	0
4378	1
4379	1
4380	0
4381	1
4382	2
4383	1
4384	0
4385	0
4386	0
4387	1
4388	0
4389	0
4390	4
4391	1
4392	1
4393	0
4394	4
4395	1
4396	2
4397	1
4398	0
4399	1
4400	1
4401	2
4402	1
4403	0
4404	0
4405	1
4406	1
4407	0
4408	1
4409	3
4410	1
4411	0
4412	1
4413	1
4414	0
4415	0
4416	0
4417	5
4418	0
4419	1
4420	0
4421	1
4422	1
4423	2
4424	0
4425	0
4426	1
4427	0
4428	2
4429	1
4430	2
4431	1
4432	2
4433	2
4434	0
4435	0
4436	0
4437	0
4438	0
4439	0
4440	1
4441	1
4442	0
4443	0
4444	0
4445	1
4446	0
4447	0
4448	0
4449	0
4450	1
4451	3
4452	1
4453	1
4454	1
4455	1
4456	0
4457	1
4458	0
4459	1
4460	1
4461	1
4462	1
4463	1
4464	1
4465	0
4466	0
4467	1
4468	1
4469	0
4470	2
4471	0
4472	1
4473	0
4474	1
4475	0
4476	0
4477	0
4478	3
4479	0
4480	2
4481	0
4482	0
4483	0
4484	1
4485	0
4486	0
4487	1
4488	0
4489	0
4490	0
4491	0
4492	0
4493	0
4494	0
4495	1
4496	0
4497	0
4498	0
4499	2
4500	1
4501	0
4502	0
4503	1
4504	1
4505	0
4506	0
4507	1
4508	0
4509	1
4510	0
4511	0
4512	1
4513	0
4514	1
4515	1
4516	2
4517	0
4518	0
4519	0
4520	0
4521	0
4522	1
4523	0
4524	1
4525	0
4526	0
4527	0
4528	0
4529	0
4530	0
4531	2
4532	2
4533	1
4534	0
4535	0
4536	2
4537	2
4538	0
4539	1
4540	1
4541	1
4542	0
4543	1
4544	2
4545	0
4546	2
4547	0
4548	1
4549	1
4550	2
4551	1
4552	0
4553	0
4554	0
4555	1
4556	1
4557	1
4558	1
4559	1
4560	0
4561	0
4562	2
4563	3
4564	1
4565	1
4566	0
4567	0
4568	2
4569	0
4570	0
4571	1
4572	0
4573	1
4574	0
4575	0
4576	1
4577	0
4578	0
4579	0
4580	0
4581	1
4582	1
4583	1
4584	1
4585	0
4586	0
4587	1
4588	1
4589	0
4590	0
4591	1
4592	0
4593	1
4594	1
4595	0
4596	0
4597	0
4598	0
4599	1
4600	0
4601	0
4602	0
4603	0
4604	0
4605	1
4606	0
4607	0
4608	1
4609	2
4610	0
4611	0
4612	0
4613	0
4614	1
4615	1
4616	0
4617	0
4618	1
4619	1
4620	0
4621	1
4622	0
4623	2
4624	0
4625	2
4626	0
4627	0
4628	0
4629	2
4630	1
4631	0
4632	1
4633	0
4634	0
4635	0
4636	0
4637	0
4638	0
4639	2
4640	0
4641	0
4642	0
4643	1
4644	0
4645	0
4646	0
4647	0
4648	2
4649	1
4650	1
4651	5
4652	1
4653	0
4654	1
4655	0
4656	1
4657	0
4658	0
4659	1
4660	1
4661	0
4662	0
4663	0
4664	0
4665	0
4666	0
4667	0
4668	1
4669	1
4670	0
4671	1
4672	0
4673	0
4674	0
4675	0
4676	0
4677	1
4678	1
4679	0
4680	0
4681	0
4682	0
4683	0
4684	0
4685	0
4686	0
4687	1
4688	1
4689	0
4690	1
4691	0
4692	1
4693	2
4694	2
4695	0
4696	2
4697	3
4698	0
4699	2
4700	0
4701	1
4702	1
4703	0
4704	0
4705	0
4706	0
4707	1
4708	0
4709	0
4710	0
4711	1
4712	1
4713	0
4714	0
4715	0
4716	0
4717	0
4718	2
4719	0
4720	1
4721	0
4722	1
4723	0
4724	0
4725	0
4726	0
4727	0
4728	1
4729	1
4730	1
4731	0
4732	0
4733	1
4734	1
4735	1
4736	0
4737	1
4738	3
4739	1
4740	0
4741	1
4742	0
4743	2
4744	2
4745	0
4746	0
4747	0
4748	0
4749	1
4750	1
4751	0
4752	2
4753	0
4754	0
4755	0
4756	0
4757	1
4758	1
4759	0
4760	0
4761	1
4762	0
4763	0
4764	0
4765	0
4766	2
4767	1
4768	1
4769	0
4770	0
4771	1
4772	0
4773	1
4774	1
4775	1
4776	0
4777	1
4778	0
4779	0
4780	0
4781	1
4782	1
4783	2
4784	0
4785	1
4786	1
4787	1
4788	1
4789	0
4790	2
4791	0
4792	0
4793	1
4794	0
4795	0
4796	0
4797	0
4798	0
4799	0
4800	0
4801	1
4802	1
4803	0
4804	0
4805	1
4806	0
4807	0
4808	0
4809	0
4810	1
4811	0
4812	2
4813	0
4814	0
4815	0
4816	0
4817	2
4818	3
4819	1
4820	1
4821	2
4822	1
4823	0
4824	2
4825	1
4826	2
4827	1
4828	0
4829	1
4830	0
4831	1
4832	0
4833	3
4834	1
4835	0
4836	0
4837	1
4838	1
4839	0
4840	0
4841	0
4842	1
4843	0
4844	0
4845	0
4846	0
4847	1
4848	2
4849	0
4850	1
4851	0
4852	2
4853	0
4854	1
4855	1
4856	1
4857	0
4858	1
4859	0
4860	0
4861	0
4862	1
4863	0
4864	0
4865	1
4866	0
4867	1
4868	2
4869	1
4870	1
4871	1
4872	0
4873	0
4874	2
4875	2
4876	0
4877	0
4878	2
4879	1
4880	0
4881	2
4882	0
4883	0
4884	1
4885	1
4886	0
4887	0
4888	0
4889	1
4890	0
4891	0
4892	0
4893	2
4894	0
4895	0
4896	1
4897	0
4898	1
4899	1
4900	1
4901	1
4902	1
4903	0
4904	0
4905	2
4906	1
4907	0
4908	0
4909	1
4910	2
4911	2
4912	0
4913	0
4914	1
4915	1
4916	0
4917	0
4918	0
4919	0
4920	1
4921	0
4922	0
4923	0
4924	0
4925	1
4926	0
4927	2
4928	0
4929	0
4930	0
4931	1
4932	1
4933	0
4934	0
4935	0
4936	0
4937	0
4938	1
4939	1
4940	0
4941	0
4942	0
4943	1
4944	0
4945	3
4946	1
4947	1
4948	0
4949	2
4950	2
4951	1
4952	1
4953	0
4954	1
4955	0
4956	0
4957	1
4958	0
4959	0
4960	0
4961	3
4962	1
4963	0
4964	1
4965	0
4966	1
4967	1
4968	1
4969	0
4970	0
4971	1
4972	0
4973	0
4974	0
4975	0
4976	1
4977	1
4978	0
4979	0
4980	1
4981	0
4982	0
4983	1
4984	1
4985	1
4986	0
4987	0
4988	0
4989	1
4990	0
4991	0
4992	0
4993	0
4994	0
4995	1
4996	2
4997	1
4998	0
4999	0
5000	2
5001	1
5002	1
5003	0
5004	2
5005	2
5006	0
5007	0
5008	1
5009	0
5010	1
5011	5
5012	0
5013	0
5014	0
5015	1
5016	1
5017	1
5018	3
5019	0
5020	0
5021	2
5022	0
5023	0
5024	0
5025	0
5026	0
5027	1
5028	1
5029	1
5030	1
5031	0
5032	1
5033	0
5034	1
5035	1
5036	0
5037	1
5038	1
5039	0
5040	0
5041	0
5042	1
5043	0
5044	1
5045	1
5046	0
5047	1
5048	1
5049	0
5050	0
5051	1
5052	1
5053	0
5054	0
5055	1
5056	0
5057	1
5058	0
5059	0
5060	2
5061	0
5062	0
5063	0
5064	0
5065	2
5066	0
5067	0
5068	0
5069	1
5070	0
5071	0
5072	0
5073	0
5074	0
5075	2
5076	2
5077	0
5078	1
5079	1
5080	0
5081	0
5082	0
5083	0
5084	0
5085	0
5086	1
5087	0
5088	1
5089	0
5090	1
5091	1
5092	1
5093	1
5094	0
5095	0
5096	0
5097	0
5098	0
5099	0
5100	1
5101	2
5102	1
5103	0
5104	0
5105	0
5106	0
5107	0
5108	0
5109	0
5110	0
5111	0
5112	0
5113	1
5114	0
5115	0
5116	0
5117	0
5118	1
5119	1
5120	1
5121	1
5122	1
5123	2
5124	0
5125	0
5126	0
5127	0
5128	1
5129	0
5130	1
5131	0
5132	0
5133	0
5134	1
5135	3
5136	0
5137	0
5138	0
5139	0
5140	0
5141	1
5142	1
5143	0
5144	1
5145	0
5146	1
5147	2
5148	0
5149	1
5150	0
5151	0
5152	1
5153	0
5154	2
5155	0
5156	0
5157	1
5158	1
5159	0
5160	1
5161	1
5162	2
5163	0
5164	0
5165	1
5166	1
5167	1
5168	0
5169	1
5170	2
5171	0
5172	2
5173	1
5174	0
5175	1
5176	0
5177	0
5178	0
5179	0
5180	0
5181	0
5182	1
5183	0
5184	0
5185	0
5186	0
5187	0
5188	0
5189	1
5190	2
5191	1
5192	0
5193	0
5194	1
5195	2
5196	0
5197	0
5198	1
5199	1
5200	0
5201	1
5202	0
5203	0
5204	1
5205	0
5206	1
5207	1
5208	0
5209	2
5210	1
5211	1
5212	1
5213	1
5214	0
5215	0
5216	2
5217	0
5218	0
5219	0
5220	1
5221	0
5222	0
5223	0
5224	1
5225	1
5226	0
5227	2
5228	1
5229	1
5230	0
5231	1
5232	2
5233	0
5234	1
5235	0
5236	2
5237	1
5238	1
5239	1
5240	2
5241	0
5242	0
5243	0
5244	0
5245	0
5246	0
5247	0
5248	1
5249	1
5250	0
5251	1
5252	0
5253	1
5254	0
5255	1
5256	0
5257	0
5258	0
5259	1
5260	0
5261	1
5262	2
5263	1
5264	1
5265	0
5266	1
5267	2
5268	0
5269	0
5270	0
5271	1
5272	0
5273	0
5274	1
5275	0
5276	0
5277	0
5278	0
5279	1
5280	0
5281	0
5282	0
5283	0
5284	0
5285	2
5286	0
5287	0
5288	1
5289	0
5290	0
5291	1
5292	0
5293	0
5294	0
5295	0
5296	0
5297	0
5298	1
5299	0
5300	1
5301	1
5302	0
5303	2
5304	0
5305	3
5306	1
5307	0
5308	0
5309	0
5310	1
5311	1
5312	0
5313	3
5314	0
5315	0
5316	0
5317	0
5318	0
5319	1
5320	0
5321	0
5322	0
5323	1
5324	1
5325	0
5326	0
5327	2
5328	0
5329	0
5330	0
5331	1
5332	2
5333	0
5334	1
5335	0
5336	0
5337	0
5338	1
5339	1
5340	0
5341	1
5342	1
5343	1
5344	2
5345	1
5346	1
5347	1
5348	1
5349	1
5350	0
5351	0
5352	1
5353	0
5354	0
5355	1
5356	1
5357	0
5358	0
5359	0
5360	0
5361	0
5362	2
5363	0
5364	2
5365	1
5366	1
5367	0
5368	1
5369	0
5370	0
5371	0
5372	0
5373	0
5374	0
5375	2
5376	0
5377	0
5378	2
5379	0
5380	1
5381	0
5382	0
5383	1
5384	0
5385	0
5386	1
5387	1
5388	1
5389	1
5390	1
5391	0
5392	0
5393	0
5394	0
5395	0
5396	0
5397	1
5398	1
5399	0
5400	0
5401	1
5402	0
5403	1
5404	1
5405	0
5406	0
5407	1
5408	2
5409	0
5410	1
5411	0
5412	0
5413	2
5414	0
5415	0
5416	0
5417	1
5418	0
5419	1
5420	0
5421	0
5422	0
5423	0
5424	1
5425	1
5426	0
5427	0
5428	0
5429	2
5430	0
5431	1
5432	1
5433	1
5434	0
5435	0
5436	1
5437	1
5438	0
5439	0
5440	1
5441	1
5442	0
5443	0
5444	0
5445	0
5446	2
5447	2
5448	3
5449	1
5450	2
5451	0
5452	0
5453	0
5454	1
5455	0
5456	0
5457	2
5458	0
5459	0
5460	0
5461	0
5462	1
5463	1
5464	1
5465	1
5466	0
5467	1
5468	0
5469	1
5470	2
5471	1
5472	0
5473	0
5474	0
5475	1
5476	0
5477	1
5478	0
5479	1
5480	1
5481	1
5482	0
5483	0
5484	0
5485	0
5486	2
5487	1
5488	0
5489	1
5490	1
5491	0
5492	1
5493	2
5494	0
5495	2
5496	0
5497	0
5498	2
5499	1
5500	0
5501	0
5502	0
5503	3
5504	0
5505	1
5506	1
5507	0
5508	1
5509	0
5510	1
5511	2
5512	1
5513	4
5514	1
5515	1
5516	0
5517	1
5518	0
5519	1
5520	0
5521	1
5522	1
5523	0
5524	0
5525	1
5526	1
5527	1
5528	2
5529	0
5530	0
5531	1
5532	1
5533	0
5534	0
5535	0
5536	0
5537	1
5538	0
5539	1
5540	0
5541	0
5542	2
5543	1
5544	0
5545	1
5546	0
5547	0
5548	0
5549	0
5550	0
5551	1
5552	0
5553	0
5554	0
5555	0
5556	0
5557	1
5558	0
5559	1
5560	1
5561	0
5562	1
5563	0
5564	1
5565	1
5566	3
5567	0
5568	1
5569	0
5570	2
5571	0
5572	2
5573	1
5574	1
5575	3
5576	1
5577	0
5578	0
5579	0
5580	0
5581	1
5582	2
5583	1
5584	0
5585	0
5586	1
5587	0
5588	0
5589	1
5590	0
5591	1
5592	0
5593	1
5594	0
5595	0
5596	1
5597	1
5598	0
5599	0
5600	0
5601	3
5602	1
5603	1
5604	1
5605	0
5606	0
5607	0
5608	0
5609	0
5610	0
5611	0
5612	1
5613	1
5614	1
5615	0
5616	1
5617	1
5618	1
5619	1
5620	0
5621	1
5622	0
5623	0
5624	1
5625	1
5626	1
5627	0
5628	0
5629	1
5630	0
5631	3
5632	3
5633	1
5634	1
5635	2
5636	1
5637	0
5638	1
5639	0
5640	0
5641	0
5642	0
5643	0
5644	0
5645	1
5646	0
5647	1
5648	0
5649	0
5650	1
5651	1
5652	0
5653	0
5654	1
5655	0
5656	1
5657	2
5658	0
5659	0
5660	0
5661	0
5662	0
5663	1
5664	1
5665	3
5666	0
5667	1
5668	1
5669	1
5670	0
5671	1
5672	0
5673	0
5674	1
5675	1
5676	2
5677	0
5678	0
5679	0
5680	0
5681	0
5682	3
5683	0
5684	0
5685	1
5686	0
5687	1
5688	1
5689	0
5690	0
5691	1
5692	0
5693	1
5694	0
5695	0
5696	1
5697	1
5698	1
5699	1
5700	1
5701	0
5702	1
5703	0
5704	1
5705	0
5706	0
5707	1
5708	0
5709	1
5710	0
5711	1
5712	2
5713	0
5714	0
5715	0
5716	0
5717	0
5718	1
5719	0
5720	0
5721	0
5722	1
5723	0
5724	0
5725	0
5726	2
5727	1
5728	0
5729	0
5730	0
5731	1
5732	0
5733	3
5734	0
5735	0
5736	1
5737	2
5738	0
5739	1
5740	0
5741	1
5742	1
5743	0
5744	1
5745	0
5746	1
5747	1
5748	1
5749	1
5750	1
5751	0
5752	1
5753	0
5754	1
5755	0
5756	2
5757	0
5758	0
5759	0
5760	1
5761	0
5762	1
5763	0
5764	1
5765	0
5766	1
5767	1
5768	0
5769	1
5770	0
5771	0
5772	0
5773	0
5774	0
5775	0
5776	1
5777	0
5778	0
5779	0
5780	1
5781	1
5782	0
5783	1
5784	0
5785	0
5786	1
5787	0
5788	0
5789	0
5790	0
5791	0
5792	1
5793	0
5794	1
5795	0
5796	0
5797	1
5798	0
5799	0
5800	0
5801	0
5802	2
5803	1
5804	1
5805	0
5806	0
5807	0
5808	0
5809	1
5810	2
5811	0
5812	0
5813	0
5814	0
5815	0
5816	1
5817	0
5818	0
5819	1
5820	0
5821	0
5822	0
5823	0
5824	0
5825	0
5826	1
5827	1
5828	0
5829	0
5830	1
5831	1
5832	0
5833	1
5834	1
5835	1
5836	0
5837	0
5838	1
5839	1
5840	1
5841	0
5842	0
5843	1
5844	0
5845	0
5846	0
5847	0
5848	0
5849	0
5850	0
5851	1
5852	0
5853	0
5854	0
5855	2
5856	0
5857	2
5858	2
5859	0
5860	0
5861	1
5862	2
5863	2
5864	0
5865	0
5866	0
5867	1
5868	0
5869	1
5870	0
5871	1
5872	2
5873	2
5874	1
5875	0
5876	1
5877	1
5878	0
5879	1
5880	0
5881	1
5882	1
5883	0
5884	0
5885	1
5886	2
5887	1
5888	2
5889	0
5890	1
5891	1
5892	0
5893	0
5894	1
5895	0
5896	0
5897	0
5898	0
5899	1
5900	0
5901	0
5902	1
5903	1
5904	0
5905	0
5906	0
5907	0
5908	0
5909	2
5910	0
5911	0
5912	1
5913	2
5914	1
5915	0
5916	0
5917	0
5918	2
5919	0
5920	0
5921	1
5922	0
5923	2
5924	2
5925	1
5926	0
5927	0
5928	0
5929	0
5930	1
5931	0
5932	0
5933	0
5934	0
5935	0
5936	0
5937	0
5938	1
5939	0
5940	1
5941	0
5942	0
5943	1
5944	1
5945	0
5946	2
5947	0
5948	1
5949	1
5950	0
5951	0
5952	0
5953	1
5954	0
5955	0
5956	0
5957	1
5958	0
5959	0
5960	0
5961	1
5962	0
5963	1
5964	0
5965	1
5966	0
5967	1
5968	1
5969	1
5970	0
5971	0
5972	0
5973	0
5974	0
5975	0
5976	0
5977	0
5978	0
5979	0
5980	0
5981	1
5982	0
5983	1
5984	0
5985	0
5986	0
5987	1
5988	0
5989	0
5990	0
5991	0
5992	1
5993	0
5994	0
5995	0
5996	2
5997	0
5998	1
5999	0
6000	0
6001	0
6002	1
6003	0
6004	1
6005	0
6006	0
6007	2
6008	1
6009	0
6010	0
6011	3
6012	0
6013	2
6014	0
6015	0
6016	2
6017	1
6018	0
6019	1
6020	1
6021	0
6022	0
6023	1
6024	0
6025	0
6026	0
6027	0
6028	1
6029	0
6030	0
6031	0
6032	3
6033	1
6034	1
6035	0
6036	1
6037	1
6038	0
6039	0
6040	2
6041	0
6042	1
6043	3
6044	0
6045	0
6046	0
6047	0
6048	1
6049	1
6050	0
6051	0
6052	0
6053	0
6054	0
6055	0
6056	1
6057	1
6058	1
6059	0
6060	1
6061	0
6062	1
6063	0
6064	0
6065	1
6066	1
6067	0
6068	1
6069	0
6070	2
6071	0
6072	1
6073	0
6074	0
6075	0
6076	2
6077	0
6078	2
6079	0
6080	0
6081	1
6082	0
6083	1
6084	0
6085	0
6086	0
6087	1
6088	0
6089	0
6090	0
6091	0
6092	0
6093	1
6094	0
6095	0
6096	1
6097	1
6098	0
6099	0
6100	1
6101	0
6102	0
6103	1
6104	0
6105	1
6106	1
6107	0
6108	0
6109	0
6110	0
6111	0
6112	2
6113	0
6114	0
6115	0
6116	0
6117	0
6118	0
6119	0
6120	0
6121	1
6122	2
6123	2
6124	1
6125	0
6126	2
6127	0
6128	1
6129	0
6130	0
6131	0
6132	0
6133	1
6134	1
6135	1
6136	0
6137	1
6138	1
6139	1
6140	1
6141	1
6142	0
6143	0
6144	0
6145	1
6146	1
6147	0
6148	0
6149	0
6150	0
6151	0
6152	1
6153	0
6154	0
6155	1
6156	1
6157	0
6158	1
6159	0
6160	2
6161	1
6162	0
6163	0
6164	1
6165	0
6166	1
6167	1
6168	1
6169	1
6170	0
6171	1
6172	0
6173	1
6174	0
6175	0
6176	0
6177	1
6178	1
6179	0
6180	0
6181	0
6182	1
6183	2
6184	1
6185	1
6186	0
6187	0
6188	0
6189	0
6190	1
6191	1
6192	0
6193	0
6194	0
6195	1
6196	1
6197	1
6198	1
6199	0
6200	1
6201	0
6202	0
6203	0
6204	0
6205	0
6206	0
6207	0
6208	0
6209	1
6210	1
6211	0
6212	0
6213	0
6214	2
6215	0
6216	0
6217	0
6218	0
6219	1
6220	1
6221	0
6222	1
6223	0
6224	0
6225	0
6226	0
6227	1
6228	0
6229	0
6230	0
6231	1
6232	0
6233	0
6234	0
6235	0
6236	0
6237	0
6238	0
6239	1
6240	0
6241	1
6242	0
6243	0
6244	0
6245	1
6246	0
6247	0
6248	0
6249	0
6250	1
6251	0
6252	0
6253	0
6254	2
6255	0
6256	0
6257	0
6258	0
6259	2
6260	2
6261	0
6262	1
6263	0
6264	0
6265	0
6266	1
6267	1
6268	2
6269	0
6270	1
6271	0
6272	0
6273	0
6274	1
6275	2
6276	0
6277	0
6278	1
6279	0
6280	0
6281	0
6282	0
6283	0
6284	0
6285	0
6286	1
6287	1
6288	1
6289	0
6290	0
6291	0
6292	1
6293	0
6294	0
6295	0
6296	1
6297	0
6298	0
6299	0
6300	1
6301	0
6302	0
6303	0
6304	0
6305	0
6306	0
6307	0
6308	2
6309	0
6310	0
6311	0
6312	0
6313	0
6314	0
6315	1
6316	0
6317	0
6318	0
6319	1
6320	1
6321	0
6322	1
6323	0
6324	0
6325	0
6326	0
6327	0
6328	1
6329	0
6330	1
6331	0
6332	0
6333	1
6334	0
6335	0
6336	0
6337	0
6338	1
6339	0
6340	0
6341	0
6342	0
6343	1
6344	1
6345	0
6346	0
6347	0
6348	0
6349	0
6350	0
6351	1
6352	0
6353	1
6354	1
6355	1
6356	0
6357	1
6358	0
6359	1
6360	1
6361	0
6362	0
6363	2
6364	1
6365	0
6366	0
6367	0
6368	0
6369	0
6370	0
6371	0
6372	0
6373	0
6374	0
6375	0
6376	1
6377	0
6378	2
6379	0
6380	0
6381	0
6382	0
6383	0
6384	0
6385	1
6386	0
6387	0
6388	1
6389	0
6390	0
6391	0
6392	1
6393	2
6394	0
6395	0
6396	1
6397	1
6398	0
6399	0
6400	0
6401	0
6402	0
6403	0
6404	0
6405	2
6406	0
6407	0
6408	0
6409	0
6410	0
6411	0
6412	1
6413	1
6414	2
6415	0
6416	2
6417	0
6418	0
6419	1
6420	1
6421	0
6422	0
6423	0
6424	0
6425	0
6426	0
6427	1
6428	1
6429	0
6430	2
6431	0
6432	2
6433	0
6434	1
6435	0
6436	0
6437	0
6438	1
6439	2
6440	0
6441	0
6442	1
6443	0
6444	0
6445	0
6446	0
6447	0
6448	2
6449	0
6450	0
6451	0
6452	0
6453	0
6454	1
6455	1
6456	0
6457	0
6458	0
6459	0
6460	0
6461	1
6462	1
6463	1
6464	0
6465	1
6466	1
6467	0
6468	1
6469	0
6470	0
6471	0
6472	0
6473	0
6474	1
6475	1
6476	0
6477	1
6478	1
6479	2
6480	1
6481	0
6482	1
6483	0
6484	0
6485	0
6486	1
6487	0
6488	0
6489	1
6490	0
6491	0
6492	1
6493	0
6494	0
6495	0
6496	0
6497	1
6498	1
6499	1
6500	0
6501	1
6502	0
6503	0
6504	1
6505	0
6506	0
6507	0
6508	1
6509	0
6510	0
6511	0
6512	1
6513	0
6514	0
6515	0
6516	0
6517	0
6518	0
6519	0
6520	0
6521	0
6522	0
6523	0
6524	0
6525	1
6526	1
6527	1
6528	0
6529	1
6530	0
6531	0
6532	0
6533	0
6534	0
6535	0
6536	0
6537	1
6538	0
6539	0
6540	0
6541	0
6542	0
6543	0
6544	0
6545	2
6546	0
6547	1
6548	2
6549	0
6550	0
6551	0
6552	0
6553	0
6554	0
6555	0
6556	1
6557	0
6558	0
6559	0
6560	0
6561	0
6562	0
6563	1
6564	0
6565	0
6566	0
6567	0
6568	0
6569	0
6570	1
6571	1
6572	0
6573	0
6574	2
6575	1
6576	0
6577	0
6578	0
6579	1
6580	0
6581	0
6582	0
6583	1
6584	0
6585	1
6586	0
6587	1
6588	1
6589	0
6590	0
6591	0
6592	1
6593	0
6594	0
6595	1
6596	0
6597	1
6598	1
6599	0
6600	0
6601	0
6602	0
6603	0
6604	0
6605	0
6606	0
6607	0
6608	0
6609	0
6610	0
6611	0
6612	0
6613	0
6614	1
6615	0
6616	0
6617	1
6618	0
6619	0
6620	0
6621	1
6622	0
6623	0
6624	1
6625	0
6626	0
6627	0
6628	0
6629	2
6630	2
6631	0
6632	0
6633	2
6634	2
6635	0
6636	2
6637	0
6638	0
6639	0
6640	0
6641	0
6642	0
6643	1
6644	0
6645	0
6646	0
6647	0
6648	1
6649	1
6650	1
6651	0
6652	0
6653	0
6654	1
6655	1
6656	0
6657	1
6658	0
6659	0
6660	0
6661	0
6662	2
6663	0
6664	0
6665	0
6666	1
6667	3
6668	0
6669	0
6670	1
6671	1
6672	0
6673	0
6674	1
6675	1
6676	0
6677	0
6678	0
6679	0
6680	0
6681	1
6682	0
6683	1
6684	0
6685	0
6686	0
6687	0
6688	0
6689	0
6690	1
6691	0
6692	2
6693	0
6694	1
6695	1
6696	0
6697	1
6698	1
6699	1
6700	0
6701	0
6702	0
6703	0
6704	1
6705	0
6706	0
6707	0
6708	0
6709	0
6710	0
6711	0
6712	0
6713	0
6714	1
6715	0
6716	0
6717	0
6718	0
6719	0
6720	0
6721	0
6722	0
6723	0
6724	0
6725	0
6726	0
6727	0
6728	1
6729	0
6730	1
6731	0
6732	0
6733	0
6734	0
6735	0
6736	1
6737	1
6738	0
6739	0
6740	1
6741	1
6742	0
6743	0
6744	0
6745	0
6746	0
6747	0
6748	0
6749	0
6750	1
6751	0
6752	0
6753	2
6754	0
6755	0
6756	0
6757	1
6758	0
6759	1
6760	1
6761	0
6762	0
6763	0
6764	0
6765	0
6766	0
6767	0
6768	0
6769	1
6770	0
6771	0
6772	1
6773	0
6774	0
6775	0
6776	0
6777	0
6778	0
6779	0
6780	1
6781	1
6782	1
6783	1
6784	0
6785	0
6786	1
6787	1
6788	0
6789	0
6790	1
6791	0
6792	0
6793	1
6794	2
6795	0
6796	0
6797	0
6798	0
6799	0
6800	1
6801	0
6802	0
6803	1
6804	0
6805	0
6806	0
6807	0
6808	0
6809	0
6810	0
6811	0
6812	0
6813	0
6814	0
6815	0
6816	1
6817	0
6818	0
6819	0
6820	0
6821	1
6822	2
6823	1
6824	1
6825	0
6826	2
6827	0
6828	1
6829	0
6830	1
6831	0
6832	1
6833	0
6834	0
6835	1
6836	0
6837	1
6838	1
6839	1
6840	1
6841	0
6842	0
6843	0
6844	0
6845	1
6846	0
6847	1
6848	0
6849	1
6850	0
6851	0
6852	0
6853	0
6854	0
6855	1
6856	0
6857	0
6858	0
6859	0
6860	1
6861	0
6862	0
6863	0
6864	0
6865	0
6866	1
6867	2
6868	0
6869	0
6870	0
6871	0
6872	0
6873	1
6874	0
6875	1
6876	0
6877	0
6878	0
6879	0
6880	2
6881	0
6882	0
6883	0
6884	1
6885	0
6886	0
6887	0
6888	2
6889	1
6890	0
6891	0
6892	2
6893	0
6894	1
6895	0
6896	0
6897	2
6898	1
6899	1
6900	1
6901	1
6902	0
6903	0
6904	0
6905	0
6906	0
6907	0
6908	1
6909	1
6910	1
6911	0
6912	1
6913	1
6914	0
6915	0
6916	0
6917	0
6918	0
6919	0
6920	0
6921	1
6922	0
6923	0
6924	1
6925	1
6926	1
6927	2
6928	1
6929	3
6930	1
6931	0
6932	1
6933	2
6934	0
6935	0
6936	0
6937	0
6938	1
6939	0
6940	0
6941	0
6942	0
6943	0
6944	0
6945	0
6946	1
6947	0
6948	1
6949	0
6950	1
6951	0
6952	0
6953	0
6954	0
6955	1
6956	0
6957	0
6958	0
6959	1
6960	0
6961	0
6962	1
6963	1
6964	1
6965	0
6966	0
6967	1
6968	1
6969	0
6970	0
6971	0
6972	0
6973	0
6974	0
6975	1
6976	0
6977	1
6978	0
6979	1
6980	1
6981	0
6982	0
6983	0
6984	1
6985	0
6986	0
6987	0
6988	0
6989	1
6990	0
6991	0
6992	1
6993	0
6994	1
6995	2
6996	2
6997	0
6998	0
6999	0
7000	0
7001	1
7002	0
7003	2
7004	0
7005	0
7006	1
7007	2
7008	0
7009	0
7010	1
7011	0
7012	0
7013	0
7014	0
7015	0
7016	1
7017	0
7018	1
7019	0
7020	0
7021	0
7022	0
7023	3
7024	1
7025	0
7026	0
7027	0
7028	0
7029	0
7030	0
7031	0
7032	1
7033	1
7034	0
7035	1
7036	0
7037	0
7038	0
7039	1
7040	0
7041	0
7042	0
7043	2
7044	0
7045	0
7046	0
7047	0
7048	0
7049	0
7050	1
7051	0
7052	2
7053	0
7054	0
7055	0
7056	0
7057	0
7058	0
7059	0
7060	0
7061	1
7062	0
7063	0
7064	0
7065	0
7066	0
7067	0
7068	0
7069	1
7070	0
7071	0
7072	0
7073	0
7074	1
7075	0
7076	0
7077	0
7078	0
7079	0
7080	0
7081	0
7082	0
7083	0
7084	0
7085	0
7086	0
7087	0
7088	0
7089	0
7090	0
7091	0
7092	0
7093	0
7094	0
7095	1
7096	1
7097	0
7098	0
7099	0
7100	0
7101	1
7102	0
7103	0
7104	0
7105	1
7106	0
7107	0
7108	0
7109	0
7110	0
7111	0
7112	0
7113	0
7114	1
7115	0
7116	0
7117	1
7118	2
7119	0
7120	0
7121	0
7122	0
7123	0
7124	0
7125	0
7126	0
7127	0
7128	0
7129	0
7130	0
7131	0
7132	0
7133	0
7134	0
7135	0
7136	0
7137	0
7138	1
7139	0
7140	0
7141	0
7142	0
7143	0
7144	0
7145	0
7146	0
7147	0
7148	3
7149	0
7150	0
7151	0
7152	0
7153	0
7154	0
7155	1
7156	0
7157	1
7158	0
7159	0
7160	0
7161	1
7162	0
7163	1
7164	1
7165	2
7166	1
7167	0
7168	0
7169	0
7170	0
7171	0
7172	0
7173	0
7174	1
7175	0
7176	1
7177	1
7178	1
7179	0
7180	0
7181	1
7182	1
7183	1
7184	1
7185	0
7186	0
7187	1
7188	0
7189	1
7190	1
7191	1
7192	1
7193	0
7194	0
7195	0
7196	0
7197	0
7198	1
7199	0
7200	0
7201	0
7202	0
7203	0
7204	0
7205	0
7206	0
7207	0
7208	1
7209	0
7210	1
7211	0
7212	0
7213	0
7214	0
7215	2
7216	0
7217	0
7218	1
7219	0
7220	0
7221	1
7222	0
7223	1
7224	0
7225	0
7226	1
7227	0
7228	0
7229	0
7230	1
7231	0
7232	0
7233	0
7234	0
7235	1
7236	0
7237	0
7238	1
7239	0
7240	0
7241	0
7242	0
7243	1
7244	0
7245	0
7246	0
7247	0
7248	0
7249	1
7250	0
7251	1
7252	0
7253	0
7254	0
7255	0
7256	0
7257	0
7258	1
7259	0
7260	0
7261	0
7262	0
7263	0
7264	1
7265	0
7266	0
7267	0
7268	0
7269	0
7270	0
7271	0
7272	0
7273	0
7274	0
7275	2
7276	1
7277	0
7278	1
7279	0
7280	1
7281	0
7282	0
7283	0
7284	0
7285	0
7286	0
7287	0
7288	0
7289	0
7290	1
7291	0
7292	0
7293	0
7294	1
7295	1
7296	0
7297	0
7298	0
7299	0
7300	1
7301	0
7302	0
7303	0
7304	0
7305	1
7306	1
7307	0
7308	0
7309	1
7310	0
7311	0
7312	0
7313	0
7314	0
7315	0
7316	0
7317	1
7318	0
7319	0
7320	0
7321	0
7322	0
7323	1
7324	0
7325	0
7326	1
7327	0
7328	1
7329	1
7330	2
7331	1
7332	0
7333	0
7334	0
7335	0
7336	0
7337	0
7338	0
7339	0
7340	0
7341	2
7342	1
7343	0
7344	0
7345	1
7346	0
7347	0
7348	0
7349	0
7350	0
7351	0
7352	1
7353	0
7354	0
7355	0
7356	0
7357	1
7358	0
7359	0
7360	0
7361	0
7362	0
7363	0
7364	1
7365	2
7366	0
7367	0
7368	0
7369	0
7370	0
7371	0
7372	0
7373	0
7374	0
7375	0
7376	2
7377	1
7378	1
7379	0
7380	1
7381	0
7382	0
7383	0
7384	1
7385	1
7386	0
7387	1
7388	2
7389	1
7390	0
7391	1
7392	0
7393	0
7394	0
7395	0
7396	0
7397	1
7398	0
7399	0
7400	0
7401	1
7402	0
7403	0
7404	0
7405	0
7406	1
7407	0
7408	1
7409	1
7410	0
7411	0
7412	0
7413	0
7414	0
7415	0
7416	0
7417	0
7418	0
7419	0
7420	1
7421	1
7422	0
7423	0
7424	0
7425	0
7426	1
7427	1
7428	0
7429	2
7430	1
7431	0
7432	0
7433	0
7434	0
7435	1
7436	0
7437	0
7438	0
7439	0
7440	0
7441	0
7442	0
7443	2
7444	1
7445	0
7446	1
7447	1
7448	0
7449	0
7450	0
7451	0
7452	0
7453	0
7454	0
7455	0
7456	1
7457	0
7458	0
7459	0
7460	1
7461	1
7462	0
7463	0
7464	0
7465	1
7466	1
7467	0
7468	0
7469	0
7470	0
7471	0
7472	0
7473	1
7474	0
7475	0
7476	0
7477	0
7478	0
7479	0
7480	1
7481	0
7482	0
7483	0
7484	1
7485	0
7486	0
7487	0
7488	1
7489	0
7490	0
7491	0
7492	1
7493	1
7494	1
7495	0
7496	1
7497	0
7498	0
7499	0
7500	0
7501	1
7502	0
7503	0
7504	1
7505	0
7506	1
7507	0
7508	0
7509	2
7510	1
7511	0
7512	1
7513	0
7514	0
7515	1
7516	0
7517	1
7518	1
7519	0
7520	1
7521	0
7522	1
7523	1
7524	0
7525	0
7526	0
7527	0
7528	0
7529	0
7530	0
7531	0
7532	1
7533	0
7534	0
7535	0
7536	0
7537	0
7538	0
7539	0
7540	0
7541	0
7542	0
7543	1
7544	0
7545	0
7546	0
7547	0
7548	0
7549	0
7550	1
7551	0
7552	0
7553	0
7554	0
7555	0
7556	0
7557	1
7558	1
7559	0
7560	0
7561	0
7562	0
7563	1
7564	0
7565	0
7566	0
7567	0
7568	2
7569	0
7570	1
7571	0
7572	0
7573	0
7574	0
7575	0
7576	0
7577	0
7578	0
7579	0
7580	1
7581	0
7582	0
7583	0
7584	0
7585	0
7586	0
7587	0
7588	0
7589	0
7590	1
7591	0
7592	0
7593	0
7594	2
7595	1
7596	0
7597	0
7598	0
7599	0
7600	0
7601	2
7602	0
7603	0
7604	0
7605	0
7606	1
7607	1
7608	0
7609	0
7610	0
7611	0
7612	0
7613	1
7614	1
7615	1
7616	0
7617	0
7618	0
7619	0
7620	2
7621	0
7622	0
7623	0
7624	1
7625	0
7626	0
7627	0
7628	0
7629	0
7630	0
7631	0
7632	0
7633	0
7634	0
7635	1
7636	0
7637	2
7638	1
7639	0
7640	0
7641	1
7642	0
7643	0
7644	0
7645	0
7646	0
7647	0
7648	0
7649	1
7650	0
7651	0
7652	0
7653	0
7654	0
7655	0
7656	0
7657	0
7658	0
7659	0
7660	0
7661	0
7662	0
7663	0
7664	0
7665	1
7666	0
7667	0
7668	2
7669	2
7670	0
7671	0
7672	0
7673	0
7674	1
7675	1
7676	0
7677	0
7678	0
7679	0
7680	0
7681	1
7682	0
7683	0
7684	0
7685	0
7686	0
7687	0
7688	0
7689	0
7690	0
7691	0
7692	0
7693	0
7694	0
7695	0
7696	0
7697	0
7698	0
7699	1
7700	1
7701	0
7702	0
7703	0
7704	0
7705	0
7706	0
7707	0
7708	0
7709	0
7710	0
7711	0
7712	0
7713	1
7714	1
7715	0
7716	0
7717	0
7718	0
7719	0
7720	0
7721	0
7722	0
7723	0
7724	0
7725	1
7726	0
7727	0
7728	0
7729	0
7730	1
7731	0
7732	1
7733	0
7734	0
7735	0
7736	0
7737	0
7738	0
7739	1
7740	0
7741	0
7742	0
7743	1
7744	0
7745	0
7746	0
7747	1
7748	0
7749	0
7750	0
7751	0
7752	0
7753	0
7754	0
7755	0
7756	0
7757	0
7758	1
7759	0
7760	0
7761	0
7762	0
7763	0
7764	0
7765	0
7766	0
7767	0
7768	0
7769	0
7770	1
7771	0
7772	0
7773	1
7774	1
7775	0
7776	0
7777	0
7778	0
7779	0
7780	0
7781	0
7782	1
7783	0
7784	0
7785	0
7786	0
7787	0
7788	1
7789	0
7790	0
7791	0
7792	0
7793	0
7794	0
7795	0
7796	0
7797	0
7798	1
7799	1
7800	0
7801	0
7802	1
7803	0
7804	0
7805	1
7806	0
7807	0
7808	0
7809	0
7810	0
7811	0
7812	0
7813	0
7814	0
7815	0
7816	0
7817	0
7818	1
7819	0
7820	1
7821	0
7822	0
7823	0
7824	0
7825	0
7826	0
7827	0
7828	0
7829	0
7830	1
7831	0
7832	0
7833	0
7834	0
7835	0
7836	0
7837	0
7838	0
7839	1
7840	1
7841	0
7842	0
7843	0
7844	0
7845	0
7846	0
7847	0
7848	0
7849	0
7850	0
7851	0
7852	0
7853	0
7854	0
7855	0
7856	0
7857	0
7858	0
7859	0
7860	0
7861	0
7862	0
7863	0
7864	0
7865	0
7866	0
7867	0
7868	0
7869	0
7870	0
7871	0
7872	0
7873	0
7874	0
7875	1
7876	0
7877	0
7878	0
7879	1
7880	1
7881	0
7882	1
7883	0
7884	1
7885	0
7886	0
7887	0
7888	2
7889	0
7890	0
7891	1
7892	0
7893	0
7894	0
7895	0
7896	0
7897	0
7898	0
7899	0
7900	0
7901	0
7902	0
7903	0
7904	0
7905	0
7906	0
7907	0
7908	1
7909	1
7910	0
7911	0
7912	0
7913	0
7914	0
7915	0
7916	0
7917	0
7918	0
7919	0
7920	0
7921	0
7922	0
7923	0
7924	0
7925	0
7926	0
7927	0
7928	0
7929	0
7930	0
7931	0
7932	0
7933	0
7934	0
7935	0
7936	0
7937	0
7938	0
7939	0
7940	0
7941	0
7942	0
7943	0
7944	0
7945	0
7946	0
7947	0
7948	0
7949	0
7950	0
7951	0
7952	0
7953	0
7954	0
7955	0
7956	0
7957	0
7958	0
7959	0
7960	0
7961	0
7962	0
7963	0
7964	0
7965	0
7966	0
7967	0
7968	0
7969	0
7970	0
7971	0
7972	0
7973	0
7974	0
7975	0
7976	0
7977	0
7978	0
7979	0
7980	0
7981	0
7982	0
7983	0
7984	0
7985	0
7986	0
7987	0
7988	0
7989	0
7990	0
7991	0
7992	0
7993	0
7994	0
7995	0
7996	0
7997	0
7998	0
7999	0
8000	0
8001	0
8002	0
8003	0
8004	0
8005	0
8006	0
8007	0
8008	0
8009	0
8010	0
8011	0
8012	0
8013	0
8014	0
8015	0
8016	0
8017	0
8018	0
8019	0
8020	0
8021	0
8022	0
8023	0
8024	0
8025	0
8026	0
8027	0
8028	0
8029	0
8030	0
8031	0
8032	0
8033	0
8034	0
8035	0
8036	0
8037	0
8038	0
8039	0
8040	0
8041	0
8042	0
8043	0
8044	0
8045	0
8046	0
8047	0
8048	0
8049	0
8050	0
8051	0
8052	0
8053	0
8054	0
8055	0
8056	0
8057	0
8058	0
8059	0
8060	0
8061	0
8062	0
8063	0
8064	0
8065	0
8066	0
8067	0
8068	0
8069	0
8070	0
8071	0
8072	0
8073	0
8074	0
8075	0
8076	0
8077	0
8078	0
8079	0
8080	0
8081	0
8082	0
8083	0
8084	0
8085	0
8086	0
8087	0
8088	0
8089	0
8090	0
8091	0
8092	0
8093	0
8094	0
8095	0
8096	0
8097	0
8098	0
8099	0
8100	0
8101	0
8102	0
8103	0
8104	0
8105	0
8106	0
8107	0
8108	0
8109	0
8110	0
8111	0
8112	0
8113	0
8114	0
8115	0
8116	0
8117	0
8118	0
8119	0
8120	0
8121	0
8122	0
8123	0
8124	0
8125	0
8126	0
8127	0
8128	0
8129	0
8130	0
8131	0
8132	0
8133	0
8134	0
8135	0
8136	0
8137	0
8138	0
8139	0
8140	0
8141	0
8142	0
8143	0
8144	0
8145	0
8146	0
8147	0
8148	0
8149	0
8150	0
8151	0
8152	0
8153	0
8154	0
8155	0
8156	0
8157	0
8158	0
8159	0
8160	0
8161	0
8162	0
8163	0
8164	0
8165	0
8166	0
8167	0
8168	0
8169	0
8170	0
8171	0
8172	0
8173	0
8174	0
8175	0
8176	0
8177	0
8178	0
8179	0
8180	0
8181	0
8182	0
8183	0
8184	0
8185	0
8186	0
8187	0
8188	0
8189	0
8190	0
8191	0
