0	0
1	0
2	0
3	0
4	0
5	0
6	0
7	0
8	0
9	0
10	0
11	0
12	0
13	0
14	0
15	0
16	0
17	0
18	0
19	0
20	0
21	0
22	0
23	0
24	0
25	0
26	0
27	0
28	0
29	0
30	0
31	0
32	0
33	0
34	0
35	0
36	0
37	0
38	0
39	0
40	0
41	0
42	0
43	0
44	0
45	0
46	0
47	0
48	0
49	0
50	0
51	0
52	0
53	0
54	0
55	0
56	0
57	0
58	0
59	0
60	0
61	0
62	0
63	0
64	0
65	0
66	0
67	0
68	0
69	0
70	0
71	0
72	0
73	0
74	0
75	0
76	0
77	0
78	0
79	0
80	0
81	1
82	0
83	2
84	7
85	10
86	7
87	11
88	11
89	15
90	12
91	10
92	15
93	19
94	14
95	13
96	13
97	18
98	12
99	15
100	19
101	15
102	17
103	10
104	9
105	7
106	26
107	19
108	14
109	16
110	13
111	3
112	13
113	17
114	11
115	21
116	19
117	14
118	8
119	9
120	17
121	17
122	16
123	19
124	9
125	9
126	12
127	22
128	12
129	11
130	16
131	20
132	13
133	17
134	8
135	19
136	17
137	11
138	26
139	16
140	16
141	14
142	15
143	8
144	15
145	13
146	11
147	11
148	12
149	11
150	15
151	13
152	12
153	16
154	16
155	17
156	16
157	11
158	16
159	9
160	14
161	20
162	15
163	14
164	12
165	9
166	17
167	14
168	16
169	13
170	21
171	14
172	13
173	9
174	17
175	20
176	15
177	9
178	14
179	12
180	17
181	21
182	18
183	17
184	12
185	15
186	11
187	17
188	14
189	17
190	14
191	18
192	19
193	19
194	20
195	19
196	23
197	16
198	17
199	24
200	12
201	17
202	12
203	16
204	22
205	16
206	19
207	20
208	12
209	14
210	16
211	24
212	13
213	13
214	10
215	15
216	16
217	15
218	14
219	20
220	25
221	11
222	11
223	23
224	21
225	11
226	20
227	15
228	13
229	12
230	16
231	10
232	13
233	19
234	18
235	16
236	14
237	13
238	12
239	15
240	16
241	13
242	18
243	13
244	17
245	11
246	15
247	15
248	8
249	14
250	25
251	18
252	13
253	17
254	11
255	13
256	10
257	10
258	10
259	14
260	15
261	12
262	21
263	16
264	20
265	13
266	26
267	13
268	13
269	19
270	17
271	17
272	19
273	13
274	22
275	15
276	13
277	21
278	15
279	19
280	24
281	13
282	17
283	12
284	25
285	18
286	27
287	16
288	11
289	26
290	19
291	16
292	22
293	21
294	21
295	17
296	19
297	17
298	17
299	19
300	11
301	13
302	12
303	12
304	10
305	18
306	20
307	29
308	17
309	15
310	13
311	19
312	16
313	12
314	19
315	16
316	12
317	22
318	16
319	13
320	23
321	27
322	15
323	13
324	22
325	21
326	20
327	22
328	16
329	20
330	15
331	17
332	14
333	15
334	19
335	21
336	16
337	19
338	22
339	14
340	12
341	18
342	24
343	18
344	20
345	16
346	21
347	28
348	12
349	17
350	10
351	14
352	16
353	15
354	13
355	16
356	17
357	15
358	13
359	21
360	21
361	9
362	11
363	24
364	16
365	23
366	22
367	18
368	13
369	16
370	15
371	19
372	20
373	21
374	19
375	14
376	21
377	21
378	19
379	14
380	17
381	17
382	19
383	22
384	8
385	25
386	14
387	20
388	14
389	12
390	19
391	21
392	21
393	17
394	11
395	16
396	21
397	18
398	10
399	18
400	15
401	23
402	14
403	19
404	16
405	15
406	19
407	12
408	23
409	16
410	14
411	6
412	17
413	12
414	8
415	15
416	18
417	12
418	18
419	15
420	22
421	27
422	28
423	14
424	20
425	18
426	16
427	24
428	21
429	18
430	21
431	22
432	17
433	17
434	13
435	18
436	21
437	24
438	28
439	19
440	23
441	14
442	12
443	14
444	17
445	24
446	25
447	21
448	20
449	25
450	23
451	24
452	17
453	23
454	18
455	27
456	27
457	22
458	22
459	14
460	22
461	26
462	29
463	13
464	27
465	22
466	19
467	19
468	17
469	18
470	19
471	20
472	21
473	30
474	36
475	15
476	23
477	26
478	24
479	29
480	30
481	30
482	29
483	39
484	23
485	28
486	29
487	35
488	27
489	29
490	45
491	22
492	23
493	37
494	41
495	36
496	32
497	35
498	31
499	41
500	40
501	40
502	33
503	44
504	38
505	31
506	22
507	36
508	32
509	45
510	25
511	42
512	43
513	40
514	27
515	41
516	45
517	34
518	39
519	38
520	44
521	34
522	48
523	47
524	44
525	42
526	47
527	32
528	41
529	29
530	38
531	43
532	33
533	42
534	39
535	36
536	41
537	27
538	33
539	39
540	39
541	41
542	40
543	42
544	24
545	37
546	31
547	23
548	29
549	31
550	33
551	30
552	25
553	28
554	46
555	37
556	30
557	28
558	31
559	24
560	28
561	24
562	28
563	33
564	39
565	28
566	29
567	35
568	38
569	34
570	30
571	26
572	22
573	32
574	30
575	29
576	36
577	30
578	24
579	36
580	30
581	33
582	21
583	32
584	40
585	26
586	19
587	34
588	34
589	25
590	26
591	33
592	39
593	31
594	21
595	27
596	30
597	29
598	21
599	30
600	25
601	26
602	19
603	16
604	24
605	32
606	26
607	28
608	42
609	37
610	32
611	25
612	36
613	31
614	32
615	25
616	23
617	27
618	28
619	32
620	29
621	28
622	24
623	23
624	22
625	26
626	24
627	15
628	24
629	25
630	22
631	23
632	30
633	26
634	29
635	21
636	24
637	18
638	26
639	19
640	33
641	26
642	20
643	27
644	24
645	34
646	20
647	33
648	19
649	20
650	20
651	14
652	26
653	20
654	14
655	18
656	28
657	24
658	27
659	14
660	14
661	21
662	24
663	25
664	20
665	31
666	19
667	19
668	27
669	25
670	21
671	20
672	23
673	20
674	22
675	38
676	24
677	26
678	18
679	20
680	23
681	24
682	20
683	30
684	23
685	22
686	22
687	24
688	21
689	17
690	21
691	23
692	16
693	26
694	29
695	27
696	35
697	21
698	22
699	32
700	21
701	27
702	20
703	22
704	17
705	24
706	27
707	32
708	20
709	25
710	30
711	31
712	26
713	28
714	15
715	19
716	20
717	17
718	19
719	21
720	17
721	27
722	33
723	31
724	22
725	30
726	19
727	21
728	33
729	23
730	21
731	29
732	31
733	26
734	24
735	20
736	22
737	23
738	21
739	21
740	31
741	31
742	22
743	30
744	26
745	35
746	25
747	19
748	28
749	24
750	33
751	27
752	18
753	27
754	21
755	21
756	23
757	16
758	29
759	29
760	23
761	15
762	21
763	32
764	32
765	19
766	37
767	23
768	22
769	30
770	29
771	26
772	32
773	16
774	23
775	14
776	27
777	27
778	26
779	27
780	24
781	29
782	20
783	24
784	31
785	20
786	36
787	27
788	18
789	29
790	24
791	23
792	34
793	22
794	25
795	28
796	25
797	27
798	24
799	21
800	22
801	25
802	31
803	25
804	27
805	27
806	23
807	24
808	26
809	21
810	19
811	31
812	24
813	33
814	36
815	28
816	33
817	24
818	27
819	29
820	20
821	24
822	38
823	25
824	31
825	29
826	22
827	22
828	36
829	32
830	33
831	23
832	37
833	26
834	28
835	34
836	24
837	24
838	28
839	24
840	31
841	30
842	34
843	24
844	27
845	37
846	36
847	19
848	40
849	36
850	30
851	30
852	24
853	34
854	32
855	21
856	22
857	30
858	25
859	30
860	26
861	32
862	28
863	20
864	24
865	24
866	30
867	30
868	31
869	36
870	36
871	23
872	23
873	23
874	37
875	26
876	27
877	22
878	24
879	34
880	35
881	17
882	21
883	24
884	36
885	36
886	33
887	28
888	28
889	33
890	34
891	42
892	41
893	28
894	30
895	28
896	44
897	34
898	39
899	36
900	35
901	33
902	32
903	26
904	28
905	22
906	29
907	27
908	20
909	21
910	29
911	29
912	32
913	26
914	31
915	19
916	29
917	41
918	32
919	28
920	21
921	23
922	31
923	32
924	36
925	30
926	33
927	32
928	25
929	40
930	40
931	38
932	30
933	33
934	25
935	37
936	31
937	28
938	24
939	35
940	35
941	23
942	28
943	28
944	30
945	43
946	45
947	37
948	32
949	35
950	38
951	32
952	34
953	24
954	29
955	29
956	32
957	25
958	30
959	31
960	30
961	29
962	32
963	41
964	41
965	34
966	27
967	33
968	39
969	35
970	34
971	33
972	35
973	34
974	34
975	37
976	41
977	28
978	25
979	37
980	42
981	38
982	31
983	41
984	38
985	35
986	26
987	40
988	44
989	28
990	35
991	30
992	31
993	38
994	48
995	31
996	34
997	31
998	43
999	33
1000	35
1001	27
1002	37
1003	40
1004	43
1005	23
1006	32
1007	25
1008	34
1009	35
1010	42
1011	40
1012	32
1013	28
1014	38
1015	32
1016	31
1017	45
1018	33
1019	33
1020	32
1021	34
1022	24
1023	31
1024	43
1025	38
1026	29
1027	40
1028	25
1029	34
1030	38
1031	27
1032	35
1033	38
1034	33
1035	23
1036	23
1037	30
1038	32
1039	36
1040	51
1041	39
1042	34
1043	31
1044	38
1045	28
1046	29
1047	39
1048	31
1049	35
1050	40
1051	45
1052	35
1053	38
1054	37
1055	28
1056	29
1057	39
1058	37
1059	44
1060	40
1061	43
1062	41
1063	28
1064	43
1065	36
1066	35
1067	55
1068	36
1069	42
1070	34
1071	31
1072	35
1073	36
1074	31
1075	34
1076	29
1077	48
1078	31
1079	36
1080	45
1081	46
1082	33
1083	30
1084	32
1085	30
1086	27
1087	39
1088	32
1089	55
1090	31
1091	47
1092	34
1093	39
1094	30
1095	44
1096	38
1097	30
1098	35
1099	34
1100	26
1101	37
1102	37
1103	45
1104	27
1105	34
1106	39
1107	28
1108	44
1109	36
1110	37
1111	27
1112	43
1113	51
1114	52
1115	31
1116	53
1117	30
1118	32
1119	44
1120	33
1121	41
1122	35
1123	48
1124	37
1125	28
1126	46
1127	40
1128	48
1129	43
1130	29
1131	51
1132	46
1133	49
1134	40
1135	31
1136	37
1137	40
1138	40
1139	29
1140	42
1141	36
1142	44
1143	26
1144	34
1145	32
1146	38
1147	44
1148	51
1149	34
1150	37
1151	35
1152	33
1153	40
1154	33
1155	50
1156	33
1157	32
1158	35
1159	33
1160	42
1161	43
1162	32
1163	40
1164	49
1165	32
1166	32
1167	36
1168	30
1169	43
1170	42
1171	39
1172	36
1173	46
1174	36
1175	49
1176	50
1177	47
1178	44
1179	43
1180	38
1181	37
1182	50
1183	53
1184	28
1185	42
1186	42
1187	42
1188	34
1189	47
1190	30
1191	49
1192	50
1193	41
1194	37
1195	29
1196	42
1197	36
1198	46
1199	47
1200	46
1201	43
1202	42
1203	48
1204	42
1205	35
1206	37
1207	47
1208	34
1209	47
1210	47
1211	45
1212	40
1213	36
1214	37
1215	36
1216	43
1217	40
1218	52
1219	33
1220	47
1221	34
1222	53
1223	40
1224	48
1225	49
1226	43
1227	58
1228	38
1229	39
1230	36
1231	37
1232	49
1233	37
1234	48
1235	41
1236	35
1237	42
1238	46
1239	56
1240	47
1241	36
1242	46
1243	53
1244	43
1245	42
1246	50
1247	46
1248	42
1249	44
1250	44
1251	36
1252	34
1253	46
1254	37
1255	49
1256	47
1257	49
1258	49
1259	25
1260	37
1261	37
1262	42
1263	39
1264	33
1265	39
1266	35
1267	40
1268	37
1269	47
1270	53
1271	59
1272	36
1273	47
1274	42
1275	48
1276	35
1277	51
1278	48
1279	46
1280	47
1281	47
1282	41
1283	33
1284	36
1285	37
1286	47
1287	44
1288	43
1289	45
1290	38
1291	48
1292	50
1293	47
1294	43
1295	41
1296	41
1297	58
1298	40
1299	37
1300	49
1301	40
1302	48
1303	37
1304	54
1305	49
1306	39
1307	46
1308	41
1309	39
1310	35
1311	42
1312	55
1313	49
1314	37
1315	52
1316	45
1317	43
1318	32
1319	57
1320	55
1321	50
1322	38
1323	39
1324	56
1325	64
1326	44
1327	60
1328	35
1329	53
1330	49
1331	59
1332	42
1333	41
1334	53
1335	50
1336	49
1337	42
1338	45
1339	42
1340	55
1341	38
1342	50
1343	53
1344	45
1345	54
1346	61
1347	39
1348	51
1349	52
1350	46
1351	42
1352	47
1353	57
1354	53
1355	50
1356	57
1357	50
1358	46
1359	47
1360	54
1361	53
1362	62
1363	49
1364	53
1365	46
1366	51
1367	32
1368	39
1369	40
1370	46
1371	61
1372	43
1373	50
1374	52
1375	61
1376	41
1377	47
1378	51
1379	62
1380	51
1381	52
1382	59
1383	54
1384	51
1385	54
1386	51
1387	49
1388	40
1389	73
1390	56
1391	47
1392	67
1393	54
1394	58
1395	45
1396	72
1397	56
1398	63
1399	65
1400	47
1401	51
1402	46
1403	55
1404	62
1405	50
1406	60
1407	64
1408	52
1409	49
1410	68
1411	54
1412	68
1413	74
1414	61
1415	64
1416	50
1417	74
1418	39
1419	64
1420	49
1421	61
1422	59
1423	71
1424	63
1425	70
1426	70
1427	60
1428	60
1429	62
1430	58
1431	62
1432	60
1433	63
1434	59
1435	54
1436	57
1437	66
1438	59
1439	69
1440	62
1441	70
1442	64
1443	55
1444	59
1445	67
1446	70
1447	57
1448	65
1449	81
1450	71
1451	66
1452	61
1453	70
1454	61
1455	71
1456	64
1457	82
1458	70
1459	73
1460	63
1461	66
1462	59
1463	72
1464	70
1465	68
1466	78
1467	81
1468	74
1469	73
1470	66
1471	71
1472	83
1473	77
1474	72
1475	63
1476	81
1477	61
1478	76
1479	62
1480	91
1481	71
1482	86
1483	59
1484	81
1485	77
1486	90
1487	80
1488	85
1489	75
1490	80
1491	82
1492	71
1493	67
1494	80
1495	64
1496	73
1497	66
1498	84
1499	84
1500	59
1501	69
1502	69
1503	78
1504	84
1505	68
1506	90
1507	77
1508	74
1509	77
1510	77
1511	84
1512	84
1513	85
1514	89
1515	67
1516	88
1517	75
1518	71
1519	87
1520	79
1521	72
1522	70
1523	88
1524	74
1525	85
1526	68
1527	80
1528	78
1529	82
1530	71
1531	65
1532	88
1533	80
1534	72
1535	66
1536	62
1537	80
1538	80
1539	67
1540	73
1541	73
1542	67
1543	83
1544	61
1545	75
1546	67
1547	75
1548	66
1549	84
1550	72
1551	78
1552	75
1553	69
1554	65
1555	54
1556	70
1557	57
1558	78
1559	74
1560	73
1561	66
1562	74
1563	66
1564	71
1565	69
1566	64
1567	70
1568	71
1569	71
1570	82
1571	67
1572	71
1573	68
1574	59
1575	77
1576	55
1577	73
1578	76
1579	63
1580	83
1581	61
1582	66
1583	60
1584	68
1585	75
1586	69
1587	68
1588	70
1589	72
1590	60
1591	64
1592	60
1593	65
1594	53
1595	58
1596	58
1597	57
1598	56
1599	55
1600	70
1601	44
1602	72
1603	67
1604	66
1605	66
1606	66
1607	44
1608	63
1609	66
1610	66
1611	60
1612	54
1613	69
1614	60
1615	67
1616	55
1617	76
1618	50
1619	52
1620	75
1621	68
1622	63
1623	65
1624	48
1625	53
1626	57
1627	43
1628	58
1629	59
1630	57
1631	56
1632	62
1633	48
1634	51
1635	54
1636	52
1637	46
1638	64
1639	47
1640	49
1641	58
1642	61
1643	64
1644	54
1645	53
1646	49
1647	49
1648	62
1649	42
1650	50
1651	46
1652	49
1653	41
1654	52
1655	54
1656	40
1657	58
1658	59
1659	53
1660	42
1661	56
1662	42
1663	57
1664	44
1665	49
1666	47
1667	44
1668	52
1669	35
1670	41
1671	56
1672	48
1673	33
1674	60
1675	39
1676	66
1677	46
1678	48
1679	38
1680	47
1681	46
1682	48
1683	50
1684	43
1685	46
1686	39
1687	42
1688	43
1689	35
1690	37
1691	41
1692	43
1693	48
1694	48
1695	49
1696	55
1697	28
1698	37
1699	37
1700	35
1701	39
1702	43
1703	49
1704	39
1705	40
1706	36
1707	40
1708	46
1709	38
1710	33
1711	44
1712	37
1713	43
1714	40
1715	44
1716	37
1717	34
1718	40
1719	38
1720	35
1721	33
1722	41
1723	23
1724	39
1725	37
1726	35
1727	27
1728	42
1729	33
1730	28
1731	34
1732	42
1733	35
1734	31
1735	28
1736	38
1737	31
1738	33
1739	40
1740	32
1741	35
1742	40
1743	31
1744	40
1745	29
1746	38
1747	34
1748	36
1749	39
1750	36
1751	42
1752	32
1753	35
1754	29
1755	29
1756	28
1757	30
1758	38
1759	29
1760	22
1761	29
1762	33
1763	28
1764	36
1765	24
1766	31
1767	34
1768	30
1769	32
1770	34
1771	28
1772	30
1773	38
1774	37
1775	31
1776	32
1777	30
1778	31
1779	35
1780	27
1781	29
1782	27
1783	28
1784	35
1785	35
1786	30
1787	29
1788	25
1789	37
1790	31
1791	30
1792	27
1793	27
1794	27
1795	25
1796	32
1797	24
1798	19
1799	32
1800	32
1801	31
1802	18
1803	12
1804	26
1805	30
1806	28
1807	30
1808	32
1809	27
1810	30
1811	19
1812	30
1813	43
1814	25
1815	20
1816	26
1817	25
1818	22
1819	38
1820	22
1821	29
1822	26
1823	15
1824	18
1825	25
1826	28
1827	33
1828	27
1829	26
1830	21
1831	26
1832	31
1833	21
1834	27
1835	21
1836	36
1837	21
1838	34
1839	33
1840	25
1841	18
1842	24
1843	24
1844	24
1845	31
1846	28
1847	26
1848	35
1849	11
1850	24
1851	19
1852	24
1853	30
1854	24
1855	24
1856	26
1857	33
1858	20
1859	26
1860	15
1861	22
1862	30
1863	32
1864	22
1865	25
1866	19
1867	23
1868	30
1869	28
1870	25
1871	16
1872	30
1873	29
1874	23
1875	21
1876	20
1877	30
1878	32
1879	16
1880	23
1881	16
1882	25
1883	27
1884	21
1885	30
1886	23
1887	23
1888	23
1889	28
1890	18
1891	30
1892	22
1893	23
1894	26
1895	15
1896	35
1897	21
1898	21
1899	27
1900	22
1901	26
1902	30
1903	24
1904	26
1905	23
1906	20
1907	23
1908	26
1909	17
1910	27
1911	24
1912	32
1913	24
1914	26
1915	18
1916	16
1917	20
1918	27
1919	18
1920	22
1921	29
1922	20
1923	21
1924	23
1925	18
1926	19
1927	23
1928	26
1929	18
1930	21
1931	21
1932	24
1933	20
1934	20
1935	18
1936	17
1937	17
1938	21
1939	20
1940	16
1941	13
1942	22
1943	35
1944	17
1945	19
1946	22
1947	17
1948	13
1949	21
1950	12
1951	21
1952	18
1953	19
1954	28
1955	23
1956	23
1957	20
1958	20
1959	25
1960	20
1961	14
1962	21
1963	16
1964	19
1965	12
1966	18
1967	26
1968	14
1969	21
1970	13
1971	20
1972	29
1973	24
1974	19
1975	18
1976	25
1977	16
1978	21
1979	18
1980	19
1981	19
1982	14
1983	21
1984	20
1985	17
1986	21
1987	29
1988	8
1989	20
1990	16
1991	15
1992	15
1993	18
1994	22
1995	16
1996	22
1997	19
1998	26
1999	24
2000	19
2001	26
2002	17
2003	14
2004	15
2005	13
2006	17
2007	23
2008	16
2009	22
2010	17
2011	12
2012	13
2013	27
2014	26
2015	15
2016	15
2017	17
2018	17
2019	13
2020	17
2021	17
2022	19
2023	20
2024	23
2025	14
2026	19
2027	16
2028	10
2029	15
2030	17
2031	24
2032	27
2033	16
2034	23
2035	17
2036	14
2037	13
2038	21
2039	18
2040	15
2041	19
2042	14
2043	32
2044	18
2045	17
2046	19
2047	20
2048	21
2049	16
2050	15
2051	21
2052	16
2053	20
2054	23
2055	20
2056	18
2057	20
2058	24
2059	10
2060	19
2061	24
2062	22
2063	21
2064	19
2065	13
2066	10
2067	12
2068	15
2069	17
2070	12
2071	18
2072	19
2073	23
2074	14
2075	17
2076	23
2077	16
2078	20
2079	14
2080	18
2081	20
2082	22
2083	10
2084	20
2085	17
2086	9
2087	13
2088	12
2089	18
2090	17
2091	17
2092	18
2093	11
2094	15
2095	17
2096	22
2097	11
2098	10
2099	18
2100	9
2101	14
2102	15
2103	16
2104	12
2105	23
2106	11
2107	14
2108	22
2109	9
2110	16
2111	15
2112	13
2113	19
2114	19
2115	11
2116	17
2117	16
2118	18
2119	21
2120	7
2121	14
2122	17
2123	21
2124	12
2125	9
2126	21
2127	16
2128	17
2129	21
2130	14
2131	20
2132	13
2133	15
2134	21
2135	14
2136	16
2137	18
2138	20
2139	13
2140	17
2141	12
2142	18
2143	20
2144	14
2145	17
2146	18
2147	20
2148	21
2149	14
2150	11
2151	15
2152	19
2153	11
2154	13
2155	14
2156	16
2157	24
2158	13
2159	15
2160	18
2161	16
2162	10
2163	17
2164	15
2165	14
2166	12
2167	17
2168	19
2169	15
2170	13
2171	16
2172	21
2173	12
2174	22
2175	16
2176	19
2177	9
2178	16
2179	11
2180	15
2181	5
2182	20
2183	15
2184	20
2185	15
2186	18
2187	16
2188	11
2189	11
2190	11
2191	15
2192	16
2193	17
2194	13
2195	12
2196	15
2197	20
2198	16
2199	17
2200	10
2201	19
2202	10
2203	21
2204	12
2205	18
2206	24
2207	17
2208	20
2209	10
2210	15
2211	15
2212	13
2213	13
2214	22
2215	17
2216	13
2217	13
2218	17
2219	15
2220	21
2221	20
2222	11
2223	18
2224	17
2225	10
2226	17
2227	12
2228	6
2229	18
2230	20
2231	15
2232	10
2233	10
2234	12
2235	10
2236	5
2237	15
2238	16
2239	11
2240	16
2241	15
2242	8
2243	12
2244	11
2245	14
2246	9
2247	16
2248	12
2249	15
2250	11
2251	16
2252	17
2253	17
2254	14
2255	7
2256	13
2257	18
2258	18
2259	18
2260	16
2261	12
2262	8
2263	11
2264	17
2265	11
2266	11
2267	12
2268	15
2269	17
2270	13
2271	14
2272	16
2273	18
2274	11
2275	13
2276	15
2277	14
2278	7
2279	18
2280	14
2281	10
2282	16
2283	17
2284	22
2285	14
2286	16
2287	18
2288	17
2289	15
2290	11
2291	9
2292	11
2293	16
2294	15
2295	8
2296	14
2297	13
2298	18
2299	13
2300	16
2301	16
2302	16
2303	16
2304	18
2305	12
2306	11
2307	13
2308	14
2309	6
2310	20
2311	17
2312	18
2313	15
2314	16
2315	13
2316	16
2317	18
2318	14
2319	10
2320	10
2321	10
2322	14
2323	11
2324	15
2325	11
2326	15
2327	13
2328	12
2329	13
2330	11
2331	12
2332	14
2333	16
2334	13
2335	19
2336	9
2337	16
2338	17
2339	11
2340	18
2341	17
2342	16
2343	7
2344	15
2345	15
2346	13
2347	15
2348	24
2349	14
2350	8
2351	10
2352	11
2353	12
2354	12
2355	10
2356	13
2357	4
2358	4
2359	20
2360	16
2361	13
2362	11
2363	15
2364	4
2365	13
2366	12
2367	12
2368	17
2369	16
2370	11
2371	13
2372	10
2373	13
2374	9
2375	12
2376	10
2377	10
2378	12
2379	8
2380	11
2381	11
2382	15
2383	17
2384	16
2385	11
2386	17
2387	14
2388	6
2389	11
2390	10
2391	7
2392	19
2393	8
2394	10
2395	14
2396	13
2397	14
2398	9
2399	14
2400	13
2401	17
2402	15
2403	15
2404	5
2405	11
2406	12
2407	10
2408	11
2409	10
2410	13
2411	14
2412	7
2413	13
2414	14
2415	12
2416	11
2417	12
2418	11
2419	16
2420	12
2421	9
2422	12
2423	11
2424	13
2425	14
2426	13
2427	9
2428	11
2429	17
2430	18
2431	17
2432	15
2433	8
2434	13
2435	15
2436	14
2437	18
2438	11
2439	9
2440	13
2441	12
2442	9
2443	10
2444	12
2445	14
2446	11
2447	13
2448	18
2449	7
2450	10
2451	12
2452	9
2453	8
2454	16
2455	13
2456	8
2457	19
2458	10
2459	11
2460	9
2461	14
2462	16
2463	17
2464	18
2465	6
2466	12
2467	9
2468	12
2469	9
2470	14
2471	3
2472	15
2473	10
2474	11
2475	14
2476	16
2477	14
2478	13
2479	10
2480	12
2481	10
2482	13
2483	14
2484	14
2485	18
2486	11
2487	12
2488	6
2489	11
2490	8
2491	24
2492	12
2493	12
2494	18
2495	9
2496	12
2497	11
2498	14
2499	9
2500	10
2501	12
2502	8
2503	9
2504	14
2505	15
2506	14
2507	10
2508	13
2509	13
2510	16
2511	10
2512	9
2513	12
2514	8
2515	11
2516	11
2517	14
2518	11
2519	8
2520	18
2521	11
2522	14
2523	9
2524	17
2525	12
2526	10
2527	15
2528	6
2529	10
2530	16
2531	9
2532	12
2533	6
2534	10
2535	14
2536	11
2537	13
2538	15
2539	13
2540	8
2541	9
2542	8
2543	6
2544	15
2545	18
2546	18
2547	15
2548	11
2549	13
2550	10
2551	8
2552	12
2553	12
2554	18
2555	11
2556	11
2557	12
2558	12
2559	11
2560	19
2561	14
2562	12
2563	11
2564	13
2565	12
2566	14
2567	10
2568	12
2569	9
2570	12
2571	14
2572	11
2573	20
2574	12
2575	16
2576	5
2577	11
2578	11
2579	8
2580	12
2581	13
2582	8
2583	12
2584	23
2585	20
2586	21
2587	16
2588	17
2589	14
2590	18
2591	6
2592	14
2593	6
2594	10
2595	17
2596	15
2597	11
2598	16
2599	20
2600	26
2601	22
2602	17
2603	14
2604	17
2605	15
2606	20
2607	6
2608	16
2609	15
2610	9
2611	10
2612	21
2613	10
2614	16
2615	12
2616	16
2617	15
2618	12
2619	14
2620	16
2621	15
2622	14
2623	21
2624	14
2625	15
2626	17
2627	12
2628	14
2629	21
2630	17
2631	13
2632	22
2633	14
2634	15
2635	14
2636	23
2637	18
2638	21
2639	9
2640	22
2641	19
2642	16
2643	14
2644	10
2645	18
2646	16
2647	5
2648	13
2649	18
2650	16
2651	17
2652	20
2653	20
2654	15
2655	17
2656	22
2657	13
2658	14
2659	21
2660	20
2661	18
2662	15
2663	13
2664	17
2665	11
2666	21
2667	19
2668	19
2669	11
2670	20
2671	19
2672	19
2673	22
2674	18
2675	20
2676	16
2677	18
2678	23
2679	17
2680	19
2681	16
2682	15
2683	23
2684	21
2685	18
2686	18
2687	20
2688	27
2689	19
2690	18
2691	14
2692	22
2693	20
2694	24
2695	25
2696	21
2697	21
2698	20
2699	18
2700	18
2701	12
2702	33
2703	15
2704	22
2705	17
2706	24
2707	21
2708	23
2709	21
2710	19
2711	26
2712	14
2713	26
2714	23
2715	15
2716	19
2717	27
2718	27
2719	17
2720	26
2721	19
2722	23
2723	21
2724	27
2725	14
2726	22
2727	23
2728	22
2729	19
2730	25
2731	22
2732	22
2733	24
2734	22
2735	16
2736	30
2737	34
2738	25
2739	29
2740	20
2741	20
2742	24
2743	26
2744	20
2745	34
2746	25
2747	23
2748	33
2749	22
2750	25
2751	28
2752	23
2753	29
2754	15
2755	27
2756	24
2757	20
2758	21
2759	31
2760	28
2761	26
2762	15
2763	29
2764	21
2765	21
2766	33
2767	25
2768	17
2769	29
2770	29
2771	19
2772	27
2773	21
2774	33
2775	20
2776	32
2777	25
2778	28
2779	31
2780	19
2781	19
2782	19
2783	23
2784	25
2785	27
2786	25
2787	26
2788	19
2789	30
2790	30
2791	33
2792	32
2793	21
2794	29
2795	18
2796	23
2797	19
2798	24
2799	36
2800	27
2801	30
2802	37
2803	24
2804	34
2805	33
2806	23
2807	32
2808	29
2809	31
2810	18
2811	40
2812	19
2813	34
2814	26
2815	24
2816	26
2817	41
2818	35
2819	28
2820	31
2821	32
2822	27
2823	28
2824	27
2825	34
2826	29
2827	30
2828	32
2829	43
2830	26
2831	41
2832	26
2833	27
2834	30
2835	23
2836	29
2837	31
2838	36
2839	35
2840	23
2841	20
2842	33
2843	22
2844	35
2845	35
2846	33
2847	28
2848	40
2849	31
2850	38
2851	38
2852	27
2853	31
2854	33
2855	31
2856	24
2857	49
2858	26
2859	28
2860	33
2861	33
2862	31
2863	39
2864	35
2865	32
2866	41
2867	31
2868	30
2869	28
2870	31
2871	33
2872	32
2873	26
2874	29
2875	33
2876	39
2877	36
2878	25
2879	29
2880	30
2881	29
2882	23
2883	42
2884	34
2885	34
2886	37
2887	32
2888	36
2889	26
2890	25
2891	41
2892	34
2893	25
2894	26
2895	32
2896	34
2897	30
2898	33
2899	37
2900	42
2901	29
2902	24
2903	42
2904	27
2905	22
2906	36
2907	27
2908	34
2909	30
2910	38
2911	30
2912	25
2913	26
2914	41
2915	37
2916	24
2917	32
2918	31
2919	36
2920	36
2921	37
2922	34
2923	41
2924	37
2925	33
2926	36
2927	39
2928	27
2929	38
2930	32
2931	39
2932	35
2933	43
2934	35
2935	29
2936	38
2937	24
2938	31
2939	37
2940	42
2941	45
2942	42
2943	21
2944	37
2945	34
2946	35
2947	34
2948	42
2949	35
2950	37
2951	36
2952	38
2953	36
2954	39
2955	35
2956	38
2957	25
2958	36
2959	39
2960	39
2961	43
2962	33
2963	40
2964	29
2965	36
2966	38
2967	30
2968	41
2969	37
2970	38
2971	39
2972	46
2973	34
2974	45
2975	37
2976	30
2977	34
2978	34
2979	47
2980	44
2981	26
2982	32
2983	43
2984	33
2985	34
2986	28
2987	37
2988	43
2989	32
2990	38
2991	30
2992	27
2993	36
2994	22
2995	32
2996	44
2997	36
2998	42
2999	27
3000	32
3001	34
3002	39
3003	33
3004	43
3005	42
3006	32
3007	29
3008	42
3009	31
3010	36
3011	29
3012	28
3013	28
3014	42
3015	44
3016	36
3017	29
3018	35
3019	24
3020	40
3021	33
3022	47
3023	39
3024	29
3025	41
3026	42
3027	39
3028	34
3029	26
3030	22
3031	33
3032	36
3033	30
3034	39
3035	42
3036	24
3037	24
3038	37
3039	31
3040	33
3041	35
3042	33
3043	34
3044	44
3045	36
3046	25
3047	38
3048	25
3049	27
3050	33
3051	39
3052	32
3053	30
3054	34
3055	43
3056	28
3057	33
3058	39
3059	38
3060	25
3061	31
3062	26
3063	33
3064	38
3065	31
3066	32
3067	34
3068	21
3069	32
3070	28
3071	34
3072	35
3073	21
3074	18
3075	35
3076	36
3077	30
3078	23
3079	37
3080	27
3081	30
3082	29
3083	25
3084	38
3085	29
3086	38
3087	29
3088	26
3089	29
3090	43
3091	34
3092	27
3093	38
3094	37
3095	23
3096	25
3097	28
3098	28
3099	33
3100	23
3101	34
3102	26
3103	33
3104	22
3105	36
3106	31
3107	46
3108	26
3109	37
3110	33
3111	30
3112	29
3113	32
3114	26
3115	33
3116	26
3117	32
3118	25
3119	26
3120	26
3121	31
3122	22
3123	21
3124	32
3125	30
3126	29
3127	28
3128	26
3129	26
3130	29
3131	24
3132	26
3133	30
3134	34
3135	23
3136	27
3137	28
3138	31
3139	23
3140	30
3141	28
3142	28
3143	24
3144	25
3145	31
3146	21
3147	36
3148	30
3149	34
3150	29
3151	25
3152	30
3153	33
3154	33
3155	26
3156	32
3157	21
3158	23
3159	22
3160	27
3161	29
3162	18
3163	23
3164	26
3165	35
3166	19
3167	24
3168	24
3169	28
3170	23
3171	32
3172	26
3173	28
3174	20
3175	32
3176	26
3177	23
3178	21
3179	25
3180	18
3181	26
3182	25
3183	33
3184	27
3185	28
3186	25
3187	26
3188	18
3189	22
3190	25
3191	23
3192	28
3193	20
3194	26
3195	21
3196	26
3197	17
3198	25
3199	26
3200	21
3201	27
3202	31
3203	27
3204	22
3205	28
3206	22
3207	35
3208	20
3209	15
3210	27
3211	20
3212	24
3213	19
3214	21
3215	33
3216	25
3217	23
3218	29
3219	19
3220	14
3221	16
3222	26
3223	15
3224	27
3225	14
3226	23
3227	16
3228	18
3229	23
3230	18
3231	22
3232	17
3233	21
3234	14
3235	20
3236	16
3237	19
3238	16
3239	16
3240	21
3241	16
3242	14
3243	25
3244	14
3245	27
3246	23
3247	30
3248	17
3249	18
3250	15
3251	24
3252	17
3253	18
3254	23
3255	22
3256	17
3257	13
3258	14
3259	14
3260	13
3261	18
3262	15
3263	11
3264	22
3265	18
3266	20
3267	14
3268	14
3269	22
3270	13
3271	13
3272	21
3273	23
3274	15
3275	14
3276	11
3277	17
3278	11
3279	23
3280	19
3281	15
3282	12
3283	15
3284	16
3285	15
3286	16
3287	14
3288	12
3289	14
3290	16
3291	17
3292	16
3293	16
3294	10
3295	14
3296	17
3297	14
3298	24
3299	10
3300	15
3301	14
3302	14
3303	16
3304	17
3305	15
3306	13
3307	17
3308	13
3309	21
3310	14
3311	9
3312	8
3313	18
3314	12
3315	10
3316	14
3317	15
3318	10
3319	15
3320	16
3321	14
3322	11
3323	12
3324	12
3325	8
3326	22
3327	11
3328	16
3329	9
3330	12
3331	9
3332	9
3333	10
3334	19
3335	18
3336	12
3337	13
3338	11
3339	17
3340	8
3341	13
3342	12
3343	12
3344	10
3345	12
3346	10
3347	11
3348	7
3349	9
3350	11
3351	8
3352	9
3353	15
3354	11
3355	16
3356	13
3357	14
3358	10
3359	11
3360	6
3361	8
3362	13
3363	10
3364	13
3365	8
3366	7
3367	6
3368	17
3369	1
3370	7
3371	10
3372	7
3373	12
3374	15
3375	12
3376	13
3377	14
3378	5
3379	6
3380	9
3381	11
3382	9
3383	6
3384	14
3385	7
3386	16
3387	6
3388	9
3389	12
3390	12
3391	10
3392	9
3393	8
3394	11
3395	9
3396	11
3397	14
3398	7
3399	7
3400	12
3401	6
3402	14
3403	6
3404	11
3405	15
3406	10
3407	5
3408	11
3409	14
3410	7
3411	7
3412	10
3413	8
3414	14
3415	13
3416	7
3417	11
3418	5
3419	11
3420	11
3421	14
3422	11
3423	7
3424	8
3425	10
3426	10
3427	9
3428	12
3429	10
3430	7
3431	6
3432	13
3433	7
3434	9
3435	13
3436	9
3437	7
3438	5
3439	9
3440	10
3441	9
3442	5
3443	4
3444	11
3445	5
3446	5
3447	13
3448	9
3449	9
3450	7
3451	10
3452	6
3453	10
3454	12
3455	10
3456	4
3457	8
3458	9
3459	8
3460	8
3461	8
3462	6
3463	7
3464	7
3465	6
3466	9
3467	5
3468	14
3469	14
3470	6
3471	5
3472	5
3473	7
3474	6
3475	10
3476	3
3477	10
3478	9
3479	9
3480	5
3481	12
3482	10
3483	8
3484	6
3485	12
3486	5
3487	8
3488	8
3489	9
3490	9
3491	12
3492	6
3493	7
3494	9
3495	8
3496	6
3497	6
3498	8
3499	7
3500	8
3501	6
3502	10
3503	7
3504	14
3505	9
3506	12
3507	10
3508	7
3509	8
3510	3
3511	8
3512	9
3513	8
3514	9
3515	4
3516	7
3517	3
3518	9
3519	7
3520	4
3521	11
3522	5
3523	6
3524	9
3525	2
3526	5
3527	13
3528	9
3529	9
3530	5
3531	8
3532	4
3533	8
3534	9
3535	13
3536	7
3537	7
3538	12
3539	6
3540	10
3541	9
3542	5
3543	6
3544	7
3545	7
3546	8
3547	9
3548	10
3549	7
3550	9
3551	5
3552	9
3553	11
3554	9
3555	8
3556	8
3557	9
3558	6
3559	9
3560	8
3561	7
3562	8
3563	8
3564	10
3565	7
3566	12
3567	8
3568	7
3569	11
3570	11
3571	7
3572	11
3573	15
3574	11
3575	10
3576	9
3577	7
3578	11
3579	8
3580	6
3581	10
3582	11
3583	5
3584	9
3585	11
3586	11
3587	9
3588	4
3589	7
3590	6
3591	9
3592	10
3593	7
3594	6
3595	11
3596	8
3597	9
3598	3
3599	11
3600	7
3601	3
3602	9
3603	13
3604	8
3605	7
3606	6
3607	10
3608	6
3609	12
3610	6
3611	6
3612	7
3613	11
3614	6
3615	8
3616	9
3617	7
3618	8
3619	11
3620	7
3621	6
3622	7
3623	4
3624	7
3625	7
3626	11
3627	7
3628	5
3629	5
3630	7
3631	8
3632	8
3633	6
3634	4
3635	5
3636	7
3637	13
3638	6
3639	10
3640	4
3641	7
3642	8
3643	7
3644	6
3645	10
3646	12
3647	13
3648	6
3649	8
3650	4
3651	8
3652	8
3653	7
3654	14
3655	6
3656	8
3657	5
3658	9
3659	3
3660	13
3661	7
3662	7
3663	9
3664	7
3665	11
3666	5
3667	10
3668	15
3669	10
3670	9
3671	16
3672	12
3673	9
3674	6
3675	5
3676	10
3677	8
3678	7
3679	12
3680	8
3681	5
3682	5
3683	2
3684	5
3685	14
3686	9
3687	4
3688	8
3689	5
3690	10
3691	11
3692	8
3693	12
3694	13
3695	9
3696	10
3697	6
3698	7
3699	13
3700	11
3701	7
3702	7
3703	7
3704	4
3705	8
3706	10
3707	7
3708	3
3709	4
3710	9
3711	7
3712	9
3713	6
3714	13
3715	7
3716	5
3717	8
3718	10
3719	10
3720	9
3721	12
3722	9
3723	8
3724	7
3725	9
3726	6
3727	4
3728	5
3729	10
3730	6
3731	9
3732	7
3733	5
3734	2
3735	7
3736	7
3737	7
3738	3
3739	6
3740	11
3741	12
3742	9
3743	4
3744	6
3745	6
3746	12
3747	6
3748	5
3749	8
3750	8
3751	4
3752	11
3753	9
3754	8
3755	6
3756	3
3757	8
3758	9
3759	10
3760	6
3761	5
3762	5
3763	6
3764	6
3765	10
3766	5
3767	8
3768	7
3769	6
3770	6
3771	8
3772	11
3773	8
3774	7
3775	6
3776	3
3777	5
3778	8
3779	7
3780	7
3781	6
3782	12
3783	9
3784	11
3785	5
3786	4
3787	8
3788	10
3789	5
3790	2
3791	6
3792	1
3793	6
3794	4
3795	10
3796	6
3797	6
3798	7
3799	4
3800	1
3801	3
3802	5
3803	6
3804	4
3805	4
3806	6
3807	4
3808	6
3809	8
3810	6
3811	9
3812	11
3813	6
3814	7
3815	7
3816	4
3817	6
3818	3
3819	10
3820	10
3821	5
3822	4
3823	6
3824	6
3825	2
3826	4
3827	3
3828	5
3829	4
3830	5
3831	2
3832	1
3833	8
3834	9
3835	6
3836	7
3837	5
3838	7
3839	5
3840	8
3841	2
3842	7
3843	5
3844	3
3845	3
3846	5
3847	4
3848	7
3849	3
3850	2
3851	4
3852	6
3853	7
3854	3
3855	2
3856	3
3857	3
3858	7
3859	7
3860	3
3861	9
3862	7
3863	7
3864	4
3865	3
3866	3
3867	2
3868	7
3869	6
3870	6
3871	4
3872	6
3873	3
3874	6
3875	1
3876	4
3877	7
3878	5
3879	8
3880	7
3881	3
3882	7
3883	5
3884	6
3885	4
3886	2
3887	3
3888	1
3889	2
3890	3
3891	4
3892	4
3893	1
3894	5
3895	2
3896	6
3897	8
3898	3
3899	6
3900	4
3901	5
3902	5
3903	3
3904	4
3905	6
3906	5
3907	9
3908	9
3909	5
3910	1
3911	5
3912	6
3913	3
3914	4
3915	7
3916	2
3917	2
3918	6
3919	5
3920	2
3921	3
3922	3
3923	3
3924	6
3925	6
3926	3
3927	2
3928	6
3929	1
3930	2
3931	5
3932	4
3933	1
3934	5
3935	3
3936	3
3937	4
3938	6
3939	2
3940	5
3941	5
3942	4
3943	1
3944	1
3945	3
3946	5
3947	1
3948	4
3949	1
3950	4
3951	4
3952	2
3953	5
3954	5
3955	1
3956	6
3957	8
3958	5
3959	8
3960	2
3961	4
3962	2
3963	4
3964	4
3965	6
3966	4
3967	3
3968	4
3969	6
3970	0
3971	2
3972	7
3973	2
3974	0
3975	4
3976	4
3977	5
3978	6
3979	3
3980	7
3981	2
3982	5
3983	3
3984	2
3985	3
3986	4
3987	2
3988	2
3989	1
3990	5
3991	1
3992	2
3993	1
3994	2
3995	4
3996	2
3997	4
3998	2
3999	1
4000	3
4001	1
4002	1
4003	3
4004	8
4005	4
4006	4
4007	3
4008	3
4009	6
4010	5
4011	6
4012	6
4013	4
4014	6
4015	3
4016	3
4017	3
4018	3
4019	2
4020	1
4021	1
4022	1
4023	1
4024	1
4025	5
4026	4
4027	2
4028	1
4029	2
4030	2
4031	2
4032	3
4033	1
4034	0
4035	1
4036	5
4037	3
4038	3
4039	5
4040	7
4041	4
4042	1
4043	1
4044	2
4045	6
4046	3
4047	0
4048	2
4049	4
4050	3
4051	7
4052	1
4053	3
4054	1
4055	2
4056	3
4057	3
4058	4
4059	7
4060	2
4061	2
4062	5
4063	4
4064	1
4065	2
4066	1
4067	2
4068	5
4069	2
4070	3
4071	3
4072	2
4073	2
4074	4
4075	3
4076	2
4077	2
4078	4
4079	1
4080	7
4081	5
4082	2
4083	2
4084	4
4085	4
4086	2
4087	4
4088	2
4089	3
4090	5
4091	1
4092	2
4093	4
4094	3
4095	3
4096	3
4097	4
4098	3
4099	0
4100	3
4101	5
4102	3
4103	0
4104	1
4105	1
4106	4
4107	0
4108	1
4109	4
4110	1
4111	1
4112	0
4113	1
4114	4
4115	0
4116	1
4117	5
4118	3
4119	2
4120	2
4121	3
4122	3
4123	0
4124	2
4125	3
4126	3
4127	2
4128	1
4129	3
4130	0
4131	3
4132	1
4133	0
4134	5
4135	1
4136	1
4137	1
4138	1
4139	4
4140	0
4141	2
4142	1
4143	0
4144	1
4145	3
4146	3
4147	5
4148	2
4149	3
4150	5
4151	3
4152	2
4153	2
4154	2
4155	1
4156	2
4157	1
4158	1
4159	1
4160	0
4161	3
4162	0
4163	4
4164	4
4165	1
4166	2
4167	3
4168	3
4169	1
4170	2
4171	2
4172	3
4173	1
4174	1
4175	2
4176	1
4177	1
4178	3
4179	2
4180	2
4181	1
4182	1
4183	2
4184	3
4185	1
4186	1
4187	2
4188	1
4189	2
4190	1
4191	4
4192	1
4193	2
4194	4
4195	0
4196	1
4197	0
4198	0
4199	2
4200	2
4201	1
4202	1
4203	1
4204	2
4205	1
4206	2
4207	1
4208	2
4209	1
4210	2
4211	1
4212	3
4213	1
4214	2
4215	0
4216	2
4217	4
4218	2
4219	2
4220	3
4221	4
4222	0
4223	3
4224	0
4225	2
4226	2
4227	0
4228	1
4229	2
4230	1
4231	0
4232	0
4233	3
4234	2
4235	0
4236	0
4237	1
4238	1
4239	3
4240	3
4241	0
4242	1
4243	1
4244	3
4245	1
4246	2
4247	2
4248	0
4249	1
4250	0
4251	1
4252	2
4253	3
4254	1
4255	1
4256	0
4257	1
4258	1
4259	2
4260	1
4261	0
4262	1
4263	3
4264	2
4265	2
4266	2
4267	3
4268	0
4269	0
4270	0
4271	2
4272	2
4273	2
4274	2
4275	2
4276	1
4277	1
4278	2
4279	1
4280	0
4281	2
4282	2
4283	1
4284	1
4285	0
4286	2
4287	2
4288	1
4289	1
4290	2
4291	1
4292	2
4293	0
4294	3
4295	1
4296	1
4297	2
4298	0
4299	0
4300	3
4301	0
4302	2
4303	2
4304	0
4305	0
4306	0
4307	1
4308	0
4309	1
4310	2
4311	0
4312	2
4313	0
4314	1
4315	1
4316	0
4317	0
4318	1
4319	3
4320	1
4321	1
4322	1
4323	2
4324	0
4325	2
4326	1
4327	4
4328	0
4329	2
4330	1
4331	1
4332	0
4333	1
4334	2
4335	1
4336	0
4337	2
4338	1
4339	0
4340	0
4341	2
4342	2
4343	1
4344	1
4345	2
4346	1
4347	0
4348	3
4349	0
4350	1
4351	3
4352	0
4353	1
4354	0
4355	0
4356	1
4357	0
4358	0
4359	1
4360	1
4361	1
4362	1
4363	0
4364	2
4365	0
4366	2
4367	1
4368	1
4369	0
4370	1
4371	0
4372	0
4373	1
4374	0
4375	1
4376	0
4377	0
4378	4
4379	1
4380	1
4381	0
4382	2
4383	0
4384	2
4385	1
4386	0
4387	2
4388	0
4389	0
4390	0
4391	0
4392	1
4393	1
4394	0
4395	0
4396	2
4397	0
4398	1
4399	0
4400	0
4401	2
4402	1
4403	1
4404	1
4405	1
4406	0
4407	2
4408	2
4409	0
4410	1
4411	0
4412	3
4413	0
4414	0
4415	1
4416	0
4417	1
4418	3
4419	1
4420	1
4421	2
4422	2
4423	2
4424	1
4425	1
4426	0
4427	2
4428	1
4429	0
4430	0
4431	0
4432	0
4433	0
4434	2
4435	1
4436	0
4437	1
4438	0
4439	0
4440	1
4441	0
4442	0
4443	1
4444	0
4445	2
4446	1
4447	1
4448	1
4449	1
4450	1
4451	0
4452	0
4453	1
4454	3
4455	1
4456	5
4457	0
4458	0
4459	1
4460	0
4461	1
4462	0
4463	0
4464	0
4465	0
4466	0
4467	0
4468	2
4469	1
4470	1
4471	0
4472	1
4473	1
4474	1
4475	0
4476	1
4477	2
4478	0
4479	0
4480	0
4481	1
4482	1
4483	0
4484	0
4485	0
4486	2
4487	2
4488	0
4489	1
4490	0
4491	0
4492	0
4493	2
4494	0
4495	0
4496	0
4497	2
4498	0
4499	2
4500	0
4501	0
4502	0
4503	1
4504	1
4505	0
4506	2
4507	1
4508	0
4509	0
4510	1
4511	2
4512	2
4513	0
4514	2
4515	1
4516	1
4517	0
4518	0
4519	1
4520	0
4521	1
4522	2
4523	1
4524	1
4525	0
4526	0
4527	0
4528	1
4529	0
4530	1
4531	0
4532	1
4533	0
4534	0
4535	0
4536	0
4537	1
4538	1
4539	1
4540	2
4541	0
4542	1
4543	0
4544	0
4545	2
4546	1
4547	0
4548	0
4549	2
4550	0
4551	0
4552	0
4553	1
4554	1
4555	0
4556	0
4557	0
4558	0
4559	1
4560	1
4561	0
4562	0
4563	1
4564	1
4565	0
4566	1
4567	0
4568	1
4569	1
4570	3
4571	1
4572	1
4573	1
4574	2
4575	2
4576	0
4577	1
4578	0
4579	1
4580	1
4581	2
4582	0
4583	1
4584	0
4585	0
4586	0
4587	1
4588	0
4589	0
4590	0
4591	0
4592	1
4593	2
4594	1
4595	1
4596	0
4597	0
4598	0
4599	1
4600	0
4601	1
4602	1
4603	0
4604	0
4605	1
4606	0
4607	0
4608	0
4609	0
4610	1
4611	0
4612	0
4613	0
4614	3
4615	3
4616	0
4617	0
4618	0
4619	1
4620	0
4621	0
4622	0
4623	0
4624	0
4625	1
4626	0
4627	1
4628	2
4629	1
4630	1
4631	0
4632	1
4633	2
4634	2
4635	0
4636	1
4637	1
4638	0
4639	0
4640	0
4641	2
4642	1
4643	0
4644	1
4645	0
4646	1
4647	0
4648	1
4649	1
4650	0
4651	2
4652	0
4653	0
4654	0
4655	0
4656	0
4657	3
4658	0
4659	0
4660	0
4661	3
4662	0
4663	0
4664	2
4665	0
4666	1
4667	1
4668	0
4669	1
4670	0
4671	1
4672	0
4673	1
4674	2
4675	1
4676	0
4677	0
4678	1
4679	1
4680	0
4681	1
4682	0
4683	2
4684	3
4685	0
4686	0
4687	0
4688	0
4689	0
4690	0
4691	0
4692	0
4693	0
4694	2
4695	0
4696	0
4697	2
4698	0
4699	0
4700	0
4701	0
4702	0
4703	0
4704	1
4705	0
4706	2
4707	0
4708	0
4709	0
4710	0
4711	0
4712	0
4713	0
4714	0
4715	0
4716	0
4717	0
4718	1
4719	1
4720	1
4721	0
4722	0
4723	1
4724	0
4725	2
4726	0
4727	2
4728	1
4729	2
4730	1
4731	1
4732	0
4733	0
4734	0
4735	1
4736	1
4737	0
4738	1
4739	0
4740	0
4741	1
4742	0
4743	1
4744	1
4745	0
4746	1
4747	0
4748	1
4749	0
4750	0
4751	1
4752	0
4753	1
4754	1
4755	2
4756	0
4757	1
4758	0
4759	1
4760	0
4761	0
4762	0
4763	0
4764	1
4765	0
4766	2
4767	1
4768	0
4769	2
4770	0
4771	0
4772	0
4773	0
4774	0
4775	0
4776	0
4777	2
4778	0
4779	1
4780	0
4781	3
4782	0
4783	0
4784	0
4785	1
4786	1
4787	3
4788	1
4789	0
4790	1
4791	2
4792	0
4793	1
4794	1
4795	1
4796	1
4797	2
4798	0
4799	2
4800	0
4801	0
4802	0
4803	2
4804	0
4805	0
4806	0
4807	1
4808	0
4809	0
4810	0
4811	2
4812	2
4813	1
4814	0
4815	1
4816	0
4817	0
4818	1
4819	0
4820	1
4821	0
4822	0
4823	0
4824	0
4825	1
4826	0
4827	0
4828	1
4829	0
4830	1
4831	3
4832	1
4833	3
4834	0
4835	0
4836	2
4837	0
4838	0
4839	1
4840	0
4841	0
4842	0
4843	0
4844	0
4845	0
4846	0
4847	0
4848	1
4849	0
4850	2
4851	0
4852	0
4853	1
4854	0
4855	0
4856	2
4857	1
4858	1
4859	0
4860	0
4861	0
4862	1
4863	1
4864	0
4865	2
4866	0
4867	1
4868	0
4869	0
4870	1
4871	0
4872	0
4873	2
4874	0
4875	2
4876	1
4877	0
4878	0
4879	1
4880	3
4881	0
4882	0
4883	1
4884	1
4885	0
4886	0
4887	1
4888	2
4889	1
4890	0
4891	0
4892	1
4893	1
4894	0
4895	1
4896	3
4897	0
4898	2
4899	0
4900	0
4901	1
4902	0
4903	0
4904	0
4905	0
4906	0
4907	1
4908	0
4909	2
4910	1
4911	1
4912	1
4913	1
4914	0
4915	1
4916	1
4917	1
4918	1
4919	1
4920	0
4921	0
4922	0
4923	2
4924	1
4925	0
4926	0
4927	1
4928	1
4929	1
4930	1
4931	0
4932	1
4933	0
4934	1
4935	1
4936	1
4937	0
4938	1
4939	1
4940	0
4941	2
4942	2
4943	1
4944	0
4945	0
4946	0
4947	0
4948	0
4949	0
4950	0
4951	0
4952	3
4953	1
4954	0
4955	0
4956	1
4957	1
4958	0
4959	0
4960	1
4961	0
4962	0
4963	1
4964	1
4965	0
4966	2
4967	0
4968	0
4969	1
4970	0
4971	0
4972	0
4973	0
4974	0
4975	3
4976	0
4977	0
4978	1
4979	1
4980	1
4981	0
4982	0
4983	1
4984	0
4985	0
4986	1
4987	0
4988	0
4989	0
4990	0
4991	0
4992	2
4993	1
4994	0
4995	1
4996	1
4997	2
4998	0
4999	1
5000	0
5001	0
5002	1
5003	2
5004	0
5005	0
5006	0
5007	1
5008	0
5009	2
5010	2
5011	1
5012	0
5013	1
5014	1
5015	2
5016	2
5017	0
5018	2
5019	0
5020	1
5021	1
5022	0
5023	0
5024	0
5025	0
5026	2
5027	1
5028	0
5029	0
5030	0
5031	0
5032	2
5033	1
5034	0
5035	0
5036	1
5037	1
5038	2
5039	1
5040	0
5041	0
5042	0
5043	1
5044	3
5045	1
5046	1
5047	1
5048	0
5049	0
5050	0
5051	0
5052	1
5053	0
5054	0
5055	0
5056	0
5057	1
5058	1
5059	1
5060	1
5061	0
5062	0
5063	1
5064	0
5065	0
5066	1
5067	0
5068	0
5069	0
5070	2
5071	1
5072	1
5073	0
5074	0
5075	0
5076	1
5077	0
5078	1
5079	0
5080	2
5081	0
5082	0
5083	1
5084	0
5085	1
5086	0
5087	0
5088	1
5089	0
5090	0
5091	0
5092	0
5093	0
5094	2
5095	0
5096	0
5097	1
5098	0
5099	0
5100	0
5101	1
5102	0
5103	1
5104	0
5105	0
5106	0
5107	1
5108	0
5109	1
5110	1
5111	2
5112	1
5113	1
5114	1
5115	1
5116	0
5117	1
5118	1
5119	0
5120	0
5121	0
5122	2
5123	1
5124	0
5125	1
5126	0
5127	1
5128	3
5129	2
5130	0
5131	0
5132	1
5133	2
5134	0
5135	0
5136	0
5137	0
5138	1
5139	1
5140	0
5141	1
5142	2
5143	1
5144	0
5145	1
5146	1
5147	0
5148	3
5149	1
5150	1
5151	1
5152	0
5153	0
5154	0
5155	0
5156	0
5157	0
5158	1
5159	0
5160	0
5161	1
5162	2
5163	1
5164	1
5165	0
5166	0
5167	0
5168	0
5169	0
5170	0
5171	0
5172	1
5173	1
5174	0
5175	3
5176	1
5177	1
5178	0
5179	0
5180	0
5181	0
5182	0
5183	5
5184	0
5185	1
5186	0
5187	0
5188	1
5189	0
5190	1
5191	0
5192	1
5193	0
5194	1
5195	0
5196	1
5197	1
5198	1
5199	0
5200	0
5201	0
5202	1
5203	0
5204	1
5205	0
5206	0
5207	3
5208	1
5209	1
5210	0
5211	0
5212	2
5213	1
5214	0
5215	3
5216	1
5217	2
5218	1
5219	1
5220	0
5221	0
5222	0
5223	1
5224	1
5225	1
5226	0
5227	0
5228	1
5229	2
5230	1
5231	1
5232	0
5233	0
5234	0
5235	0
5236	0
5237	0
5238	0
5239	0
5240	1
5241	1
5242	2
5243	0
5244	1
5245	1
5246	0
5247	0
5248	0
5249	0
5250	0
5251	0
5252	0
5253	0
5254	3
5255	0
5256	0
5257	1
5258	0
5259	2
5260	0
5261	0
5262	0
5263	1
5264	0
5265	1
5266	0
5267	1
5268	0
5269	0
5270	0
5271	2
5272	0
5273	1
5274	0
5275	1
5276	1
5277	0
5278	1
5279	0
5280	0
5281	0
5282	1
5283	1
5284	0
5285	1
5286	0
5287	0
5288	2
5289	1
5290	1
5291	0
5292	1
5293	0
5294	2
5295	1
5296	1
5297	0
5298	2
5299	0
5300	1
5301	1
5302	0
5303	0
5304	0
5305	0
5306	0
5307	0
5308	0
5309	0
5310	0
5311	2
5312	0
5313	0
5314	0
5315	1
5316	0
5317	0
5318	0
5319	0
5320	0
5321	0
5322	0
5323	0
5324	0
5325	0
5326	0
5327	0
5328	0
5329	0
5330	0
5331	0
5332	0
5333	0
5334	1
5335	0
5336	0
5337	0
5338	0
5339	2
5340	0
5341	0
5342	1
5343	1
5344	0
5345	0
5346	0
5347	1
5348	0
5349	1
5350	1
5351	0
5352	1
5353	0
5354	0
5355	0
5356	0
5357	0
5358	0
5359	1
5360	0
5361	0
5362	0
5363	0
5364	1
5365	0
5366	1
5367	0
5368	0
5369	0
5370	1
5371	1
5372	1
5373	0
5374	1
5375	1
5376	1
5377	1
5378	1
5379	0
5380	0
5381	0
5382	0
5383	2
5384	1
5385	1
5386	2
5387	0
5388	0
5389	0
5390	1
5391	0
5392	0
5393	1
5394	1
5395	0
5396	0
5397	0
5398	1
5399	0
5400	0
5401	1
5402	1
5403	2
5404	1
5405	1
5406	0
5407	1
5408	1
5409	0
5410	0
5411	0
5412	1
5413	1
5414	0
5415	0
5416	0
5417	1
5418	0
5419	0
5420	1
5421	1
5422	1
5423	2
5424	2
5425	0
5426	0
5427	0
5428	0
5429	0
5430	0
5431	0
5432	0
5433	0
5434	0
5435	0
5436	0
5437	0
5438	1
5439	0
5440	0
5441	2
5442	0
5443	0
5444	0
5445	1
5446	0
5447	0
5448	2
5449	0
5450	0
5451	0
5452	0
5453	1
5454	1
5455	0
5456	0
5457	1
5458	0
5459	1
5460	0
5461	0
5462	0
5463	0
5464	0
5465	0
5466	0
5467	1
5468	0
5469	0
5470	0
5471	1
5472	0
5473	1
5474	1
5475	0
5476	3
5477	0
5478	2
5479	1
5480	0
5481	1
5482	0
5483	0
5484	1
5485	0
5486	1
5487	1
5488	1
5489	0
5490	0
5491	2
5492	0
5493	0
5494	0
5495	0
5496	0
5497	0
5498	1
5499	0
5500	1
5501	0
5502	0
5503	0
5504	0
5505	1
5506	0
5507	0
5508	1
5509	0
5510	0
5511	0
5512	5
5513	1
5514	0
5515	1
5516	0
5517	0
5518	1
5519	1
5520	2
5521	0
5522	0
5523	0
5524	2
5525	1
5526	0
5527	0
5528	1
5529	1
5530	1
5531	0
5532	0
5533	0
5534	0
5535	0
5536	0
5537	2
5538	1
5539	2
5540	0
5541	1
5542	1
5543	1
5544	1
5545	0
5546	0
5547	0
5548	1
5549	0
5550	0
5551	0
5552	0
5553	0
5554	0
5555	2
5556	1
5557	0
5558	0
5559	0
5560	0
5561	1
5562	0
5563	1
5564	0
5565	0
5566	0
5567	2
5568	1
5569	1
5570	0
5571	0
5572	1
5573	1
5574	0
5575	1
5576	0
5577	0
5578	0
5579	1
5580	0
5581	0
5582	1
5583	0
5584	0
5585	0
5586	0
5587	0
5588	0
5589	1
5590	0
5591	1
5592	0
5593	0
5594	1
5595	0
5596	0
5597	2
5598	1
5599	0
5600	1
5601	1
5602	0
5603	0
5604	1
5605	1
5606	0
5607	1
5608	0
5609	0
5610	0
5611	0
5612	0
5613	0
5614	1
5615	2
5616	0
5617	0
5618	0
5619	0
5620	0
5621	2
5622	0
5623	0
5624	0
5625	1
5626	1
5627	3
5628	0
5629	2
5630	1
5631	1
5632	0
5633	1
5634	0
5635	0
5636	1
5637	0
5638	0
5639	0
5640	1
5641	0
5642	1
5643	1
5644	0
5645	0
5646	1
5647	1
5648	0
5649	2
5650	0
5651	0
5652	0
5653	1
5654	1
5655	2
5656	3
5657	0
5658	0
5659	1
5660	1
5661	0
5662	2
5663	1
5664	1
5665	0
5666	1
5667	0
5668	1
5669	1
5670	0
5671	1
5672	0
5673	0
5674	3
5675	1
5676	2
5677	0
5678	0
5679	0
5680	0
5681	2
5682	1
5683	0
5684	0
5685	0
5686	0
5687	0
5688	0
5689	0
5690	0
5691	3
5692	1
5693	0
5694	1
5695	0
5696	0
5697	0
5698	1
5699	1
5700	1
5701	4
5702	2
5703	0
5704	1
5705	0
5706	3
5707	1
5708	1
5709	0
5710	2
5711	0
5712	0
5713	1
5714	1
5715	0
5716	0
5717	1
5718	0
5719	0
5720	0
5721	0
5722	0
5723	1
5724	2
5725	0
5726	1
5727	0
5728	0
5729	0
5730	1
5731	0
5732	0
5733	0
5734	1
5735	0
5736	0
5737	0
5738	0
5739	0
5740	2
5741	1
5742	0
5743	0
5744	1
5745	0
5746	1
5747	1
5748	1
5749	0
5750	0
5751	1
5752	0
5753	1
5754	1
5755	0
5756	0
5757	0
5758	0
5759	0
5760	0
5761	0
5762	1
5763	0
5764	0
5765	1
5766	0
5767	0
5768	0
5769	1
5770	0
5771	0
5772	1
5773	0
5774	2
5775	2
5776	2
5777	0
5778	1
5779	1
5780	0
5781	0
5782	0
5783	1
5784	0
5785	0
5786	2
5787	0
5788	0
5789	1
5790	1
5791	0
5792	3
5793	0
5794	0
5795	0
5796	0
5797	2
5798	0
5799	1
5800	1
5801	0
5802	1
5803	0
5804	0
5805	1
5806	0
5807	1
5808	3
5809	0
5810	0
5811	0
5812	0
5813	0
5814	0
5815	0
5816	0
5817	0
5818	2
5819	1
5820	2
5821	0
5822	0
5823	0
5824	0
5825	0
5826	0
5827	0
5828	0
5829	0
5830	0
5831	1
5832	1
5833	0
5834	1
5835	1
5836	0
5837	0
5838	0
5839	0
5840	0
5841	0
5842	0
5843	0
5844	0
5845	0
5846	0
5847	0
5848	1
5849	1
5850	0
5851	0
5852	0
5853	1
5854	0
5855	1
5856	0
5857	0
5858	0
5859	1
5860	0
5861	1
5862	1
5863	0
5864	1
5865	1
5866	0
5867	0
5868	1
5869	1
5870	0
5871	1
5872	0
5873	1
5874	1
5875	2
5876	0
5877	1
5878	0
5879	0
5880	0
5881	0
5882	1
5883	1
5884	0
5885	0
5886	3
5887	0
5888	0
5889	0
5890	1
5891	1
5892	0
5893	1
5894	0
5895	1
5896	0
5897	0
5898	1
5899	1
5900	0
5901	0
5902	0
5903	0
5904	1
5905	1
5906	2
5907	0
5908	1
5909	0
5910	0
5911	0
5912	0
5913	1
5914	1
5915	0
5916	0
5917	0
5918	0
5919	1
5920	0
5921	2
5922	2
5923	0
5924	0
5925	0
5926	0
5927	1
5928	0
5929	0
5930	0
5931	1
5932	1
5933	1
5934	1
5935	0
5936	0
5937	2
5938	0
5939	0
5940	0
5941	1
5942	2
5943	0
5944	1
5945	0
5946	0
5947	0
5948	0
5949	0
5950	0
5951	0
5952	0
5953	0
5954	0
5955	0
5956	0
5957	0
5958	0
5959	0
5960	0
5961	1
5962	0
5963	0
5964	0
5965	0
5966	1
5967	0
5968	1
5969	1
5970	1
5971	0
5972	1
5973	0
5974	1
5975	0
5976	0
5977	0
5978	0
5979	0
5980	1
5981	0
5982	0
5983	0
5984	0
5985	0
5986	0
5987	1
5988	0
5989	0
5990	2
5991	0
5992	0
5993	1
5994	0
5995	0
5996	0
5997	2
5998	0
5999	0
6000	1
6001	0
6002	1
6003	1
6004	0
6005	0
6006	2
6007	1
6008	0
6009	0
6010	1
6011	0
6012	0
6013	0
6014	0
6015	0
6016	4
6017	0
6018	1
6019	0
6020	1
6021	0
6022	0
6023	0
6024	3
6025	0
6026	0
6027	0
6028	0
6029	0
6030	0
6031	0
6032	0
6033	1
6034	1
6035	0
6036	0
6037	0
6038	1
6039	0
6040	0
6041	0
6042	0
6043	2
6044	1
6045	0
6046	3
6047	0
6048	1
6049	1
6050	1
6051	0
6052	0
6053	2
6054	0
6055	0
6056	0
6057	1
6058	1
6059	0
6060	0
6061	0
6062	0
6063	0
6064	0
6065	0
6066	0
6067	1
6068	0
6069	0
6070	0
6071	0
6072	0
6073	0
6074	1
6075	1
6076	0
6077	0
6078	0
6079	1
6080	1
6081	0
6082	1
6083	1
6084	0
6085	1
6086	0
6087	0
6088	1
6089	1
6090	0
6091	0
6092	2
6093	1
6094	0
6095	0
6096	0
6097	0
6098	0
6099	0
6100	0
6101	0
6102	0
6103	2
6104	1
6105	1
6106	0
6107	0
6108	0
6109	0
6110	2
6111	0
6112	0
6113	0
6114	0
6115	0
6116	0
6117	1
6118	0
6119	0
6120	1
6121	0
6122	0
6123	0
6124	0
6125	2
6126	1
6127	1
6128	0
6129	0
6130	2
6131	0
6132	0
6133	0
6134	0
6135	0
6136	0
6137	0
6138	0
6139	0
6140	1
6141	1
6142	0
6143	1
6144	1
6145	0
6146	1
6147	0
6148	0
6149	1
6150	1
6151	0
6152	0
6153	0
6154	0
6155	0
6156	0
6157	0
6158	1
6159	0
6160	0
6161	0
6162	1
6163	0
6164	0
6165	0
6166	0
6167	0
6168	1
6169	0
6170	0
6171	0
6172	1
6173	0
6174	1
6175	0
6176	1
6177	1
6178	1
6179	0
6180	1
6181	1
6182	0
6183	0
6184	0
6185	0
6186	0
6187	2
6188	0
6189	1
6190	0
6191	0
6192	1
6193	1
6194	0
6195	0
6196	0
6197	0
6198	1
6199	0
6200	1
6201	0
6202	0
6203	0
6204	1
6205	1
6206	0
6207	0
6208	0
6209	0
6210	0
6211	0
6212	1
6213	1
6214	0
6215	1
6216	1
6217	0
6218	1
6219	0
6220	0
6221	1
6222	2
6223	0
6224	0
6225	2
6226	0
6227	0
6228	1
6229	1
6230	0
6231	0
6232	0
6233	0
6234	1
6235	0
6236	0
6237	0
6238	0
6239	1
6240	0
6241	2
6242	0
6243	3
6244	0
6245	0
6246	0
6247	0
6248	0
6249	0
6250	0
6251	0
6252	0
6253	3
6254	0
6255	0
6256	1
6257	0
6258	0
6259	0
6260	0
6261	0
6262	1
6263	1
6264	0
6265	0
6266	0
6267	0
6268	1
6269	0
6270	1
6271	0
6272	0
6273	0
6274	0
6275	0
6276	0
6277	0
6278	0
6279	1
6280	0
6281	1
6282	0
6283	0
6284	0
6285	0
6286	1
6287	0
6288	0
6289	0
6290	1
6291	0
6292	0
6293	1
6294	0
6295	1
6296	0
6297	0
6298	1
6299	0
6300	2
6301	1
6302	0
6303	0
6304	2
6305	0
6306	0
6307	0
6308	1
6309	1
6310	1
6311	0
6312	0
6313	0
6314	0
6315	0
6316	0
6317	1
6318	1
6319	1
6320	0
6321	0
6322	0
6323	0
6324	1
6325	0
6326	0
6327	0
6328	0
6329	0
6330	1
6331	0
6332	1
6333	0
6334	0
6335	0
6336	0
6337	0
6338	0
6339	0
6340	0
6341	0
6342	0
6343	0
6344	0
6345	0
6346	0
6347	1
6348	0
6349	0
6350	2
6351	0
6352	0
6353	0
6354	0
6355	1
6356	1
6357	0
6358	0
6359	0
6360	0
6361	1
6362	0
6363	0
6364	1
6365	0
6366	1
6367	0
6368	0
6369	0
6370	0
6371	0
6372	0
6373	0
6374	0
6375	0
6376	0
6377	0
6378	0
6379	1
6380	0
6381	0
6382	1
6383	0
6384	0
6385	1
6386	0
6387	0
6388	0
6389	0
6390	0
6391	0
6392	2
6393	1
6394	0
6395	1
6396	1
6397	0
6398	0
6399	0
6400	0
6401	0
6402	0
6403	0
6404	0
6405	1
6406	1
6407	0
6408	0
6409	1
6410	1
6411	1
6412	1
6413	1
6414	0
6415	0
6416	0
6417	0
6418	0
6419	0
6420	1
6421	0
6422	1
6423	0
6424	1
6425	0
6426	1
6427	0
6428	0
6429	0
6430	0
6431	0
6432	0
6433	0
6434	1
6435	0
6436	0
6437	1
6438	1
6439	0
6440	0
6441	0
6442	0
6443	0
6444	0
6445	0
6446	0
6447	0
6448	0
6449	0
6450	0
6451	0
6452	0
6453	1
6454	3
6455	0
6456	0
6457	0
6458	1
6459	0
6460	0
6461	0
6462	0
6463	0
6464	0
6465	0
6466	1
6467	0
6468	0
6469	0
6470	0
6471	0
6472	0
6473	0
6474	1
6475	0
6476	1
6477	0
6478	1
6479	0
6480	0
6481	1
6482	0
6483	0
6484	0
6485	0
6486	0
6487	0
6488	1
6489	2
6490	2
6491	0
6492	1
6493	0
6494	1
6495	0
6496	0
6497	0
6498	0
6499	1
6500	0
6501	1
6502	0
6503	0
6504	2
6505	0
6506	0
6507	0
6508	0
6509	0
6510	0
6511	0
6512	0
6513	0
6514	0
6515	1
6516	1
6517	0
6518	1
6519	0
6520	0
6521	0
6522	0
6523	0
6524	0
6525	0
6526	0
6527	2
6528	0
6529	0
6530	2
6531	0
6532	0
6533	0
6534	0
6535	0
6536	0
6537	1
6538	0
6539	0
6540	0
6541	0
6542	0
6543	0
6544	0
6545	0
6546	1
6547	0
6548	0
6549	1
6550	0
6551	1
6552	0
6553	0
6554	2
6555	0
6556	0
6557	1
6558	0
6559	1
6560	0
6561	0
6562	0
6563	0
6564	1
6565	1
6566	0
6567	0
6568	0
6569	0
6570	0
6571	0
6572	0
6573	0
6574	0
6575	0
6576	0
6577	0
6578	2
6579	0
6580	1
6581	0
6582	0
6583	0
6584	0
6585	1
6586	0
6587	1
6588	0
6589	0
6590	0
6591	0
6592	3
6593	0
6594	0
6595	1
6596	2
6597	1
6598	0
6599	0
6600	0
6601	0
6602	1
6603	0
6604	0
6605	0
6606	1
6607	0
6608	0
6609	1
6610	0
6611	1
6612	0
6613	0
6614	0
6615	0
6616	0
6617	0
6618	0
6619	0
6620	0
6621	2
6622	1
6623	0
6624	3
6625	1
6626	0
6627	0
6628	3
6629	0
6630	0
6631	0
6632	0
6633	0
6634	0
6635	0
6636	0
6637	0
6638	1
6639	0
6640	0
6641	0
6642	0
6643	0
6644	0
6645	0
6646	0
6647	1
6648	0
6649	0
6650	1
6651	0
6652	1
6653	0
6654	0
6655	0
6656	1
6657	0
6658	0
6659	0
6660	1
6661	1
6662	0
6663	0
6664	1
6665	0
6666	0
6667	1
6668	0
6669	0
6670	1
6671	0
6672	0
6673	1
6674	0
6675	2
6676	0
6677	1
6678	0
6679	0
6680	0
6681	0
6682	1
6683	0
6684	1
6685	0
6686	0
6687	0
6688	0
6689	0
6690	0
6691	0
6692	0
6693	1
6694	1
6695	0
6696	0
6697	1
6698	1
6699	0
6700	0
6701	0
6702	1
6703	0
6704	0
6705	0
6706	0
6707	0
6708	1
6709	0
6710	0
6711	2
6712	0
6713	1
6714	0
6715	0
6716	0
6717	0
6718	1
6719	0
6720	0
6721	0
6722	1
6723	0
6724	0
6725	0
6726	0
6727	0
6728	0
6729	0
6730	0
6731	0
6732	1
6733	1
6734	0
6735	0
6736	0
6737	1
6738	0
6739	0
6740	0
6741	1
6742	0
6743	0
6744	0
6745	0
6746	1
6747	0
6748	0
6749	1
6750	0
6751	1
6752	0
6753	0
6754	0
6755	1
6756	0
6757	0
6758	0
6759	0
6760	0
6761	0
6762	0
6763	0
6764	0
6765	1
6766	0
6767	0
6768	0
6769	0
6770	1
6771	0
6772	0
6773	0
6774	0
6775	0
6776	1
6777	0
6778	0
6779	0
6780	0
6781	0
6782	0
6783	0
6784	0
6785	0
6786	0
6787	1
6788	1
6789	0
6790	0
6791	0
6792	1
6793	0
6794	0
6795	0
6796	0
6797	0
6798	0
6799	0
6800	3
6801	0
6802	1
6803	0
6804	1
6805	1
6806	0
6807	0
6808	0
6809	0
6810	0
6811	1
6812	0
6813	0
6814	1
6815	0
6816	0
6817	1
6818	0
6819	0
6820	0
6821	0
6822	1
6823	0
6824	0
6825	0
6826	0
6827	0
6828	0
6829	0
6830	0
6831	1
6832	0
6833	1
6834	0
6835	0
6836	1
6837	1
6838	1
6839	1
6840	3
6841	0
6842	0
6843	1
6844	0
6845	0
6846	0
6847	0
6848	0
6849	1
6850	0
6851	1
6852	0
6853	0
6854	2
6855	0
6856	0
6857	0
6858	2
6859	1
6860	0
6861	0
6862	0
6863	0
6864	0
6865	1
6866	0
6867	0
6868	1
6869	0
6870	0
6871	0
6872	1
6873	1
6874	0
6875	1
6876	0
6877	0
6878	0
6879	1
6880	0
6881	0
6882	0
6883	0
6884	0
6885	0
6886	0
6887	0
6888	0
6889	0
6890	1
6891	0
6892	1
6893	1
6894	0
6895	0
6896	0
6897	1
6898	0
6899	1
6900	1
6901	0
6902	2
6903	0
6904	0
6905	0
6906	1
6907	0
6908	2
6909	0
6910	2
6911	0
6912	0
6913	0
6914	1
6915	1
6916	1
6917	2
6918	2
6919	1
6920	1
6921	0
6922	0
6923	0
6924	0
6925	0
6926	0
6927	0
6928	0
6929	1
6930	1
6931	0
6932	1
6933	1
6934	0
6935	0
6936	1
6937	0
6938	0
6939	2
6940	0
6941	2
6942	0
6943	0
6944	1
6945	1
6946	0
6947	0
6948	1
6949	0
6950	0
6951	1
6952	0
6953	3
6954	0
6955	0
6956	0
6957	1
6958	0
6959	1
6960	2
6961	0
6962	1
6963	1
6964	1
6965	0
6966	0
6967	0
6968	2
6969	1
6970	1
6971	0
6972	0
6973	1
6974	0
6975	1
6976	1
6977	1
6978	0
6979	1
6980	0
6981	0
6982	0
6983	1
6984	0
6985	0
6986	0
6987	0
6988	0
6989	0
6990	0
6991	0
6992	0
6993	0
6994	0
6995	1
6996	1
6997	0
6998	0
6999	0
7000	0
7001	0
7002	0
7003	0
7004	1
7005	1
7006	0
7007	0
7008	0
7009	1
7010	0
7011	1
7012	2
7013	0
7014	0
7015	2
7016	0
7017	0
7018	0
7019	0
7020	0
7021	0
7022	1
7023	0
7024	1
7025	1
7026	0
7027	1
7028	0
7029	0
7030	0
7031	0
7032	0
7033	0
7034	1
7035	0
7036	0
7037	1
7038	1
7039	1
7040	2
7041	1
7042	0
7043	0
7044	0
7045	1
7046	0
7047	1
7048	0
7049	0
7050	0
7051	1
7052	1
7053	0
7054	0
7055	0
7056	0
7057	2
7058	1
7059	0
7060	1
7061	0
7062	0
7063	0
7064	0
7065	0
7066	0
7067	1
7068	0
7069	0
7070	1
7071	1
7072	0
7073	2
7074	0
7075	0
7076	0
7077	0
7078	0
7079	1
7080	0
7081	0
7082	0
7083	0
7084	0
7085	0
7086	0
7087	0
7088	1
7089	0
7090	0
7091	0
7092	0
7093	0
7094	0
7095	0
7096	0
7097	0
7098	2
7099	0
7100	0
7101	0
7102	0
7103	0
7104	0
7105	0
7106	0
7107	0
7108	2
7109	0
7110	0
7111	0
7112	0
7113	0
7114	0
7115	0
7116	0
7117	0
7118	1
7119	1
7120	0
7121	0
7122	0
7123	0
7124	0
7125	2
7126	1
7127	0
7128	0
7129	0
7130	0
7131	1
7132	0
7133	0
7134	0
7135	0
7136	0
7137	1
7138	0
7139	1
7140	0
7141	1
7142	0
7143	1
7144	0
7145	0
7146	1
7147	1
7148	1
7149	0
7150	0
7151	0
7152	0
7153	1
7154	0
7155	1
7156	0
7157	0
7158	0
7159	0
7160	0
7161	1
7162	1
7163	0
7164	1
7165	0
7166	0
7167	0
7168	0
7169	0
7170	0
7171	0
7172	0
7173	2
7174	0
7175	0
7176	0
7177	0
7178	0
7179	0
7180	0
7181	0
7182	0
7183	0
7184	0
7185	2
7186	0
7187	0
7188	0
7189	0
7190	0
7191	0
7192	0
7193	1
7194	0
7195	1
7196	0
7197	0
7198	0
7199	1
7200	0
7201	0
7202	0
7203	1
7204	0
7205	0
7206	0
7207	0
7208	0
7209	0
7210	0
7211	0
7212	0
7213	0
7214	0
7215	0
7216	1
7217	0
7218	0
7219	0
7220	1
7221	1
7222	1
7223	1
7224	0
7225	0
7226	0
7227	0
7228	0
7229	0
7230	0
7231	0
7232	0
7233	0
7234	0
7235	0
7236	1
7237	0
7238	0
7239	0
7240	1
7241	0
7242	1
7243	0
7244	0
7245	0
7246	0
7247	0
7248	2
7249	1
7250	0
7251	0
7252	0
7253	0
7254	2
7255	0
7256	0
7257	0
7258	0
7259	0
7260	1
7261	0
7262	0
7263	0
7264	0
7265	0
7266	0
7267	0
7268	0
7269	0
7270	0
7271	0
7272	1
7273	0
7274	0
7275	0
7276	0
7277	1
7278	0
7279	0
7280	0
7281	1
7282	0
7283	0
7284	0
7285	0
7286	0
7287	0
7288	0
7289	1
7290	0
7291	2
7292	0
7293	0
7294	0
7295	0
7296	0
7297	0
7298	0
7299	1
7300	1
7301	0
7302	1
7303	0
7304	1
7305	0
7306	1
7307	0
7308	0
7309	0
7310	0
7311	0
7312	0
7313	1
7314	0
7315	0
7316	0
7317	0
7318	1
7319	0
7320	0
7321	0
7322	0
7323	0
7324	1
7325	1
7326	0
7327	1
7328	2
7329	0
7330	0
7331	0
7332	0
7333	1
7334	0
7335	0
7336	2
7337	1
7338	0
7339	0
7340	0
7341	1
7342	2
7343	0
7344	0
7345	0
7346	0
7347	0
7348	0
7349	0
7350	0
7351	1
7352	0
7353	0
7354	0
7355	0
7356	0
7357	0
7358	0
7359	0
7360	0
7361	0
7362	0
7363	1
7364	0
7365	0
7366	1
7367	0
7368	1
7369	0
7370	0
7371	0
7372	1
7373	1
7374	1
7375	0
7376	0
7377	0
7378	0
7379	0
7380	0
7381	0
7382	0
7383	0
7384	1
7385	0
7386	0
7387	0
7388	0
7389	0
7390	1
7391	0
7392	0
7393	0
7394	0
7395	0
7396	0
7397	0
7398	1
7399	0
7400	0
7401	0
7402	0
7403	0
7404	1
7405	1
7406	1
7407	1
7408	0
7409	1
7410	0
7411	1
7412	0
7413	1
7414	0
7415	2
7416	0
7417	1
7418	1
7419	1
7420	0
7421	0
7422	0
7423	0
7424	1
7425	1
7426	0
7427	0
7428	0
7429	0
7430	0
7431	0
7432	0
7433	0
7434	0
7435	0
7436	0
7437	1
7438	0
7439	0
7440	0
7441	0
7442	0
7443	0
7444	0
7445	0
7446	1
7447	1
7448	0
7449	1
7450	0
7451	0
7452	0
7453	1
7454	0
7455	1
7456	0
7457	1
7458	0
7459	1
7460	0
7461	0
7462	0
7463	1
7464	1
7465	1
7466	0
7467	0
7468	0
7469	1
7470	2
7471	1
7472	0
7473	0
7474	1
7475	1
7476	1
7477	1
7478	1
7479	1
7480	0
7481	0
7482	0
7483	0
7484	0
7485	0
7486	0
7487	1
7488	0
7489	0
7490	0
7491	1
7492	0
7493	0
7494	0
7495	0
7496	0
7497	0
7498	0
7499	0
7500	0
7501	0
7502	0
7503	0
7504	0
7505	0
7506	0
7507	1
7508	0
7509	1
7510	0
7511	0
7512	0
7513	1
7514	0
7515	1
7516	1
7517	0
7518	1
7519	0
7520	0
7521	0
7522	0
7523	1
7524	0
7525	1
7526	0
7527	0
7528	0
7529	0
7530	0
7531	0
7532	0
7533	0
7534	0
7535	1
7536	0
7537	0
7538	0
7539	0
7540	0
7541	0
7542	0
7543	0
7544	0
7545	0
7546	0
7547	1
7548	0
7549	1
7550	1
7551	0
7552	0
7553	0
7554	1
7555	0
7556	0
7557	0
7558	0
7559	3
7560	0
7561	0
7562	0
7563	1
7564	0
7565	0
7566	0
7567	0
7568	0
7569	1
7570	0
7571	0
7572	0
7573	0
7574	0
7575	0
7576	0
7577	0
7578	0
7579	1
7580	0
7581	0
7582	0
7583	0
7584	1
7585	0
7586	0
7587	0
7588	0
7589	0
7590	1
7591	1
7592	0
7593	0
7594	0
7595	1
7596	1
7597	0
7598	0
7599	0
7600	0
7601	0
7602	0
7603	0
7604	0
7605	1
7606	0
7607	0
7608	1
7609	0
7610	0
7611	0
7612	0
7613	0
7614	2
7615	0
7616	0
7617	0
7618	0
7619	0
7620	1
7621	0
7622	0
7623	1
7624	0
7625	0
7626	0
7627	0
7628	0
7629	1
7630	0
7631	0
7632	0
7633	0
7634	0
7635	0
7636	0
7637	0
7638	0
7639	0
7640	0
7641	0
7642	0
7643	0
7644	0
7645	0
7646	1
7647	0
7648	1
7649	0
7650	0
7651	0
7652	0
7653	2
7654	0
7655	0
7656	0
7657	0
7658	0
7659	1
7660	0
7661	0
7662	0
7663	0
7664	1
7665	0
7666	0
7667	0
7668	1
7669	0
7670	0
7671	0
7672	1
7673	0
7674	0
7675	0
7676	0
7677	0
7678	0
7679	0
7680	0
7681	0
7682	1
7683	0
7684	0
7685	0
7686	0
7687	0
7688	0
7689	1
7690	0
7691	0
7692	0
7693	1
7694	1
7695	1
7696	1
7697	0
7698	0
7699	0
7700	0
7701	0
7702	1
7703	2
7704	1
7705	0
7706	0
7707	0
7708	0
7709	0
7710	0
7711	0
7712	0
7713	0
7714	0
7715	0
7716	0
7717	0
7718	1
7719	0
7720	0
7721	0
7722	0
7723	0
7724	1
7725	0
7726	0
7727	0
7728	0
7729	0
7730	0
7731	1
7732	1
7733	0
7734	0
7735	0
7736	0
7737	0
7738	0
7739	0
7740	0
7741	0
7742	0
7743	0
7744	0
7745	0
7746	1
7747	1
7748	0
7749	1
7750	0
7751	0
7752	0
7753	0
7754	0
7755	1
7756	0
7757	0
7758	0
7759	0
7760	0
7761	1
7762	0
7763	1
7764	1
7765	0
7766	0
7767	0
7768	0
7769	0
7770	0
7771	0
7772	0
7773	0
7774	0
7775	0
7776	0
7777	0
7778	0
7779	0
7780	0
7781	0
7782	0
7783	2
7784	0
7785	0
7786	1
7787	0
7788	0
7789	0
7790	0
7791	0
7792	0
7793	0
7794	0
7795	0
7796	0
7797	2
7798	0
7799	1
7800	0
7801	0
7802	0
7803	0
7804	0
7805	0
7806	0
7807	0
7808	0
7809	0
7810	0
7811	0
7812	1
7813	1
7814	0
7815	0
7816	1
7817	0
7818	0
7819	0
7820	1
7821	0
7822	0
7823	0
7824	0
7825	0
7826	0
7827	0
7828	0
7829	0
7830	0
7831	0
7832	0
7833	0
7834	0
7835	1
7836	0
7837	0
7838	0
7839	1
7840	0
7841	1
7842	0
7843	0
7844	0
7845	1
7846	0
7847	0
7848	0
7849	1
7850	0
7851	0
7852	0
7853	0
7854	0
7855	0
7856	1
7857	0
7858	0
7859	0
7860	0
7861	0
7862	0
7863	0
7864	0
7865	0
7866	0
7867	0
7868	0
7869	0
7870	1
7871	0
7872	0
7873	0
7874	0
7875	0
7876	0
7877	0
7878	0
7879	2
7880	0
7881	0
7882	1
7883	0
7884	0
7885	0
7886	0
7887	1
7888	0
7889	0
7890	1
7891	0
7892	0
7893	0
7894	0
7895	0
7896	0
7897	0
7898	0
7899	0
7900	0
7901	0
7902	0
7903	0
7904	1
7905	0
7906	0
7907	0
7908	0
7909	0
7910	0
7911	0
7912	0
7913	0
7914	0
7915	0
7916	0
7917	0
7918	0
7919	0
7920	0
7921	0
7922	0
7923	0
7924	0
7925	0
7926	0
7927	0
7928	0
7929	0
7930	0
7931	0
7932	0
7933	0
7934	0
7935	0
7936	0
7937	0
7938	0
7939	0
7940	0
7941	0
7942	0
7943	0
7944	0
7945	0
7946	0
7947	0
7948	0
7949	0
7950	0
7951	0
7952	0
7953	0
7954	0
7955	0
7956	0
7957	0
7958	0
7959	0
7960	0
7961	0
7962	0
7963	0
7964	0
7965	0
7966	0
7967	0
7968	0
7969	0
7970	0
7971	0
7972	0
7973	0
7974	0
7975	0
7976	0
7977	0
7978	0
7979	0
7980	0
7981	0
7982	0
7983	0
7984	0
7985	0
7986	0
7987	0
7988	0
7989	0
7990	0
7991	0
7992	0
7993	0
7994	0
7995	0
7996	0
7997	0
7998	0
7999	0
8000	0
8001	0
8002	0
8003	0
8004	0
8005	0
8006	0
8007	0
8008	0
8009	0
8010	0
8011	0
8012	0
8013	0
8014	0
8015	0
8016	0
8017	0
8018	0
8019	0
8020	0
8021	0
8022	0
8023	0
8024	0
8025	0
8026	0
8027	0
8028	0
8029	0
8030	0
8031	0
8032	0
8033	0
8034	0
8035	0
8036	0
8037	0
8038	0
8039	0
8040	0
8041	0
8042	0
8043	0
8044	0
8045	0
8046	0
8047	0
8048	0
8049	0
8050	0
8051	0
8052	0
8053	0
8054	0
8055	0
8056	0
8057	0
8058	0
8059	0
8060	0
8061	0
8062	0
8063	0
8064	0
8065	0
8066	0
8067	0
8068	0
8069	0
8070	0
8071	0
8072	0
8073	0
8074	0
8075	0
8076	0
8077	0
8078	0
8079	0
8080	0
8081	0
8082	0
8083	0
8084	0
8085	0
8086	0
8087	0
8088	0
8089	0
8090	0
8091	0
8092	0
8093	0
8094	0
8095	0
8096	0
8097	0
8098	0
8099	0
8100	0
8101	0
8102	0
8103	0
8104	0
8105	0
8106	0
8107	0
8108	0
8109	0
8110	0
8111	0
8112	0
8113	0
8114	0
8115	0
8116	0
8117	0
8118	0
8119	0
8120	0
8121	0
8122	0
8123	0
8124	0
8125	0
8126	0
8127	0
8128	0
8129	0
8130	0
8131	0
8132	0
8133	0
8134	0
8135	0
8136	0
8137	0
8138	0
8139	0
8140	0
8141	0
8142	0
8143	0
8144	0
8145	0
8146	0
8147	0
8148	0
8149	0
8150	0
8151	0
8152	0
8153	0
8154	0
8155	0
8156	0
8157	0
8158	0
8159	0
8160	0
8161	0
8162	0
8163	0
8164	0
8165	0
8166	0
8167	0
8168	0
8169	0
8170	0
8171	0
8172	0
8173	0
8174	0
8175	0
8176	0
8177	0
8178	0
8179	0
8180	0
8181	0
8182	0
8183	0
8184	0
8185	0
8186	0
8187	0
8188	0
8189	0
8190	0
8191	0
