0	0
1	0
2	0
3	0
4	0
5	0
6	0
7	0
8	0
9	0
10	0
11	0
12	0
13	0
14	0
15	0
16	0
17	0
18	0
19	0
20	0
21	0
22	0
23	0
24	0
25	0
26	0
27	0
28	0
29	0
30	0
31	0
32	0
33	0
34	0
35	0
36	0
37	0
38	0
39	0
40	0
41	0
42	0
43	0
44	0
45	0
46	0
47	0
48	0
49	0
50	0
51	0
52	0
53	0
54	0
55	0
56	0
57	0
58	0
59	0
60	0
61	0
62	0
63	0
64	0
65	0
66	0
67	0
68	0
69	0
70	0
71	0
72	0
73	0
74	0
75	0
76	0
77	0
78	0
79	0
80	0
81	2
82	3
83	2
84	13
85	8
86	6
87	11
88	13
89	14
90	13
91	6
92	9
93	9
94	15
95	18
96	11
97	4
98	6
99	12
100	7
101	15
102	13
103	7
104	10
105	14
106	9
107	9
108	7
109	9
110	11
111	6
112	7
113	13
114	10
115	10
116	6
117	18
118	13
119	12
120	7
121	10
122	9
123	17
124	11
125	16
126	10
127	12
128	14
129	18
130	11
131	7
132	14
133	12
134	11
135	10
136	8
137	11
138	8
139	8
140	6
141	18
142	7
143	11
144	10
145	11
146	6
147	13
148	13
149	10
150	8
151	7
152	8
153	10
154	10
155	11
156	12
157	9
158	13
159	11
160	16
161	9
162	7
163	10
164	7
165	13
166	15
167	9
168	16
169	12
170	12
171	15
172	8
173	13
174	4
175	11
176	12
177	15
178	11
179	14
180	15
181	11
182	11
183	11
184	14
185	14
186	12
187	12
188	11
189	11
190	8
191	8
192	11
193	8
194	16
195	8
196	10
197	13
198	17
199	15
200	2
201	12
202	10
203	8
204	13
205	9
206	9
207	8
208	12
209	14
210	9
211	11
212	7
213	9
214	11
215	14
216	11
217	8
218	7
219	14
220	14
221	13
222	9
223	13
224	6
225	14
226	13
227	11
228	14
229	10
230	8
231	10
232	7
233	5
234	12
235	19
236	12
237	15
238	12
239	11
240	13
241	10
242	9
243	13
244	9
245	11
246	13
247	9
248	7
249	16
250	15
251	15
252	12
253	6
254	8
255	9
256	13
257	10
258	12
259	14
260	13
261	10
262	17
263	9
264	9
265	15
266	14
267	7
268	12
269	15
270	8
271	15
272	11
273	15
274	14
275	7
276	7
277	6
278	11
279	16
280	9
281	9
282	8
283	6
284	10
285	15
286	14
287	10
288	13
289	11
290	7
291	12
292	11
293	10
294	13
295	13
296	9
297	18
298	12
299	16
300	16
301	11
302	12
303	18
304	11
305	15
306	15
307	12
308	12
309	14
310	21
311	13
312	9
313	12
314	7
315	12
316	10
317	10
318	11
319	12
320	11
321	12
322	9
323	8
324	14
325	9
326	8
327	8
328	18
329	15
330	15
331	11
332	7
333	19
334	8
335	14
336	11
337	10
338	7
339	16
340	15
341	14
342	13
343	16
344	9
345	16
346	8
347	5
348	8
349	12
350	14
351	7
352	6
353	13
354	15
355	6
356	11
357	20
358	11
359	13
360	11
361	17
362	16
363	12
364	10
365	10
366	11
367	15
368	12
369	8
370	10
371	14
372	22
373	8
374	16
375	19
376	9
377	14
378	10
379	9
380	14
381	15
382	11
383	10
384	19
385	14
386	16
387	14
388	22
389	16
390	19
391	15
392	13
393	15
394	12
395	9
396	11
397	14
398	12
399	10
400	9
401	17
402	7
403	12
404	11
405	15
406	17
407	12
408	8
409	13
410	15
411	18
412	12
413	14
414	12
415	12
416	13
417	9
418	18
419	10
420	12
421	18
422	11
423	10
424	11
425	12
426	18
427	13
428	7
429	10
430	18
431	18
432	21
433	15
434	14
435	18
436	10
437	14
438	15
439	13
440	13
441	14
442	16
443	18
444	17
445	14
446	16
447	10
448	13
449	17
450	12
451	11
452	7
453	11
454	22
455	15
456	26
457	22
458	14
459	18
460	12
461	16
462	15
463	13
464	15
465	22
466	15
467	29
468	20
469	21
470	15
471	25
472	23
473	26
474	17
475	24
476	17
477	27
478	25
479	16
480	25
481	17
482	20
483	15
484	15
485	22
486	24
487	23
488	23
489	30
490	20
491	25
492	25
493	22
494	29
495	30
496	24
497	24
498	27
499	30
500	34
501	27
502	40
503	20
504	30
505	26
506	24
507	31
508	27
509	30
510	29
511	34
512	32
513	24
514	32
515	35
516	38
517	32
518	25
519	35
520	30
521	21
522	31
523	20
524	26
525	31
526	34
527	26
528	33
529	30
530	36
531	23
532	24
533	26
534	21
535	28
536	27
537	28
538	28
539	29
540	30
541	39
542	23
543	28
544	35
545	37
546	28
547	21
548	25
549	38
550	24
551	24
552	31
553	15
554	26
555	29
556	24
557	26
558	29
559	22
560	25
561	26
562	26
563	28
564	15
565	19
566	29
567	19
568	38
569	18
570	21
571	23
572	22
573	21
574	31
575	27
576	28
577	21
578	22
579	24
580	22
581	26
582	44
583	16
584	23
585	22
586	23
587	18
588	27
589	28
590	20
591	28
592	29
593	18
594	18
595	23
596	21
597	25
598	18
599	24
600	22
601	19
602	19
603	19
604	10
605	25
606	29
607	22
608	16
609	12
610	24
611	31
612	18
613	22
614	21
615	19
616	29
617	27
618	12
619	26
620	18
621	16
622	23
623	26
624	21
625	15
626	16
627	14
628	15
629	18
630	22
631	23
632	22
633	16
634	12
635	26
636	24
637	16
638	27
639	23
640	14
641	19
642	12
643	19
644	19
645	13
646	22
647	20
648	15
649	17
650	27
651	18
652	24
653	25
654	12
655	11
656	24
657	15
658	19
659	22
660	16
661	20
662	17
663	27
664	18
665	13
666	25
667	14
668	24
669	12
670	18
671	21
672	19
673	20
674	18
675	17
676	23
677	19
678	27
679	15
680	29
681	19
682	19
683	17
684	13
685	14
686	23
687	19
688	24
689	13
690	18
691	17
692	17
693	23
694	19
695	15
696	25
697	20
698	17
699	20
700	30
701	15
702	19
703	20
704	16
705	22
706	18
707	25
708	23
709	11
710	14
711	20
712	29
713	21
714	18
715	30
716	23
717	23
718	16
719	25
720	14
721	14
722	15
723	33
724	27
725	20
726	24
727	24
728	18
729	18
730	17
731	12
732	26
733	15
734	23
735	20
736	26
737	20
738	28
739	22
740	21
741	23
742	14
743	19
744	26
745	19
746	22
747	18
748	23
749	22
750	18
751	18
752	15
753	18
754	20
755	19
756	36
757	23
758	18
759	16
760	13
761	18
762	27
763	19
764	21
765	22
766	17
767	23
768	16
769	19
770	25
771	31
772	21
773	20
774	34
775	18
776	26
777	18
778	24
779	15
780	19
781	28
782	16
783	17
784	20
785	19
786	28
787	11
788	19
789	20
790	14
791	22
792	22
793	23
794	24
795	17
796	23
797	22
798	26
799	18
800	28
801	28
802	28
803	24
804	23
805	22
806	24
807	23
808	24
809	26
810	27
811	19
812	29
813	27
814	20
815	26
816	28
817	18
818	28
819	22
820	29
821	19
822	14
823	26
824	19
825	15
826	18
827	22
828	16
829	20
830	27
831	25
832	23
833	22
834	19
835	21
836	16
837	28
838	26
839	29
840	23
841	22
842	26
843	18
844	29
845	24
846	30
847	22
848	27
849	27
850	24
851	23
852	28
853	19
854	16
855	32
856	24
857	16
858	17
859	22
860	22
861	20
862	23
863	23
864	26
865	21
866	17
867	26
868	19
869	19
870	20
871	25
872	30
873	37
874	17
875	26
876	27
877	26
878	22
879	25
880	25
881	23
882	26
883	23
884	21
885	21
886	23
887	29
888	15
889	23
890	25
891	26
892	34
893	20
894	38
895	30
896	26
897	19
898	22
899	28
900	20
901	29
902	27
903	22
904	25
905	19
906	32
907	29
908	17
909	26
910	31
911	19
912	25
913	29
914	21
915	31
916	17
917	25
918	36
919	26
920	21
921	28
922	21
923	17
924	17
925	25
926	32
927	31
928	30
929	28
930	17
931	21
932	25
933	25
934	18
935	21
936	31
937	29
938	30
939	23
940	29
941	31
942	27
943	26
944	27
945	28
946	27
947	24
948	9
949	28
950	45
951	16
952	20
953	27
954	24
955	29
956	26
957	36
958	34
959	30
960	26
961	27
962	25
963	25
964	27
965	41
966	14
967	26
968	34
969	27
970	42
971	22
972	26
973	26
974	32
975	23
976	33
977	25
978	23
979	40
980	28
981	27
982	29
983	27
984	27
985	24
986	30
987	30
988	36
989	22
990	24
991	29
992	27
993	28
994	24
995	24
996	37
997	25
998	26
999	28
1000	31
1001	23
1002	30
1003	36
1004	32
1005	27
1006	35
1007	23
1008	41
1009	28
1010	30
1011	28
1012	27
1013	34
1014	26
1015	29
1016	23
1017	30
1018	30
1019	26
1020	21
1021	25
1022	28
1023	36
1024	23
1025	25
1026	35
1027	28
1028	31
1029	23
1030	40
1031	30
1032	28
1033	31
1034	36
1035	22
1036	26
1037	30
1038	29
1039	31
1040	30
1041	37
1042	26
1043	31
1044	24
1045	31
1046	40
1047	21
1048	30
1049	37
1050	32
1051	30
1052	38
1053	34
1054	27
1055	38
1056	29
1057	29
1058	40
1059	37
1060	34
1061	20
1062	25
1063	31
1064	38
1065	21
1066	36
1067	35
1068	34
1069	32
1070	28
1071	43
1072	26
1073	37
1074	39
1075	27
1076	21
1077	32
1078	36
1079	31
1080	37
1081	31
1082	35
1083	31
1084	34
1085	36
1086	22
1087	43
1088	24
1089	32
1090	27
1091	34
1092	24
1093	33
1094	35
1095	25
1096	33
1097	30
1098	31
1099	28
1100	35
1101	38
1102	33
1103	36
1104	40
1105	31
1106	24
1107	25
1108	32
1109	39
1110	34
1111	34
1112	28
1113	32
1114	37
1115	35
1116	29
1117	33
1118	39
1119	35
1120	26
1121	40
1122	19
1123	39
1124	31
1125	33
1126	39
1127	29
1128	21
1129	37
1130	34
1131	40
1132	41
1133	36
1134	30
1135	27
1136	49
1137	52
1138	25
1139	35
1140	29
1141	33
1142	26
1143	33
1144	31
1145	35
1146	35
1147	30
1148	34
1149	37
1150	38
1151	38
1152	39
1153	24
1154	22
1155	28
1156	35
1157	28
1158	34
1159	21
1160	36
1161	44
1162	31
1163	36
1164	36
1165	31
1166	37
1167	39
1168	33
1169	42
1170	38
1171	30
1172	27
1173	33
1174	24
1175	39
1176	34
1177	32
1178	43
1179	31
1180	26
1181	48
1182	29
1183	35
1184	36
1185	33
1186	46
1187	35
1188	28
1189	44
1190	38
1191	31
1192	31
1193	46
1194	31
1195	37
1196	29
1197	42
1198	34
1199	38
1200	32
1201	36
1202	40
1203	30
1204	44
1205	24
1206	33
1207	43
1208	42
1209	39
1210	42
1211	29
1212	27
1213	43
1214	35
1215	21
1216	31
1217	34
1218	31
1219	28
1220	32
1221	42
1222	38
1223	31
1224	29
1225	21
1226	35
1227	35
1228	30
1229	45
1230	21
1231	26
1232	31
1233	32
1234	28
1235	32
1236	37
1237	35
1238	32
1239	41
1240	32
1241	46
1242	39
1243	35
1244	27
1245	36
1246	36
1247	35
1248	39
1249	26
1250	37
1251	41
1252	25
1253	39
1254	36
1255	31
1256	32
1257	46
1258	43
1259	47
1260	37
1261	31
1262	39
1263	35
1264	39
1265	28
1266	40
1267	32
1268	34
1269	41
1270	37
1271	36
1272	32
1273	35
1274	36
1275	41
1276	30
1277	39
1278	30
1279	33
1280	32
1281	49
1282	37
1283	36
1284	39
1285	34
1286	35
1287	35
1288	39
1289	41
1290	38
1291	40
1292	39
1293	46
1294	36
1295	36
1296	39
1297	45
1298	33
1299	42
1300	42
1301	44
1302	47
1303	27
1304	44
1305	30
1306	39
1307	32
1308	37
1309	40
1310	35
1311	42
1312	41
1313	42
1314	44
1315	38
1316	33
1317	42
1318	42
1319	39
1320	38
1321	56
1322	50
1323	36
1324	36
1325	17
1326	42
1327	42
1328	53
1329	42
1330	32
1331	46
1332	44
1333	43
1334	61
1335	43
1336	47
1337	38
1338	36
1339	34
1340	49
1341	37
1342	52
1343	45
1344	56
1345	33
1346	36
1347	46
1348	35
1349	43
1350	42
1351	35
1352	38
1353	53
1354	33
1355	38
1356	44
1357	51
1358	46
1359	46
1360	54
1361	48
1362	48
1363	53
1364	36
1365	44
1366	42
1367	48
1368	50
1369	50
1370	63
1371	44
1372	42
1373	51
1374	40
1375	42
1376	43
1377	38
1378	44
1379	53
1380	54
1381	48
1382	39
1383	45
1384	41
1385	62
1386	35
1387	39
1388	56
1389	67
1390	54
1391	44
1392	46
1393	47
1394	48
1395	49
1396	62
1397	50
1398	57
1399	45
1400	56
1401	49
1402	56
1403	52
1404	51
1405	48
1406	48
1407	56
1408	58
1409	56
1410	67
1411	68
1412	57
1413	48
1414	52
1415	53
1416	54
1417	53
1418	55
1419	61
1420	61
1421	59
1422	58
1423	56
1424	55
1425	57
1426	54
1427	62
1428	71
1429	57
1430	75
1431	71
1432	63
1433	64
1434	67
1435	45
1436	63
1437	55
1438	67
1439	76
1440	49
1441	63
1442	52
1443	68
1444	62
1445	75
1446	68
1447	70
1448	51
1449	72
1450	58
1451	66
1452	65
1453	71
1454	60
1455	76
1456	73
1457	61
1458	78
1459	73
1460	64
1461	65
1462	56
1463	78
1464	59
1465	64
1466	58
1467	74
1468	51
1469	69
1470	47
1471	76
1472	64
1473	63
1474	69
1475	75
1476	59
1477	69
1478	81
1479	73
1480	77
1481	67
1482	61
1483	83
1484	75
1485	67
1486	70
1487	67
1488	79
1489	57
1490	79
1491	70
1492	64
1493	66
1494	65
1495	84
1496	70
1497	47
1498	83
1499	59
1500	78
1501	60
1502	69
1503	71
1504	75
1505	68
1506	66
1507	62
1508	79
1509	66
1510	53
1511	60
1512	82
1513	82
1514	69
1515	68
1516	76
1517	78
1518	67
1519	82
1520	68
1521	68
1522	64
1523	82
1524	53
1525	67
1526	72
1527	60
1528	80
1529	64
1530	69
1531	68
1532	62
1533	71
1534	78
1535	70
1536	56
1537	65
1538	78
1539	63
1540	71
1541	82
1542	53
1543	60
1544	64
1545	72
1546	69
1547	64
1548	74
1549	61
1550	76
1551	59
1552	71
1553	76
1554	59
1555	80
1556	71
1557	71
1558	65
1559	66
1560	64
1561	61
1562	66
1563	63
1564	71
1565	73
1566	63
1567	76
1568	71
1569	57
1570	68
1571	58
1572	67
1573	70
1574	69
1575	62
1576	75
1577	60
1578	59
1579	65
1580	65
1581	62
1582	60
1583	55
1584	64
1585	66
1586	64
1587	50
1588	64
1589	58
1590	70
1591	58
1592	58
1593	48
1594	66
1595	48
1596	67
1597	55
1598	58
1599	48
1600	56
1601	45
1602	55
1603	63
1604	62
1605	62
1606	49
1607	60
1608	56
1609	59
1610	54
1611	64
1612	51
1613	52
1614	44
1615	53
1616	45
1617	61
1618	52
1619	51
1620	58
1621	46
1622	65
1623	55
1624	59
1625	59
1626	54
1627	42
1628	57
1629	51
1630	54
1631	50
1632	38
1633	42
1634	57
1635	55
1636	44
1637	51
1638	57
1639	57
1640	42
1641	42
1642	58
1643	55
1644	49
1645	43
1646	37
1647	46
1648	43
1649	41
1650	41
1651	40
1652	55
1653	44
1654	39
1655	48
1656	46
1657	39
1658	47
1659	50
1660	37
1661	55
1662	52
1663	35
1664	50
1665	38
1666	55
1667	42
1668	33
1669	44
1670	47
1671	31
1672	44
1673	49
1674	44
1675	39
1676	33
1677	41
1678	19
1679	42
1680	41
1681	33
1682	41
1683	34
1684	39
1685	34
1686	49
1687	42
1688	38
1689	38
1690	34
1691	32
1692	37
1693	31
1694	40
1695	41
1696	32
1697	32
1698	38
1699	40
1700	28
1701	42
1702	28
1703	37
1704	26
1705	52
1706	27
1707	35
1708	33
1709	31
1710	46
1711	28
1712	36
1713	47
1714	45
1715	43
1716	31
1717	35
1718	31
1719	26
1720	36
1721	23
1722	33
1723	38
1724	38
1725	38
1726	30
1727	35
1728	32
1729	37
1730	32
1731	39
1732	34
1733	18
1734	31
1735	32
1736	38
1737	31
1738	42
1739	39
1740	30
1741	37
1742	29
1743	29
1744	28
1745	37
1746	30
1747	33
1748	29
1749	27
1750	30
1751	40
1752	31
1753	32
1754	32
1755	27
1756	27
1757	21
1758	29
1759	29
1760	27
1761	29
1762	30
1763	27
1764	23
1765	30
1766	31
1767	27
1768	28
1769	44
1770	25
1771	31
1772	31
1773	26
1774	24
1775	31
1776	25
1777	28
1778	28
1779	27
1780	26
1781	30
1782	36
1783	26
1784	21
1785	19
1786	29
1787	30
1788	27
1789	22
1790	20
1791	32
1792	22
1793	27
1794	27
1795	28
1796	26
1797	26
1798	24
1799	18
1800	19
1801	19
1802	24
1803	25
1804	22
1805	26
1806	17
1807	16
1808	27
1809	24
1810	20
1811	36
1812	20
1813	24
1814	27
1815	22
1816	20
1817	27
1818	32
1819	26
1820	25
1821	25
1822	26
1823	14
1824	22
1825	16
1826	28
1827	21
1828	17
1829	26
1830	18
1831	32
1832	27
1833	20
1834	18
1835	25
1836	24
1837	19
1838	25
1839	27
1840	25
1841	24
1842	19
1843	20
1844	22
1845	18
1846	23
1847	15
1848	26
1849	16
1850	21
1851	28
1852	22
1853	22
1854	25
1855	23
1856	15
1857	28
1858	18
1859	21
1860	22
1861	17
1862	19
1863	18
1864	26
1865	22
1866	26
1867	20
1868	27
1869	21
1870	21
1871	20
1872	10
1873	22
1874	19
1875	17
1876	21
1877	24
1878	23
1879	19
1880	22
1881	21
1882	25
1883	20
1884	23
1885	19
1886	24
1887	23
1888	18
1889	20
1890	19
1891	16
1892	22
1893	21
1894	17
1895	20
1896	23
1897	20
1898	13
1899	14
1900	20
1901	27
1902	15
1903	19
1904	22
1905	23
1906	25
1907	14
1908	18
1909	13
1910	15
1911	20
1912	14
1913	19
1914	21
1915	14
1916	23
1917	23
1918	20
1919	20
1920	13
1921	16
1922	17
1923	19
1924	23
1925	15
1926	17
1927	15
1928	17
1929	15
1930	10
1931	18
1932	14
1933	18
1934	13
1935	15
1936	17
1937	15
1938	16
1939	18
1940	9
1941	14
1942	16
1943	24
1944	18
1945	32
1946	17
1947	16
1948	13
1949	16
1950	15
1951	20
1952	17
1953	17
1954	17
1955	11
1956	24
1957	17
1958	15
1959	16
1960	21
1961	20
1962	11
1963	15
1964	23
1965	18
1966	13
1967	14
1968	11
1969	18
1970	16
1971	14
1972	19
1973	18
1974	23
1975	18
1976	12
1977	13
1978	11
1979	21
1980	14
1981	18
1982	30
1983	20
1984	10
1985	12
1986	15
1987	15
1988	8
1989	24
1990	21
1991	17
1992	11
1993	19
1994	15
1995	16
1996	21
1997	14
1998	15
1999	16
2000	21
2001	19
2002	15
2003	16
2004	24
2005	24
2006	16
2007	15
2008	12
2009	28
2010	18
2011	11
2012	18
2013	11
2014	10
2015	11
2016	9
2017	17
2018	14
2019	18
2020	15
2021	28
2022	11
2023	21
2024	11
2025	17
2026	21
2027	8
2028	20
2029	14
2030	15
2031	14
2032	14
2033	15
2034	13
2035	11
2036	6
2037	16
2038	14
2039	20
2040	12
2041	17
2042	14
2043	17
2044	21
2045	15
2046	8
2047	8
2048	18
2049	7
2050	11
2051	16
2052	18
2053	9
2054	14
2055	18
2056	14
2057	13
2058	10
2059	19
2060	7
2061	17
2062	9
2063	21
2064	8
2065	10
2066	11
2067	12
2068	20
2069	17
2070	11
2071	21
2072	10
2073	12
2074	13
2075	10
2076	17
2077	16
2078	18
2079	6
2080	14
2081	10
2082	15
2083	14
2084	13
2085	17
2086	13
2087	15
2088	15
2089	16
2090	15
2091	10
2092	11
2093	12
2094	15
2095	9
2096	22
2097	15
2098	16
2099	12
2100	12
2101	12
2102	8
2103	14
2104	10
2105	14
2106	12
2107	19
2108	10
2109	18
2110	19
2111	20
2112	15
2113	18
2114	16
2115	20
2116	8
2117	19
2118	8
2119	9
2120	14
2121	12
2122	18
2123	10
2124	10
2125	13
2126	11
2127	16
2128	16
2129	13
2130	16
2131	13
2132	11
2133	14
2134	9
2135	14
2136	14
2137	12
2138	16
2139	16
2140	12
2141	12
2142	15
2143	12
2144	14
2145	9
2146	11
2147	8
2148	13
2149	13
2150	13
2151	19
2152	10
2153	11
2154	9
2155	7
2156	6
2157	14
2158	8
2159	13
2160	6
2161	13
2162	12
2163	14
2164	19
2165	13
2166	16
2167	8
2168	13
2169	14
2170	14
2171	15
2172	14
2173	11
2174	16
2175	11
2176	18
2177	10
2178	7
2179	12
2180	7
2181	14
2182	15
2183	13
2184	10
2185	3
2186	16
2187	8
2188	15
2189	13
2190	12
2191	15
2192	14
2193	11
2194	14
2195	13
2196	11
2197	17
2198	12
2199	8
2200	14
2201	11
2202	10
2203	13
2204	11
2205	12
2206	10
2207	13
2208	18
2209	14
2210	12
2211	9
2212	13
2213	16
2214	9
2215	12
2216	7
2217	9
2218	7
2219	15
2220	13
2221	13
2222	8
2223	11
2224	19
2225	9
2226	10
2227	11
2228	20
2229	9
2230	11
2231	7
2232	12
2233	16
2234	19
2235	10
2236	11
2237	10
2238	19
2239	6
2240	23
2241	8
2242	14
2243	13
2244	16
2245	13
2246	14
2247	15
2248	12
2249	10
2250	11
2251	12
2252	7
2253	10
2254	16
2255	8
2256	9
2257	13
2258	14
2259	15
2260	12
2261	13
2262	9
2263	12
2264	9
2265	14
2266	11
2267	13
2268	12
2269	8
2270	7
2271	15
2272	11
2273	15
2274	14
2275	8
2276	5
2277	13
2278	8
2279	13
2280	11
2281	14
2282	10
2283	17
2284	9
2285	13
2286	10
2287	11
2288	12
2289	6
2290	16
2291	6
2292	9
2293	9
2294	13
2295	10
2296	11
2297	13
2298	11
2299	6
2300	11
2301	8
2302	12
2303	11
2304	10
2305	10
2306	10
2307	7
2308	13
2309	18
2310	11
2311	11
2312	13
2313	16
2314	13
2315	8
2316	18
2317	12
2318	16
2319	8
2320	12
2321	8
2322	11
2323	12
2324	10
2325	7
2326	12
2327	15
2328	10
2329	15
2330	11
2331	9
2332	12
2333	11
2334	9
2335	15
2336	14
2337	7
2338	6
2339	13
2340	7
2341	7
2342	8
2343	6
2344	14
2345	9
2346	8
2347	14
2348	11
2349	10
2350	17
2351	15
2352	18
2353	8
2354	6
2355	7
2356	9
2357	13
2358	7
2359	4
2360	13
2361	10
2362	10
2363	8
2364	8
2365	3
2366	8
2367	9
2368	14
2369	12
2370	7
2371	9
2372	15
2373	13
2374	10
2375	6
2376	15
2377	13
2378	10
2379	15
2380	16
2381	12
2382	13
2383	3
2384	8
2385	7
2386	12
2387	5
2388	14
2389	8
2390	9
2391	13
2392	9
2393	9
2394	9
2395	10
2396	17
2397	12
2398	9
2399	11
2400	13
2401	11
2402	8
2403	9
2404	12
2405	16
2406	6
2407	7
2408	9
2409	12
2410	15
2411	8
2412	12
2413	14
2414	9
2415	16
2416	11
2417	6
2418	7
2419	9
2420	9
2421	8
2422	11
2423	11
2424	11
2425	7
2426	11
2427	7
2428	10
2429	7
2430	10
2431	5
2432	15
2433	7
2434	4
2435	10
2436	13
2437	10
2438	16
2439	9
2440	13
2441	16
2442	12
2443	14
2444	13
2445	12
2446	13
2447	4
2448	13
2449	14
2450	8
2451	9
2452	9
2453	13
2454	7
2455	8
2456	4
2457	4
2458	7
2459	10
2460	18
2461	9
2462	8
2463	8
2464	11
2465	11
2466	11
2467	10
2468	9
2469	9
2470	5
2471	11
2472	9
2473	17
2474	10
2475	7
2476	6
2477	7
2478	11
2479	8
2480	10
2481	14
2482	8
2483	8
2484	7
2485	12
2486	8
2487	12
2488	12
2489	15
2490	16
2491	9
2492	12
2493	6
2494	10
2495	6
2496	8
2497	11
2498	7
2499	15
2500	12
2501	10
2502	10
2503	9
2504	14
2505	5
2506	5
2507	12
2508	9
2509	7
2510	12
2511	9
2512	8
2513	8
2514	7
2515	12
2516	8
2517	12
2518	9
2519	6
2520	7
2521	16
2522	10
2523	12
2524	10
2525	16
2526	12
2527	6
2528	15
2529	8
2530	14
2531	9
2532	7
2533	7
2534	9
2535	6
2536	12
2537	11
2538	11
2539	11
2540	11
2541	8
2542	5
2543	13
2544	8
2545	4
2546	4
2547	10
2548	16
2549	14
2550	12
2551	8
2552	12
2553	14
2554	10
2555	11
2556	18
2557	9
2558	10
2559	6
2560	10
2561	10
2562	10
2563	13
2564	9
2565	12
2566	14
2567	6
2568	6
2569	6
2570	12
2571	13
2572	11
2573	11
2574	7
2575	9
2576	6
2577	9
2578	5
2579	11
2580	11
2581	7
2582	5
2583	6
2584	6
2585	17
2586	10
2587	12
2588	14
2589	13
2590	9
2591	10
2592	8
2593	8
2594	6
2595	7
2596	14
2597	8
2598	7
2599	7
2600	6
2601	6
2602	12
2603	11
2604	11
2605	5
2606	5
2607	10
2608	9
2609	5
2610	11
2611	7
2612	14
2613	8
2614	7
2615	10
2616	9
2617	6
2618	8
2619	10
2620	8
2621	8
2622	6
2623	5
2624	7
2625	12
2626	7
2627	9
2628	10
2629	6
2630	14
2631	6
2632	9
2633	12
2634	9
2635	7
2636	7
2637	4
2638	6
2639	6
2640	5
2641	5
2642	15
2643	4
2644	10
2645	7
2646	7
2647	12
2648	7
2649	15
2650	8
2651	9
2652	9
2653	10
2654	11
2655	8
2656	11
2657	4
2658	11
2659	7
2660	6
2661	13
2662	6
2663	13
2664	5
2665	7
2666	12
2667	8
2668	8
2669	10
2670	10
2671	12
2672	7
2673	6
2674	8
2675	6
2676	6
2677	10
2678	9
2679	9
2680	9
2681	11
2682	6
2683	12
2684	8
2685	6
2686	7
2687	4
2688	9
2689	11
2690	12
2691	6
2692	11
2693	7
2694	9
2695	12
2696	13
2697	10
2698	8
2699	11
2700	5
2701	10
2702	8
2703	11
2704	8
2705	9
2706	7
2707	7
2708	8
2709	6
2710	4
2711	9
2712	8
2713	8
2714	4
2715	15
2716	4
2717	8
2718	11
2719	7
2720	12
2721	7
2722	6
2723	9
2724	5
2725	7
2726	8
2727	7
2728	4
2729	8
2730	13
2731	12
2732	9
2733	10
2734	9
2735	5
2736	10
2737	8
2738	5
2739	6
2740	10
2741	10
2742	8
2743	7
2744	8
2745	9
2746	9
2747	10
2748	10
2749	10
2750	6
2751	10
2752	6
2753	8
2754	5
2755	4
2756	8
2757	9
2758	12
2759	5
2760	7
2761	12
2762	8
2763	11
2764	10
2765	7
2766	8
2767	8
2768	13
2769	7
2770	8
2771	8
2772	9
2773	7
2774	5
2775	8
2776	12
2777	11
2778	14
2779	8
2780	7
2781	9
2782	10
2783	10
2784	9
2785	11
2786	6
2787	5
2788	7
2789	4
2790	6
2791	7
2792	8
2793	11
2794	9
2795	8
2796	9
2797	6
2798	7
2799	7
2800	12
2801	7
2802	10
2803	7
2804	9
2805	8
2806	12
2807	3
2808	7
2809	7
2810	5
2811	12
2812	11
2813	8
2814	10
2815	13
2816	8
2817	13
2818	11
2819	12
2820	11
2821	9
2822	12
2823	12
2824	7
2825	10
2826	8
2827	9
2828	8
2829	6
2830	8
2831	8
2832	8
2833	9
2834	10
2835	6
2836	12
2837	6
2838	10
2839	5
2840	6
2841	11
2842	6
2843	6
2844	8
2845	8
2846	3
2847	8
2848	7
2849	8
2850	8
2851	6
2852	9
2853	3
2854	4
2855	5
2856	10
2857	9
2858	8
2859	8
2860	14
2861	6
2862	9
2863	11
2864	9
2865	5
2866	7
2867	6
2868	8
2869	3
2870	14
2871	8
2872	3
2873	7
2874	7
2875	6
2876	11
2877	11
2878	12
2879	6
2880	6
2881	7
2882	6
2883	8
2884	6
2885	3
2886	8
2887	5
2888	10
2889	8
2890	4
2891	8
2892	9
2893	6
2894	7
2895	7
2896	10
2897	9
2898	11
2899	9
2900	8
2901	11
2902	11
2903	7
2904	10
2905	4
2906	5
2907	6
2908	7
2909	12
2910	5
2911	7
2912	9
2913	5
2914	5
2915	8
2916	9
2917	12
2918	13
2919	5
2920	5
2921	5
2922	6
2923	8
2924	7
2925	8
2926	4
2927	6
2928	10
2929	4
2930	12
2931	7
2932	5
2933	14
2934	7
2935	10
2936	8
2937	6
2938	5
2939	4
2940	2
2941	6
2942	4
2943	10
2944	6
2945	9
2946	6
2947	6
2948	7
2949	9
2950	10
2951	13
2952	6
2953	6
2954	12
2955	8
2956	5
2957	9
2958	9
2959	1
2960	7
2961	10
2962	13
2963	8
2964	4
2965	10
2966	8
2967	7
2968	12
2969	6
2970	6
2971	7
2972	7
2973	9
2974	7
2975	8
2976	4
2977	10
2978	7
2979	8
2980	6
2981	6
2982	9
2983	8
2984	3
2985	8
2986	4
2987	3
2988	6
2989	6
2990	8
2991	6
2992	9
2993	9
2994	9
2995	2
2996	7
2997	12
2998	4
2999	11
3000	11
3001	7
3002	13
3003	4
3004	8
3005	10
3006	8
3007	7
3008	4
3009	4
3010	5
3011	8
3012	4
3013	9
3014	7
3015	7
3016	7
3017	7
3018	7
3019	6
3020	8
3021	7
3022	12
3023	12
3024	4
3025	8
3026	4
3027	8
3028	10
3029	8
3030	10
3031	5
3032	7
3033	3
3034	2
3035	3
3036	9
3037	7
3038	7
3039	12
3040	7
3041	16
3042	7
3043	8
3044	6
3045	14
3046	14
3047	5
3048	9
3049	7
3050	5
3051	8
3052	9
3053	5
3054	8
3055	13
3056	7
3057	5
3058	9
3059	12
3060	7
3061	9
3062	6
3063	7
3064	4
3065	11
3066	6
3067	13
3068	9
3069	8
3070	6
3071	10
3072	8
3073	7
3074	4
3075	4
3076	10
3077	4
3078	6
3079	9
3080	5
3081	9
3082	6
3083	5
3084	5
3085	9
3086	9
3087	8
3088	11
3089	3
3090	7
3091	9
3092	9
3093	7
3094	10
3095	8
3096	7
3097	9
3098	5
3099	12
3100	5
3101	5
3102	13
3103	6
3104	8
3105	3
3106	7
3107	8
3108	10
3109	9
3110	8
3111	9
3112	13
3113	7
3114	10
3115	9
3116	11
3117	6
3118	7
3119	6
3120	9
3121	5
3122	6
3123	13
3124	9
3125	10
3126	7
3127	9
3128	10
3129	9
3130	4
3131	7
3132	6
3133	15
3134	8
3135	6
3136	14
3137	7
3138	7
3139	3
3140	8
3141	3
3142	6
3143	8
3144	7
3145	10
3146	3
3147	12
3148	8
3149	12
3150	8
3151	11
3152	11
3153	10
3154	7
3155	9
3156	10
3157	8
3158	5
3159	8
3160	10
3161	7
3162	5
3163	7
3164	5
3165	7
3166	3
3167	6
3168	8
3169	7
3170	7
3171	8
3172	3
3173	6
3174	16
3175	15
3176	6
3177	11
3178	6
3179	8
3180	5
3181	6
3182	9
3183	8
3184	10
3185	6
3186	12
3187	5
3188	7
3189	8
3190	8
3191	8
3192	12
3193	11
3194	5
3195	10
3196	9
3197	7
3198	8
3199	8
3200	6
3201	6
3202	6
3203	9
3204	6
3205	7
3206	6
3207	6
3208	4
3209	9
3210	7
3211	12
3212	3
3213	7
3214	7
3215	5
3216	7
3217	10
3218	5
3219	10
3220	6
3221	5
3222	5
3223	6
3224	11
3225	7
3226	10
3227	10
3228	6
3229	8
3230	10
3231	13
3232	8
3233	10
3234	6
3235	11
3236	5
3237	7
3238	11
3239	6
3240	9
3241	10
3242	8
3243	11
3244	7
3245	7
3246	6
3247	6
3248	8
3249	6
3250	12
3251	7
3252	10
3253	8
3254	8
3255	8
3256	9
3257	5
3258	6
3259	13
3260	8
3261	7
3262	12
3263	9
3264	7
3265	9
3266	9
3267	7
3268	8
3269	10
3270	6
3271	12
3272	8
3273	5
3274	3
3275	7
3276	11
3277	9
3278	10
3279	5
3280	5
3281	11
3282	3
3283	13
3284	13
3285	4
3286	5
3287	13
3288	11
3289	8
3290	12
3291	5
3292	6
3293	7
3294	10
3295	8
3296	7
3297	11
3298	13
3299	4
3300	8
3301	10
3302	6
3303	10
3304	6
3305	6
3306	7
3307	9
3308	7
3309	8
3310	8
3311	4
3312	10
3313	8
3314	8
3315	9
3316	11
3317	8
3318	11
3319	8
3320	4
3321	2
3322	6
3323	12
3324	16
3325	6
3326	13
3327	7
3328	7
3329	6
3330	8
3331	14
3332	9
3333	8
3334	9
3335	14
3336	4
3337	13
3338	8
3339	9
3340	8
3341	5
3342	7
3343	7
3344	7
3345	8
3346	8
3347	4
3348	5
3349	6
3350	4
3351	12
3352	7
3353	6
3354	7
3355	11
3356	13
3357	3
3358	11
3359	9
3360	9
3361	8
3362	5
3363	8
3364	6
3365	6
3366	11
3367	10
3368	11
3369	8
3370	1
3371	9
3372	12
3373	9
3374	11
3375	11
3376	11
3377	7
3378	7
3379	8
3380	5
3381	7
3382	6
3383	9
3384	11
3385	9
3386	7
3387	6
3388	4
3389	5
3390	5
3391	6
3392	6
3393	6
3394	2
3395	10
3396	5
3397	4
3398	12
3399	7
3400	6
3401	9
3402	11
3403	7
3404	10
3405	6
3406	5
3407	6
3408	7
3409	4
3410	8
3411	10
3412	9
3413	5
3414	8
3415	9
3416	8
3417	6
3418	9
3419	10
3420	4
3421	5
3422	8
3423	11
3424	7
3425	3
3426	9
3427	6
3428	2
3429	6
3430	7
3431	6
3432	10
3433	11
3434	13
3435	6
3436	12
3437	9
3438	14
3439	11
3440	14
3441	9
3442	8
3443	10
3444	5
3445	9
3446	10
3447	8
3448	6
3449	11
3450	9
3451	6
3452	6
3453	8
3454	7
3455	4
3456	10
3457	9
3458	10
3459	8
3460	7
3461	6
3462	6
3463	11
3464	6
3465	7
3466	3
3467	3
3468	3
3469	3
3470	6
3471	6
3472	13
3473	5
3474	7
3475	11
3476	4
3477	10
3478	6
3479	5
3480	6
3481	6
3482	6
3483	7
3484	6
3485	2
3486	5
3487	5
3488	11
3489	10
3490	7
3491	7
3492	5
3493	8
3494	7
3495	5
3496	7
3497	9
3498	4
3499	5
3500	11
3501	9
3502	7
3503	8
3504	8
3505	4
3506	10
3507	9
3508	16
3509	8
3510	12
3511	5
3512	7
3513	6
3514	12
3515	5
3516	3
3517	3
3518	5
3519	9
3520	12
3521	9
3522	10
3523	4
3524	6
3525	11
3526	13
3527	10
3528	5
3529	6
3530	5
3531	8
3532	6
3533	5
3534	8
3535	12
3536	5
3537	6
3538	7
3539	10
3540	6
3541	16
3542	4
3543	8
3544	6
3545	9
3546	6
3547	9
3548	7
3549	14
3550	11
3551	8
3552	10
3553	6
3554	12
3555	8
3556	10
3557	8
3558	14
3559	5
3560	9
3561	12
3562	11
3563	9
3564	7
3565	10
3566	7
3567	9
3568	10
3569	5
3570	11
3571	7
3572	9
3573	7
3574	9
3575	9
3576	9
3577	10
3578	7
3579	10
3580	9
3581	8
3582	10
3583	6
3584	10
3585	5
3586	4
3587	8
3588	8
3589	8
3590	6
3591	11
3592	2
3593	4
3594	10
3595	9
3596	8
3597	4
3598	7
3599	8
3600	9
3601	4
3602	9
3603	7
3604	7
3605	8
3606	10
3607	11
3608	10
3609	9
3610	7
3611	10
3612	10
3613	11
3614	8
3615	7
3616	9
3617	5
3618	6
3619	2
3620	10
3621	10
3622	7
3623	8
3624	7
3625	5
3626	4
3627	9
3628	7
3629	7
3630	5
3631	8
3632	3
3633	8
3634	8
3635	9
3636	8
3637	6
3638	8
3639	9
3640	13
3641	3
3642	4
3643	6
3644	6
3645	10
3646	4
3647	7
3648	7
3649	10
3650	5
3651	6
3652	9
3653	11
3654	11
3655	7
3656	8
3657	7
3658	8
3659	7
3660	5
3661	6
3662	8
3663	8
3664	12
3665	8
3666	6
3667	4
3668	8
3669	5
3670	11
3671	5
3672	10
3673	8
3674	12
3675	3
3676	5
3677	4
3678	5
3679	8
3680	8
3681	5
3682	5
3683	7
3684	5
3685	12
3686	5
3687	8
3688	7
3689	14
3690	6
3691	9
3692	11
3693	8
3694	6
3695	5
3696	10
3697	11
3698	10
3699	8
3700	9
3701	9
3702	10
3703	8
3704	8
3705	6
3706	13
3707	9
3708	7
3709	6
3710	9
3711	8
3712	10
3713	9
3714	7
3715	6
3716	9
3717	5
3718	7
3719	8
3720	8
3721	6
3722	6
3723	11
3724	7
3725	7
3726	7
3727	10
3728	5
3729	10
3730	2
3731	6
3732	13
3733	7
3734	12
3735	8
3736	9
3737	13
3738	7
3739	6
3740	11
3741	15
3742	9
3743	8
3744	11
3745	12
3746	5
3747	14
3748	6
3749	11
3750	8
3751	3
3752	9
3753	3
3754	5
3755	10
3756	6
3757	8
3758	9
3759	8
3760	12
3761	9
3762	8
3763	11
3764	6
3765	4
3766	6
3767	5
3768	6
3769	5
3770	7
3771	8
3772	3
3773	9
3774	7
3775	11
3776	9
3777	6
3778	8
3779	9
3780	2
3781	6
3782	5
3783	8
3784	4
3785	11
3786	7
3787	3
3788	6
3789	4
3790	6
3791	5
3792	2
3793	10
3794	6
3795	6
3796	11
3797	3
3798	4
3799	5
3800	2
3801	4
3802	6
3803	8
3804	8
3805	9
3806	11
3807	5
3808	2
3809	6
3810	7
3811	7
3812	2
3813	7
3814	3
3815	3
3816	1
3817	5
3818	2
3819	6
3820	5
3821	5
3822	3
3823	6
3824	7
3825	11
3826	7
3827	5
3828	5
3829	5
3830	6
3831	6
3832	3
3833	4
3834	6
3835	3
3836	7
3837	6
3838	7
3839	5
3840	5
3841	7
3842	7
3843	5
3844	6
3845	2
3846	3
3847	7
3848	6
3849	6
3850	5
3851	9
3852	10
3853	9
3854	5
3855	4
3856	5
3857	4
3858	4
3859	5
3860	2
3861	6
3862	6
3863	2
3864	6
3865	6
3866	7
3867	6
3868	4
3869	8
3870	7
3871	4
3872	4
3873	1
3874	5
3875	5
3876	2
3877	4
3878	6
3879	5
3880	4
3881	4
3882	4
3883	3
3884	6
3885	1
3886	3
3887	6
3888	4
3889	11
3890	4
3891	6
3892	9
3893	5
3894	5
3895	4
3896	3
3897	5
3898	6
3899	5
3900	4
3901	5
3902	3
3903	4
3904	5
3905	2
3906	3
3907	5
3908	4
3909	4
3910	5
3911	4
3912	6
3913	9
3914	3
3915	2
3916	2
3917	7
3918	3
3919	3
3920	4
3921	4
3922	5
3923	4
3924	7
3925	3
3926	4
3927	7
3928	6
3929	3
3930	4
3931	5
3932	4
3933	2
3934	3
3935	5
3936	2
3937	4
3938	1
3939	2
3940	1
3941	4
3942	7
3943	3
3944	4
3945	1
3946	2
3947	3
3948	3
3949	2
3950	6
3951	4
3952	5
3953	3
3954	3
3955	6
3956	3
3957	0
3958	5
3959	1
3960	1
3961	3
3962	5
3963	3
3964	6
3965	7
3966	4
3967	2
3968	6
3969	5
3970	4
3971	2
3972	6
3973	2
3974	6
3975	3
3976	4
3977	4
3978	1
3979	5
3980	4
3981	0
3982	4
3983	3
3984	1
3985	3
3986	2
3987	3
3988	4
3989	2
3990	3
3991	2
3992	2
3993	3
3994	5
3995	6
3996	3
3997	4
3998	0
3999	5
4000	0
4001	2
4002	0
4003	3
4004	4
4005	0
4006	1
4007	3
4008	4
4009	5
4010	1
4011	6
4012	3
4013	2
4014	3
4015	4
4016	3
4017	2
4018	0
4019	3
4020	1
4021	4
4022	3
4023	7
4024	2
4025	2
4026	4
4027	3
4028	2
4029	4
4030	3
4031	1
4032	2
4033	5
4034	3
4035	9
4036	6
4037	1
4038	1
4039	5
4040	0
4041	1
4042	0
4043	4
4044	1
4045	3
4046	3
4047	4
4048	6
4049	0
4050	4
4051	3
4052	3
4053	2
4054	3
4055	3
4056	3
4057	3
4058	4
4059	1
4060	1
4061	5
4062	2
4063	2
4064	5
4065	2
4066	7
4067	0
4068	1
4069	2
4070	1
4071	6
4072	4
4073	3
4074	2
4075	4
4076	1
4077	5
4078	2
4079	3
4080	4
4081	2
4082	2
4083	1
4084	5
4085	3
4086	2
4087	0
4088	3
4089	2
4090	2
4091	2
4092	2
4093	0
4094	4
4095	2
4096	3
4097	1
4098	5
4099	0
4100	3
4101	3
4102	4
4103	1
4104	4
4105	4
4106	1
4107	1
4108	1
4109	2
4110	7
4111	6
4112	1
4113	1
4114	1
4115	3
4116	4
4117	1
4118	2
4119	4
4120	2
4121	1
4122	3
4123	2
4124	1
4125	1
4126	1
4127	2
4128	5
4129	3
4130	7
4131	0
4132	1
4133	3
4134	0
4135	2
4136	3
4137	0
4138	0
4139	0
4140	3
4141	3
4142	4
4143	4
4144	3
4145	2
4146	0
4147	0
4148	3
4149	3
4150	3
4151	1
4152	2
4153	2
4154	1
4155	3
4156	3
4157	0
4158	0
4159	7
4160	3
4161	2
4162	0
4163	2
4164	4
4165	0
4166	1
4167	4
4168	4
4169	1
4170	1
4171	1
4172	0
4173	0
4174	2
4175	2
4176	2
4177	2
4178	3
4179	3
4180	0
4181	0
4182	0
4183	2
4184	4
4185	1
4186	3
4187	1
4188	5
4189	3
4190	3
4191	3
4192	1
4193	3
4194	2
4195	1
4196	1
4197	3
4198	1
4199	2
4200	2
4201	1
4202	1
4203	0
4204	1
4205	0
4206	3
4207	0
4208	2
4209	1
4210	1
4211	0
4212	1
4213	2
4214	0
4215	3
4216	1
4217	1
4218	0
4219	1
4220	1
4221	2
4222	2
4223	1
4224	3
4225	2
4226	3
4227	2
4228	1
4229	2
4230	2
4231	1
4232	0
4233	2
4234	1
4235	0
4236	1
4237	2
4238	1
4239	1
4240	0
4241	1
4242	2
4243	2
4244	4
4245	1
4246	1
4247	3
4248	2
4249	1
4250	3
4251	1
4252	1
4253	1
4254	0
4255	2
4256	1
4257	1
4258	3
4259	3
4260	2
4261	3
4262	1
4263	0
4264	2
4265	1
4266	3
4267	3
4268	0
4269	0
4270	1
4271	3
4272	2
4273	0
4274	3
4275	2
4276	4
4277	2
4278	1
4279	1
4280	1
4281	4
4282	2
4283	0
4284	1
4285	3
4286	3
4287	1
4288	1
4289	1
4290	1
4291	2
4292	2
4293	0
4294	1
4295	2
4296	1
4297	2
4298	1
4299	0
4300	0
4301	0
4302	0
4303	1
4304	1
4305	1
4306	0
4307	2
4308	1
4309	1
4310	0
4311	1
4312	1
4313	3
4314	5
4315	0
4316	1
4317	1
4318	0
4319	1
4320	2
4321	0
4322	1
4323	0
4324	1
4325	1
4326	3
4327	1
4328	0
4329	0
4330	2
4331	0
4332	0
4333	0
4334	5
4335	2
4336	5
4337	1
4338	0
4339	0
4340	0
4341	1
4342	2
4343	0
4344	2
4345	5
4346	2
4347	1
4348	1
4349	0
4350	0
4351	0
4352	0
4353	0
4354	0
4355	2
4356	1
4357	0
4358	0
4359	1
4360	0
4361	1
4362	1
4363	4
4364	1
4365	2
4366	0
4367	3
4368	1
4369	0
4370	3
4371	2
4372	2
4373	1
4374	1
4375	2
4376	2
4377	0
4378	0
4379	1
4380	0
4381	1
4382	1
4383	2
4384	0
4385	0
4386	0
4387	1
4388	1
4389	0
4390	0
4391	2
4392	2
4393	0
4394	0
4395	0
4396	0
4397	3
4398	0
4399	1
4400	2
4401	0
4402	0
4403	1
4404	1
4405	0
4406	2
4407	1
4408	1
4409	0
4410	0
4411	3
4412	0
4413	2
4414	3
4415	0
4416	1
4417	2
4418	2
4419	5
4420	0
4421	1
4422	0
4423	0
4424	0
4425	0
4426	0
4427	1
4428	0
4429	1
4430	0
4431	0
4432	0
4433	2
4434	1
4435	0
4436	1
4437	1
4438	0
4439	0
4440	0
4441	1
4442	0
4443	0
4444	0
4445	0
4446	0
4447	0
4448	0
4449	2
4450	0
4451	0
4452	0
4453	0
4454	2
4455	0
4456	0
4457	0
4458	0
4459	0
4460	0
4461	1
4462	0
4463	0
4464	1
4465	0
4466	1
4467	0
4468	1
4469	2
4470	0
4471	0
4472	3
4473	1
4474	2
4475	1
4476	3
4477	0
4478	1
4479	0
4480	1
4481	2
4482	1
4483	1
4484	0
4485	1
4486	0
4487	0
4488	2
4489	1
4490	1
4491	1
4492	1
4493	0
4494	1
4495	0
4496	0
4497	0
4498	0
4499	0
4500	1
4501	2
4502	1
4503	2
4504	2
4505	0
4506	0
4507	1
4508	0
4509	1
4510	2
4511	0
4512	1
4513	0
4514	4
4515	4
4516	0
4517	0
4518	0
4519	3
4520	0
4521	0
4522	2
4523	0
4524	0
4525	1
4526	2
4527	1
4528	0
4529	0
4530	1
4531	1
4532	1
4533	0
4534	0
4535	0
4536	0
4537	2
4538	0
4539	3
4540	0
4541	1
4542	1
4543	0
4544	1
4545	0
4546	1
4547	0
4548	0
4549	0
4550	0
4551	1
4552	1
4553	0
4554	0
4555	0
4556	1
4557	0
4558	0
4559	0
4560	2
4561	0
4562	0
4563	1
4564	0
4565	0
4566	1
4567	0
4568	1
4569	0
4570	0
4571	1
4572	0
4573	1
4574	1
4575	3
4576	0
4577	0
4578	0
4579	0
4580	0
4581	1
4582	0
4583	0
4584	1
4585	0
4586	2
4587	2
4588	0
4589	2
4590	0
4591	1
4592	0
4593	0
4594	0
4595	2
4596	0
4597	2
4598	2
4599	2
4600	0
4601	2
4602	0
4603	1
4604	0
4605	3
4606	3
4607	0
4608	0
4609	0
4610	0
4611	1
4612	0
4613	0
4614	0
4615	0
4616	0
4617	0
4618	0
4619	1
4620	2
4621	0
4622	0
4623	1
4624	5
4625	0
4626	1
4627	2
4628	1
4629	1
4630	1
4631	1
4632	0
4633	2
4634	2
4635	1
4636	0
4637	0
4638	1
4639	0
4640	1
4641	0
4642	0
4643	0
4644	0
4645	1
4646	0
4647	3
4648	0
4649	0
4650	1
4651	0
4652	1
4653	0
4654	0
4655	0
4656	0
4657	0
4658	1
4659	0
4660	3
4661	1
4662	2
4663	1
4664	2
4665	0
4666	1
4667	0
4668	1
4669	0
4670	0
4671	0
4672	1
4673	1
4674	1
4675	0
4676	0
4677	0
4678	0
4679	0
4680	0
4681	0
4682	0
4683	1
4684	2
4685	0
4686	0
4687	1
4688	1
4689	1
4690	1
4691	1
4692	0
4693	0
4694	0
4695	2
4696	1
4697	1
4698	2
4699	1
4700	0
4701	0
4702	2
4703	1
4704	0
4705	0
4706	2
4707	0
4708	0
4709	2
4710	2
4711	1
4712	0
4713	0
4714	1
4715	0
4716	0
4717	1
4718	0
4719	0
4720	1
4721	0
4722	1
4723	1
4724	0
4725	0
4726	1
4727	1
4728	0
4729	2
4730	0
4731	0
4732	0
4733	0
4734	1
4735	0
4736	2
4737	2
4738	0
4739	0
4740	0
4741	0
4742	1
4743	2
4744	0
4745	1
4746	0
4747	0
4748	0
4749	1
4750	0
4751	1
4752	1
4753	0
4754	1
4755	0
4756	1
4757	1
4758	1
4759	3
4760	1
4761	1
4762	1
4763	1
4764	0
4765	0
4766	1
4767	1
4768	1
4769	2
4770	0
4771	0
4772	0
4773	0
4774	0
4775	0
4776	0
4777	0
4778	0
4779	0
4780	1
4781	0
4782	0
4783	1
4784	2
4785	0
4786	1
4787	0
4788	0
4789	1
4790	1
4791	1
4792	3
4793	0
4794	0
4795	0
4796	1
4797	1
4798	2
4799	0
4800	1
4801	0
4802	0
4803	0
4804	0
4805	0
4806	1
4807	2
4808	0
4809	1
4810	0
4811	0
4812	1
4813	2
4814	2
4815	0
4816	0
4817	1
4818	0
4819	0
4820	0
4821	0
4822	0
4823	0
4824	1
4825	0
4826	0
4827	3
4828	0
4829	1
4830	2
4831	0
4832	4
4833	1
4834	0
4835	0
4836	0
4837	0
4838	1
4839	0
4840	0
4841	0
4842	2
4843	2
4844	2
4845	0
4846	0
4847	0
4848	0
4849	0
4850	2
4851	0
4852	1
4853	0
4854	0
4855	1
4856	0
4857	0
4858	1
4859	0
4860	0
4861	1
4862	2
4863	0
4864	0
4865	1
4866	0
4867	0
4868	0
4869	1
4870	0
4871	0
4872	1
4873	0
4874	2
4875	0
4876	1
4877	0
4878	0
4879	0
4880	0
4881	1
4882	0
4883	1
4884	3
4885	0
4886	0
4887	0
4888	0
4889	0
4890	0
4891	0
4892	0
4893	1
4894	0
4895	1
4896	0
4897	2
4898	0
4899	0
4900	2
4901	1
4902	1
4903	0
4904	0
4905	2
4906	0
4907	1
4908	1
4909	1
4910	0
4911	0
4912	1
4913	0
4914	1
4915	0
4916	1
4917	0
4918	2
4919	0
4920	1
4921	2
4922	0
4923	0
4924	1
4925	1
4926	1
4927	1
4928	0
4929	1
4930	1
4931	0
4932	1
4933	1
4934	1
4935	0
4936	1
4937	1
4938	0
4939	0
4940	3
4941	1
4942	0
4943	0
4944	3
4945	0
4946	0
4947	0
4948	0
4949	1
4950	0
4951	2
4952	1
4953	3
4954	1
4955	1
4956	0
4957	1
4958	0
4959	0
4960	1
4961	0
4962	2
4963	2
4964	1
4965	1
4966	1
4967	1
4968	2
4969	1
4970	0
4971	0
4972	0
4973	0
4974	1
4975	0
4976	1
4977	1
4978	1
4979	1
4980	0
4981	0
4982	1
4983	0
4984	2
4985	0
4986	0
4987	0
4988	0
4989	0
4990	1
4991	0
4992	0
4993	0
4994	2
4995	0
4996	0
4997	0
4998	0
4999	0
5000	1
5001	1
5002	1
5003	0
5004	1
5005	0
5006	1
5007	1
5008	0
5009	1
5010	0
5011	2
5012	0
5013	0
5014	1
5015	1
5016	0
5017	0
5018	2
5019	0
5020	0
5021	0
5022	1
5023	0
5024	0
5025	1
5026	1
5027	2
5028	0
5029	0
5030	0
5031	0
5032	0
5033	0
5034	1
5035	1
5036	0
5037	0
5038	1
5039	0
5040	1
5041	0
5042	0
5043	1
5044	1
5045	0
5046	1
5047	2
5048	1
5049	0
5050	0
5051	1
5052	0
5053	2
5054	0
5055	2
5056	1
5057	1
5058	1
5059	1
5060	0
5061	0
5062	0
5063	0
5064	0
5065	0
5066	1
5067	0
5068	0
5069	0
5070	1
5071	0
5072	2
5073	1
5074	0
5075	1
5076	1
5077	1
5078	2
5079	0
5080	0
5081	1
5082	1
5083	1
5084	1
5085	0
5086	0
5087	0
5088	1
5089	0
5090	0
5091	1
5092	0
5093	0
5094	0
5095	1
5096	0
5097	1
5098	0
5099	0
5100	0
5101	1
5102	0
5103	1
5104	1
5105	1
5106	1
5107	0
5108	0
5109	0
5110	2
5111	0
5112	1
5113	1
5114	1
5115	1
5116	0
5117	2
5118	0
5119	0
5120	2
5121	0
5122	0
5123	0
5124	0
5125	0
5126	1
5127	0
5128	1
5129	0
5130	0
5131	0
5132	0
5133	0
5134	1
5135	0
5136	2
5137	1
5138	1
5139	0
5140	0
5141	0
5142	2
5143	1
5144	0
5145	2
5146	0
5147	0
5148	1
5149	0
5150	0
5151	0
5152	0
5153	1
5154	0
5155	1
5156	0
5157	1
5158	1
5159	0
5160	2
5161	0
5162	0
5163	0
5164	0
5165	0
5166	1
5167	0
5168	0
5169	1
5170	1
5171	1
5172	0
5173	0
5174	0
5175	0
5176	1
5177	0
5178	1
5179	0
5180	0
5181	2
5182	0
5183	0
5184	0
5185	1
5186	1
5187	0
5188	2
5189	1
5190	1
5191	0
5192	0
5193	0
5194	0
5195	1
5196	1
5197	1
5198	0
5199	0
5200	0
5201	0
5202	1
5203	1
5204	0
5205	0
5206	1
5207	0
5208	0
5209	0
5210	1
5211	0
5212	1
5213	1
5214	0
5215	2
5216	0
5217	0
5218	0
5219	0
5220	1
5221	1
5222	1
5223	0
5224	0
5225	2
5226	1
5227	1
5228	1
5229	0
5230	2
5231	0
5232	0
5233	2
5234	0
5235	0
5236	0
5237	0
5238	0
5239	1
5240	0
5241	0
5242	0
5243	1
5244	0
5245	0
5246	1
5247	0
5248	0
5249	1
5250	1
5251	1
5252	0
5253	0
5254	0
5255	0
5256	0
5257	2
5258	0
5259	0
5260	1
5261	0
5262	0
5263	0
5264	0
5265	2
5266	1
5267	0
5268	0
5269	1
5270	1
5271	0
5272	0
5273	0
5274	1
5275	1
5276	1
5277	1
5278	1
5279	0
5280	1
5281	0
5282	2
5283	1
5284	1
5285	0
5286	1
5287	0
5288	1
5289	2
5290	0
5291	0
5292	1
5293	0
5294	0
5295	0
5296	1
5297	3
5298	2
5299	0
5300	0
5301	2
5302	0
5303	0
5304	1
5305	0
5306	0
5307	1
5308	0
5309	1
5310	0
5311	5
5312	0
5313	0
5314	0
5315	0
5316	0
5317	0
5318	1
5319	0
5320	0
5321	0
5322	2
5323	1
5324	1
5325	1
5326	0
5327	0
5328	0
5329	1
5330	0
5331	0
5332	1
5333	2
5334	0
5335	0
5336	1
5337	0
5338	0
5339	1
5340	0
5341	1
5342	1
5343	0
5344	0
5345	0
5346	0
5347	0
5348	0
5349	1
5350	1
5351	2
5352	0
5353	1
5354	2
5355	0
5356	1
5357	1
5358	0
5359	0
5360	1
5361	1
5362	0
5363	2
5364	2
5365	0
5366	0
5367	0
5368	2
5369	1
5370	0
5371	1
5372	3
5373	0
5374	0
5375	0
5376	1
5377	0
5378	0
5379	2
5380	3
5381	0
5382	0
5383	0
5384	1
5385	0
5386	0
5387	0
5388	0
5389	1
5390	0
5391	0
5392	0
5393	0
5394	0
5395	1
5396	1
5397	0
5398	0
5399	0
5400	0
5401	1
5402	0
5403	0
5404	2
5405	0
5406	2
5407	1
5408	0
5409	0
5410	1
5411	0
5412	0
5413	1
5414	2
5415	1
5416	2
5417	0
5418	0
5419	0
5420	0
5421	1
5422	0
5423	1
5424	0
5425	0
5426	0
5427	0
5428	0
5429	1
5430	0
5431	1
5432	0
5433	0
5434	1
5435	0
5436	1
5437	0
5438	1
5439	0
5440	0
5441	1
5442	0
5443	0
5444	1
5445	0
5446	2
5447	0
5448	0
5449	0
5450	0
5451	0
5452	0
5453	0
5454	0
5455	0
5456	0
5457	0
5458	0
5459	1
5460	0
5461	1
5462	0
5463	0
5464	0
5465	2
5466	1
5467	0
5468	2
5469	0
5470	0
5471	1
5472	2
5473	0
5474	0
5475	0
5476	0
5477	0
5478	0
5479	0
5480	1
5481	0
5482	1
5483	1
5484	0
5485	0
5486	1
5487	0
5488	0
5489	1
5490	0
5491	0
5492	2
5493	0
5494	1
5495	0
5496	0
5497	1
5498	0
5499	2
5500	0
5501	0
5502	0
5503	0
5504	2
5505	2
5506	0
5507	0
5508	0
5509	0
5510	0
5511	0
5512	0
5513	0
5514	0
5515	1
5516	0
5517	1
5518	0
5519	0
5520	2
5521	0
5522	1
5523	0
5524	0
5525	1
5526	0
5527	1
5528	0
5529	1
5530	1
5531	0
5532	1
5533	5
5534	1
5535	2
5536	0
5537	1
5538	0
5539	0
5540	0
5541	1
5542	0
5543	0
5544	1
5545	0
5546	0
5547	2
5548	2
5549	2
5550	1
5551	1
5552	0
5553	1
5554	0
5555	0
5556	0
5557	2
5558	0
5559	1
5560	0
5561	1
5562	0
5563	0
5564	0
5565	2
5566	0
5567	0
5568	0
5569	0
5570	1
5571	0
5572	0
5573	0
5574	0
5575	1
5576	2
5577	1
5578	2
5579	0
5580	1
5581	1
5582	1
5583	0
5584	0
5585	0
5586	0
5587	0
5588	1
5589	0
5590	0
5591	1
5592	0
5593	0
5594	0
5595	2
5596	0
5597	0
5598	0
5599	1
5600	0
5601	0
5602	0
5603	2
5604	2
5605	1
5606	2
5607	0
5608	2
5609	0
5610	0
5611	0
5612	1
5613	1
5614	2
5615	0
5616	0
5617	0
5618	1
5619	0
5620	0
5621	1
5622	0
5623	1
5624	1
5625	1
5626	0
5627	0
5628	0
5629	2
5630	0
5631	1
5632	1
5633	1
5634	0
5635	0
5636	0
5637	0
5638	2
5639	0
5640	0
5641	1
5642	2
5643	0
5644	1
5645	0
5646	0
5647	0
5648	1
5649	1
5650	0
5651	0
5652	0
5653	1
5654	0
5655	2
5656	0
5657	1
5658	1
5659	0
5660	0
5661	1
5662	0
5663	0
5664	1
5665	1
5666	0
5667	1
5668	0
5669	1
5670	0
5671	1
5672	0
5673	0
5674	0
5675	0
5676	1
5677	0
5678	2
5679	0
5680	0
5681	0
5682	0
5683	0
5684	1
5685	0
5686	1
5687	1
5688	1
5689	0
5690	0
5691	0
5692	1
5693	1
5694	0
5695	0
5696	0
5697	0
5698	2
5699	1
5700	0
5701	0
5702	1
5703	0
5704	0
5705	1
5706	0
5707	0
5708	0
5709	0
5710	0
5711	0
5712	0
5713	1
5714	1
5715	0
5716	3
5717	1
5718	0
5719	0
5720	0
5721	1
5722	2
5723	1
5724	2
5725	1
5726	0
5727	0
5728	1
5729	0
5730	1
5731	0
5732	1
5733	2
5734	0
5735	0
5736	0
5737	0
5738	0
5739	0
5740	0
5741	0
5742	1
5743	1
5744	0
5745	1
5746	1
5747	0
5748	1
5749	1
5750	1
5751	0
5752	1
5753	0
5754	0
5755	0
5756	0
5757	1
5758	1
5759	0
5760	0
5761	0
5762	0
5763	1
5764	0
5765	0
5766	1
5767	1
5768	0
5769	0
5770	1
5771	0
5772	0
5773	1
5774	0
5775	0
5776	0
5777	0
5778	0
5779	0
5780	0
5781	1
5782	1
5783	0
5784	0
5785	0
5786	0
5787	0
5788	1
5789	0
5790	0
5791	1
5792	0
5793	1
5794	1
5795	0
5796	1
5797	0
5798	0
5799	0
5800	0
5801	2
5802	0
5803	0
5804	1
5805	0
5806	1
5807	0
5808	1
5809	2
5810	1
5811	0
5812	0
5813	1
5814	1
5815	0
5816	0
5817	0
5818	0
5819	0
5820	1
5821	1
5822	0
5823	1
5824	1
5825	0
5826	0
5827	0
5828	0
5829	0
5830	2
5831	3
5832	0
5833	1
5834	0
5835	0
5836	0
5837	0
5838	2
5839	0
5840	1
5841	0
5842	1
5843	1
5844	0
5845	0
5846	0
5847	0
5848	0
5849	0
5850	0
5851	0
5852	0
5853	1
5854	0
5855	1
5856	0
5857	0
5858	0
5859	0
5860	0
5861	2
5862	0
5863	1
5864	0
5865	0
5866	0
5867	2
5868	0
5869	0
5870	0
5871	1
5872	1
5873	0
5874	2
5875	1
5876	0
5877	0
5878	1
5879	0
5880	0
5881	0
5882	0
5883	1
5884	0
5885	0
5886	0
5887	0
5888	2
5889	0
5890	0
5891	1
5892	0
5893	1
5894	0
5895	1
5896	2
5897	1
5898	0
5899	0
5900	0
5901	0
5902	1
5903	0
5904	0
5905	0
5906	0
5907	1
5908	0
5909	0
5910	1
5911	0
5912	0
5913	0
5914	1
5915	0
5916	1
5917	0
5918	1
5919	1
5920	0
5921	1
5922	1
5923	0
5924	0
5925	0
5926	0
5927	1
5928	2
5929	0
5930	1
5931	1
5932	1
5933	0
5934	2
5935	0
5936	0
5937	1
5938	0
5939	0
5940	0
5941	2
5942	1
5943	0
5944	0
5945	0
5946	2
5947	0
5948	1
5949	0
5950	1
5951	0
5952	1
5953	0
5954	0
5955	0
5956	0
5957	1
5958	2
5959	0
5960	0
5961	2
5962	0
5963	0
5964	1
5965	1
5966	0
5967	0
5968	0
5969	0
5970	2
5971	0
5972	0
5973	0
5974	1
5975	0
5976	0
5977	0
5978	0
5979	0
5980	1
5981	0
5982	0
5983	0
5984	0
5985	1
5986	0
5987	1
5988	0
5989	0
5990	0
5991	1
5992	2
5993	1
5994	0
5995	1
5996	0
5997	0
5998	0
5999	0
6000	0
6001	1
6002	0
6003	2
6004	0
6005	1
6006	0
6007	2
6008	0
6009	1
6010	2
6011	0
6012	1
6013	0
6014	1
6015	1
6016	0
6017	0
6018	0
6019	1
6020	1
6021	0
6022	1
6023	0
6024	0
6025	0
6026	0
6027	0
6028	2
6029	0
6030	0
6031	0
6032	1
6033	0
6034	0
6035	0
6036	0
6037	0
6038	0
6039	0
6040	1
6041	0
6042	0
6043	0
6044	1
6045	0
6046	1
6047	0
6048	0
6049	1
6050	1
6051	0
6052	1
6053	1
6054	0
6055	0
6056	0
6057	0
6058	1
6059	0
6060	1
6061	0
6062	0
6063	0
6064	0
6065	0
6066	0
6067	1
6068	0
6069	0
6070	1
6071	0
6072	1
6073	1
6074	1
6075	0
6076	0
6077	1
6078	0
6079	0
6080	2
6081	1
6082	1
6083	1
6084	0
6085	0
6086	1
6087	2
6088	0
6089	1
6090	0
6091	0
6092	1
6093	1
6094	0
6095	1
6096	0
6097	0
6098	1
6099	0
6100	0
6101	0
6102	1
6103	1
6104	1
6105	0
6106	0
6107	0
6108	0
6109	0
6110	1
6111	1
6112	1
6113	1
6114	0
6115	0
6116	0
6117	1
6118	0
6119	2
6120	0
6121	1
6122	0
6123	0
6124	1
6125	0
6126	0
6127	1
6128	0
6129	0
6130	1
6131	2
6132	0
6133	0
6134	0
6135	1
6136	0
6137	1
6138	1
6139	0
6140	0
6141	1
6142	1
6143	0
6144	0
6145	1
6146	2
6147	0
6148	0
6149	0
6150	0
6151	2
6152	0
6153	0
6154	0
6155	0
6156	1
6157	2
6158	0
6159	0
6160	0
6161	3
6162	0
6163	0
6164	0
6165	0
6166	0
6167	1
6168	0
6169	0
6170	0
6171	0
6172	0
6173	2
6174	0
6175	1
6176	0
6177	1
6178	0
6179	1
6180	0
6181	0
6182	0
6183	0
6184	0
6185	1
6186	0
6187	0
6188	1
6189	0
6190	1
6191	0
6192	0
6193	0
6194	1
6195	0
6196	1
6197	1
6198	0
6199	1
6200	0
6201	0
6202	1
6203	1
6204	2
6205	1
6206	1
6207	1
6208	0
6209	0
6210	0
6211	0
6212	0
6213	1
6214	1
6215	0
6216	0
6217	0
6218	0
6219	0
6220	0
6221	0
6222	0
6223	0
6224	0
6225	0
6226	0
6227	1
6228	0
6229	0
6230	0
6231	0
6232	0
6233	1
6234	1
6235	1
6236	0
6237	0
6238	0
6239	0
6240	0
6241	0
6242	0
6243	1
6244	0
6245	1
6246	0
6247	0
6248	0
6249	0
6250	0
6251	0
6252	0
6253	0
6254	0
6255	0
6256	0
6257	1
6258	0
6259	0
6260	0
6261	0
6262	0
6263	2
6264	0
6265	0
6266	1
6267	0
6268	0
6269	2
6270	0
6271	2
6272	0
6273	1
6274	0
6275	0
6276	1
6277	0
6278	0
6279	1
6280	1
6281	1
6282	1
6283	0
6284	0
6285	0
6286	0
6287	0
6288	0
6289	1
6290	0
6291	0
6292	0
6293	0
6294	0
6295	2
6296	0
6297	1
6298	0
6299	1
6300	0
6301	0
6302	0
6303	0
6304	1
6305	2
6306	0
6307	0
6308	0
6309	0
6310	2
6311	0
6312	0
6313	0
6314	0
6315	0
6316	1
6317	0
6318	0
6319	0
6320	2
6321	1
6322	1
6323	1
6324	0
6325	1
6326	1
6327	0
6328	0
6329	0
6330	1
6331	1
6332	0
6333	0
6334	1
6335	1
6336	0
6337	0
6338	0
6339	3
6340	1
6341	1
6342	1
6343	1
6344	0
6345	1
6346	0
6347	1
6348	1
6349	0
6350	1
6351	0
6352	0
6353	0
6354	0
6355	0
6356	0
6357	0
6358	1
6359	0
6360	0
6361	0
6362	0
6363	0
6364	1
6365	1
6366	0
6367	0
6368	1
6369	1
6370	2
6371	1
6372	0
6373	0
6374	0
6375	0
6376	1
6377	0
6378	1
6379	0
6380	0
6381	1
6382	0
6383	0
6384	1
6385	1
6386	1
6387	0
6388	1
6389	1
6390	0
6391	0
6392	0
6393	0
6394	2
6395	0
6396	0
6397	0
6398	0
6399	0
6400	1
6401	0
6402	0
6403	1
6404	0
6405	0
6406	0
6407	0
6408	1
6409	0
6410	0
6411	2
6412	0
6413	1
6414	0
6415	0
6416	1
6417	1
6418	3
6419	0
6420	1
6421	1
6422	0
6423	0
6424	0
6425	0
6426	0
6427	1
6428	2
6429	0
6430	0
6431	2
6432	2
6433	0
6434	0
6435	0
6436	0
6437	0
6438	1
6439	1
6440	1
6441	1
6442	1
6443	0
6444	0
6445	0
6446	0
6447	0
6448	0
6449	1
6450	0
6451	0
6452	0
6453	0
6454	0
6455	1
6456	0
6457	1
6458	0
6459	0
6460	0
6461	1
6462	0
6463	0
6464	1
6465	0
6466	1
6467	0
6468	1
6469	1
6470	0
6471	0
6472	0
6473	0
6474	1
6475	1
6476	0
6477	0
6478	0
6479	2
6480	0
6481	0
6482	0
6483	1
6484	0
6485	0
6486	0
6487	1
6488	0
6489	1
6490	0
6491	1
6492	0
6493	0
6494	1
6495	1
6496	1
6497	1
6498	0
6499	0
6500	0
6501	0
6502	0
6503	0
6504	0
6505	0
6506	1
6507	0
6508	0
6509	0
6510	2
6511	0
6512	2
6513	2
6514	0
6515	0
6516	1
6517	0
6518	1
6519	0
6520	0
6521	0
6522	1
6523	0
6524	0
6525	0
6526	0
6527	0
6528	2
6529	1
6530	2
6531	2
6532	1
6533	0
6534	0
6535	0
6536	0
6537	1
6538	0
6539	0
6540	0
6541	1
6542	0
6543	1
6544	0
6545	1
6546	0
6547	0
6548	0
6549	0
6550	0
6551	0
6552	0
6553	0
6554	0
6555	0
6556	1
6557	0
6558	1
6559	0
6560	0
6561	0
6562	1
6563	2
6564	0
6565	0
6566	0
6567	0
6568	0
6569	0
6570	1
6571	1
6572	0
6573	2
6574	1
6575	2
6576	0
6577	0
6578	2
6579	0
6580	0
6581	0
6582	0
6583	0
6584	1
6585	0
6586	1
6587	0
6588	0
6589	0
6590	0
6591	1
6592	0
6593	1
6594	0
6595	1
6596	0
6597	0
6598	1
6599	0
6600	1
6601	1
6602	0
6603	0
6604	0
6605	0
6606	1
6607	0
6608	0
6609	0
6610	0
6611	0
6612	1
6613	1
6614	1
6615	0
6616	1
6617	0
6618	0
6619	0
6620	1
6621	1
6622	0
6623	0
6624	1
6625	0
6626	0
6627	0
6628	0
6629	0
6630	1
6631	1
6632	1
6633	0
6634	1
6635	0
6636	0
6637	0
6638	0
6639	1
6640	0
6641	0
6642	0
6643	0
6644	0
6645	0
6646	2
6647	0
6648	1
6649	1
6650	0
6651	0
6652	0
6653	0
6654	0
6655	1
6656	2
6657	1
6658	0
6659	1
6660	3
6661	0
6662	0
6663	0
6664	0
6665	0
6666	0
6667	0
6668	0
6669	0
6670	1
6671	0
6672	0
6673	0
6674	1
6675	0
6676	0
6677	0
6678	0
6679	1
6680	0
6681	0
6682	0
6683	1
6684	0
6685	2
6686	0
6687	0
6688	0
6689	0
6690	0
6691	0
6692	0
6693	0
6694	0
6695	0
6696	1
6697	0
6698	0
6699	0
6700	1
6701	1
6702	1
6703	0
6704	1
6705	0
6706	0
6707	0
6708	0
6709	0
6710	1
6711	1
6712	0
6713	0
6714	0
6715	1
6716	2
6717	0
6718	1
6719	2
6720	1
6721	1
6722	1
6723	0
6724	0
6725	0
6726	0
6727	0
6728	0
6729	0
6730	0
6731	0
6732	0
6733	0
6734	0
6735	0
6736	1
6737	0
6738	3
6739	0
6740	0
6741	0
6742	0
6743	1
6744	0
6745	0
6746	1
6747	0
6748	0
6749	0
6750	0
6751	0
6752	1
6753	0
6754	0
6755	0
6756	0
6757	1
6758	0
6759	0
6760	1
6761	0
6762	0
6763	1
6764	0
6765	0
6766	0
6767	2
6768	0
6769	1
6770	0
6771	0
6772	0
6773	1
6774	0
6775	0
6776	2
6777	1
6778	0
6779	0
6780	1
6781	0
6782	0
6783	0
6784	1
6785	1
6786	0
6787	0
6788	1
6789	0
6790	0
6791	2
6792	0
6793	0
6794	0
6795	0
6796	1
6797	0
6798	0
6799	0
6800	1
6801	0
6802	0
6803	0
6804	0
6805	1
6806	0
6807	0
6808	0
6809	1
6810	1
6811	0
6812	0
6813	1
6814	1
6815	1
6816	0
6817	1
6818	0
6819	0
6820	0
6821	1
6822	0
6823	1
6824	0
6825	0
6826	0
6827	1
6828	0
6829	0
6830	1
6831	0
6832	0
6833	0
6834	2
6835	1
6836	0
6837	0
6838	0
6839	1
6840	2
6841	0
6842	1
6843	1
6844	0
6845	0
6846	1
6847	0
6848	0
6849	0
6850	1
6851	0
6852	0
6853	0
6854	2
6855	0
6856	0
6857	1
6858	0
6859	0
6860	0
6861	0
6862	0
6863	1
6864	1
6865	1
6866	0
6867	2
6868	1
6869	4
6870	0
6871	0
6872	0
6873	0
6874	0
6875	0
6876	0
6877	0
6878	0
6879	0
6880	1
6881	0
6882	0
6883	1
6884	1
6885	1
6886	0
6887	0
6888	0
6889	0
6890	0
6891	0
6892	1
6893	0
6894	2
6895	0
6896	0
6897	0
6898	0
6899	0
6900	0
6901	0
6902	2
6903	1
6904	0
6905	1
6906	0
6907	0
6908	0
6909	0
6910	0
6911	1
6912	0
6913	0
6914	1
6915	0
6916	0
6917	0
6918	0
6919	0
6920	0
6921	0
6922	0
6923	0
6924	0
6925	0
6926	0
6927	0
6928	1
6929	2
6930	1
6931	0
6932	0
6933	0
6934	1
6935	0
6936	0
6937	1
6938	0
6939	0
6940	0
6941	2
6942	0
6943	1
6944	1
6945	0
6946	0
6947	1
6948	1
6949	0
6950	0
6951	0
6952	1
6953	0
6954	0
6955	0
6956	0
6957	0
6958	0
6959	1
6960	0
6961	1
6962	0
6963	0
6964	1
6965	0
6966	0
6967	0
6968	0
6969	0
6970	0
6971	0
6972	2
6973	1
6974	0
6975	2
6976	0
6977	0
6978	1
6979	0
6980	0
6981	2
6982	2
6983	0
6984	0
6985	0
6986	0
6987	2
6988	0
6989	0
6990	0
6991	1
6992	0
6993	0
6994	0
6995	0
6996	0
6997	1
6998	0
6999	0
7000	1
7001	0
7002	0
7003	0
7004	0
7005	1
7006	0
7007	0
7008	0
7009	1
7010	1
7011	0
7012	0
7013	0
7014	0
7015	1
7016	0
7017	0
7018	0
7019	0
7020	0
7021	0
7022	0
7023	2
7024	0
7025	0
7026	0
7027	0
7028	0
7029	0
7030	1
7031	1
7032	0
7033	0
7034	0
7035	0
7036	0
7037	1
7038	1
7039	0
7040	0
7041	0
7042	0
7043	0
7044	0
7045	0
7046	0
7047	0
7048	0
7049	0
7050	1
7051	0
7052	4
7053	0
7054	0
7055	2
7056	0
7057	0
7058	0
7059	0
7060	1
7061	0
7062	1
7063	0
7064	0
7065	0
7066	0
7067	0
7068	1
7069	0
7070	1
7071	1
7072	0
7073	0
7074	0
7075	1
7076	0
7077	0
7078	0
7079	0
7080	1
7081	1
7082	1
7083	0
7084	0
7085	0
7086	0
7087	1
7088	0
7089	0
7090	1
7091	0
7092	2
7093	0
7094	1
7095	0
7096	0
7097	0
7098	0
7099	1
7100	0
7101	0
7102	0
7103	0
7104	0
7105	0
7106	0
7107	0
7108	0
7109	0
7110	0
7111	0
7112	0
7113	0
7114	0
7115	0
7116	0
7117	0
7118	0
7119	0
7120	0
7121	0
7122	0
7123	0
7124	0
7125	0
7126	1
7127	0
7128	0
7129	0
7130	0
7131	0
7132	0
7133	1
7134	0
7135	1
7136	0
7137	1
7138	0
7139	0
7140	0
7141	1
7142	0
7143	0
7144	1
7145	0
7146	0
7147	1
7148	0
7149	0
7150	0
7151	0
7152	1
7153	0
7154	0
7155	1
7156	2
7157	0
7158	0
7159	0
7160	2
7161	0
7162	0
7163	0
7164	0
7165	1
7166	0
7167	0
7168	2
7169	1
7170	1
7171	0
7172	0
7173	1
7174	0
7175	0
7176	0
7177	1
7178	0
7179	0
7180	0
7181	0
7182	1
7183	0
7184	0
7185	0
7186	0
7187	0
7188	0
7189	0
7190	0
7191	0
7192	0
7193	0
7194	1
7195	0
7196	0
7197	1
7198	0
7199	0
7200	0
7201	0
7202	2
7203	0
7204	0
7205	0
7206	0
7207	0
7208	1
7209	0
7210	1
7211	0
7212	0
7213	0
7214	1
7215	1
7216	0
7217	1
7218	0
7219	0
7220	0
7221	1
7222	0
7223	0
7224	0
7225	0
7226	1
7227	0
7228	0
7229	0
7230	0
7231	1
7232	1
7233	1
7234	0
7235	1
7236	1
7237	0
7238	0
7239	1
7240	0
7241	0
7242	1
7243	1
7244	1
7245	0
7246	1
7247	0
7248	0
7249	1
7250	0
7251	0
7252	1
7253	0
7254	1
7255	2
7256	0
7257	0
7258	1
7259	1
7260	0
7261	2
7262	0
7263	1
7264	0
7265	0
7266	0
7267	0
7268	1
7269	0
7270	1
7271	0
7272	1
7273	0
7274	0
7275	1
7276	0
7277	1
7278	1
7279	0
7280	0
7281	0
7282	0
7283	0
7284	0
7285	0
7286	3
7287	0
7288	1
7289	0
7290	0
7291	0
7292	1
7293	0
7294	0
7295	0
7296	0
7297	0
7298	1
7299	0
7300	1
7301	0
7302	0
7303	0
7304	0
7305	0
7306	0
7307	1
7308	0
7309	0
7310	0
7311	0
7312	1
7313	0
7314	0
7315	0
7316	0
7317	0
7318	0
7319	0
7320	0
7321	0
7322	0
7323	0
7324	0
7325	1
7326	0
7327	0
7328	0
7329	0
7330	0
7331	0
7332	1
7333	1
7334	0
7335	1
7336	0
7337	0
7338	0
7339	0
7340	0
7341	0
7342	0
7343	1
7344	0
7345	0
7346	0
7347	0
7348	0
7349	0
7350	0
7351	0
7352	0
7353	0
7354	0
7355	0
7356	0
7357	0
7358	0
7359	0
7360	1
7361	0
7362	0
7363	0
7364	0
7365	0
7366	1
7367	0
7368	1
7369	0
7370	0
7371	0
7372	0
7373	0
7374	0
7375	0
7376	2
7377	0
7378	0
7379	0
7380	0
7381	0
7382	0
7383	0
7384	0
7385	0
7386	0
7387	1
7388	1
7389	1
7390	0
7391	0
7392	0
7393	0
7394	0
7395	0
7396	0
7397	0
7398	0
7399	0
7400	0
7401	0
7402	0
7403	1
7404	0
7405	0
7406	0
7407	0
7408	0
7409	0
7410	0
7411	0
7412	0
7413	0
7414	1
7415	0
7416	0
7417	0
7418	0
7419	0
7420	1
7421	0
7422	0
7423	0
7424	0
7425	0
7426	0
7427	2
7428	0
7429	0
7430	0
7431	0
7432	0
7433	0
7434	0
7435	1
7436	0
7437	0
7438	0
7439	0
7440	0
7441	0
7442	0
7443	2
7444	1
7445	1
7446	0
7447	0
7448	1
7449	0
7450	1
7451	0
7452	1
7453	1
7454	1
7455	0
7456	0
7457	0
7458	1
7459	0
7460	0
7461	0
7462	0
7463	0
7464	0
7465	0
7466	0
7467	1
7468	1
7469	0
7470	0
7471	1
7472	1
7473	0
7474	0
7475	0
7476	0
7477	0
7478	1
7479	0
7480	0
7481	0
7482	0
7483	0
7484	0
7485	0
7486	0
7487	0
7488	0
7489	1
7490	0
7491	0
7492	0
7493	0
7494	2
7495	0
7496	0
7497	1
7498	0
7499	0
7500	0
7501	0
7502	0
7503	0
7504	0
7505	0
7506	0
7507	0
7508	0
7509	0
7510	0
7511	1
7512	0
7513	0
7514	0
7515	0
7516	0
7517	1
7518	0
7519	0
7520	0
7521	1
7522	0
7523	0
7524	1
7525	0
7526	0
7527	0
7528	1
7529	0
7530	1
7531	1
7532	1
7533	0
7534	0
7535	0
7536	0
7537	0
7538	1
7539	1
7540	1
7541	0
7542	0
7543	1
7544	0
7545	0
7546	0
7547	0
7548	0
7549	0
7550	1
7551	1
7552	0
7553	0
7554	0
7555	0
7556	1
7557	0
7558	0
7559	0
7560	0
7561	0
7562	0
7563	0
7564	0
7565	0
7566	0
7567	0
7568	1
7569	0
7570	1
7571	0
7572	0
7573	1
7574	0
7575	0
7576	1
7577	0
7578	0
7579	0
7580	0
7581	1
7582	0
7583	0
7584	0
7585	0
7586	1
7587	0
7588	0
7589	0
7590	1
7591	0
7592	0
7593	0
7594	0
7595	0
7596	1
7597	0
7598	0
7599	0
7600	0
7601	0
7602	0
7603	0
7604	0
7605	0
7606	0
7607	0
7608	0
7609	0
7610	0
7611	0
7612	0
7613	1
7614	0
7615	0
7616	0
7617	1
7618	0
7619	1
7620	0
7621	0
7622	0
7623	0
7624	0
7625	0
7626	0
7627	0
7628	0
7629	0
7630	0
7631	1
7632	2
7633	0
7634	1
7635	0
7636	0
7637	0
7638	0
7639	0
7640	0
7641	1
7642	1
7643	0
7644	0
7645	0
7646	0
7647	0
7648	0
7649	0
7650	0
7651	0
7652	1
7653	0
7654	0
7655	0
7656	0
7657	0
7658	0
7659	0
7660	0
7661	0
7662	0
7663	0
7664	0
7665	0
7666	1
7667	0
7668	0
7669	1
7670	0
7671	1
7672	0
7673	0
7674	2
7675	0
7676	1
7677	0
7678	0
7679	0
7680	1
7681	0
7682	1
7683	0
7684	0
7685	0
7686	1
7687	0
7688	1
7689	0
7690	0
7691	0
7692	0
7693	0
7694	1
7695	0
7696	0
7697	0
7698	0
7699	0
7700	0
7701	1
7702	0
7703	1
7704	0
7705	0
7706	0
7707	0
7708	0
7709	0
7710	0
7711	1
7712	0
7713	0
7714	0
7715	0
7716	0
7717	0
7718	0
7719	0
7720	0
7721	0
7722	0
7723	1
7724	1
7725	1
7726	0
7727	0
7728	1
7729	0
7730	0
7731	0
7732	1
7733	0
7734	0
7735	0
7736	0
7737	2
7738	0
7739	0
7740	0
7741	0
7742	0
7743	0
7744	0
7745	0
7746	0
7747	0
7748	0
7749	0
7750	0
7751	0
7752	0
7753	0
7754	2
7755	1
7756	0
7757	0
7758	0
7759	1
7760	0
7761	0
7762	0
7763	0
7764	2
7765	0
7766	1
7767	0
7768	0
7769	0
7770	0
7771	0
7772	0
7773	1
7774	0
7775	0
7776	0
7777	1
7778	0
7779	0
7780	2
7781	0
7782	0
7783	0
7784	0
7785	0
7786	2
7787	0
7788	0
7789	0
7790	0
7791	0
7792	0
7793	0
7794	0
7795	0
7796	0
7797	0
7798	0
7799	0
7800	0
7801	0
7802	0
7803	0
7804	0
7805	0
7806	0
7807	0
7808	2
7809	1
7810	0
7811	0
7812	0
7813	0
7814	0
7815	0
7816	0
7817	0
7818	0
7819	0
7820	0
7821	0
7822	0
7823	0
7824	0
7825	1
7826	0
7827	0
7828	0
7829	0
7830	0
7831	0
7832	0
7833	0
7834	1
7835	0
7836	0
7837	0
7838	0
7839	0
7840	0
7841	0
7842	0
7843	0
7844	1
7845	0
7846	0
7847	0
7848	0
7849	1
7850	0
7851	0
7852	0
7853	0
7854	0
7855	1
7856	0
7857	0
7858	1
7859	0
7860	1
7861	0
7862	0
7863	0
7864	0
7865	1
7866	1
7867	0
7868	0
7869	0
7870	0
7871	1
7872	1
7873	0
7874	0
7875	0
7876	1
7877	0
7878	0
7879	0
7880	0
7881	1
7882	0
7883	0
7884	0
7885	0
7886	0
7887	0
7888	1
7889	0
7890	0
7891	0
7892	0
7893	0
7894	0
7895	2
7896	0
7897	0
7898	0
7899	0
7900	0
7901	0
7902	1
7903	0
7904	0
7905	1
7906	0
7907	0
7908	0
7909	0
7910	0
7911	0
7912	0
7913	0
7914	0
7915	0
7916	0
7917	0
7918	0
7919	0
7920	0
7921	0
7922	0
7923	0
7924	0
7925	0
7926	0
7927	0
7928	0
7929	0
7930	0
7931	0
7932	0
7933	0
7934	0
7935	0
7936	0
7937	0
7938	0
7939	0
7940	0
7941	0
7942	0
7943	0
7944	0
7945	0
7946	0
7947	0
7948	0
7949	0
7950	0
7951	0
7952	0
7953	0
7954	0
7955	0
7956	0
7957	0
7958	0
7959	0
7960	0
7961	0
7962	0
7963	0
7964	0
7965	0
7966	0
7967	0
7968	0
7969	0
7970	0
7971	0
7972	0
7973	0
7974	0
7975	0
7976	0
7977	0
7978	0
7979	0
7980	0
7981	0
7982	0
7983	0
7984	0
7985	0
7986	0
7987	0
7988	0
7989	0
7990	0
7991	0
7992	0
7993	0
7994	0
7995	0
7996	0
7997	0
7998	0
7999	0
8000	0
8001	0
8002	0
8003	0
8004	0
8005	0
8006	0
8007	0
8008	0
8009	0
8010	0
8011	0
8012	0
8013	0
8014	0
8015	0
8016	0
8017	0
8018	0
8019	0
8020	0
8021	0
8022	0
8023	0
8024	0
8025	0
8026	0
8027	0
8028	0
8029	0
8030	0
8031	0
8032	0
8033	0
8034	0
8035	0
8036	0
8037	0
8038	0
8039	0
8040	0
8041	0
8042	0
8043	0
8044	0
8045	0
8046	0
8047	0
8048	0
8049	0
8050	0
8051	0
8052	0
8053	0
8054	0
8055	0
8056	0
8057	0
8058	0
8059	0
8060	0
8061	0
8062	0
8063	0
8064	0
8065	0
8066	0
8067	0
8068	0
8069	0
8070	0
8071	0
8072	0
8073	0
8074	0
8075	0
8076	0
8077	0
8078	0
8079	0
8080	0
8081	0
8082	0
8083	0
8084	0
8085	0
8086	0
8087	0
8088	0
8089	0
8090	0
8091	0
8092	0
8093	0
8094	0
8095	0
8096	0
8097	0
8098	0
8099	0
8100	0
8101	0
8102	0
8103	0
8104	0
8105	0
8106	0
8107	0
8108	0
8109	0
8110	0
8111	0
8112	0
8113	0
8114	0
8115	0
8116	0
8117	0
8118	0
8119	0
8120	0
8121	0
8122	0
8123	0
8124	0
8125	0
8126	0
8127	0
8128	0
8129	0
8130	0
8131	0
8132	0
8133	0
8134	0
8135	0
8136	0
8137	0
8138	0
8139	0
8140	0
8141	0
8142	0
8143	0
8144	0
8145	0
8146	0
8147	0
8148	0
8149	0
8150	0
8151	0
8152	0
8153	0
8154	0
8155	0
8156	0
8157	0
8158	0
8159	0
8160	0
8161	0
8162	0
8163	0
8164	0
8165	0
8166	0
8167	0
8168	0
8169	0
8170	0
8171	0
8172	0
8173	0
8174	0
8175	0
8176	0
8177	0
8178	0
8179	0
8180	0
8181	0
8182	0
8183	0
8184	0
8185	0
8186	0
8187	0
8188	0
8189	0
8190	0
8191	0
