0	0
1	0
2	0
3	0
4	0
5	0
6	0
7	0
8	0
9	0
10	0
11	0
12	0
13	0
14	0
15	0
16	0
17	0
18	0
19	0
20	0
21	0
22	0
23	0
24	0
25	0
26	0
27	0
28	0
29	0
30	0
31	0
32	0
33	0
34	0
35	0
36	0
37	0
38	0
39	0
40	0
41	0
42	0
43	0
44	0
45	0
46	0
47	0
48	0
49	0
50	0
51	0
52	0
53	0
54	0
55	0
56	0
57	0
58	0
59	0
60	0
61	0
62	0
63	0
64	0
65	0
66	0
67	0
68	0
69	0
70	0
71	0
72	0
73	0
74	0
75	0
76	0
77	0
78	0
79	0
80	0
81	0
82	0
83	2
84	9
85	12
86	13
87	21
88	12
89	13
90	15
91	15
92	15
93	15
94	12
95	10
96	14
97	16
98	14
99	20
100	14
101	12
102	16
103	12
104	12
105	10
106	10
107	16
108	13
109	20
110	14
111	9
112	16
113	17
114	12
115	11
116	8
117	7
118	21
119	16
120	13
121	13
122	13
123	20
124	10
125	11
126	13
127	19
128	16
129	10
130	8
131	12
132	16
133	5
134	17
135	15
136	12
137	17
138	6
139	12
140	21
141	5
142	15
143	20
144	8
145	15
146	11
147	22
148	10
149	18
150	13
151	19
152	8
153	10
154	9
155	18
156	8
157	21
158	16
159	13
160	17
161	9
162	20
163	9
164	15
165	12
166	9
167	11
168	13
169	9
170	14
171	9
172	16
173	16
174	13
175	14
176	20
177	9
178	20
179	20
180	12
181	13
182	16
183	9
184	22
185	17
186	8
187	19
188	15
189	12
190	14
191	8
192	11
193	14
194	11
195	11
196	11
197	9
198	14
199	13
200	16
201	16
202	8
203	23
204	18
205	17
206	16
207	5
208	12
209	18
210	14
211	14
212	15
213	10
214	8
215	12
216	16
217	23
218	19
219	9
220	12
221	11
222	11
223	17
224	8
225	6
226	10
227	16
228	16
229	17
230	9
231	17
232	16
233	13
234	17
235	14
236	9
237	14
238	15
239	13
240	12
241	23
242	8
243	16
244	17
245	11
246	15
247	10
248	20
249	12
250	16
251	14
252	20
253	18
254	16
255	16
256	9
257	22
258	17
259	9
260	17
261	15
262	12
263	12
264	14
265	22
266	17
267	15
268	18
269	22
270	15
271	15
272	14
273	11
274	21
275	9
276	13
277	19
278	10
279	14
280	14
281	20
282	16
283	12
284	23
285	13
286	15
287	14
288	17
289	25
290	14
291	21
292	10
293	21
294	20
295	16
296	12
297	14
298	19
299	20
300	14
301	13
302	12
303	20
304	15
305	18
306	11
307	14
308	15
309	14
310	11
311	19
312	18
313	9
314	15
315	13
316	12
317	22
318	21
319	13
320	11
321	13
322	11
323	16
324	25
325	15
326	21
327	14
328	11
329	17
330	17
331	18
332	13
333	19
334	15
335	23
336	15
337	18
338	16
339	16
340	10
341	11
342	18
343	18
344	18
345	16
346	22
347	18
348	17
349	17
350	13
351	23
352	6
353	9
354	15
355	12
356	13
357	10
358	10
359	17
360	14
361	21
362	11
363	16
364	13
365	19
366	17
367	25
368	18
369	15
370	11
371	19
372	16
373	15
374	14
375	8
376	23
377	8
378	14
379	9
380	16
381	18
382	18
383	25
384	15
385	15
386	19
387	14
388	15
389	16
390	18
391	19
392	10
393	17
394	12
395	14
396	12
397	11
398	11
399	15
400	18
401	20
402	14
403	22
404	14
405	20
406	14
407	16
408	20
409	26
410	10
411	15
412	14
413	16
414	19
415	20
416	16
417	20
418	18
419	23
420	18
421	19
422	11
423	18
424	16
425	7
426	25
427	12
428	17
429	16
430	14
431	16
432	12
433	19
434	17
435	17
436	20
437	26
438	23
439	10
440	16
441	26
442	14
443	23
444	10
445	14
446	18
447	21
448	15
449	23
450	11
451	12
452	20
453	21
454	22
455	17
456	25
457	18
458	22
459	27
460	27
461	18
462	18
463	19
464	19
465	16
466	22
467	27
468	20
469	22
470	17
471	27
472	20
473	29
474	29
475	22
476	21
477	32
478	21
479	24
480	36
481	26
482	22
483	28
484	30
485	36
486	26
487	29
488	29
489	23
490	39
491	32
492	22
493	25
494	31
495	28
496	42
497	28
498	32
499	34
500	36
501	36
502	32
503	36
504	37
505	34
506	46
507	40
508	40
509	38
510	29
511	35
512	31
513	33
514	45
515	35
516	30
517	32
518	38
519	32
520	24
521	40
522	38
523	31
524	42
525	45
526	44
527	36
528	38
529	38
530	36
531	33
532	30
533	30
534	35
535	30
536	25
537	29
538	30
539	33
540	37
541	20
542	30
543	26
544	30
545	31
546	27
547	36
548	25
549	28
550	36
551	19
552	23
553	29
554	37
555	37
556	23
557	21
558	30
559	20
560	24
561	13
562	38
563	22
564	30
565	23
566	32
567	17
568	23
569	28
570	28
571	39
572	23
573	32
574	31
575	22
576	27
577	28
578	28
579	14
580	27
581	31
582	23
583	23
584	35
585	24
586	23
587	21
588	28
589	22
590	29
591	36
592	25
593	35
594	27
595	26
596	28
597	27
598	25
599	24
600	28
601	31
602	26
603	21
604	30
605	19
606	26
607	23
608	19
609	21
610	17
611	23
612	29
613	28
614	24
615	17
616	26
617	21
618	20
619	32
620	21
621	22
622	36
623	16
624	22
625	20
626	26
627	24
628	24
629	22
630	22
631	17
632	18
633	27
634	16
635	23
636	17
637	32
638	20
639	21
640	27
641	19
642	17
643	30
644	22
645	20
646	21
647	26
648	17
649	23
650	17
651	24
652	26
653	20
654	24
655	24
656	20
657	23
658	30
659	28
660	20
661	16
662	20
663	22
664	29
665	28
666	21
667	14
668	25
669	14
670	15
671	16
672	18
673	22
674	17
675	19
676	21
677	23
678	19
679	23
680	16
681	16
682	25
683	17
684	19
685	15
686	16
687	24
688	15
689	15
690	23
691	18
692	27
693	26
694	20
695	18
696	23
697	18
698	17
699	27
700	25
701	16
702	22
703	22
704	28
705	20
706	16
707	23
708	23
709	27
710	11
711	28
712	20
713	28
714	24
715	24
716	30
717	28
718	15
719	25
720	22
721	25
722	22
723	20
724	22
725	34
726	18
727	20
728	23
729	23
730	20
731	37
732	23
733	27
734	26
735	34
736	34
737	28
738	28
739	30
740	24
741	20
742	20
743	16
744	32
745	31
746	32
747	25
748	34
749	21
750	22
751	29
752	27
753	20
754	21
755	26
756	26
757	31
758	27
759	14
760	20
761	15
762	13
763	35
764	28
765	19
766	23
767	28
768	28
769	26
770	25
771	31
772	24
773	25
774	17
775	28
776	28
777	22
778	25
779	22
780	25
781	39
782	28
783	17
784	23
785	17
786	28
787	13
788	30
789	22
790	22
791	32
792	24
793	25
794	30
795	17
796	34
797	23
798	17
799	16
800	25
801	28
802	36
803	24
804	27
805	28
806	15
807	17
808	27
809	24
810	19
811	22
812	30
813	25
814	24
815	29
816	21
817	34
818	21
819	35
820	20
821	32
822	26
823	23
824	23
825	25
826	28
827	30
828	24
829	34
830	17
831	26
832	27
833	28
834	36
835	35
836	31
837	18
838	21
839	25
840	21
841	24
842	22
843	22
844	34
845	33
846	28
847	26
848	24
849	23
850	30
851	30
852	24
853	34
854	24
855	19
856	20
857	23
858	25
859	21
860	27
861	25
862	31
863	33
864	32
865	28
866	19
867	30
868	27
869	33
870	28
871	26
872	28
873	35
874	32
875	26
876	26
877	32
878	28
879	28
880	30
881	38
882	25
883	24
884	29
885	27
886	34
887	22
888	30
889	25
890	29
891	22
892	20
893	34
894	31
895	29
896	28
897	31
898	25
899	16
900	21
901	32
902	30
903	31
904	32
905	30
906	26
907	30
908	26
909	28
910	18
911	36
912	30
913	23
914	27
915	40
916	34
917	25
918	29
919	29
920	31
921	30
922	27
923	48
924	20
925	28
926	30
927	37
928	41
929	26
930	33
931	30
932	33
933	34
934	40
935	27
936	38
937	32
938	32
939	30
940	38
941	42
942	35
943	39
944	29
945	25
946	33
947	39
948	31
949	25
950	18
951	32
952	30
953	38
954	33
955	30
956	29
957	29
958	32
959	28
960	45
961	40
962	45
963	41
964	27
965	31
966	33
967	29
968	31
969	38
970	24
971	23
972	26
973	24
974	35
975	37
976	30
977	29
978	27
979	39
980	21
981	21
982	24
983	26
984	33
985	29
986	39
987	23
988	40
989	26
990	31
991	28
992	34
993	28
994	35
995	36
996	32
997	34
998	28
999	30
1000	36
1001	38
1002	29
1003	36
1004	33
1005	34
1006	33
1007	24
1008	24
1009	32
1010	31
1011	26
1012	27
1013	37
1014	44
1015	32
1016	29
1017	32
1018	35
1019	30
1020	33
1021	40
1022	37
1023	34
1024	28
1025	32
1026	34
1027	32
1028	34
1029	28
1030	32
1031	30
1032	33
1033	43
1034	35
1035	19
1036	32
1037	30
1038	32
1039	36
1040	49
1041	21
1042	37
1043	42
1044	31
1045	31
1046	44
1047	27
1048	28
1049	39
1050	35
1051	42
1052	33
1053	35
1054	39
1055	36
1056	26
1057	36
1058	26
1059	42
1060	34
1061	32
1062	33
1063	29
1064	37
1065	43
1066	36
1067	34
1068	28
1069	39
1070	45
1071	30
1072	43
1073	34
1074	46
1075	30
1076	44
1077	29
1078	47
1079	54
1080	45
1081	39
1082	35
1083	27
1084	33
1085	33
1086	25
1087	39
1088	38
1089	38
1090	45
1091	37
1092	22
1093	33
1094	43
1095	23
1096	38
1097	32
1098	38
1099	38
1100	41
1101	40
1102	44
1103	33
1104	42
1105	43
1106	47
1107	37
1108	47
1109	36
1110	38
1111	31
1112	37
1113	32
1114	31
1115	47
1116	43
1117	29
1118	37
1119	37
1120	40
1121	31
1122	38
1123	43
1124	35
1125	37
1126	40
1127	42
1128	33
1129	49
1130	41
1131	60
1132	35
1133	27
1134	29
1135	37
1136	36
1137	37
1138	47
1139	36
1140	37
1141	43
1142	44
1143	39
1144	44
1145	39
1146	42
1147	32
1148	39
1149	34
1150	34
1151	38
1152	39
1153	44
1154	33
1155	40
1156	46
1157	35
1158	43
1159	49
1160	35
1161	31
1162	41
1163	44
1164	37
1165	29
1166	43
1167	32
1168	38
1169	38
1170	43
1171	29
1172	44
1173	35
1174	44
1175	43
1176	33
1177	42
1178	37
1179	36
1180	29
1181	34
1182	46
1183	40
1184	34
1185	39
1186	48
1187	42
1188	40
1189	38
1190	29
1191	38
1192	40
1193	36
1194	39
1195	37
1196	29
1197	38
1198	41
1199	28
1200	39
1201	28
1202	35
1203	38
1204	27
1205	35
1206	41
1207	44
1208	51
1209	51
1210	45
1211	44
1212	49
1213	45
1214	43
1215	35
1216	44
1217	40
1218	41
1219	42
1220	46
1221	34
1222	30
1223	45
1224	57
1225	34
1226	34
1227	27
1228	34
1229	39
1230	41
1231	33
1232	48
1233	45
1234	48
1235	41
1236	37
1237	47
1238	34
1239	43
1240	34
1241	31
1242	37
1243	40
1244	39
1245	44
1246	41
1247	41
1248	41
1249	28
1250	37
1251	48
1252	36
1253	32
1254	48
1255	36
1256	38
1257	31
1258	37
1259	41
1260	49
1261	39
1262	42
1263	46
1264	45
1265	48
1266	46
1267	37
1268	49
1269	41
1270	40
1271	40
1272	48
1273	45
1274	40
1275	31
1276	36
1277	49
1278	39
1279	32
1280	44
1281	35
1282	34
1283	26
1284	47
1285	47
1286	35
1287	32
1288	45
1289	49
1290	44
1291	47
1292	47
1293	43
1294	49
1295	45
1296	32
1297	51
1298	39
1299	27
1300	50
1301	53
1302	51
1303	34
1304	37
1305	38
1306	39
1307	49
1308	42
1309	44
1310	42
1311	39
1312	43
1313	58
1314	32
1315	50
1316	44
1317	59
1318	34
1319	40
1320	41
1321	38
1322	33
1323	54
1324	34
1325	41
1326	46
1327	42
1328	43
1329	34
1330	53
1331	47
1332	38
1333	45
1334	47
1335	49
1336	42
1337	38
1338	44
1339	47
1340	53
1341	44
1342	45
1343	43
1344	41
1345	47
1346	48
1347	39
1348	49
1349	54
1350	43
1351	42
1352	44
1353	44
1354	43
1355	57
1356	40
1357	55
1358	47
1359	41
1360	39
1361	48
1362	50
1363	48
1364	53
1365	42
1366	37
1367	45
1368	45
1369	64
1370	37
1371	51
1372	43
1373	49
1374	52
1375	52
1376	46
1377	40
1378	61
1379	47
1380	48
1381	60
1382	45
1383	56
1384	34
1385	50
1386	54
1387	49
1388	46
1389	52
1390	56
1391	44
1392	57
1393	59
1394	53
1395	69
1396	46
1397	68
1398	54
1399	55
1400	50
1401	64
1402	60
1403	54
1404	46
1405	65
1406	56
1407	61
1408	63
1409	56
1410	71
1411	39
1412	49
1413	57
1414	53
1415	66
1416	72
1417	56
1418	52
1419	59
1420	56
1421	53
1422	58
1423	62
1424	52
1425	59
1426	61
1427	61
1428	54
1429	57
1430	61
1431	58
1432	76
1433	66
1434	65
1435	58
1436	58
1437	73
1438	74
1439	67
1440	74
1441	56
1442	75
1443	55
1444	64
1445	56
1446	81
1447	54
1448	60
1449	72
1450	66
1451	59
1452	68
1453	64
1454	57
1455	78
1456	58
1457	80
1458	58
1459	53
1460	81
1461	70
1462	79
1463	61
1464	76
1465	57
1466	61
1467	58
1468	70
1469	69
1470	63
1471	62
1472	63
1473	59
1474	74
1475	59
1476	68
1477	63
1478	61
1479	49
1480	69
1481	59
1482	76
1483	58
1484	75
1485	72
1486	69
1487	64
1488	53
1489	64
1490	71
1491	61
1492	72
1493	70
1494	71
1495	73
1496	58
1497	74
1498	64
1499	52
1500	68
1501	66
1502	66
1503	60
1504	49
1505	56
1506	88
1507	69
1508	63
1509	74
1510	58
1511	53
1512	60
1513	70
1514	60
1515	85
1516	65
1517	60
1518	60
1519	74
1520	76
1521	60
1522	65
1523	61
1524	64
1525	63
1526	51
1527	56
1528	74
1529	66
1530	54
1531	56
1532	77
1533	69
1534	60
1535	55
1536	58
1537	59
1538	57
1539	58
1540	70
1541	70
1542	55
1543	65
1544	64
1545	66
1546	62
1547	65
1548	55
1549	66
1550	40
1551	73
1552	54
1553	64
1554	58
1555	47
1556	52
1557	69
1558	66
1559	65
1560	55
1561	53
1562	47
1563	57
1564	56
1565	61
1566	49
1567	56
1568	65
1569	51
1570	56
1571	54
1572	43
1573	55
1574	51
1575	71
1576	51
1577	51
1578	52
1579	61
1580	41
1581	44
1582	57
1583	52
1584	40
1585	45
1586	62
1587	52
1588	59
1589	44
1590	54
1591	50
1592	63
1593	53
1594	49
1595	45
1596	49
1597	61
1598	48
1599	48
1600	47
1601	49
1602	67
1603	56
1604	38
1605	53
1606	42
1607	58
1608	40
1609	57
1610	58
1611	34
1612	51
1613	49
1614	53
1615	53
1616	43
1617	49
1618	41
1619	65
1620	51
1621	41
1622	30
1623	58
1624	36
1625	54
1626	47
1627	48
1628	43
1629	36
1630	42
1631	49
1632	36
1633	44
1634	53
1635	53
1636	48
1637	43
1638	38
1639	47
1640	47
1641	41
1642	40
1643	35
1644	44
1645	37
1646	51
1647	46
1648	40
1649	50
1650	43
1651	44
1652	37
1653	45
1654	35
1655	42
1656	36
1657	36
1658	33
1659	37
1660	50
1661	43
1662	52
1663	43
1664	38
1665	44
1666	38
1667	29
1668	37
1669	31
1670	43
1671	32
1672	19
1673	30
1674	46
1675	49
1676	38
1677	25
1678	38
1679	35
1680	36
1681	32
1682	47
1683	38
1684	41
1685	29
1686	35
1687	51
1688	31
1689	34
1690	32
1691	35
1692	38
1693	32
1694	23
1695	28
1696	31
1697	36
1698	29
1699	32
1700	30
1701	18
1702	36
1703	47
1704	27
1705	31
1706	33
1707	25
1708	31
1709	40
1710	34
1711	32
1712	23
1713	31
1714	32
1715	38
1716	31
1717	34
1718	37
1719	40
1720	31
1721	26
1722	31
1723	28
1724	35
1725	28
1726	36
1727	40
1728	34
1729	34
1730	22
1731	35
1732	40
1733	31
1734	24
1735	25
1736	33
1737	42
1738	32
1739	25
1740	25
1741	23
1742	37
1743	19
1744	34
1745	22
1746	28
1747	30
1748	29
1749	18
1750	33
1751	31
1752	26
1753	19
1754	29
1755	26
1756	23
1757	22
1758	25
1759	27
1760	28
1761	20
1762	32
1763	31
1764	25
1765	23
1766	25
1767	30
1768	32
1769	27
1770	30
1771	22
1772	28
1773	25
1774	31
1775	21
1776	24
1777	21
1778	19
1779	28
1780	18
1781	29
1782	33
1783	28
1784	31
1785	20
1786	27
1787	25
1788	27
1789	25
1790	16
1791	34
1792	27
1793	27
1794	23
1795	22
1796	18
1797	23
1798	20
1799	28
1800	26
1801	27
1802	33
1803	17
1804	25
1805	31
1806	18
1807	19
1808	20
1809	25
1810	29
1811	22
1812	15
1813	26
1814	27
1815	28
1816	21
1817	21
1818	15
1819	22
1820	23
1821	26
1822	21
1823	27
1824	15
1825	21
1826	22
1827	18
1828	26
1829	25
1830	19
1831	22
1832	21
1833	30
1834	28
1835	26
1836	19
1837	22
1838	20
1839	20
1840	32
1841	37
1842	31
1843	19
1844	18
1845	18
1846	25
1847	18
1848	13
1849	36
1850	23
1851	13
1852	19
1853	26
1854	19
1855	22
1856	26
1857	24
1858	18
1859	23
1860	19
1861	22
1862	24
1863	21
1864	18
1865	17
1866	26
1867	20
1868	15
1869	32
1870	21
1871	17
1872	29
1873	15
1874	20
1875	27
1876	22
1877	21
1878	26
1879	23
1880	26
1881	15
1882	15
1883	17
1884	20
1885	20
1886	21
1887	25
1888	13
1889	21
1890	20
1891	21
1892	20
1893	17
1894	20
1895	20
1896	19
1897	17
1898	20
1899	27
1900	19
1901	16
1902	15
1903	23
1904	16
1905	27
1906	15
1907	14
1908	27
1909	21
1910	19
1911	16
1912	17
1913	18
1914	21
1915	21
1916	19
1917	19
1918	21
1919	21
1920	19
1921	19
1922	15
1923	16
1924	29
1925	14
1926	13
1927	23
1928	18
1929	13
1930	19
1931	17
1932	26
1933	11
1934	25
1935	19
1936	25
1937	12
1938	9
1939	15
1940	18
1941	13
1942	27
1943	18
1944	18
1945	23
1946	17
1947	15
1948	22
1949	14
1950	18
1951	19
1952	21
1953	16
1954	19
1955	16
1956	17
1957	15
1958	12
1959	15
1960	19
1961	15
1962	14
1963	16
1964	18
1965	20
1966	18
1967	19
1968	19
1969	14
1970	17
1971	20
1972	24
1973	19
1974	12
1975	16
1976	6
1977	18
1978	16
1979	18
1980	15
1981	20
1982	14
1983	14
1984	10
1985	15
1986	16
1987	20
1988	19
1989	19
1990	21
1991	13
1992	17
1993	16
1994	18
1995	21
1996	8
1997	15
1998	16
1999	17
2000	20
2001	16
2002	14
2003	19
2004	18
2005	12
2006	13
2007	18
2008	18
2009	14
2010	12
2011	11
2012	13
2013	10
2014	17
2015	19
2016	15
2017	19
2018	15
2019	19
2020	14
2021	24
2022	19
2023	16
2024	15
2025	17
2026	18
2027	23
2028	17
2029	23
2030	21
2031	18
2032	10
2033	15
2034	20
2035	19
2036	15
2037	10
2038	9
2039	9
2040	16
2041	14
2042	29
2043	17
2044	10
2045	17
2046	16
2047	15
2048	13
2049	17
2050	20
2051	17
2052	14
2053	10
2054	12
2055	17
2056	13
2057	20
2058	15
2059	18
2060	11
2061	12
2062	18
2063	11
2064	19
2065	9
2066	5
2067	15
2068	11
2069	13
2070	20
2071	11
2072	8
2073	10
2074	20
2075	18
2076	15
2077	15
2078	15
2079	12
2080	11
2081	16
2082	14
2083	17
2084	10
2085	14
2086	6
2087	14
2088	20
2089	13
2090	15
2091	15
2092	15
2093	18
2094	18
2095	16
2096	10
2097	14
2098	11
2099	13
2100	15
2101	14
2102	18
2103	15
2104	18
2105	15
2106	14
2107	8
2108	18
2109	15
2110	12
2111	18
2112	16
2113	16
2114	20
2115	10
2116	17
2117	17
2118	9
2119	17
2120	17
2121	16
2122	16
2123	11
2124	18
2125	12
2126	24
2127	15
2128	14
2129	14
2130	17
2131	13
2132	21
2133	14
2134	13
2135	19
2136	18
2137	15
2138	13
2139	12
2140	16
2141	16
2142	15
2143	9
2144	12
2145	18
2146	17
2147	15
2148	20
2149	12
2150	12
2151	11
2152	18
2153	13
2154	10
2155	12
2156	17
2157	20
2158	11
2159	10
2160	11
2161	15
2162	13
2163	9
2164	11
2165	10
2166	13
2167	10
2168	13
2169	15
2170	17
2171	7
2172	19
2173	15
2174	13
2175	19
2176	10
2177	14
2178	16
2179	17
2180	13
2181	14
2182	9
2183	16
2184	18
2185	13
2186	22
2187	9
2188	16
2189	13
2190	24
2191	12
2192	15
2193	12
2194	17
2195	9
2196	15
2197	11
2198	10
2199	9
2200	23
2201	8
2202	16
2203	11
2204	14
2205	17
2206	16
2207	9
2208	13
2209	11
2210	11
2211	9
2212	18
2213	11
2214	13
2215	12
2216	7
2217	12
2218	12
2219	13
2220	11
2221	11
2222	9
2223	9
2224	10
2225	11
2226	18
2227	19
2228	11
2229	17
2230	14
2231	18
2232	11
2233	12
2234	11
2235	10
2236	16
2237	10
2238	16
2239	11
2240	15
2241	16
2242	19
2243	17
2244	14
2245	20
2246	10
2247	10
2248	8
2249	15
2250	11
2251	11
2252	14
2253	10
2254	15
2255	16
2256	14
2257	11
2258	18
2259	11
2260	13
2261	16
2262	12
2263	18
2264	14
2265	10
2266	17
2267	14
2268	12
2269	10
2270	15
2271	9
2272	17
2273	11
2274	14
2275	9
2276	13
2277	7
2278	10
2279	16
2280	20
2281	15
2282	13
2283	14
2284	15
2285	17
2286	16
2287	8
2288	14
2289	11
2290	13
2291	13
2292	9
2293	10
2294	24
2295	14
2296	7
2297	15
2298	12
2299	12
2300	10
2301	16
2302	13
2303	12
2304	12
2305	24
2306	12
2307	16
2308	12
2309	19
2310	12
2311	12
2312	16
2313	15
2314	12
2315	9
2316	15
2317	14
2318	17
2319	7
2320	13
2321	9
2322	10
2323	9
2324	11
2325	16
2326	15
2327	9
2328	18
2329	15
2330	21
2331	13
2332	9
2333	11
2334	12
2335	6
2336	13
2337	22
2338	12
2339	14
2340	24
2341	15
2342	7
2343	8
2344	16
2345	15
2346	6
2347	8
2348	14
2349	21
2350	14
2351	8
2352	15
2353	19
2354	14
2355	11
2356	16
2357	10
2358	12
2359	7
2360	16
2361	18
2362	12
2363	24
2364	15
2365	10
2366	12
2367	13
2368	16
2369	13
2370	11
2371	15
2372	14
2373	14
2374	8
2375	14
2376	11
2377	21
2378	7
2379	11
2380	15
2381	14
2382	19
2383	7
2384	9
2385	16
2386	8
2387	14
2388	12
2389	5
2390	10
2391	16
2392	11
2393	13
2394	9
2395	18
2396	18
2397	8
2398	13
2399	14
2400	17
2401	12
2402	18
2403	8
2404	9
2405	10
2406	13
2407	16
2408	15
2409	19
2410	14
2411	13
2412	14
2413	10
2414	14
2415	17
2416	10
2417	9
2418	20
2419	17
2420	19
2421	14
2422	10
2423	18
2424	15
2425	18
2426	16
2427	18
2428	13
2429	12
2430	11
2431	8
2432	16
2433	11
2434	13
2435	12
2436	16
2437	20
2438	9
2439	7
2440	12
2441	21
2442	18
2443	15
2444	15
2445	21
2446	11
2447	10
2448	12
2449	17
2450	15
2451	18
2452	19
2453	11
2454	17
2455	17
2456	14
2457	17
2458	10
2459	9
2460	21
2461	14
2462	16
2463	11
2464	16
2465	15
2466	19
2467	18
2468	19
2469	16
2470	20
2471	16
2472	18
2473	21
2474	12
2475	15
2476	14
2477	14
2478	13
2479	16
2480	14
2481	19
2482	9
2483	19
2484	15
2485	13
2486	14
2487	13
2488	22
2489	14
2490	12
2491	16
2492	22
2493	19
2494	20
2495	13
2496	22
2497	17
2498	25
2499	16
2500	16
2501	22
2502	17
2503	14
2504	14
2505	14
2506	15
2507	22
2508	23
2509	18
2510	20
2511	11
2512	15
2513	13
2514	16
2515	18
2516	12
2517	11
2518	23
2519	19
2520	11
2521	13
2522	17
2523	14
2524	12
2525	21
2526	16
2527	17
2528	14
2529	16
2530	20
2531	21
2532	16
2533	24
2534	18
2535	13
2536	12
2537	18
2538	15
2539	17
2540	23
2541	13
2542	24
2543	16
2544	15
2545	19
2546	16
2547	14
2548	28
2549	14
2550	24
2551	17
2552	18
2553	21
2554	16
2555	19
2556	20
2557	21
2558	16
2559	16
2560	24
2561	25
2562	22
2563	27
2564	30
2565	18
2566	18
2567	17
2568	26
2569	15
2570	14
2571	19
2572	23
2573	24
2574	16
2575	20
2576	22
2577	22
2578	13
2579	31
2580	19
2581	21
2582	20
2583	24
2584	17
2585	22
2586	17
2587	26
2588	25
2589	19
2590	26
2591	14
2592	14
2593	20
2594	23
2595	28
2596	24
2597	24
2598	23
2599	25
2600	23
2601	21
2602	30
2603	25
2604	27
2605	26
2606	30
2607	33
2608	23
2609	22
2610	20
2611	18
2612	21
2613	30
2614	14
2615	18
2616	27
2617	17
2618	23
2619	15
2620	18
2621	16
2622	35
2623	23
2624	17
2625	21
2626	23
2627	26
2628	28
2629	29
2630	21
2631	33
2632	30
2633	29
2634	21
2635	23
2636	25
2637	26
2638	28
2639	21
2640	25
2641	24
2642	34
2643	27
2644	28
2645	29
2646	29
2647	27
2648	19
2649	24
2650	28
2651	21
2652	24
2653	19
2654	33
2655	32
2656	21
2657	32
2658	23
2659	26
2660	26
2661	28
2662	27
2663	29
2664	31
2665	26
2666	23
2667	24
2668	43
2669	37
2670	19
2671	28
2672	32
2673	33
2674	24
2675	27
2676	31
2677	32
2678	32
2679	23
2680	28
2681	18
2682	33
2683	28
2684	23
2685	29
2686	34
2687	23
2688	29
2689	34
2690	21
2691	32
2692	24
2693	35
2694	25
2695	43
2696	34
2697	35
2698	39
2699	29
2700	32
2701	30
2702	40
2703	27
2704	24
2705	37
2706	36
2707	40
2708	32
2709	34
2710	25
2711	37
2712	32
2713	33
2714	20
2715	28
2716	33
2717	28
2718	31
2719	28
2720	23
2721	38
2722	32
2723	28
2724	42
2725	32
2726	32
2727	29
2728	28
2729	25
2730	34
2731	24
2732	33
2733	26
2734	34
2735	33
2736	32
2737	28
2738	22
2739	41
2740	27
2741	38
2742	29
2743	22
2744	38
2745	27
2746	29
2747	25
2748	30
2749	38
2750	41
2751	31
2752	29
2753	23
2754	30
2755	29
2756	34
2757	33
2758	38
2759	29
2760	37
2761	22
2762	17
2763	25
2764	38
2765	45
2766	43
2767	42
2768	32
2769	34
2770	28
2771	31
2772	38
2773	35
2774	32
2775	35
2776	28
2777	26
2778	27
2779	30
2780	32
2781	29
2782	48
2783	45
2784	26
2785	22
2786	34
2787	47
2788	30
2789	33
2790	40
2791	34
2792	35
2793	31
2794	34
2795	33
2796	33
2797	41
2798	35
2799	34
2800	26
2801	26
2802	28
2803	34
2804	32
2805	36
2806	38
2807	29
2808	37
2809	38
2810	35
2811	33
2812	38
2813	42
2814	38
2815	32
2816	37
2817	32
2818	25
2819	35
2820	36
2821	32
2822	40
2823	36
2824	33
2825	26
2826	34
2827	38
2828	37
2829	39
2830	33
2831	33
2832	33
2833	19
2834	32
2835	38
2836	34
2837	35
2838	24
2839	31
2840	36
2841	42
2842	40
2843	34
2844	25
2845	39
2846	35
2847	38
2848	26
2849	28
2850	41
2851	31
2852	41
2853	28
2854	35
2855	33
2856	39
2857	31
2858	31
2859	28
2860	36
2861	39
2862	29
2863	28
2864	44
2865	27
2866	21
2867	41
2868	33
2869	25
2870	30
2871	28
2872	24
2873	29
2874	23
2875	38
2876	37
2877	28
2878	30
2879	26
2880	31
2881	27
2882	41
2883	47
2884	36
2885	25
2886	35
2887	33
2888	31
2889	41
2890	35
2891	39
2892	33
2893	35
2894	22
2895	37
2896	32
2897	24
2898	29
2899	29
2900	29
2901	36
2902	22
2903	28
2904	32
2905	30
2906	23
2907	39
2908	33
2909	33
2910	35
2911	30
2912	31
2913	31
2914	35
2915	39
2916	37
2917	23
2918	36
2919	32
2920	35
2921	25
2922	26
2923	31
2924	39
2925	25
2926	33
2927	35
2928	33
2929	29
2930	30
2931	27
2932	27
2933	23
2934	29
2935	27
2936	29
2937	35
2938	30
2939	29
2940	35
2941	25
2942	25
2943	29
2944	29
2945	36
2946	37
2947	34
2948	29
2949	37
2950	30
2951	24
2952	29
2953	28
2954	19
2955	34
2956	33
2957	28
2958	26
2959	31
2960	26
2961	33
2962	30
2963	32
2964	21
2965	19
2966	22
2967	28
2968	28
2969	23
2970	19
2971	20
2972	29
2973	22
2974	28
2975	33
2976	28
2977	24
2978	30
2979	23
2980	26
2981	29
2982	32
2983	24
2984	33
2985	28
2986	26
2987	25
2988	34
2989	36
2990	31
2991	28
2992	32
2993	26
2994	21
2995	20
2996	24
2997	27
2998	28
2999	24
3000	24
3001	23
3002	20
3003	26
3004	20
3005	21
3006	20
3007	26
3008	22
3009	20
3010	23
3011	24
3012	29
3013	25
3014	23
3015	19
3016	19
3017	23
3018	27
3019	18
3020	15
3021	33
3022	24
3023	25
3024	24
3025	21
3026	24
3027	21
3028	13
3029	12
3030	26
3031	17
3032	23
3033	20
3034	20
3035	19
3036	27
3037	14
3038	26
3039	16
3040	16
3041	19
3042	9
3043	23
3044	23
3045	20
3046	22
3047	23
3048	16
3049	20
3050	22
3051	19
3052	23
3053	23
3054	20
3055	22
3056	10
3057	20
3058	23
3059	19
3060	14
3061	18
3062	22
3063	17
3064	18
3065	15
3066	17
3067	19
3068	14
3069	24
3070	17
3071	16
3072	18
3073	25
3074	14
3075	16
3076	17
3077	10
3078	18
3079	15
3080	20
3081	15
3082	19
3083	20
3084	14
3085	16
3086	11
3087	21
3088	13
3089	13
3090	22
3091	5
3092	14
3093	10
3094	13
3095	20
3096	18
3097	14
3098	14
3099	15
3100	17
3101	11
3102	11
3103	17
3104	24
3105	11
3106	15
3107	16
3108	13
3109	16
3110	18
3111	11
3112	12
3113	19
3114	12
3115	8
3116	7
3117	13
3118	19
3119	12
3120	11
3121	13
3122	12
3123	13
3124	19
3125	11
3126	8
3127	16
3128	8
3129	19
3130	10
3131	9
3132	16
3133	13
3134	12
3135	12
3136	10
3137	13
3138	13
3139	15
3140	12
3141	12
3142	10
3143	15
3144	13
3145	12
3146	12
3147	16
3148	17
3149	17
3150	13
3151	12
3152	10
3153	13
3154	11
3155	9
3156	18
3157	10
3158	12
3159	9
3160	12
3161	13
3162	14
3163	16
3164	10
3165	9
3166	7
3167	7
3168	10
3169	10
3170	14
3171	11
3172	12
3173	8
3174	6
3175	13
3176	5
3177	16
3178	12
3179	10
3180	10
3181	4
3182	9
3183	7
3184	14
3185	10
3186	11
3187	7
3188	6
3189	17
3190	9
3191	10
3192	19
3193	5
3194	10
3195	16
3196	14
3197	2
3198	8
3199	12
3200	9
3201	9
3202	12
3203	7
3204	7
3205	8
3206	5
3207	8
3208	12
3209	9
3210	6
3211	7
3212	8
3213	6
3214	12
3215	9
3216	7
3217	11
3218	7
3219	8
3220	8
3221	12
3222	10
3223	10
3224	13
3225	10
3226	3
3227	10
3228	8
3229	13
3230	8
3231	8
3232	11
3233	9
3234	9
3235	11
3236	5
3237	16
3238	7
3239	7
3240	13
3241	8
3242	13
3243	13
3244	3
3245	7
3246	9
3247	7
3248	6
3249	7
3250	6
3251	11
3252	4
3253	7
3254	5
3255	6
3256	11
3257	6
3258	4
3259	4
3260	6
3261	7
3262	4
3263	6
3264	11
3265	13
3266	9
3267	13
3268	8
3269	10
3270	10
3271	3
3272	10
3273	9
3274	10
3275	11
3276	5
3277	5
3278	14
3279	8
3280	7
3281	11
3282	6
3283	7
3284	7
3285	12
3286	5
3287	7
3288	10
3289	6
3290	7
3291	5
3292	8
3293	11
3294	11
3295	4
3296	5
3297	4
3298	6
3299	11
3300	6
3301	5
3302	13
3303	6
3304	8
3305	10
3306	14
3307	11
3308	4
3309	6
3310	8
3311	11
3312	5
3313	11
3314	9
3315	3
3316	12
3317	8
3318	4
3319	9
3320	7
3321	5
3322	8
3323	5
3324	11
3325	4
3326	7
3327	8
3328	8
3329	4
3330	8
3331	6
3332	13
3333	5
3334	4
3335	7
3336	8
3337	8
3338	12
3339	4
3340	15
3341	4
3342	8
3343	7
3344	7
3345	5
3346	10
3347	8
3348	7
3349	4
3350	5
3351	8
3352	10
3353	4
3354	6
3355	6
3356	12
3357	9
3358	11
3359	7
3360	1
3361	8
3362	6
3363	6
3364	7
3365	7
3366	13
3367	1
3368	10
3369	9
3370	7
3371	5
3372	7
3373	6
3374	6
3375	8
3376	12
3377	6
3378	6
3379	6
3380	5
3381	6
3382	4
3383	8
3384	3
3385	7
3386	3
3387	4
3388	6
3389	5
3390	9
3391	5
3392	8
3393	9
3394	12
3395	11
3396	6
3397	3
3398	9
3399	6
3400	11
3401	3
3402	5
3403	6
3404	4
3405	4
3406	4
3407	7
3408	2
3409	6
3410	7
3411	9
3412	6
3413	8
3414	12
3415	4
3416	3
3417	5
3418	7
3419	8
3420	6
3421	5
3422	8
3423	5
3424	6
3425	10
3426	11
3427	4
3428	15
3429	2
3430	5
3431	7
3432	9
3433	3
3434	6
3435	4
3436	5
3437	8
3438	3
3439	7
3440	9
3441	6
3442	4
3443	7
3444	10
3445	4
3446	3
3447	4
3448	10
3449	7
3450	7
3451	7
3452	6
3453	8
3454	4
3455	6
3456	6
3457	7
3458	2
3459	6
3460	8
3461	4
3462	14
3463	8
3464	10
3465	9
3466	4
3467	5
3468	11
3469	8
3470	6
3471	3
3472	6
3473	4
3474	7
3475	7
3476	7
3477	3
3478	4
3479	3
3480	8
3481	5
3482	8
3483	4
3484	3
3485	7
3486	8
3487	4
3488	3
3489	7
3490	4
3491	5
3492	7
3493	13
3494	2
3495	5
3496	7
3497	5
3498	6
3499	2
3500	5
3501	8
3502	6
3503	7
3504	6
3505	8
3506	7
3507	9
3508	4
3509	8
3510	3
3511	3
3512	9
3513	9
3514	5
3515	10
3516	6
3517	5
3518	5
3519	4
3520	4
3521	11
3522	3
3523	9
3524	6
3525	4
3526	8
3527	2
3528	4
3529	9
3530	9
3531	9
3532	4
3533	5
3534	6
3535	8
3536	3
3537	8
3538	6
3539	1
3540	6
3541	5
3542	7
3543	6
3544	8
3545	4
3546	8
3547	9
3548	8
3549	7
3550	8
3551	7
3552	3
3553	9
3554	5
3555	9
3556	6
3557	9
3558	2
3559	4
3560	10
3561	5
3562	8
3563	9
3564	3
3565	10
3566	7
3567	5
3568	5
3569	8
3570	7
3571	7
3572	12
3573	7
3574	5
3575	5
3576	10
3577	6
3578	7
3579	4
3580	4
3581	9
3582	6
3583	7
3584	6
3585	10
3586	10
3587	2
3588	13
3589	3
3590	12
3591	6
3592	7
3593	6
3594	5
3595	9
3596	3
3597	9
3598	8
3599	5
3600	5
3601	10
3602	6
3603	10
3604	5
3605	7
3606	10
3607	3
3608	10
3609	9
3610	5
3611	4
3612	8
3613	5
3614	12
3615	2
3616	6
3617	9
3618	1
3619	6
3620	8
3621	6
3622	8
3623	1
3624	10
3625	4
3626	2
3627	6
3628	6
3629	7
3630	3
3631	7
3632	5
3633	7
3634	7
3635	4
3636	7
3637	10
3638	4
3639	7
3640	2
3641	9
3642	10
3643	9
3644	8
3645	8
3646	9
3647	5
3648	10
3649	10
3650	7
3651	5
3652	10
3653	11
3654	3
3655	6
3656	6
3657	2
3658	8
3659	2
3660	7
3661	3
3662	6
3663	7
3664	7
3665	6
3666	10
3667	6
3668	4
3669	2
3670	3
3671	7
3672	6
3673	5
3674	6
3675	5
3676	4
3677	2
3678	1
3679	7
3680	3
3681	3
3682	7
3683	9
3684	8
3685	6
3686	4
3687	7
3688	7
3689	2
3690	4
3691	1
3692	7
3693	6
3694	5
3695	3
3696	3
3697	5
3698	3
3699	3
3700	6
3701	5
3702	1
3703	6
3704	7
3705	7
3706	7
3707	5
3708	2
3709	7
3710	3
3711	9
3712	2
3713	2
3714	6
3715	2
3716	3
3717	6
3718	5
3719	5
3720	3
3721	5
3722	3
3723	8
3724	8
3725	5
3726	3
3727	5
3728	3
3729	4
3730	5
3731	7
3732	8
3733	6
3734	6
3735	5
3736	5
3737	2
3738	6
3739	5
3740	6
3741	5
3742	6
3743	6
3744	4
3745	7
3746	5
3747	4
3748	5
3749	4
3750	5
3751	3
3752	3
3753	7
3754	8
3755	4
3756	4
3757	7
3758	6
3759	3
3760	3
3761	7
3762	8
3763	1
3764	7
3765	8
3766	8
3767	5
3768	6
3769	8
3770	4
3771	4
3772	2
3773	10
3774	2
3775	5
3776	6
3777	11
3778	10
3779	5
3780	1
3781	2
3782	4
3783	1
3784	7
3785	3
3786	4
3787	8
3788	6
3789	1
3790	9
3791	2
3792	3
3793	2
3794	5
3795	1
3796	5
3797	1
3798	6
3799	6
3800	5
3801	2
3802	6
3803	4
3804	5
3805	4
3806	7
3807	8
3808	4
3809	2
3810	5
3811	9
3812	1
3813	6
3814	3
3815	5
3816	4
3817	6
3818	8
3819	4
3820	3
3821	2
3822	5
3823	4
3824	5
3825	3
3826	2
3827	10
3828	6
3829	5
3830	6
3831	3
3832	2
3833	3
3834	6
3835	4
3836	1
3837	6
3838	4
3839	4
3840	2
3841	2
3842	1
3843	4
3844	5
3845	5
3846	4
3847	9
3848	2
3849	6
3850	5
3851	7
3852	0
3853	7
3854	1
3855	5
3856	1
3857	0
3858	4
3859	3
3860	2
3861	3
3862	6
3863	5
3864	2
3865	2
3866	4
3867	3
3868	7
3869	2
3870	3
3871	6
3872	6
3873	1
3874	3
3875	6
3876	6
3877	3
3878	4
3879	1
3880	2
3881	7
3882	2
3883	4
3884	4
3885	6
3886	3
3887	2
3888	6
3889	5
3890	5
3891	4
3892	7
3893	5
3894	5
3895	8
3896	8
3897	2
3898	4
3899	7
3900	3
3901	2
3902	3
3903	8
3904	1
3905	3
3906	4
3907	5
3908	1
3909	7
3910	4
3911	5
3912	1
3913	4
3914	10
3915	1
3916	4
3917	5
3918	3
3919	6
3920	5
3921	5
3922	6
3923	5
3924	1
3925	3
3926	5
3927	4
3928	2
3929	5
3930	4
3931	4
3932	1
3933	5
3934	6
3935	2
3936	2
3937	2
3938	8
3939	3
3940	3
3941	4
3942	5
3943	2
3944	2
3945	8
3946	2
3947	4
3948	5
3949	4
3950	6
3951	4
3952	5
3953	12
3954	5
3955	9
3956	7
3957	5
3958	3
3959	4
3960	2
3961	2
3962	3
3963	3
3964	4
3965	0
3966	4
3967	3
3968	5
3969	4
3970	5
3971	2
3972	7
3973	3
3974	3
3975	6
3976	3
3977	3
3978	3
3979	6
3980	6
3981	2
3982	1
3983	5
3984	2
3985	11
3986	4
3987	3
3988	2
3989	3
3990	4
3991	4
3992	2
3993	1
3994	1
3995	1
3996	4
3997	3
3998	2
3999	3
4000	4
4001	0
4002	1
4003	4
4004	4
4005	3
4006	4
4007	4
4008	4
4009	2
4010	6
4011	4
4012	6
4013	0
4014	3
4015	0
4016	5
4017	3
4018	4
4019	1
4020	5
4021	3
4022	4
4023	2
4024	4
4025	2
4026	5
4027	2
4028	0
4029	5
4030	7
4031	2
4032	4
4033	4
4034	3
4035	1
4036	1
4037	4
4038	1
4039	4
4040	0
4041	1
4042	2
4043	0
4044	2
4045	5
4046	6
4047	3
4048	5
4049	1
4050	4
4051	2
4052	3
4053	4
4054	3
4055	1
4056	7
4057	1
4058	5
4059	3
4060	1
4061	1
4062	1
4063	4
4064	2
4065	5
4066	2
4067	2
4068	6
4069	5
4070	3
4071	6
4072	3
4073	8
4074	4
4075	3
4076	3
4077	3
4078	4
4079	1
4080	3
4081	4
4082	2
4083	0
4084	4
4085	1
4086	5
4087	3
4088	2
4089	5
4090	2
4091	5
4092	2
4093	2
4094	1
4095	2
4096	2
4097	5
4098	2
4099	1
4100	4
4101	6
4102	3
4103	6
4104	2
4105	5
4106	3
4107	1
4108	1
4109	3
4110	3
4111	5
4112	2
4113	4
4114	5
4115	0
4116	3
4117	2
4118	3
4119	2
4120	8
4121	1
4122	1
4123	4
4124	4
4125	0
4126	0
4127	6
4128	5
4129	3
4130	1
4131	3
4132	7
4133	6
4134	2
4135	3
4136	4
4137	3
4138	2
4139	3
4140	5
4141	5
4142	4
4143	0
4144	2
4145	3
4146	2
4147	2
4148	3
4149	2
4150	3
4151	1
4152	4
4153	1
4154	0
4155	4
4156	4
4157	2
4158	2
4159	4
4160	4
4161	3
4162	2
4163	1
4164	5
4165	5
4166	1
4167	4
4168	2
4169	3
4170	1
4171	2
4172	2
4173	2
4174	2
4175	3
4176	2
4177	2
4178	2
4179	2
4180	0
4181	0
4182	0
4183	2
4184	5
4185	1
4186	4
4187	1
4188	0
4189	4
4190	0
4191	2
4192	3
4193	1
4194	0
4195	2
4196	4
4197	3
4198	3
4199	1
4200	3
4201	2
4202	3
4203	3
4204	0
4205	0
4206	5
4207	1
4208	2
4209	2
4210	2
4211	2
4212	3
4213	0
4214	1
4215	1
4216	1
4217	2
4218	2
4219	4
4220	0
4221	4
4222	0
4223	5
4224	1
4225	3
4226	0
4227	1
4228	5
4229	3
4230	1
4231	1
4232	1
4233	4
4234	3
4235	5
4236	1
4237	0
4238	2
4239	3
4240	1
4241	3
4242	3
4243	3
4244	1
4245	1
4246	3
4247	3
4248	0
4249	2
4250	2
4251	2
4252	3
4253	3
4254	1
4255	2
4256	1
4257	2
4258	3
4259	4
4260	2
4261	0
4262	1
4263	1
4264	0
4265	0
4266	1
4267	3
4268	1
4269	0
4270	2
4271	0
4272	1
4273	1
4274	1
4275	3
4276	2
4277	1
4278	3
4279	0
4280	1
4281	2
4282	2
4283	0
4284	4
4285	1
4286	0
4287	1
4288	0
4289	3
4290	1
4291	1
4292	1
4293	0
4294	5
4295	1
4296	2
4297	1
4298	0
4299	2
4300	0
4301	5
4302	2
4303	2
4304	0
4305	1
4306	2
4307	1
4308	1
4309	1
4310	0
4311	1
4312	0
4313	1
4314	1
4315	2
4316	4
4317	1
4318	0
4319	1
4320	0
4321	1
4322	1
4323	1
4324	0
4325	0
4326	1
4327	1
4328	1
4329	1
4330	0
4331	0
4332	1
4333	0
4334	2
4335	0
4336	2
4337	1
4338	0
4339	0
4340	1
4341	0
4342	0
4343	1
4344	1
4345	3
4346	0
4347	4
4348	2
4349	0
4350	2
4351	2
4352	1
4353	0
4354	0
4355	1
4356	1
4357	1
4358	1
4359	0
4360	1
4361	2
4362	1
4363	2
4364	0
4365	1
4366	0
4367	1
4368	0
4369	1
4370	1
4371	1
4372	0
4373	0
4374	1
4375	1
4376	1
4377	1
4378	0
4379	0
4380	0
4381	1
4382	0
4383	2
4384	1
4385	0
4386	2
4387	2
4388	1
4389	1
4390	2
4391	1
4392	2
4393	0
4394	2
4395	1
4396	0
4397	1
4398	2
4399	1
4400	1
4401	0
4402	1
4403	0
4404	1
4405	0
4406	1
4407	0
4408	0
4409	0
4410	0
4411	0
4412	0
4413	2
4414	0
4415	1
4416	0
4417	0
4418	1
4419	0
4420	1
4421	1
4422	1
4423	1
4424	2
4425	0
4426	0
4427	2
4428	0
4429	0
4430	0
4431	1
4432	0
4433	0
4434	0
4435	0
4436	1
4437	1
4438	1
4439	0
4440	2
4441	0
4442	0
4443	1
4444	0
4445	0
4446	0
4447	3
4448	1
4449	0
4450	1
4451	1
4452	1
4453	1
4454	0
4455	0
4456	1
4457	0
4458	1
4459	1
4460	0
4461	1
4462	0
4463	1
4464	3
4465	1
4466	0
4467	2
4468	0
4469	0
4470	0
4471	1
4472	0
4473	0
4474	0
4475	0
4476	0
4477	1
4478	0
4479	1
4480	2
4481	0
4482	1
4483	0
4484	3
4485	1
4486	0
4487	3
4488	1
4489	0
4490	1
4491	0
4492	0
4493	0
4494	1
4495	1
4496	0
4497	0
4498	0
4499	2
4500	0
4501	2
4502	0
4503	0
4504	0
4505	1
4506	2
4507	1
4508	0
4509	0
4510	2
4511	2
4512	0
4513	1
4514	1
4515	1
4516	2
4517	3
4518	0
4519	0
4520	3
4521	1
4522	3
4523	0
4524	0
4525	0
4526	2
4527	0
4528	2
4529	0
4530	0
4531	2
4532	1
4533	0
4534	1
4535	1
4536	1
4537	0
4538	1
4539	0
4540	0
4541	0
4542	1
4543	0
4544	0
4545	2
4546	0
4547	0
4548	0
4549	3
4550	0
4551	0
4552	0
4553	2
4554	0
4555	1
4556	0
4557	1
4558	1
4559	1
4560	0
4561	0
4562	1
4563	1
4564	0
4565	0
4566	0
4567	0
4568	0
4569	1
4570	0
4571	0
4572	2
4573	0
4574	1
4575	0
4576	0
4577	2
4578	0
4579	0
4580	0
4581	1
4582	0
4583	0
4584	0
4585	0
4586	0
4587	2
4588	0
4589	1
4590	0
4591	0
4592	0
4593	0
4594	0
4595	0
4596	1
4597	0
4598	0
4599	3
4600	0
4601	1
4602	1
4603	1
4604	1
4605	2
4606	0
4607	0
4608	0
4609	1
4610	0
4611	0
4612	1
4613	0
4614	0
4615	0
4616	1
4617	0
4618	0
4619	1
4620	0
4621	0
4622	1
4623	2
4624	2
4625	1
4626	3
4627	2
4628	1
4629	0
4630	1
4631	1
4632	0
4633	0
4634	0
4635	1
4636	1
4637	2
4638	0
4639	0
4640	0
4641	1
4642	0
4643	1
4644	0
4645	1
4646	2
4647	0
4648	1
4649	1
4650	0
4651	0
4652	1
4653	0
4654	1
4655	1
4656	0
4657	0
4658	1
4659	2
4660	1
4661	0
4662	0
4663	0
4664	1
4665	0
4666	0
4667	2
4668	0
4669	1
4670	0
4671	0
4672	0
4673	0
4674	0
4675	1
4676	3
4677	1
4678	2
4679	1
4680	1
4681	1
4682	3
4683	0
4684	0
4685	0
4686	0
4687	0
4688	1
4689	0
4690	1
4691	0
4692	0
4693	1
4694	0
4695	0
4696	1
4697	0
4698	0
4699	1
4700	0
4701	0
4702	0
4703	0
4704	0
4705	2
4706	1
4707	0
4708	0
4709	0
4710	0
4711	0
4712	1
4713	0
4714	1
4715	1
4716	0
4717	0
4718	1
4719	0
4720	0
4721	1
4722	0
4723	1
4724	1
4725	1
4726	0
4727	0
4728	1
4729	1
4730	1
4731	3
4732	2
4733	2
4734	1
4735	0
4736	2
4737	1
4738	0
4739	0
4740	1
4741	0
4742	0
4743	0
4744	1
4745	0
4746	0
4747	0
4748	0
4749	0
4750	0
4751	0
4752	1
4753	0
4754	0
4755	0
4756	0
4757	0
4758	2
4759	0
4760	0
4761	0
4762	0
4763	2
4764	2
4765	0
4766	1
4767	1
4768	0
4769	0
4770	0
4771	0
4772	3
4773	1
4774	2
4775	1
4776	0
4777	2
4778	0
4779	1
4780	1
4781	0
4782	0
4783	2
4784	0
4785	0
4786	1
4787	1
4788	1
4789	2
4790	1
4791	0
4792	1
4793	1
4794	0
4795	0
4796	2
4797	2
4798	0
4799	1
4800	1
4801	1
4802	0
4803	0
4804	0
4805	1
4806	0
4807	1
4808	1
4809	0
4810	1
4811	1
4812	1
4813	0
4814	0
4815	0
4816	1
4817	0
4818	1
4819	1
4820	0
4821	1
4822	0
4823	0
4824	0
4825	0
4826	0
4827	0
4828	0
4829	3
4830	0
4831	1
4832	0
4833	0
4834	2
4835	1
4836	0
4837	1
4838	0
4839	0
4840	2
4841	1
4842	0
4843	3
4844	0
4845	1
4846	0
4847	0
4848	1
4849	0
4850	1
4851	0
4852	0
4853	0
4854	0
4855	1
4856	0
4857	2
4858	0
4859	0
4860	2
4861	1
4862	1
4863	5
4864	1
4865	1
4866	1
4867	1
4868	1
4869	1
4870	0
4871	0
4872	0
4873	0
4874	0
4875	2
4876	1
4877	1
4878	0
4879	1
4880	1
4881	2
4882	1
4883	1
4884	0
4885	1
4886	0
4887	1
4888	0
4889	0
4890	1
4891	0
4892	0
4893	0
4894	0
4895	1
4896	1
4897	0
4898	0
4899	2
4900	0
4901	0
4902	1
4903	0
4904	1
4905	2
4906	0
4907	1
4908	0
4909	1
4910	2
4911	0
4912	1
4913	1
4914	1
4915	2
4916	0
4917	0
4918	1
4919	0
4920	0
4921	0
4922	1
4923	1
4924	1
4925	2
4926	0
4927	1
4928	0
4929	0
4930	1
4931	1
4932	0
4933	0
4934	0
4935	0
4936	1
4937	3
4938	1
4939	0
4940	1
4941	0
4942	0
4943	1
4944	0
4945	0
4946	0
4947	1
4948	0
4949	2
4950	0
4951	0
4952	1
4953	2
4954	1
4955	0
4956	0
4957	0
4958	0
4959	1
4960	0
4961	1
4962	2
4963	1
4964	2
4965	1
4966	1
4967	1
4968	1
4969	1
4970	1
4971	1
4972	0
4973	0
4974	1
4975	0
4976	0
4977	0
4978	0
4979	3
4980	0
4981	0
4982	1
4983	0
4984	2
4985	0
4986	1
4987	0
4988	1
4989	0
4990	0
4991	1
4992	0
4993	0
4994	3
4995	0
4996	0
4997	1
4998	0
4999	1
5000	0
5001	0
5002	0
5003	0
5004	1
5005	1
5006	0
5007	0
5008	0
5009	1
5010	0
5011	0
5012	0
5013	0
5014	0
5015	0
5016	1
5017	0
5018	0
5019	0
5020	1
5021	0
5022	0
5023	0
5024	0
5025	1
5026	0
5027	1
5028	0
5029	0
5030	0
5031	0
5032	1
5033	1
5034	0
5035	0
5036	2
5037	0
5038	2
5039	0
5040	0
5041	1
5042	0
5043	0
5044	0
5045	2
5046	0
5047	0
5048	0
5049	2
5050	0
5051	0
5052	0
5053	0
5054	0
5055	0
5056	0
5057	3
5058	0
5059	2
5060	0
5061	0
5062	0
5063	0
5064	0
5065	0
5066	0
5067	1
5068	0
5069	0
5070	1
5071	1
5072	0
5073	1
5074	1
5075	2
5076	0
5077	1
5078	0
5079	0
5080	0
5081	0
5082	1
5083	0
5084	1
5085	0
5086	1
5087	0
5088	0
5089	0
5090	0
5091	1
5092	1
5093	1
5094	0
5095	0
5096	1
5097	0
5098	1
5099	1
5100	0
5101	1
5102	0
5103	1
5104	1
5105	0
5106	1
5107	1
5108	1
5109	0
5110	2
5111	1
5112	0
5113	2
5114	1
5115	0
5116	0
5117	0
5118	1
5119	0
5120	1
5121	2
5122	1
5123	0
5124	1
5125	1
5126	0
5127	1
5128	0
5129	0
5130	0
5131	0
5132	1
5133	1
5134	0
5135	0
5136	0
5137	1
5138	1
5139	0
5140	0
5141	0
5142	0
5143	0
5144	0
5145	1
5146	2
5147	1
5148	1
5149	3
5150	1
5151	1
5152	2
5153	1
5154	1
5155	0
5156	0
5157	1
5158	1
5159	0
5160	2
5161	1
5162	0
5163	0
5164	0
5165	1
5166	2
5167	0
5168	0
5169	0
5170	1
5171	1
5172	0
5173	1
5174	0
5175	0
5176	1
5177	0
5178	1
5179	1
5180	0
5181	0
5182	0
5183	0
5184	2
5185	1
5186	2
5187	0
5188	1
5189	1
5190	1
5191	1
5192	0
5193	0
5194	0
5195	0
5196	1
5197	0
5198	0
5199	2
5200	0
5201	0
5202	2
5203	1
5204	0
5205	1
5206	0
5207	0
5208	0
5209	0
5210	0
5211	1
5212	0
5213	1
5214	0
5215	0
5216	1
5217	0
5218	1
5219	0
5220	1
5221	0
5222	0
5223	0
5224	1
5225	0
5226	0
5227	1
5228	1
5229	0
5230	0
5231	0
5232	1
5233	1
5234	1
5235	0
5236	0
5237	0
5238	1
5239	0
5240	3
5241	0
5242	0
5243	0
5244	0
5245	1
5246	0
5247	2
5248	1
5249	1
5250	1
5251	1
5252	0
5253	0
5254	1
5255	0
5256	1
5257	2
5258	0
5259	0
5260	0
5261	0
5262	0
5263	0
5264	0
5265	0
5266	1
5267	1
5268	1
5269	0
5270	1
5271	0
5272	0
5273	0
5274	0
5275	0
5276	0
5277	0
5278	0
5279	0
5280	0
5281	1
5282	0
5283	0
5284	1
5285	0
5286	2
5287	0
5288	0
5289	1
5290	0
5291	0
5292	0
5293	0
5294	1
5295	2
5296	1
5297	1
5298	0
5299	2
5300	0
5301	0
5302	1
5303	0
5304	2
5305	1
5306	0
5307	0
5308	2
5309	2
5310	0
5311	1
5312	0
5313	1
5314	0
5315	2
5316	0
5317	0
5318	0
5319	0
5320	0
5321	0
5322	0
5323	0
5324	2
5325	0
5326	0
5327	0
5328	0
5329	0
5330	0
5331	1
5332	0
5333	1
5334	0
5335	0
5336	2
5337	0
5338	1
5339	0
5340	0
5341	0
5342	3
5343	0
5344	0
5345	0
5346	1
5347	0
5348	0
5349	1
5350	3
5351	0
5352	1
5353	0
5354	0
5355	1
5356	0
5357	0
5358	1
5359	0
5360	1
5361	0
5362	0
5363	0
5364	0
5365	0
5366	0
5367	1
5368	1
5369	2
5370	0
5371	0
5372	1
5373	1
5374	0
5375	1
5376	0
5377	0
5378	1
5379	0
5380	1
5381	1
5382	1
5383	0
5384	0
5385	0
5386	2
5387	3
5388	0
5389	0
5390	1
5391	0
5392	0
5393	0
5394	1
5395	0
5396	0
5397	0
5398	0
5399	0
5400	1
5401	1
5402	0
5403	0
5404	3
5405	0
5406	1
5407	1
5408	0
5409	0
5410	0
5411	0
5412	0
5413	2
5414	0
5415	2
5416	0
5417	0
5418	0
5419	1
5420	1
5421	2
5422	1
5423	0
5424	0
5425	0
5426	2
5427	1
5428	0
5429	1
5430	0
5431	2
5432	1
5433	1
5434	0
5435	0
5436	1
5437	0
5438	0
5439	0
5440	1
5441	0
5442	2
5443	0
5444	0
5445	1
5446	1
5447	1
5448	2
5449	0
5450	1
5451	0
5452	0
5453	1
5454	0
5455	2
5456	0
5457	0
5458	0
5459	0
5460	0
5461	0
5462	0
5463	0
5464	1
5465	1
5466	2
5467	0
5468	0
5469	0
5470	1
5471	0
5472	0
5473	0
5474	1
5475	1
5476	1
5477	0
5478	0
5479	0
5480	1
5481	2
5482	0
5483	0
5484	0
5485	0
5486	0
5487	2
5488	1
5489	1
5490	1
5491	1
5492	0
5493	0
5494	0
5495	1
5496	1
5497	0
5498	0
5499	2
5500	1
5501	0
5502	1
5503	1
5504	0
5505	1
5506	0
5507	0
5508	1
5509	0
5510	0
5511	0
5512	1
5513	0
5514	0
5515	0
5516	0
5517	0
5518	0
5519	0
5520	0
5521	0
5522	0
5523	1
5524	0
5525	0
5526	1
5527	0
5528	0
5529	0
5530	1
5531	0
5532	2
5533	0
5534	0
5535	1
5536	1
5537	1
5538	1
5539	0
5540	0
5541	1
5542	1
5543	1
5544	0
5545	0
5546	1
5547	1
5548	1
5549	0
5550	0
5551	0
5552	1
5553	1
5554	0
5555	1
5556	1
5557	1
5558	0
5559	0
5560	0
5561	1
5562	0
5563	0
5564	0
5565	0
5566	1
5567	0
5568	0
5569	1
5570	1
5571	1
5572	0
5573	0
5574	0
5575	0
5576	1
5577	0
5578	0
5579	1
5580	0
5581	1
5582	0
5583	0
5584	0
5585	0
5586	2
5587	1
5588	2
5589	1
5590	0
5591	0
5592	0
5593	0
5594	1
5595	1
5596	1
5597	0
5598	0
5599	0
5600	0
5601	1
5602	0
5603	1
5604	2
5605	1
5606	1
5607	3
5608	0
5609	0
5610	0
5611	1
5612	2
5613	1
5614	0
5615	0
5616	1
5617	0
5618	2
5619	0
5620	0
5621	2
5622	1
5623	1
5624	0
5625	0
5626	1
5627	1
5628	0
5629	1
5630	0
5631	0
5632	0
5633	1
5634	1
5635	1
5636	1
5637	0
5638	0
5639	2
5640	0
5641	0
5642	0
5643	1
5644	2
5645	0
5646	0
5647	1
5648	1
5649	2
5650	2
5651	0
5652	0
5653	1
5654	0
5655	1
5656	1
5657	0
5658	1
5659	1
5660	0
5661	1
5662	0
5663	1
5664	0
5665	1
5666	1
5667	0
5668	0
5669	0
5670	1
5671	0
5672	0
5673	1
5674	1
5675	0
5676	2
5677	0
5678	0
5679	2
5680	2
5681	1
5682	1
5683	0
5684	0
5685	1
5686	1
5687	1
5688	1
5689	1
5690	2
5691	0
5692	0
5693	2
5694	1
5695	0
5696	0
5697	0
5698	0
5699	1
5700	1
5701	1
5702	1
5703	2
5704	0
5705	0
5706	0
5707	0
5708	1
5709	1
5710	0
5711	1
5712	0
5713	0
5714	1
5715	2
5716	0
5717	1
5718	2
5719	1
5720	2
5721	0
5722	0
5723	0
5724	1
5725	0
5726	0
5727	0
5728	2
5729	0
5730	1
5731	1
5732	1
5733	0
5734	0
5735	0
5736	0
5737	0
5738	0
5739	0
5740	1
5741	1
5742	1
5743	0
5744	0
5745	0
5746	0
5747	0
5748	0
5749	0
5750	1
5751	1
5752	0
5753	0
5754	0
5755	0
5756	0
5757	0
5758	1
5759	0
5760	0
5761	0
5762	0
5763	0
5764	0
5765	1
5766	0
5767	1
5768	0
5769	0
5770	2
5771	2
5772	1
5773	0
5774	0
5775	0
5776	0
5777	0
5778	3
5779	1
5780	0
5781	0
5782	0
5783	0
5784	1
5785	0
5786	0
5787	0
5788	0
5789	0
5790	0
5791	0
5792	1
5793	0
5794	0
5795	0
5796	0
5797	0
5798	2
5799	1
5800	2
5801	1
5802	1
5803	0
5804	0
5805	1
5806	0
5807	0
5808	0
5809	1
5810	0
5811	0
5812	0
5813	1
5814	1
5815	0
5816	0
5817	3
5818	1
5819	1
5820	0
5821	1
5822	0
5823	0
5824	0
5825	1
5826	0
5827	0
5828	0
5829	1
5830	0
5831	0
5832	0
5833	2
5834	1
5835	0
5836	1
5837	2
5838	0
5839	0
5840	1
5841	1
5842	2
5843	1
5844	0
5845	1
5846	1
5847	1
5848	0
5849	0
5850	0
5851	0
5852	0
5853	0
5854	0
5855	1
5856	0
5857	0
5858	0
5859	0
5860	1
5861	0
5862	0
5863	1
5864	1
5865	0
5866	0
5867	0
5868	0
5869	0
5870	0
5871	0
5872	1
5873	2
5874	0
5875	1
5876	0
5877	0
5878	1
5879	0
5880	0
5881	0
5882	1
5883	0
5884	1
5885	2
5886	0
5887	0
5888	0
5889	2
5890	0
5891	1
5892	1
5893	2
5894	1
5895	1
5896	0
5897	1
5898	0
5899	0
5900	1
5901	1
5902	2
5903	0
5904	0
5905	0
5906	0
5907	0
5908	0
5909	0
5910	0
5911	0
5912	0
5913	1
5914	1
5915	0
5916	0
5917	1
5918	0
5919	1
5920	0
5921	1
5922	0
5923	0
5924	1
5925	0
5926	0
5927	1
5928	0
5929	0
5930	1
5931	1
5932	0
5933	1
5934	1
5935	0
5936	4
5937	0
5938	1
5939	0
5940	0
5941	1
5942	0
5943	0
5944	0
5945	0
5946	0
5947	1
5948	1
5949	0
5950	0
5951	1
5952	0
5953	3
5954	0
5955	1
5956	0
5957	0
5958	0
5959	0
5960	0
5961	0
5962	1
5963	0
5964	0
5965	1
5966	1
5967	1
5968	1
5969	0
5970	0
5971	1
5972	0
5973	0
5974	0
5975	1
5976	0
5977	1
5978	1
5979	0
5980	2
5981	1
5982	1
5983	0
5984	0
5985	1
5986	0
5987	0
5988	0
5989	0
5990	0
5991	1
5992	0
5993	0
5994	0
5995	2
5996	2
5997	0
5998	2
5999	0
6000	0
6001	1
6002	1
6003	0
6004	1
6005	1
6006	0
6007	1
6008	0
6009	1
6010	1
6011	1
6012	1
6013	0
6014	0
6015	0
6016	1
6017	2
6018	1
6019	0
6020	0
6021	0
6022	1
6023	0
6024	1
6025	0
6026	0
6027	0
6028	1
6029	0
6030	1
6031	0
6032	1
6033	2
6034	0
6035	1
6036	0
6037	0
6038	0
6039	0
6040	0
6041	0
6042	0
6043	1
6044	0
6045	0
6046	2
6047	1
6048	0
6049	0
6050	0
6051	0
6052	0
6053	0
6054	0
6055	0
6056	0
6057	1
6058	0
6059	0
6060	1
6061	0
6062	1
6063	0
6064	1
6065	0
6066	0
6067	2
6068	2
6069	0
6070	0
6071	0
6072	0
6073	0
6074	1
6075	1
6076	1
6077	0
6078	2
6079	0
6080	0
6081	1
6082	0
6083	1
6084	1
6085	0
6086	1
6087	0
6088	1
6089	0
6090	0
6091	0
6092	0
6093	0
6094	0
6095	0
6096	1
6097	0
6098	0
6099	2
6100	1
6101	0
6102	0
6103	0
6104	1
6105	0
6106	1
6107	0
6108	0
6109	0
6110	0
6111	0
6112	1
6113	0
6114	0
6115	2
6116	0
6117	0
6118	0
6119	0
6120	1
6121	0
6122	0
6123	1
6124	0
6125	0
6126	1
6127	0
6128	1
6129	1
6130	1
6131	0
6132	0
6133	0
6134	0
6135	0
6136	1
6137	0
6138	1
6139	0
6140	1
6141	2
6142	2
6143	0
6144	0
6145	0
6146	0
6147	1
6148	1
6149	0
6150	1
6151	0
6152	1
6153	1
6154	2
6155	0
6156	0
6157	0
6158	0
6159	0
6160	0
6161	1
6162	0
6163	0
6164	0
6165	0
6166	1
6167	1
6168	0
6169	0
6170	1
6171	0
6172	1
6173	1
6174	1
6175	1
6176	0
6177	0
6178	1
6179	1
6180	0
6181	1
6182	0
6183	2
6184	0
6185	0
6186	1
6187	0
6188	0
6189	0
6190	0
6191	1
6192	0
6193	0
6194	0
6195	0
6196	1
6197	1
6198	2
6199	0
6200	0
6201	0
6202	0
6203	0
6204	0
6205	2
6206	1
6207	2
6208	0
6209	0
6210	0
6211	0
6212	0
6213	0
6214	0
6215	0
6216	2
6217	0
6218	0
6219	0
6220	0
6221	0
6222	1
6223	0
6224	0
6225	0
6226	0
6227	0
6228	0
6229	0
6230	0
6231	2
6232	0
6233	0
6234	0
6235	2
6236	0
6237	0
6238	1
6239	1
6240	0
6241	0
6242	0
6243	1
6244	1
6245	0
6246	0
6247	0
6248	0
6249	0
6250	0
6251	0
6252	0
6253	1
6254	0
6255	1
6256	0
6257	0
6258	1
6259	1
6260	1
6261	0
6262	1
6263	0
6264	0
6265	1
6266	1
6267	1
6268	0
6269	1
6270	0
6271	1
6272	0
6273	0
6274	1
6275	1
6276	1
6277	0
6278	0
6279	0
6280	0
6281	0
6282	0
6283	1
6284	0
6285	1
6286	0
6287	0
6288	1
6289	0
6290	0
6291	1
6292	1
6293	0
6294	0
6295	1
6296	0
6297	0
6298	0
6299	0
6300	0
6301	0
6302	0
6303	0
6304	0
6305	1
6306	0
6307	0
6308	1
6309	0
6310	1
6311	3
6312	0
6313	0
6314	0
6315	0
6316	1
6317	0
6318	0
6319	0
6320	0
6321	0
6322	1
6323	0
6324	2
6325	0
6326	0
6327	0
6328	0
6329	2
6330	1
6331	0
6332	0
6333	0
6334	0
6335	0
6336	0
6337	0
6338	1
6339	0
6340	0
6341	0
6342	0
6343	0
6344	0
6345	0
6346	0
6347	1
6348	0
6349	1
6350	0
6351	0
6352	0
6353	0
6354	0
6355	0
6356	1
6357	0
6358	0
6359	1
6360	1
6361	1
6362	0
6363	0
6364	0
6365	0
6366	1
6367	1
6368	1
6369	0
6370	0
6371	0
6372	0
6373	0
6374	0
6375	0
6376	0
6377	0
6378	1
6379	0
6380	0
6381	0
6382	0
6383	1
6384	2
6385	1
6386	0
6387	1
6388	0
6389	0
6390	1
6391	0
6392	2
6393	0
6394	0
6395	0
6396	0
6397	0
6398	0
6399	2
6400	1
6401	0
6402	0
6403	0
6404	1
6405	0
6406	2
6407	0
6408	1
6409	0
6410	2
6411	0
6412	0
6413	1
6414	1
6415	1
6416	0
6417	1
6418	2
6419	1
6420	0
6421	1
6422	0
6423	0
6424	0
6425	0
6426	0
6427	1
6428	0
6429	0
6430	0
6431	0
6432	0
6433	0
6434	0
6435	0
6436	1
6437	2
6438	1
6439	2
6440	0
6441	1
6442	0
6443	0
6444	0
6445	1
6446	0
6447	1
6448	0
6449	0
6450	1
6451	0
6452	0
6453	1
6454	0
6455	0
6456	0
6457	1
6458	0
6459	1
6460	0
6461	2
6462	0
6463	0
6464	0
6465	0
6466	2
6467	0
6468	1
6469	0
6470	1
6471	1
6472	0
6473	0
6474	0
6475	0
6476	0
6477	0
6478	0
6479	0
6480	1
6481	0
6482	0
6483	0
6484	0
6485	1
6486	0
6487	1
6488	0
6489	0
6490	2
6491	0
6492	1
6493	0
6494	1
6495	0
6496	0
6497	1
6498	1
6499	1
6500	1
6501	0
6502	1
6503	0
6504	0
6505	0
6506	0
6507	0
6508	0
6509	0
6510	2
6511	1
6512	2
6513	0
6514	0
6515	0
6516	0
6517	0
6518	0
6519	0
6520	1
6521	1
6522	1
6523	0
6524	0
6525	0
6526	2
6527	3
6528	0
6529	0
6530	0
6531	1
6532	0
6533	1
6534	0
6535	0
6536	0
6537	0
6538	0
6539	0
6540	0
6541	0
6542	2
6543	0
6544	0
6545	0
6546	0
6547	1
6548	0
6549	0
6550	1
6551	2
6552	0
6553	0
6554	1
6555	0
6556	0
6557	0
6558	0
6559	0
6560	0
6561	0
6562	0
6563	0
6564	0
6565	0
6566	0
6567	0
6568	1
6569	0
6570	1
6571	0
6572	0
6573	1
6574	0
6575	1
6576	0
6577	0
6578	0
6579	1
6580	1
6581	0
6582	0
6583	0
6584	1
6585	0
6586	1
6587	3
6588	0
6589	0
6590	0
6591	2
6592	1
6593	1
6594	2
6595	2
6596	2
6597	0
6598	0
6599	0
6600	0
6601	0
6602	0
6603	0
6604	0
6605	0
6606	0
6607	0
6608	0
6609	0
6610	1
6611	0
6612	0
6613	1
6614	0
6615	0
6616	0
6617	1
6618	0
6619	0
6620	0
6621	0
6622	0
6623	0
6624	0
6625	0
6626	0
6627	0
6628	0
6629	0
6630	1
6631	0
6632	1
6633	0
6634	1
6635	0
6636	1
6637	1
6638	1
6639	0
6640	0
6641	0
6642	1
6643	1
6644	0
6645	1
6646	0
6647	0
6648	0
6649	0
6650	1
6651	0
6652	2
6653	0
6654	1
6655	0
6656	0
6657	0
6658	1
6659	0
6660	3
6661	1
6662	0
6663	0
6664	0
6665	1
6666	1
6667	1
6668	0
6669	0
6670	0
6671	0
6672	0
6673	0
6674	0
6675	0
6676	2
6677	0
6678	0
6679	0
6680	0
6681	1
6682	0
6683	1
6684	0
6685	0
6686	0
6687	1
6688	0
6689	0
6690	0
6691	3
6692	0
6693	0
6694	0
6695	1
6696	1
6697	0
6698	1
6699	0
6700	1
6701	0
6702	1
6703	1
6704	0
6705	0
6706	0
6707	0
6708	0
6709	0
6710	1
6711	0
6712	0
6713	0
6714	0
6715	1
6716	0
6717	0
6718	1
6719	1
6720	0
6721	1
6722	0
6723	2
6724	0
6725	0
6726	0
6727	0
6728	1
6729	0
6730	0
6731	0
6732	1
6733	0
6734	0
6735	0
6736	1
6737	1
6738	0
6739	0
6740	1
6741	1
6742	0
6743	0
6744	0
6745	0
6746	1
6747	2
6748	0
6749	0
6750	0
6751	1
6752	1
6753	0
6754	1
6755	0
6756	0
6757	0
6758	0
6759	1
6760	0
6761	0
6762	0
6763	0
6764	1
6765	1
6766	0
6767	1
6768	0
6769	0
6770	0
6771	1
6772	1
6773	0
6774	0
6775	0
6776	0
6777	0
6778	1
6779	1
6780	1
6781	3
6782	0
6783	1
6784	0
6785	2
6786	0
6787	2
6788	0
6789	0
6790	1
6791	1
6792	0
6793	0
6794	0
6795	0
6796	0
6797	1
6798	0
6799	2
6800	0
6801	0
6802	1
6803	0
6804	2
6805	0
6806	0
6807	0
6808	1
6809	0
6810	0
6811	2
6812	0
6813	0
6814	0
6815	1
6816	0
6817	0
6818	0
6819	0
6820	0
6821	1
6822	0
6823	1
6824	1
6825	0
6826	0
6827	1
6828	0
6829	1
6830	1
6831	1
6832	2
6833	2
6834	1
6835	1
6836	0
6837	0
6838	1
6839	0
6840	0
6841	0
6842	0
6843	1
6844	1
6845	1
6846	0
6847	0
6848	0
6849	0
6850	1
6851	1
6852	1
6853	1
6854	1
6855	1
6856	0
6857	0
6858	1
6859	1
6860	0
6861	0
6862	1
6863	0
6864	1
6865	0
6866	0
6867	0
6868	0
6869	0
6870	2
6871	0
6872	0
6873	0
6874	1
6875	0
6876	0
6877	1
6878	2
6879	1
6880	0
6881	1
6882	0
6883	1
6884	1
6885	0
6886	1
6887	0
6888	2
6889	0
6890	0
6891	0
6892	0
6893	1
6894	0
6895	1
6896	0
6897	0
6898	1
6899	2
6900	0
6901	1
6902	0
6903	2
6904	0
6905	0
6906	1
6907	0
6908	0
6909	0
6910	0
6911	0
6912	0
6913	0
6914	1
6915	0
6916	0
6917	0
6918	1
6919	1
6920	0
6921	0
6922	1
6923	0
6924	1
6925	0
6926	0
6927	0
6928	2
6929	0
6930	0
6931	0
6932	0
6933	1
6934	0
6935	0
6936	0
6937	1
6938	0
6939	1
6940	1
6941	2
6942	1
6943	0
6944	0
6945	0
6946	0
6947	0
6948	1
6949	0
6950	1
6951	0
6952	2
6953	0
6954	1
6955	0
6956	0
6957	0
6958	0
6959	1
6960	0
6961	0
6962	1
6963	0
6964	1
6965	0
6966	0
6967	0
6968	0
6969	2
6970	2
6971	0
6972	0
6973	0
6974	0
6975	0
6976	0
6977	0
6978	2
6979	0
6980	1
6981	0
6982	1
6983	0
6984	1
6985	0
6986	0
6987	0
6988	0
6989	0
6990	0
6991	0
6992	0
6993	0
6994	0
6995	1
6996	0
6997	0
6998	0
6999	0
7000	0
7001	2
7002	0
7003	0
7004	0
7005	0
7006	0
7007	0
7008	0
7009	1
7010	0
7011	1
7012	0
7013	0
7014	0
7015	1
7016	1
7017	0
7018	0
7019	0
7020	0
7021	1
7022	1
7023	0
7024	0
7025	0
7026	1
7027	0
7028	1
7029	0
7030	1
7031	0
7032	2
7033	0
7034	0
7035	1
7036	0
7037	0
7038	0
7039	0
7040	0
7041	0
7042	1
7043	0
7044	0
7045	1
7046	0
7047	0
7048	0
7049	0
7050	0
7051	0
7052	0
7053	0
7054	0
7055	0
7056	0
7057	0
7058	1
7059	1
7060	0
7061	0
7062	0
7063	0
7064	1
7065	4
7066	0
7067	0
7068	0
7069	0
7070	1
7071	0
7072	0
7073	0
7074	0
7075	1
7076	0
7077	0
7078	0
7079	1
7080	2
7081	0
7082	1
7083	0
7084	0
7085	0
7086	0
7087	0
7088	0
7089	1
7090	0
7091	1
7092	1
7093	0
7094	1
7095	0
7096	0
7097	0
7098	1
7099	0
7100	0
7101	0
7102	1
7103	0
7104	0
7105	0
7106	0
7107	0
7108	0
7109	0
7110	0
7111	0
7112	2
7113	0
7114	0
7115	1
7116	3
7117	0
7118	1
7119	2
7120	0
7121	0
7122	0
7123	0
7124	0
7125	0
7126	0
7127	0
7128	1
7129	1
7130	0
7131	0
7132	0
7133	0
7134	0
7135	1
7136	0
7137	0
7138	3
7139	0
7140	0
7141	0
7142	1
7143	0
7144	0
7145	0
7146	0
7147	0
7148	0
7149	0
7150	0
7151	1
7152	0
7153	1
7154	0
7155	0
7156	0
7157	0
7158	0
7159	1
7160	0
7161	0
7162	0
7163	0
7164	0
7165	0
7166	1
7167	1
7168	0
7169	0
7170	0
7171	1
7172	0
7173	0
7174	0
7175	1
7176	1
7177	0
7178	0
7179	0
7180	1
7181	0
7182	1
7183	0
7184	0
7185	1
7186	0
7187	0
7188	0
7189	0
7190	0
7191	0
7192	0
7193	0
7194	1
7195	1
7196	0
7197	0
7198	0
7199	0
7200	1
7201	0
7202	0
7203	0
7204	1
7205	0
7206	1
7207	0
7208	1
7209	0
7210	0
7211	0
7212	2
7213	0
7214	1
7215	0
7216	1
7217	0
7218	1
7219	2
7220	0
7221	0
7222	1
7223	0
7224	0
7225	0
7226	1
7227	0
7228	1
7229	0
7230	0
7231	0
7232	1
7233	0
7234	1
7235	0
7236	0
7237	0
7238	0
7239	0
7240	0
7241	0
7242	1
7243	0
7244	1
7245	0
7246	0
7247	0
7248	0
7249	0
7250	1
7251	0
7252	1
7253	0
7254	0
7255	1
7256	0
7257	0
7258	0
7259	0
7260	1
7261	0
7262	0
7263	0
7264	0
7265	1
7266	0
7267	0
7268	1
7269	0
7270	0
7271	0
7272	1
7273	0
7274	2
7275	1
7276	0
7277	1
7278	0
7279	0
7280	0
7281	0
7282	2
7283	0
7284	0
7285	0
7286	0
7287	1
7288	0
7289	0
7290	0
7291	1
7292	0
7293	1
7294	0
7295	1
7296	0
7297	0
7298	0
7299	0
7300	0
7301	0
7302	0
7303	0
7304	1
7305	0
7306	0
7307	1
7308	0
7309	0
7310	0
7311	0
7312	0
7313	0
7314	0
7315	0
7316	1
7317	0
7318	0
7319	0
7320	0
7321	2
7322	0
7323	0
7324	0
7325	0
7326	0
7327	1
7328	1
7329	1
7330	0
7331	0
7332	0
7333	1
7334	0
7335	0
7336	0
7337	1
7338	0
7339	0
7340	0
7341	1
7342	0
7343	0
7344	0
7345	1
7346	2
7347	0
7348	0
7349	0
7350	1
7351	0
7352	0
7353	1
7354	0
7355	1
7356	1
7357	0
7358	0
7359	1
7360	0
7361	0
7362	0
7363	0
7364	0
7365	0
7366	0
7367	0
7368	0
7369	0
7370	0
7371	0
7372	0
7373	0
7374	0
7375	1
7376	0
7377	0
7378	0
7379	0
7380	0
7381	0
7382	0
7383	0
7384	0
7385	0
7386	1
7387	0
7388	2
7389	0
7390	1
7391	0
7392	1
7393	0
7394	0
7395	0
7396	0
7397	0
7398	0
7399	1
7400	1
7401	1
7402	0
7403	0
7404	1
7405	0
7406	0
7407	0
7408	0
7409	0
7410	0
7411	0
7412	0
7413	0
7414	0
7415	0
7416	0
7417	0
7418	0
7419	0
7420	0
7421	0
7422	0
7423	0
7424	0
7425	0
7426	1
7427	0
7428	0
7429	0
7430	0
7431	1
7432	0
7433	1
7434	0
7435	0
7436	0
7437	0
7438	0
7439	0
7440	1
7441	0
7442	0
7443	1
7444	0
7445	0
7446	0
7447	0
7448	0
7449	0
7450	0
7451	1
7452	0
7453	0
7454	1
7455	1
7456	0
7457	1
7458	0
7459	0
7460	1
7461	0
7462	0
7463	0
7464	0
7465	0
7466	0
7467	0
7468	1
7469	1
7470	1
7471	0
7472	0
7473	0
7474	0
7475	0
7476	1
7477	0
7478	0
7479	0
7480	0
7481	0
7482	0
7483	0
7484	0
7485	1
7486	1
7487	0
7488	0
7489	1
7490	1
7491	0
7492	0
7493	2
7494	0
7495	0
7496	0
7497	1
7498	1
7499	1
7500	0
7501	1
7502	2
7503	0
7504	0
7505	0
7506	0
7507	0
7508	0
7509	0
7510	0
7511	1
7512	0
7513	0
7514	0
7515	0
7516	0
7517	0
7518	1
7519	0
7520	1
7521	0
7522	1
7523	0
7524	0
7525	0
7526	0
7527	1
7528	0
7529	0
7530	1
7531	0
7532	0
7533	0
7534	0
7535	1
7536	1
7537	0
7538	0
7539	0
7540	0
7541	0
7542	0
7543	0
7544	1
7545	0
7546	0
7547	0
7548	0
7549	0
7550	0
7551	0
7552	0
7553	0
7554	2
7555	0
7556	0
7557	0
7558	0
7559	0
7560	1
7561	0
7562	0
7563	2
7564	0
7565	0
7566	0
7567	0
7568	0
7569	0
7570	0
7571	0
7572	0
7573	0
7574	0
7575	0
7576	0
7577	0
7578	1
7579	0
7580	0
7581	2
7582	0
7583	0
7584	0
7585	1
7586	0
7587	1
7588	1
7589	1
7590	0
7591	0
7592	0
7593	0
7594	0
7595	1
7596	0
7597	0
7598	1
7599	0
7600	1
7601	0
7602	0
7603	0
7604	0
7605	0
7606	0
7607	0
7608	0
7609	0
7610	0
7611	1
7612	0
7613	1
7614	0
7615	0
7616	0
7617	0
7618	0
7619	1
7620	0
7621	0
7622	0
7623	0
7624	0
7625	0
7626	0
7627	0
7628	1
7629	0
7630	2
7631	1
7632	0
7633	0
7634	1
7635	0
7636	0
7637	0
7638	0
7639	0
7640	0
7641	1
7642	0
7643	0
7644	0
7645	0
7646	1
7647	0
7648	0
7649	0
7650	0
7651	0
7652	0
7653	0
7654	0
7655	1
7656	0
7657	0
7658	1
7659	0
7660	0
7661	0
7662	0
7663	0
7664	0
7665	0
7666	0
7667	1
7668	0
7669	0
7670	0
7671	0
7672	1
7673	0
7674	0
7675	0
7676	0
7677	0
7678	0
7679	1
7680	0
7681	0
7682	0
7683	0
7684	1
7685	1
7686	0
7687	0
7688	1
7689	0
7690	0
7691	0
7692	0
7693	0
7694	0
7695	0
7696	0
7697	0
7698	0
7699	1
7700	0
7701	1
7702	1
7703	0
7704	1
7705	0
7706	0
7707	0
7708	1
7709	0
7710	1
7711	0
7712	0
7713	0
7714	1
7715	0
7716	1
7717	0
7718	1
7719	0
7720	0
7721	0
7722	0
7723	1
7724	0
7725	0
7726	0
7727	0
7728	0
7729	0
7730	1
7731	0
7732	0
7733	0
7734	1
7735	0
7736	0
7737	0
7738	0
7739	0
7740	0
7741	0
7742	1
7743	0
7744	0
7745	0
7746	0
7747	0
7748	0
7749	0
7750	0
7751	1
7752	0
7753	0
7754	0
7755	0
7756	0
7757	0
7758	0
7759	0
7760	1
7761	0
7762	0
7763	0
7764	0
7765	0
7766	0
7767	0
7768	0
7769	1
7770	0
7771	0
7772	0
7773	1
7774	0
7775	0
7776	0
7777	0
7778	0
7779	0
7780	1
7781	1
7782	1
7783	1
7784	2
7785	0
7786	1
7787	0
7788	0
7789	0
7790	0
7791	1
7792	1
7793	0
7794	1
7795	1
7796	1
7797	2
7798	0
7799	0
7800	0
7801	0
7802	0
7803	0
7804	0
7805	0
7806	0
7807	0
7808	1
7809	0
7810	0
7811	0
7812	0
7813	0
7814	0
7815	0
7816	0
7817	0
7818	0
7819	1
7820	0
7821	0
7822	0
7823	0
7824	0
7825	0
7826	0
7827	2
7828	1
7829	0
7830	0
7831	0
7832	0
7833	0
7834	0
7835	0
7836	1
7837	0
7838	0
7839	0
7840	0
7841	0
7842	0
7843	0
7844	0
7845	0
7846	0
7847	0
7848	0
7849	0
7850	0
7851	0
7852	0
7853	1
7854	0
7855	0
7856	0
7857	0
7858	0
7859	0
7860	0
7861	1
7862	0
7863	0
7864	0
7865	0
7866	0
7867	0
7868	0
7869	0
7870	0
7871	0
7872	0
7873	1
7874	0
7875	0
7876	0
7877	0
7878	0
7879	0
7880	1
7881	0
7882	0
7883	0
7884	0
7885	0
7886	0
7887	0
7888	0
7889	0
7890	0
7891	0
7892	0
7893	0
7894	0
7895	0
7896	1
7897	0
7898	0
7899	0
7900	0
7901	0
7902	0
7903	0
7904	0
7905	0
7906	1
7907	0
7908	1
7909	0
7910	1
7911	0
7912	0
7913	0
7914	0
7915	0
7916	0
7917	0
7918	0
7919	0
7920	0
7921	0
7922	0
7923	0
7924	0
7925	0
7926	0
7927	0
7928	0
7929	0
7930	0
7931	0
7932	0
7933	0
7934	0
7935	0
7936	0
7937	0
7938	0
7939	0
7940	0
7941	0
7942	0
7943	0
7944	0
7945	0
7946	0
7947	0
7948	0
7949	0
7950	0
7951	0
7952	0
7953	0
7954	0
7955	0
7956	0
7957	0
7958	0
7959	0
7960	0
7961	0
7962	0
7963	0
7964	0
7965	0
7966	0
7967	0
7968	0
7969	0
7970	0
7971	0
7972	0
7973	0
7974	0
7975	0
7976	0
7977	0
7978	0
7979	0
7980	0
7981	0
7982	0
7983	0
7984	0
7985	0
7986	0
7987	0
7988	0
7989	0
7990	0
7991	0
7992	0
7993	0
7994	0
7995	0
7996	0
7997	0
7998	0
7999	0
8000	0
8001	0
8002	0
8003	0
8004	0
8005	0
8006	0
8007	0
8008	0
8009	0
8010	0
8011	0
8012	0
8013	0
8014	0
8015	0
8016	0
8017	0
8018	0
8019	0
8020	0
8021	0
8022	0
8023	0
8024	0
8025	0
8026	0
8027	0
8028	0
8029	0
8030	0
8031	0
8032	0
8033	0
8034	0
8035	0
8036	0
8037	0
8038	0
8039	0
8040	0
8041	0
8042	0
8043	0
8044	0
8045	0
8046	0
8047	0
8048	0
8049	0
8050	0
8051	0
8052	0
8053	0
8054	0
8055	0
8056	0
8057	0
8058	0
8059	0
8060	0
8061	0
8062	0
8063	0
8064	0
8065	0
8066	0
8067	0
8068	0
8069	0
8070	0
8071	0
8072	0
8073	0
8074	0
8075	0
8076	0
8077	0
8078	0
8079	0
8080	0
8081	0
8082	0
8083	0
8084	0
8085	0
8086	0
8087	0
8088	0
8089	0
8090	0
8091	0
8092	0
8093	0
8094	0
8095	0
8096	0
8097	0
8098	0
8099	0
8100	0
8101	0
8102	0
8103	0
8104	0
8105	0
8106	0
8107	0
8108	0
8109	0
8110	0
8111	0
8112	0
8113	0
8114	0
8115	0
8116	0
8117	0
8118	0
8119	0
8120	0
8121	0
8122	0
8123	0
8124	0
8125	0
8126	0
8127	0
8128	0
8129	0
8130	0
8131	0
8132	0
8133	0
8134	0
8135	0
8136	0
8137	0
8138	0
8139	0
8140	0
8141	0
8142	0
8143	0
8144	0
8145	0
8146	0
8147	0
8148	0
8149	0
8150	0
8151	0
8152	0
8153	0
8154	0
8155	0
8156	0
8157	0
8158	0
8159	0
8160	0
8161	0
8162	0
8163	0
8164	0
8165	0
8166	0
8167	0
8168	0
8169	0
8170	0
8171	0
8172	0
8173	0
8174	0
8175	0
8176	0
8177	0
8178	0
8179	0
8180	0
8181	0
8182	0
8183	0
8184	0
8185	0
8186	0
8187	0
8188	0
8189	0
8190	0
8191	0
