0	0
1	0
2	0
3	0
4	0
5	0
6	0
7	0
8	0
9	0
10	0
11	0
12	0
13	0
14	0
15	0
16	0
17	0
18	0
19	0
20	0
21	0
22	0
23	0
24	0
25	0
26	0
27	0
28	0
29	0
30	0
31	0
32	0
33	0
34	0
35	0
36	0
37	0
38	0
39	0
40	0
41	0
42	0
43	0
44	0
45	0
46	0
47	0
48	0
49	0
50	0
51	0
52	0
53	0
54	0
55	0
56	0
57	0
58	0
59	0
60	0
61	0
62	0
63	0
64	0
65	0
66	0
67	0
68	0
69	0
70	0
71	0
72	0
73	0
74	0
75	0
76	0
77	0
78	1
79	0
80	0
81	0
82	0
83	4
84	3
85	4
86	10
87	7
88	6
89	6
90	8
91	13
92	7
93	9
94	12
95	8
96	15
97	9
98	8
99	12
100	9
101	4
102	7
103	7
104	6
105	7
106	7
107	4
108	9
109	11
110	5
111	12
112	6
113	6
114	8
115	6
116	13
117	7
118	5
119	8
120	13
121	6
122	13
123	8
124	5
125	10
126	8
127	13
128	9
129	10
130	6
131	8
132	9
133	6
134	14
135	6
136	14
137	6
138	10
139	10
140	9
141	7
142	8
143	7
144	7
145	7
146	10
147	7
148	10
149	5
150	4
151	12
152	13
153	11
154	11
155	12
156	14
157	11
158	8
159	15
160	8
161	12
162	14
163	13
164	7
165	8
166	10
167	14
168	8
169	9
170	7
171	9
172	7
173	13
174	9
175	5
176	9
177	10
178	12
179	7
180	6
181	8
182	1
183	9
184	9
185	15
186	10
187	6
188	11
189	9
190	10
191	9
192	8
193	11
194	7
195	7
196	7
197	14
198	14
199	7
200	10
201	16
202	8
203	12
204	11
205	17
206	11
207	17
208	9
209	11
210	9
211	12
212	3
213	10
214	20
215	10
216	11
217	12
218	14
219	12
220	13
221	5
222	16
223	12
224	12
225	12
226	10
227	14
228	13
229	12
230	18
231	10
232	6
233	6
234	10
235	15
236	11
237	18
238	12
239	14
240	10
241	8
242	4
243	7
244	10
245	13
246	17
247	18
248	13
249	7
250	20
251	10
252	8
253	14
254	11
255	14
256	11
257	13
258	14
259	7
260	14
261	9
262	10
263	13
264	10
265	18
266	14
267	11
268	15
269	5
270	7
271	10
272	11
273	11
274	11
275	11
276	9
277	13
278	13
279	16
280	14
281	18
282	15
283	12
284	11
285	14
286	14
287	4
288	10
289	20
290	13
291	12
292	10
293	8
294	11
295	6
296	17
297	11
298	17
299	6
300	11
301	9
302	6
303	12
304	8
305	6
306	10
307	13
308	16
309	16
310	9
311	8
312	5
313	11
314	15
315	18
316	11
317	12
318	11
319	10
320	16
321	11
322	11
323	10
324	10
325	9
326	9
327	15
328	10
329	11
330	7
331	17
332	11
333	14
334	12
335	12
336	4
337	3
338	10
339	7
340	13
341	5
342	14
343	15
344	14
345	9
346	14
347	14
348	18
349	14
350	6
351	8
352	17
353	11
354	16
355	9
356	10
357	14
358	11
359	9
360	16
361	17
362	16
363	15
364	9
365	9
366	11
367	12
368	13
369	12
370	10
371	13
372	12
373	17
374	13
375	9
376	13
377	10
378	9
379	7
380	8
381	9
382	11
383	11
384	8
385	16
386	10
387	7
388	10
389	10
390	16
391	15
392	18
393	9
394	15
395	8
396	8
397	16
398	8
399	13
400	19
401	15
402	21
403	13
404	13
405	12
406	14
407	14
408	9
409	18
410	13
411	7
412	11
413	13
414	13
415	8
416	14
417	10
418	17
419	12
420	9
421	9
422	10
423	19
424	12
425	24
426	14
427	14
428	8
429	13
430	10
431	16
432	13
433	12
434	18
435	11
436	20
437	14
438	10
439	15
440	24
441	16
442	14
443	18
444	8
445	19
446	12
447	12
448	13
449	11
450	11
451	12
452	21
453	14
454	16
455	13
456	22
457	11
458	14
459	21
460	13
461	16
462	17
463	18
464	16
465	13
466	18
467	16
468	20
469	20
470	16
471	12
472	12
473	16
474	14
475	23
476	18
477	14
478	25
479	13
480	20
481	23
482	22
483	28
484	15
485	24
486	27
487	19
488	25
489	24
490	28
491	18
492	27
493	37
494	24
495	25
496	24
497	27
498	24
499	36
500	21
501	18
502	23
503	22
504	22
505	26
506	29
507	25
508	27
509	27
510	34
511	37
512	19
513	32
514	35
515	26
516	22
517	17
518	22
519	17
520	29
521	41
522	17
523	20
524	22
525	27
526	26
527	22
528	24
529	26
530	18
531	24
532	29
533	27
534	28
535	24
536	33
537	29
538	23
539	23
540	25
541	29
542	31
543	20
544	22
545	26
546	27
547	31
548	20
549	23
550	16
551	20
552	15
553	25
554	23
555	29
556	32
557	23
558	18
559	27
560	30
561	28
562	21
563	20
564	28
565	29
566	28
567	21
568	17
569	27
570	18
571	25
572	20
573	28
574	20
575	19
576	23
577	15
578	17
579	26
580	23
581	26
582	21
583	21
584	22
585	14
586	24
587	21
588	20
589	27
590	22
591	19
592	23
593	22
594	22
595	25
596	24
597	18
598	21
599	24
600	18
601	12
602	32
603	23
604	29
605	21
606	17
607	20
608	19
609	18
610	26
611	15
612	21
613	16
614	14
615	16
616	22
617	18
618	24
619	24
620	22
621	25
622	14
623	22
624	13
625	21
626	17
627	24
628	15
629	15
630	19
631	21
632	19
633	12
634	21
635	19
636	14
637	19
638	15
639	18
640	24
641	16
642	19
643	14
644	18
645	17
646	18
647	21
648	25
649	13
650	26
651	21
652	19
653	16
654	10
655	17
656	17
657	8
658	26
659	16
660	24
661	17
662	21
663	15
664	13
665	12
666	14
667	18
668	17
669	13
670	21
671	13
672	21
673	17
674	27
675	21
676	12
677	17
678	23
679	13
680	17
681	12
682	17
683	18
684	16
685	10
686	18
687	18
688	18
689	24
690	13
691	21
692	23
693	13
694	14
695	12
696	23
697	17
698	19
699	15
700	14
701	10
702	19
703	24
704	20
705	22
706	20
707	19
708	12
709	17
710	26
711	11
712	23
713	24
714	27
715	14
716	13
717	13
718	25
719	19
720	19
721	23
722	21
723	20
724	18
725	17
726	18
727	17
728	17
729	17
730	12
731	17
732	17
733	19
734	21
735	20
736	24
737	20
738	18
739	14
740	16
741	15
742	20
743	27
744	27
745	18
746	24
747	16
748	19
749	18
750	19
751	16
752	18
753	22
754	20
755	20
756	14
757	17
758	18
759	12
760	17
761	18
762	24
763	28
764	15
765	22
766	27
767	22
768	27
769	13
770	13
771	22
772	19
773	19
774	22
775	23
776	17
777	24
778	26
779	23
780	18
781	21
782	14
783	15
784	17
785	22
786	28
787	17
788	33
789	28
790	17
791	20
792	23
793	23
794	21
795	22
796	16
797	30
798	11
799	9
800	23
801	26
802	27
803	14
804	12
805	23
806	20
807	28
808	21
809	21
810	29
811	21
812	16
813	27
814	26
815	23
816	17
817	21
818	29
819	25
820	19
821	32
822	17
823	17
824	28
825	27
826	16
827	24
828	26
829	22
830	18
831	19
832	24
833	20
834	25
835	17
836	30
837	20
838	27
839	17
840	23
841	21
842	27
843	11
844	21
845	16
846	24
847	14
848	20
849	25
850	24
851	22
852	13
853	31
854	22
855	19
856	19
857	27
858	13
859	27
860	26
861	23
862	20
863	22
864	26
865	29
866	26
867	23
868	18
869	29
870	18
871	28
872	27
873	19
874	29
875	24
876	26
877	20
878	34
879	30
880	19
881	25
882	19
883	21
884	17
885	25
886	25
887	28
888	25
889	29
890	17
891	17
892	27
893	22
894	25
895	28
896	20
897	20
898	24
899	29
900	30
901	22
902	27
903	22
904	29
905	25
906	18
907	18
908	30
909	31
910	33
911	32
912	25
913	27
914	28
915	26
916	20
917	30
918	27
919	34
920	24
921	28
922	24
923	29
924	20
925	25
926	24
927	25
928	26
929	34
930	27
931	18
932	25
933	22
934	27
935	23
936	31
937	25
938	27
939	24
940	32
941	21
942	26
943	34
944	28
945	20
946	21
947	29
948	29
949	24
950	22
951	30
952	33
953	29
954	24
955	17
956	25
957	32
958	30
959	24
960	17
961	28
962	26
963	27
964	29
965	25
966	32
967	26
968	22
969	32
970	28
971	20
972	30
973	22
974	25
975	34
976	30
977	35
978	32
979	38
980	19
981	25
982	24
983	22
984	21
985	28
986	27
987	29
988	24
989	32
990	27
991	19
992	35
993	31
994	37
995	29
996	40
997	24
998	25
999	21
1000	26
1001	19
1002	23
1003	28
1004	29
1005	22
1006	31
1007	29
1008	28
1009	30
1010	23
1011	41
1012	32
1013	33
1014	30
1015	36
1016	26
1017	31
1018	28
1019	34
1020	21
1021	29
1022	26
1023	34
1024	28
1025	33
1026	33
1027	21
1028	30
1029	21
1030	38
1031	30
1032	28
1033	35
1034	23
1035	33
1036	35
1037	30
1038	19
1039	26
1040	22
1041	37
1042	27
1043	38
1044	29
1045	32
1046	29
1047	31
1048	27
1049	26
1050	29
1051	26
1052	24
1053	42
1054	32
1055	37
1056	31
1057	28
1058	41
1059	29
1060	30
1061	37
1062	35
1063	22
1064	36
1065	25
1066	26
1067	30
1068	22
1069	28
1070	29
1071	27
1072	24
1073	16
1074	33
1075	32
1076	28
1077	20
1078	32
1079	31
1080	26
1081	34
1082	29
1083	27
1084	31
1085	31
1086	39
1087	33
1088	30
1089	32
1090	30
1091	27
1092	34
1093	32
1094	24
1095	25
1096	29
1097	27
1098	42
1099	28
1100	26
1101	32
1102	31
1103	28
1104	40
1105	30
1106	23
1107	26
1108	49
1109	35
1110	29
1111	32
1112	32
1113	37
1114	31
1115	31
1116	32
1117	41
1118	27
1119	32
1120	23
1121	27
1122	35
1123	30
1124	41
1125	34
1126	21
1127	34
1128	34
1129	25
1130	40
1131	25
1132	32
1133	35
1134	35
1135	29
1136	30
1137	36
1138	28
1139	23
1140	33
1141	29
1142	34
1143	38
1144	35
1145	33
1146	34
1147	37
1148	31
1149	40
1150	16
1151	48
1152	37
1153	29
1154	29
1155	40
1156	24
1157	43
1158	27
1159	31
1160	41
1161	26
1162	21
1163	27
1164	37
1165	33
1166	38
1167	41
1168	30
1169	41
1170	34
1171	32
1172	29
1173	26
1174	36
1175	29
1176	41
1177	33
1178	40
1179	26
1180	33
1181	26
1182	37
1183	23
1184	32
1185	35
1186	33
1187	38
1188	34
1189	37
1190	28
1191	34
1192	36
1193	28
1194	30
1195	33
1196	46
1197	37
1198	21
1199	38
1200	33
1201	31
1202	25
1203	32
1204	35
1205	42
1206	28
1207	31
1208	21
1209	39
1210	26
1211	36
1212	28
1213	35
1214	37
1215	43
1216	42
1217	30
1218	27
1219	25
1220	33
1221	34
1222	33
1223	37
1224	40
1225	37
1226	40
1227	36
1228	30
1229	34
1230	37
1231	36
1232	22
1233	57
1234	27
1235	34
1236	36
1237	30
1238	40
1239	35
1240	25
1241	31
1242	43
1243	29
1244	38
1245	48
1246	43
1247	38
1248	43
1249	28
1250	28
1251	40
1252	44
1253	36
1254	32
1255	33
1256	31
1257	32
1258	24
1259	35
1260	33
1261	33
1262	24
1263	50
1264	30
1265	43
1266	41
1267	31
1268	51
1269	27
1270	36
1271	42
1272	40
1273	33
1274	40
1275	40
1276	43
1277	40
1278	35
1279	35
1280	42
1281	33
1282	26
1283	41
1284	33
1285	55
1286	24
1287	45
1288	40
1289	36
1290	33
1291	40
1292	39
1293	42
1294	42
1295	47
1296	33
1297	37
1298	36
1299	38
1300	29
1301	34
1302	35
1303	35
1304	30
1305	43
1306	47
1307	40
1308	45
1309	38
1310	44
1311	39
1312	42
1313	31
1314	29
1315	44
1316	38
1317	39
1318	38
1319	44
1320	30
1321	42
1322	36
1323	42
1324	41
1325	33
1326	31
1327	27
1328	41
1329	35
1330	42
1331	52
1332	38
1333	52
1334	42
1335	37
1336	52
1337	44
1338	38
1339	36
1340	51
1341	45
1342	34
1343	37
1344	42
1345	46
1346	40
1347	42
1348	45
1349	54
1350	51
1351	47
1352	47
1353	43
1354	30
1355	43
1356	42
1357	41
1358	41
1359	46
1360	35
1361	33
1362	36
1363	44
1364	47
1365	44
1366	46
1367	53
1368	46
1369	50
1370	43
1371	46
1372	55
1373	38
1374	48
1375	45
1376	46
1377	49
1378	45
1379	43
1380	45
1381	46
1382	50
1383	49
1384	49
1385	45
1386	51
1387	29
1388	41
1389	45
1390	40
1391	43
1392	50
1393	50
1394	54
1395	47
1396	37
1397	45
1398	62
1399	51
1400	70
1401	71
1402	46
1403	55
1404	48
1405	55
1406	42
1407	48
1408	46
1409	56
1410	44
1411	46
1412	51
1413	53
1414	57
1415	49
1416	53
1417	43
1418	52
1419	51
1420	53
1421	54
1422	58
1423	62
1424	58
1425	46
1426	60
1427	69
1428	54
1429	58
1430	65
1431	48
1432	61
1433	65
1434	54
1435	55
1436	56
1437	54
1438	65
1439	64
1440	59
1441	61
1442	62
1443	65
1444	54
1445	59
1446	70
1447	72
1448	57
1449	58
1450	58
1451	59
1452	67
1453	69
1454	53
1455	63
1456	53
1457	61
1458	55
1459	73
1460	65
1461	69
1462	60
1463	68
1464	62
1465	55
1466	55
1467	52
1468	59
1469	69
1470	53
1471	67
1472	68
1473	73
1474	44
1475	68
1476	60
1477	62
1478	68
1479	63
1480	71
1481	72
1482	70
1483	71
1484	66
1485	61
1486	75
1487	60
1488	55
1489	59
1490	52
1491	70
1492	75
1493	73
1494	71
1495	65
1496	82
1497	76
1498	63
1499	79
1500	68
1501	64
1502	56
1503	59
1504	60
1505	69
1506	73
1507	64
1508	72
1509	60
1510	62
1511	78
1512	58
1513	59
1514	56
1515	66
1516	73
1517	73
1518	56
1519	74
1520	65
1521	58
1522	58
1523	60
1524	73
1525	59
1526	67
1527	57
1528	60
1529	66
1530	54
1531	63
1532	55
1533	64
1534	71
1535	58
1536	54
1537	47
1538	53
1539	68
1540	51
1541	50
1542	65
1543	71
1544	51
1545	65
1546	63
1547	62
1548	53
1549	60
1550	50
1551	56
1552	59
1553	59
1554	48
1555	69
1556	55
1557	64
1558	50
1559	54
1560	63
1561	51
1562	63
1563	58
1564	55
1565	50
1566	54
1567	52
1568	60
1569	51
1570	54
1571	64
1572	37
1573	64
1574	63
1575	45
1576	45
1577	63
1578	53
1579	43
1580	68
1581	43
1582	65
1583	42
1584	40
1585	50
1586	51
1587	57
1588	53
1589	34
1590	30
1591	55
1592	48
1593	50
1594	45
1595	38
1596	35
1597	39
1598	46
1599	45
1600	43
1601	42
1602	64
1603	35
1604	47
1605	44
1606	45
1607	36
1608	53
1609	48
1610	40
1611	46
1612	45
1613	35
1614	47
1615	49
1616	51
1617	50
1618	45
1619	45
1620	43
1621	37
1622	47
1623	46
1624	46
1625	43
1626	50
1627	47
1628	44
1629	32
1630	40
1631	41
1632	49
1633	49
1634	38
1635	50
1636	36
1637	49
1638	36
1639	49
1640	38
1641	32
1642	31
1643	37
1644	41
1645	48
1646	33
1647	46
1648	34
1649	38
1650	39
1651	32
1652	35
1653	44
1654	41
1655	31
1656	40
1657	41
1658	33
1659	41
1660	32
1661	28
1662	38
1663	40
1664	22
1665	20
1666	28
1667	35
1668	39
1669	47
1670	39
1671	55
1672	32
1673	30
1674	38
1675	35
1676	26
1677	30
1678	38
1679	31
1680	38
1681	35
1682	31
1683	33
1684	43
1685	33
1686	24
1687	29
1688	33
1689	24
1690	32
1691	41
1692	25
1693	29
1694	32
1695	32
1696	36
1697	30
1698	30
1699	37
1700	41
1701	37
1702	27
1703	19
1704	27
1705	37
1706	34
1707	27
1708	20
1709	32
1710	25
1711	27
1712	39
1713	33
1714	34
1715	32
1716	24
1717	31
1718	26
1719	24
1720	31
1721	29
1722	23
1723	28
1724	23
1725	25
1726	35
1727	26
1728	25
1729	26
1730	18
1731	31
1732	23
1733	21
1734	29
1735	34
1736	22
1737	24
1738	27
1739	29
1740	26
1741	33
1742	19
1743	20
1744	24
1745	27
1746	19
1747	19
1748	21
1749	29
1750	26
1751	20
1752	20
1753	23
1754	21
1755	26
1756	27
1757	23
1758	18
1759	28
1760	27
1761	17
1762	28
1763	23
1764	17
1765	22
1766	18
1767	21
1768	20
1769	20
1770	24
1771	25
1772	29
1773	23
1774	24
1775	27
1776	23
1777	27
1778	18
1779	14
1780	21
1781	25
1782	23
1783	24
1784	26
1785	18
1786	23
1787	26
1788	30
1789	18
1790	21
1791	20
1792	24
1793	14
1794	19
1795	24
1796	18
1797	25
1798	27
1799	21
1800	17
1801	26
1802	18
1803	29
1804	17
1805	19
1806	15
1807	22
1808	25
1809	12
1810	28
1811	16
1812	17
1813	14
1814	14
1815	19
1816	20
1817	28
1818	32
1819	21
1820	13
1821	18
1822	15
1823	22
1824	16
1825	16
1826	24
1827	19
1828	17
1829	23
1830	18
1831	23
1832	21
1833	20
1834	18
1835	18
1836	10
1837	14
1838	15
1839	17
1840	11
1841	13
1842	12
1843	14
1844	19
1845	24
1846	18
1847	12
1848	12
1849	18
1850	12
1851	14
1852	23
1853	23
1854	26
1855	15
1856	21
1857	20
1858	22
1859	28
1860	19
1861	11
1862	15
1863	19
1864	25
1865	20
1866	16
1867	15
1868	17
1869	21
1870	24
1871	20
1872	11
1873	24
1874	16
1875	10
1876	23
1877	19
1878	17
1879	21
1880	15
1881	12
1882	20
1883	19
1884	20
1885	16
1886	11
1887	17
1888	17
1889	18
1890	14
1891	15
1892	23
1893	22
1894	19
1895	13
1896	21
1897	15
1898	22
1899	19
1900	21
1901	28
1902	10
1903	26
1904	13
1905	14
1906	16
1907	14
1908	8
1909	13
1910	9
1911	21
1912	11
1913	17
1914	20
1915	11
1916	17
1917	13
1918	24
1919	24
1920	18
1921	17
1922	21
1923	13
1924	16
1925	15
1926	12
1927	11
1928	18
1929	21
1930	13
1931	26
1932	15
1933	17
1934	14
1935	12
1936	15
1937	17
1938	13
1939	14
1940	19
1941	27
1942	19
1943	21
1944	14
1945	13
1946	14
1947	10
1948	20
1949	14
1950	13
1951	10
1952	23
1953	14
1954	22
1955	14
1956	16
1957	14
1958	14
1959	23
1960	12
1961	16
1962	12
1963	16
1964	14
1965	21
1966	14
1967	21
1968	12
1969	18
1970	13
1971	16
1972	20
1973	20
1974	10
1975	10
1976	13
1977	8
1978	13
1979	17
1980	11
1981	18
1982	12
1983	16
1984	14
1985	18
1986	18
1987	23
1988	19
1989	13
1990	13
1991	14
1992	15
1993	19
1994	18
1995	14
1996	20
1997	12
1998	18
1999	18
2000	22
2001	16
2002	11
2003	13
2004	15
2005	15
2006	10
2007	17
2008	11
2009	12
2010	6
2011	14
2012	16
2013	13
2014	14
2015	16
2016	18
2017	13
2018	16
2019	15
2020	12
2021	17
2022	18
2023	16
2024	12
2025	15
2026	13
2027	14
2028	18
2029	12
2030	13
2031	12
2032	11
2033	18
2034	11
2035	16
2036	15
2037	13
2038	17
2039	10
2040	10
2041	15
2042	10
2043	14
2044	15
2045	23
2046	19
2047	10
2048	12
2049	10
2050	13
2051	11
2052	15
2053	19
2054	10
2055	15
2056	22
2057	14
2058	8
2059	14
2060	14
2061	11
2062	11
2063	11
2064	17
2065	16
2066	10
2067	17
2068	21
2069	16
2070	12
2071	6
2072	15
2073	16
2074	11
2075	11
2076	8
2077	17
2078	14
2079	14
2080	10
2081	12
2082	12
2083	11
2084	16
2085	13
2086	8
2087	15
2088	15
2089	9
2090	10
2091	12
2092	14
2093	7
2094	18
2095	11
2096	12
2097	9
2098	14
2099	15
2100	16
2101	12
2102	10
2103	14
2104	17
2105	12
2106	13
2107	15
2108	9
2109	17
2110	14
2111	8
2112	10
2113	11
2114	14
2115	13
2116	11
2117	14
2118	10
2119	17
2120	10
2121	16
2122	13
2123	17
2124	16
2125	16
2126	14
2127	17
2128	18
2129	10
2130	12
2131	14
2132	17
2133	12
2134	14
2135	11
2136	10
2137	14
2138	11
2139	10
2140	9
2141	17
2142	13
2143	15
2144	13
2145	6
2146	12
2147	10
2148	13
2149	7
2150	16
2151	9
2152	8
2153	14
2154	4
2155	11
2156	6
2157	12
2158	12
2159	7
2160	11
2161	13
2162	12
2163	14
2164	13
2165	11
2166	7
2167	14
2168	13
2169	17
2170	16
2171	7
2172	15
2173	13
2174	11
2175	9
2176	9
2177	12
2178	10
2179	10
2180	11
2181	11
2182	17
2183	10
2184	10
2185	17
2186	11
2187	11
2188	17
2189	10
2190	10
2191	10
2192	12
2193	13
2194	18
2195	7
2196	14
2197	16
2198	15
2199	18
2200	13
2201	14
2202	9
2203	15
2204	9
2205	10
2206	8
2207	15
2208	13
2209	14
2210	15
2211	11
2212	8
2213	12
2214	14
2215	12
2216	15
2217	12
2218	15
2219	14
2220	6
2221	12
2222	8
2223	15
2224	7
2225	18
2226	8
2227	15
2228	10
2229	14
2230	13
2231	6
2232	14
2233	11
2234	12
2235	17
2236	8
2237	13
2238	10
2239	14
2240	10
2241	14
2242	9
2243	12
2244	8
2245	12
2246	12
2247	13
2248	9
2249	18
2250	10
2251	8
2252	15
2253	11
2254	5
2255	16
2256	8
2257	18
2258	14
2259	16
2260	7
2261	10
2262	12
2263	16
2264	15
2265	8
2266	11
2267	11
2268	11
2269	8
2270	11
2271	11
2272	11
2273	11
2274	14
2275	7
2276	18
2277	12
2278	14
2279	12
2280	9
2281	11
2282	15
2283	14
2284	8
2285	14
2286	12
2287	17
2288	14
2289	12
2290	11
2291	9
2292	8
2293	13
2294	11
2295	16
2296	7
2297	7
2298	10
2299	8
2300	18
2301	12
2302	4
2303	10
2304	9
2305	12
2306	6
2307	10
2308	14
2309	11
2310	8
2311	10
2312	14
2313	11
2314	6
2315	6
2316	8
2317	12
2318	8
2319	16
2320	9
2321	4
2322	12
2323	9
2324	13
2325	16
2326	8
2327	12
2328	9
2329	15
2330	4
2331	11
2332	11
2333	8
2334	8
2335	6
2336	15
2337	15
2338	9
2339	12
2340	10
2341	10
2342	9
2343	11
2344	14
2345	12
2346	14
2347	9
2348	8
2349	13
2350	10
2351	8
2352	15
2353	11
2354	8
2355	6
2356	8
2357	6
2358	9
2359	8
2360	9
2361	8
2362	4
2363	7
2364	17
2365	5
2366	10
2367	11
2368	13
2369	9
2370	12
2371	11
2372	12
2373	11
2374	8
2375	9
2376	8
2377	11
2378	12
2379	6
2380	10
2381	9
2382	8
2383	12
2384	7
2385	6
2386	9
2387	13
2388	6
2389	8
2390	8
2391	11
2392	8
2393	7
2394	12
2395	14
2396	17
2397	11
2398	9
2399	12
2400	8
2401	12
2402	10
2403	8
2404	7
2405	10
2406	6
2407	7
2408	11
2409	7
2410	9
2411	13
2412	4
2413	12
2414	12
2415	9
2416	9
2417	10
2418	9
2419	10
2420	8
2421	11
2422	17
2423	7
2424	4
2425	11
2426	6
2427	9
2428	9
2429	6
2430	14
2431	9
2432	6
2433	9
2434	10
2435	12
2436	12
2437	7
2438	18
2439	10
2440	8
2441	7
2442	8
2443	10
2444	9
2445	8
2446	7
2447	6
2448	6
2449	11
2450	13
2451	7
2452	8
2453	11
2454	10
2455	10
2456	7
2457	6
2458	5
2459	9
2460	8
2461	9
2462	11
2463	9
2464	10
2465	10
2466	6
2467	10
2468	5
2469	11
2470	4
2471	7
2472	9
2473	8
2474	6
2475	5
2476	7
2477	11
2478	11
2479	8
2480	6
2481	10
2482	9
2483	9
2484	7
2485	9
2486	10
2487	11
2488	13
2489	5
2490	10
2491	8
2492	17
2493	11
2494	9
2495	6
2496	7
2497	15
2498	10
2499	7
2500	11
2501	9
2502	6
2503	12
2504	10
2505	7
2506	10
2507	6
2508	9
2509	8
2510	7
2511	11
2512	8
2513	8
2514	7
2515	10
2516	4
2517	7
2518	11
2519	10
2520	8
2521	9
2522	11
2523	7
2524	5
2525	11
2526	12
2527	9
2528	11
2529	8
2530	9
2531	14
2532	14
2533	11
2534	12
2535	13
2536	7
2537	10
2538	8
2539	11
2540	12
2541	7
2542	10
2543	12
2544	10
2545	11
2546	6
2547	13
2548	10
2549	10
2550	4
2551	10
2552	13
2553	7
2554	6
2555	7
2556	15
2557	8
2558	6
2559	5
2560	9
2561	10
2562	7
2563	13
2564	7
2565	12
2566	10
2567	7
2568	6
2569	18
2570	19
2571	10
2572	6
2573	12
2574	10
2575	7
2576	9
2577	4
2578	15
2579	12
2580	8
2581	7
2582	6
2583	8
2584	7
2585	13
2586	6
2587	6
2588	6
2589	12
2590	13
2591	4
2592	6
2593	9
2594	5
2595	14
2596	5
2597	14
2598	6
2599	10
2600	8
2601	10
2602	6
2603	3
2604	10
2605	4
2606	8
2607	8
2608	7
2609	7
2610	16
2611	7
2612	12
2613	8
2614	8
2615	16
2616	11
2617	7
2618	4
2619	12
2620	6
2621	6
2622	14
2623	9
2624	14
2625	6
2626	9
2627	5
2628	11
2629	11
2630	8
2631	11
2632	7
2633	7
2634	11
2635	5
2636	10
2637	9
2638	9
2639	4
2640	9
2641	12
2642	12
2643	10
2644	7
2645	7
2646	16
2647	8
2648	12
2649	6
2650	16
2651	12
2652	9
2653	8
2654	6
2655	4
2656	13
2657	6
2658	7
2659	8
2660	4
2661	14
2662	8
2663	12
2664	12
2665	11
2666	8
2667	10
2668	12
2669	9
2670	4
2671	10
2672	6
2673	8
2674	11
2675	9
2676	4
2677	9
2678	6
2679	10
2680	6
2681	6
2682	7
2683	11
2684	8
2685	12
2686	7
2687	6
2688	6
2689	6
2690	9
2691	11
2692	6
2693	9
2694	11
2695	11
2696	9
2697	7
2698	6
2699	12
2700	8
2701	8
2702	6
2703	10
2704	7
2705	10
2706	10
2707	10
2708	8
2709	5
2710	11
2711	9
2712	9
2713	10
2714	9
2715	10
2716	9
2717	10
2718	6
2719	3
2720	8
2721	7
2722	2
2723	10
2724	10
2725	10
2726	7
2727	14
2728	11
2729	8
2730	5
2731	11
2732	7
2733	4
2734	5
2735	15
2736	8
2737	5
2738	7
2739	7
2740	10
2741	6
2742	8
2743	8
2744	7
2745	11
2746	7
2747	6
2748	6
2749	9
2750	6
2751	7
2752	7
2753	9
2754	5
2755	13
2756	4
2757	9
2758	9
2759	7
2760	6
2761	5
2762	7
2763	11
2764	8
2765	6
2766	7
2767	7
2768	9
2769	10
2770	7
2771	8
2772	4
2773	6
2774	6
2775	7
2776	7
2777	8
2778	11
2779	9
2780	7
2781	6
2782	4
2783	6
2784	5
2785	9
2786	10
2787	5
2788	6
2789	9
2790	10
2791	11
2792	8
2793	8
2794	9
2795	5
2796	7
2797	5
2798	8
2799	9
2800	10
2801	7
2802	8
2803	9
2804	6
2805	5
2806	7
2807	7
2808	10
2809	9
2810	8
2811	9
2812	14
2813	9
2814	10
2815	11
2816	11
2817	7
2818	7
2819	7
2820	10
2821	13
2822	12
2823	7
2824	4
2825	8
2826	9
2827	6
2828	6
2829	8
2830	11
2831	12
2832	8
2833	6
2834	7
2835	8
2836	6
2837	13
2838	9
2839	6
2840	6
2841	13
2842	12
2843	5
2844	17
2845	10
2846	4
2847	15
2848	3
2849	11
2850	9
2851	1
2852	8
2853	5
2854	11
2855	6
2856	6
2857	10
2858	4
2859	7
2860	6
2861	13
2862	10
2863	7
2864	12
2865	3
2866	8
2867	2
2868	7
2869	4
2870	7
2871	5
2872	8
2873	7
2874	17
2875	6
2876	9
2877	5
2878	3
2879	7
2880	5
2881	6
2882	7
2883	8
2884	6
2885	10
2886	9
2887	8
2888	7
2889	14
2890	13
2891	10
2892	7
2893	7
2894	6
2895	15
2896	6
2897	10
2898	10
2899	6
2900	9
2901	9
2902	7
2903	4
2904	12
2905	9
2906	7
2907	9
2908	3
2909	7
2910	8
2911	7
2912	10
2913	11
2914	11
2915	10
2916	13
2917	3
2918	8
2919	10
2920	6
2921	4
2922	6
2923	6
2924	7
2925	6
2926	6
2927	7
2928	3
2929	10
2930	6
2931	9
2932	3
2933	8
2934	4
2935	15
2936	8
2937	4
2938	5
2939	8
2940	8
2941	7
2942	7
2943	10
2944	7
2945	9
2946	9
2947	5
2948	7
2949	6
2950	9
2951	7
2952	8
2953	6
2954	8
2955	8
2956	10
2957	5
2958	10
2959	11
2960	9
2961	8
2962	12
2963	9
2964	5
2965	6
2966	13
2967	8
2968	5
2969	4
2970	4
2971	5
2972	8
2973	7
2974	13
2975	4
2976	4
2977	3
2978	10
2979	8
2980	7
2981	6
2982	7
2983	9
2984	4
2985	5
2986	4
2987	8
2988	9
2989	5
2990	3
2991	9
2992	6
2993	11
2994	5
2995	10
2996	2
2997	3
2998	8
2999	5
3000	5
3001	12
3002	6
3003	4
3004	6
3005	6
3006	6
3007	6
3008	5
3009	10
3010	4
3011	4
3012	4
3013	10
3014	7
3015	10
3016	10
3017	11
3018	4
3019	7
3020	6
3021	5
3022	5
3023	5
3024	5
3025	3
3026	9
3027	8
3028	14
3029	6
3030	8
3031	8
3032	6
3033	9
3034	1
3035	5
3036	5
3037	2
3038	3
3039	4
3040	8
3041	5
3042	8
3043	7
3044	9
3045	9
3046	6
3047	10
3048	7
3049	13
3050	7
3051	12
3052	5
3053	7
3054	5
3055	7
3056	8
3057	7
3058	6
3059	9
3060	11
3061	12
3062	4
3063	19
3064	11
3065	11
3066	11
3067	10
3068	7
3069	11
3070	8
3071	12
3072	5
3073	8
3074	4
3075	3
3076	6
3077	7
3078	10
3079	1
3080	7
3081	9
3082	6
3083	8
3084	6
3085	5
3086	5
3087	11
3088	13
3089	10
3090	4
3091	2
3092	10
3093	6
3094	10
3095	10
3096	4
3097	10
3098	8
3099	9
3100	8
3101	5
3102	8
3103	7
3104	6
3105	6
3106	9
3107	8
3108	8
3109	3
3110	8
3111	6
3112	1
3113	10
3114	4
3115	10
3116	10
3117	6
3118	3
3119	7
3120	7
3121	8
3122	11
3123	10
3124	7
3125	4
3126	7
3127	7
3128	5
3129	9
3130	12
3131	6
3132	7
3133	7
3134	10
3135	10
3136	9
3137	8
3138	7
3139	10
3140	6
3141	10
3142	9
3143	7
3144	9
3145	6
3146	5
3147	7
3148	5
3149	10
3150	7
3151	7
3152	11
3153	5
3154	4
3155	7
3156	4
3157	4
3158	4
3159	10
3160	6
3161	11
3162	7
3163	7
3164	5
3165	7
3166	10
3167	7
3168	2
3169	8
3170	19
3171	8
3172	7
3173	7
3174	6
3175	11
3176	9
3177	4
3178	10
3179	3
3180	7
3181	9
3182	9
3183	9
3184	9
3185	5
3186	8
3187	7
3188	5
3189	8
3190	3
3191	6
3192	10
3193	7
3194	8
3195	4
3196	10
3197	10
3198	6
3199	3
3200	6
3201	9
3202	5
3203	12
3204	8
3205	8
3206	2
3207	6
3208	10
3209	5
3210	2
3211	7
3212	4
3213	13
3214	8
3215	7
3216	7
3217	6
3218	10
3219	6
3220	4
3221	14
3222	7
3223	6
3224	4
3225	6
3226	11
3227	9
3228	5
3229	10
3230	4
3231	8
3232	7
3233	10
3234	5
3235	9
3236	6
3237	6
3238	10
3239	8
3240	9
3241	10
3242	9
3243	5
3244	7
3245	3
3246	5
3247	8
3248	2
3249	9
3250	8
3251	6
3252	8
3253	8
3254	8
3255	11
3256	4
3257	4
3258	8
3259	5
3260	10
3261	13
3262	7
3263	4
3264	5
3265	5
3266	6
3267	11
3268	5
3269	5
3270	6
3271	8
3272	8
3273	8
3274	16
3275	8
3276	9
3277	6
3278	6
3279	9
3280	6
3281	8
3282	6
3283	7
3284	7
3285	8
3286	5
3287	7
3288	7
3289	8
3290	8
3291	11
3292	9
3293	4
3294	6
3295	5
3296	7
3297	0
3298	13
3299	6
3300	12
3301	11
3302	10
3303	12
3304	4
3305	8
3306	8
3307	9
3308	5
3309	5
3310	6
3311	9
3312	9
3313	8
3314	7
3315	7
3316	8
3317	4
3318	6
3319	6
3320	2
3321	9
3322	2
3323	3
3324	9
3325	7
3326	8
3327	9
3328	8
3329	10
3330	12
3331	6
3332	7
3333	3
3334	6
3335	5
3336	5
3337	7
3338	3
3339	7
3340	9
3341	3
3342	2
3343	9
3344	12
3345	7
3346	8
3347	4
3348	9
3349	5
3350	4
3351	7
3352	2
3353	11
3354	7
3355	7
3356	4
3357	5
3358	1
3359	11
3360	4
3361	6
3362	3
3363	9
3364	5
3365	6
3366	5
3367	6
3368	2
3369	10
3370	9
3371	2
3372	4
3373	10
3374	5
3375	3
3376	6
3377	10
3378	6
3379	6
3380	8
3381	7
3382	11
3383	4
3384	5
3385	8
3386	8
3387	2
3388	8
3389	10
3390	6
3391	8
3392	10
3393	10
3394	5
3395	8
3396	5
3397	5
3398	10
3399	10
3400	7
3401	6
3402	10
3403	6
3404	9
3405	6
3406	6
3407	12
3408	14
3409	8
3410	2
3411	4
3412	6
3413	11
3414	8
3415	12
3416	9
3417	7
3418	10
3419	11
3420	5
3421	5
3422	8
3423	4
3424	2
3425	10
3426	10
3427	5
3428	8
3429	16
3430	8
3431	3
3432	8
3433	7
3434	10
3435	4
3436	10
3437	10
3438	9
3439	3
3440	5
3441	9
3442	8
3443	10
3444	7
3445	0
3446	5
3447	8
3448	5
3449	7
3450	4
3451	5
3452	4
3453	5
3454	5
3455	5
3456	5
3457	5
3458	6
3459	5
3460	3
3461	4
3462	8
3463	7
3464	6
3465	6
3466	5
3467	7
3468	6
3469	7
3470	5
3471	4
3472	8
3473	4
3474	4
3475	7
3476	4
3477	7
3478	7
3479	7
3480	10
3481	8
3482	9
3483	4
3484	4
3485	6
3486	11
3487	3
3488	5
3489	9
3490	6
3491	6
3492	5
3493	6
3494	5
3495	5
3496	10
3497	6
3498	4
3499	5
3500	6
3501	7
3502	7
3503	3
3504	9
3505	6
3506	5
3507	5
3508	5
3509	9
3510	7
3511	1
3512	10
3513	10
3514	11
3515	8
3516	9
3517	8
3518	9
3519	5
3520	5
3521	5
3522	5
3523	7
3524	4
3525	4
3526	6
3527	7
3528	7
3529	9
3530	5
3531	9
3532	3
3533	4
3534	8
3535	7
3536	5
3537	5
3538	5
3539	6
3540	7
3541	10
3542	6
3543	5
3544	9
3545	9
3546	12
3547	8
3548	2
3549	5
3550	8
3551	8
3552	8
3553	8
3554	5
3555	7
3556	6
3557	7
3558	14
3559	7
3560	6
3561	10
3562	5
3563	8
3564	2
3565	4
3566	2
3567	7
3568	3
3569	9
3570	6
3571	8
3572	5
3573	8
3574	11
3575	12
3576	6
3577	9
3578	1
3579	6
3580	4
3581	5
3582	4
3583	10
3584	6
3585	9
3586	7
3587	8
3588	9
3589	3
3590	5
3591	7
3592	7
3593	6
3594	8
3595	6
3596	8
3597	6
3598	13
3599	7
3600	7
3601	7
3602	7
3603	7
3604	4
3605	4
3606	8
3607	5
3608	10
3609	6
3610	6
3611	5
3612	9
3613	9
3614	4
3615	5
3616	5
3617	5
3618	7
3619	10
3620	5
3621	4
3622	8
3623	7
3624	4
3625	6
3626	6
3627	7
3628	7
3629	8
3630	7
3631	8
3632	7
3633	4
3634	8
3635	9
3636	6
3637	9
3638	4
3639	7
3640	11
3641	8
3642	8
3643	4
3644	6
3645	6
3646	3
3647	7
3648	6
3649	9
3650	10
3651	5
3652	6
3653	9
3654	3
3655	3
3656	5
3657	7
3658	6
3659	5
3660	5
3661	6
3662	3
3663	4
3664	6
3665	2
3666	3
3667	5
3668	3
3669	7
3670	4
3671	6
3672	8
3673	12
3674	7
3675	5
3676	2
3677	6
3678	1
3679	9
3680	4
3681	5
3682	9
3683	7
3684	8
3685	4
3686	8
3687	10
3688	1
3689	3
3690	7
3691	5
3692	6
3693	8
3694	5
3695	5
3696	4
3697	11
3698	10
3699	4
3700	8
3701	11
3702	7
3703	4
3704	0
3705	6
3706	3
3707	4
3708	5
3709	7
3710	2
3711	5
3712	6
3713	1
3714	4
3715	9
3716	3
3717	3
3718	4
3719	6
3720	5
3721	7
3722	6
3723	3
3724	8
3725	7
3726	6
3727	4
3728	4
3729	4
3730	4
3731	12
3732	5
3733	4
3734	5
3735	6
3736	2
3737	8
3738	7
3739	7
3740	3
3741	4
3742	5
3743	6
3744	3
3745	5
3746	4
3747	6
3748	6
3749	6
3750	9
3751	5
3752	2
3753	8
3754	4
3755	4
3756	9
3757	6
3758	1
3759	4
3760	1
3761	6
3762	5
3763	8
3764	7
3765	3
3766	3
3767	4
3768	7
3769	6
3770	4
3771	4
3772	7
3773	3
3774	5
3775	1
3776	4
3777	3
3778	5
3779	3
3780	6
3781	2
3782	9
3783	1
3784	8
3785	7
3786	6
3787	9
3788	2
3789	7
3790	3
3791	8
3792	9
3793	6
3794	4
3795	6
3796	6
3797	5
3798	4
3799	7
3800	4
3801	4
3802	3
3803	4
3804	3
3805	7
3806	5
3807	10
3808	3
3809	5
3810	3
3811	12
3812	5
3813	9
3814	3
3815	4
3816	6
3817	7
3818	5
3819	6
3820	5
3821	5
3822	6
3823	2
3824	6
3825	5
3826	3
3827	5
3828	3
3829	7
3830	9
3831	3
3832	2
3833	10
3834	4
3835	2
3836	3
3837	5
3838	6
3839	3
3840	2
3841	4
3842	1
3843	1
3844	3
3845	5
3846	3
3847	6
3848	6
3849	3
3850	5
3851	4
3852	9
3853	5
3854	9
3855	3
3856	7
3857	4
3858	6
3859	4
3860	1
3861	3
3862	4
3863	2
3864	1
3865	6
3866	1
3867	5
3868	6
3869	6
3870	2
3871	6
3872	9
3873	10
3874	3
3875	0
3876	1
3877	5
3878	5
3879	4
3880	3
3881	4
3882	7
3883	3
3884	1
3885	1
3886	5
3887	1
3888	3
3889	3
3890	3
3891	3
3892	5
3893	4
3894	2
3895	3
3896	2
3897	8
3898	4
3899	2
3900	6
3901	1
3902	5
3903	6
3904	3
3905	1
3906	4
3907	2
3908	7
3909	2
3910	10
3911	3
3912	3
3913	3
3914	4
3915	7
3916	3
3917	5
3918	3
3919	1
3920	2
3921	2
3922	4
3923	7
3924	2
3925	2
3926	8
3927	3
3928	5
3929	5
3930	9
3931	4
3932	3
3933	12
3934	7
3935	3
3936	4
3937	5
3938	4
3939	3
3940	2
3941	3
3942	3
3943	3
3944	4
3945	4
3946	2
3947	3
3948	8
3949	3
3950	3
3951	2
3952	2
3953	3
3954	2
3955	4
3956	3
3957	7
3958	2
3959	3
3960	5
3961	4
3962	2
3963	10
3964	0
3965	3
3966	6
3967	6
3968	2
3969	3
3970	3
3971	4
3972	2
3973	5
3974	2
3975	3
3976	5
3977	2
3978	4
3979	1
3980	6
3981	7
3982	4
3983	4
3984	5
3985	3
3986	3
3987	2
3988	6
3989	2
3990	4
3991	4
3992	5
3993	2
3994	2
3995	3
3996	3
3997	2
3998	6
3999	3
4000	2
4001	2
4002	6
4003	1
4004	3
4005	6
4006	3
4007	3
4008	6
4009	3
4010	6
4011	0
4012	4
4013	3
4014	4
4015	2
4016	1
4017	6
4018	5
4019	1
4020	1
4021	3
4022	8
4023	2
4024	2
4025	2
4026	7
4027	3
4028	5
4029	6
4030	2
4031	3
4032	2
4033	1
4034	4
4035	4
4036	2
4037	3
4038	4
4039	4
4040	3
4041	2
4042	2
4043	4
4044	4
4045	5
4046	3
4047	4
4048	4
4049	0
4050	3
4051	3
4052	2
4053	3
4054	4
4055	2
4056	1
4057	4
4058	3
4059	5
4060	3
4061	6
4062	3
4063	3
4064	2
4065	2
4066	1
4067	3
4068	2
4069	3
4070	4
4071	2
4072	3
4073	1
4074	5
4075	5
4076	1
4077	5
4078	1
4079	3
4080	5
4081	5
4082	0
4083	1
4084	2
4085	3
4086	2
4087	6
4088	6
4089	2
4090	4
4091	1
4092	6
4093	1
4094	4
4095	6
4096	3
4097	1
4098	4
4099	5
4100	1
4101	1
4102	4
4103	2
4104	3
4105	1
4106	2
4107	1
4108	1
4109	2
4110	4
4111	0
4112	5
4113	4
4114	3
4115	1
4116	2
4117	2
4118	3
4119	3
4120	2
4121	1
4122	7
4123	2
4124	1
4125	2
4126	4
4127	2
4128	4
4129	1
4130	3
4131	7
4132	2
4133	3
4134	1
4135	3
4136	0
4137	6
4138	1
4139	1
4140	4
4141	1
4142	1
4143	0
4144	5
4145	1
4146	1
4147	2
4148	2
4149	3
4150	0
4151	0
4152	2
4153	2
4154	1
4155	2
4156	3
4157	3
4158	0
4159	5
4160	2
4161	3
4162	2
4163	3
4164	4
4165	3
4166	3
4167	3
4168	0
4169	2
4170	5
4171	1
4172	5
4173	4
4174	2
4175	0
4176	4
4177	1
4178	1
4179	2
4180	4
4181	2
4182	2
4183	1
4184	1
4185	3
4186	4
4187	2
4188	3
4189	1
4190	2
4191	2
4192	4
4193	1
4194	2
4195	1
4196	6
4197	0
4198	1
4199	3
4200	1
4201	2
4202	1
4203	2
4204	2
4205	0
4206	3
4207	2
4208	2
4209	0
4210	3
4211	1
4212	3
4213	3
4214	0
4215	2
4216	1
4217	1
4218	2
4219	0
4220	3
4221	3
4222	1
4223	2
4224	4
4225	0
4226	0
4227	5
4228	3
4229	3
4230	0
4231	1
4232	2
4233	3
4234	1
4235	1
4236	3
4237	1
4238	2
4239	3
4240	5
4241	2
4242	1
4243	1
4244	0
4245	3
4246	1
4247	3
4248	2
4249	4
4250	0
4251	0
4252	2
4253	1
4254	2
4255	3
4256	2
4257	1
4258	3
4259	2
4260	3
4261	1
4262	0
4263	1
4264	2
4265	3
4266	1
4267	0
4268	5
4269	0
4270	2
4271	3
4272	2
4273	0
4274	0
4275	3
4276	1
4277	2
4278	1
4279	3
4280	2
4281	1
4282	0
4283	2
4284	1
4285	2
4286	0
4287	0
4288	0
4289	1
4290	0
4291	2
4292	0
4293	2
4294	0
4295	2
4296	1
4297	1
4298	2
4299	4
4300	1
4301	1
4302	0
4303	2
4304	1
4305	1
4306	2
4307	1
4308	1
4309	0
4310	1
4311	2
4312	3
4313	2
4314	0
4315	3
4316	0
4317	3
4318	2
4319	3
4320	0
4321	0
4322	1
4323	2
4324	1
4325	0
4326	2
4327	0
4328	1
4329	0
4330	3
4331	1
4332	1
4333	1
4334	1
4335	0
4336	1
4337	0
4338	0
4339	2
4340	2
4341	1
4342	0
4343	0
4344	0
4345	2
4346	1
4347	2
4348	3
4349	0
4350	0
4351	0
4352	0
4353	3
4354	1
4355	0
4356	0
4357	1
4358	0
4359	2
4360	1
4361	0
4362	0
4363	1
4364	0
4365	3
4366	3
4367	0
4368	3
4369	1
4370	0
4371	2
4372	1
4373	1
4374	1
4375	0
4376	2
4377	1
4378	0
4379	2
4380	1
4381	0
4382	0
4383	1
4384	1
4385	0
4386	0
4387	1
4388	1
4389	1
4390	2
4391	0
4392	1
4393	0
4394	1
4395	1
4396	1
4397	0
4398	1
4399	1
4400	0
4401	0
4402	3
4403	0
4404	1
4405	1
4406	0
4407	0
4408	1
4409	1
4410	0
4411	0
4412	1
4413	0
4414	1
4415	0
4416	1
4417	0
4418	1
4419	0
4420	0
4421	1
4422	0
4423	0
4424	0
4425	1
4426	1
4427	0
4428	0
4429	0
4430	0
4431	0
4432	1
4433	0
4434	0
4435	1
4436	1
4437	2
4438	0
4439	1
4440	1
4441	0
4442	1
4443	3
4444	0
4445	1
4446	0
4447	0
4448	0
4449	1
4450	0
4451	0
4452	3
4453	0
4454	1
4455	0
4456	0
4457	0
4458	0
4459	0
4460	1
4461	1
4462	0
4463	0
4464	1
4465	2
4466	1
4467	0
4468	0
4469	2
4470	0
4471	0
4472	0
4473	0
4474	1
4475	0
4476	1
4477	0
4478	0
4479	0
4480	0
4481	0
4482	0
4483	2
4484	0
4485	0
4486	1
4487	1
4488	1
4489	1
4490	0
4491	0
4492	0
4493	2
4494	2
4495	1
4496	0
4497	0
4498	1
4499	0
4500	1
4501	0
4502	1
4503	1
4504	2
4505	0
4506	0
4507	2
4508	1
4509	1
4510	1
4511	1
4512	0
4513	1
4514	1
4515	0
4516	0
4517	0
4518	1
4519	1
4520	1
4521	1
4522	1
4523	1
4524	1
4525	1
4526	1
4527	0
4528	0
4529	1
4530	1
4531	1
4532	2
4533	1
4534	0
4535	0
4536	0
4537	0
4538	0
4539	2
4540	2
4541	0
4542	0
4543	0
4544	0
4545	0
4546	1
4547	0
4548	0
4549	0
4550	0
4551	0
4552	0
4553	0
4554	0
4555	0
4556	0
4557	1
4558	3
4559	1
4560	2
4561	0
4562	0
4563	1
4564	1
4565	2
4566	3
4567	2
4568	2
4569	0
4570	0
4571	0
4572	1
4573	0
4574	0
4575	2
4576	0
4577	1
4578	0
4579	0
4580	2
4581	1
4582	0
4583	3
4584	1
4585	0
4586	2
4587	0
4588	1
4589	1
4590	1
4591	1
4592	3
4593	0
4594	0
4595	0
4596	2
4597	0
4598	1
4599	1
4600	1
4601	0
4602	0
4603	1
4604	0
4605	0
4606	1
4607	0
4608	3
4609	0
4610	2
4611	1
4612	1
4613	0
4614	1
4615	1
4616	0
4617	0
4618	1
4619	0
4620	1
4621	1
4622	0
4623	0
4624	0
4625	0
4626	0
4627	1
4628	1
4629	0
4630	0
4631	1
4632	1
4633	1
4634	0
4635	0
4636	1
4637	1
4638	1
4639	0
4640	1
4641	0
4642	0
4643	1
4644	1
4645	0
4646	2
4647	2
4648	1
4649	1
4650	1
4651	0
4652	0
4653	0
4654	1
4655	2
4656	0
4657	0
4658	1
4659	1
4660	3
4661	0
4662	0
4663	1
4664	0
4665	0
4666	1
4667	0
4668	1
4669	2
4670	1
4671	0
4672	0
4673	0
4674	0
4675	0
4676	0
4677	0
4678	1
4679	0
4680	1
4681	1
4682	1
4683	0
4684	0
4685	1
4686	0
4687	0
4688	0
4689	2
4690	0
4691	0
4692	3
4693	0
4694	0
4695	0
4696	1
4697	1
4698	1
4699	0
4700	0
4701	0
4702	2
4703	0
4704	2
4705	0
4706	0
4707	0
4708	0
4709	1
4710	2
4711	0
4712	1
4713	1
4714	2
4715	1
4716	1
4717	1
4718	1
4719	0
4720	0
4721	2
4722	1
4723	0
4724	1
4725	1
4726	0
4727	0
4728	0
4729	0
4730	0
4731	1
4732	1
4733	1
4734	0
4735	0
4736	3
4737	1
4738	0
4739	0
4740	0
4741	0
4742	0
4743	0
4744	1
4745	1
4746	0
4747	0
4748	0
4749	1
4750	0
4751	1
4752	0
4753	1
4754	1
4755	0
4756	2
4757	1
4758	1
4759	0
4760	2
4761	0
4762	1
4763	0
4764	0
4765	1
4766	1
4767	2
4768	0
4769	0
4770	0
4771	3
4772	0
4773	0
4774	0
4775	1
4776	1
4777	1
4778	2
4779	0
4780	1
4781	1
4782	1
4783	1
4784	0
4785	2
4786	1
4787	0
4788	1
4789	2
4790	0
4791	0
4792	1
4793	0
4794	0
4795	1
4796	1
4797	1
4798	0
4799	0
4800	0
4801	1
4802	0
4803	2
4804	1
4805	0
4806	0
4807	0
4808	0
4809	1
4810	2
4811	2
4812	0
4813	1
4814	1
4815	0
4816	0
4817	1
4818	0
4819	0
4820	2
4821	0
4822	0
4823	2
4824	1
4825	1
4826	1
4827	0
4828	0
4829	1
4830	0
4831	2
4832	1
4833	1
4834	0
4835	1
4836	0
4837	0
4838	1
4839	1
4840	0
4841	1
4842	0
4843	1
4844	0
4845	1
4846	2
4847	0
4848	1
4849	0
4850	1
4851	1
4852	0
4853	0
4854	1
4855	0
4856	2
4857	2
4858	0
4859	0
4860	0
4861	1
4862	0
4863	1
4864	0
4865	0
4866	0
4867	1
4868	0
4869	0
4870	0
4871	1
4872	1
4873	2
4874	0
4875	0
4876	0
4877	1
4878	1
4879	1
4880	1
4881	2
4882	0
4883	0
4884	0
4885	2
4886	0
4887	2
4888	0
4889	1
4890	2
4891	0
4892	0
4893	1
4894	0
4895	1
4896	0
4897	0
4898	0
4899	0
4900	2
4901	0
4902	2
4903	0
4904	0
4905	3
4906	0
4907	2
4908	0
4909	1
4910	2
4911	1
4912	0
4913	0
4914	1
4915	1
4916	1
4917	1
4918	0
4919	1
4920	0
4921	0
4922	2
4923	0
4924	0
4925	0
4926	0
4927	1
4928	2
4929	2
4930	1
4931	0
4932	0
4933	1
4934	0
4935	0
4936	0
4937	1
4938	1
4939	0
4940	0
4941	2
4942	1
4943	0
4944	1
4945	0
4946	0
4947	1
4948	2
4949	1
4950	0
4951	0
4952	0
4953	0
4954	0
4955	0
4956	1
4957	0
4958	0
4959	0
4960	1
4961	2
4962	0
4963	4
4964	1
4965	2
4966	0
4967	0
4968	0
4969	1
4970	1
4971	0
4972	1
4973	2
4974	1
4975	0
4976	1
4977	2
4978	1
4979	0
4980	2
4981	1
4982	0
4983	0
4984	1
4985	2
4986	0
4987	1
4988	2
4989	0
4990	0
4991	0
4992	0
4993	2
4994	1
4995	3
4996	0
4997	0
4998	0
4999	0
5000	0
5001	1
5002	0
5003	0
5004	0
5005	0
5006	1
5007	2
5008	1
5009	0
5010	3
5011	0
5012	0
5013	0
5014	0
5015	0
5016	0
5017	0
5018	1
5019	0
5020	0
5021	2
5022	0
5023	0
5024	1
5025	0
5026	0
5027	0
5028	2
5029	1
5030	0
5031	1
5032	1
5033	2
5034	2
5035	0
5036	1
5037	0
5038	0
5039	1
5040	0
5041	0
5042	0
5043	0
5044	1
5045	0
5046	1
5047	0
5048	0
5049	1
5050	0
5051	2
5052	1
5053	1
5054	1
5055	1
5056	0
5057	1
5058	1
5059	2
5060	0
5061	0
5062	1
5063	0
5064	2
5065	0
5066	0
5067	0
5068	1
5069	0
5070	0
5071	0
5072	1
5073	1
5074	1
5075	0
5076	1
5077	0
5078	0
5079	0
5080	0
5081	1
5082	2
5083	1
5084	0
5085	0
5086	3
5087	0
5088	0
5089	1
5090	1
5091	0
5092	0
5093	1
5094	0
5095	0
5096	0
5097	0
5098	1
5099	0
5100	1
5101	2
5102	2
5103	0
5104	1
5105	0
5106	2
5107	0
5108	3
5109	0
5110	0
5111	0
5112	0
5113	0
5114	1
5115	0
5116	0
5117	0
5118	0
5119	0
5120	1
5121	1
5122	2
5123	1
5124	1
5125	1
5126	1
5127	0
5128	0
5129	0
5130	0
5131	0
5132	0
5133	0
5134	2
5135	1
5136	0
5137	0
5138	1
5139	0
5140	3
5141	0
5142	0
5143	2
5144	1
5145	0
5146	0
5147	0
5148	1
5149	0
5150	1
5151	0
5152	1
5153	1
5154	0
5155	1
5156	1
5157	0
5158	0
5159	0
5160	0
5161	1
5162	0
5163	1
5164	2
5165	0
5166	0
5167	0
5168	0
5169	0
5170	0
5171	0
5172	0
5173	1
5174	0
5175	2
5176	0
5177	1
5178	0
5179	0
5180	0
5181	1
5182	0
5183	0
5184	0
5185	1
5186	1
5187	0
5188	0
5189	0
5190	2
5191	0
5192	1
5193	3
5194	0
5195	1
5196	0
5197	1
5198	0
5199	0
5200	1
5201	1
5202	0
5203	0
5204	2
5205	1
5206	1
5207	1
5208	0
5209	1
5210	1
5211	0
5212	0
5213	1
5214	1
5215	0
5216	0
5217	0
5218	1
5219	1
5220	1
5221	0
5222	2
5223	1
5224	0
5225	0
5226	0
5227	0
5228	0
5229	0
5230	2
5231	1
5232	1
5233	0
5234	1
5235	2
5236	0
5237	0
5238	2
5239	0
5240	0
5241	1
5242	0
5243	0
5244	0
5245	2
5246	1
5247	0
5248	0
5249	0
5250	1
5251	1
5252	0
5253	2
5254	1
5255	0
5256	2
5257	0
5258	1
5259	1
5260	1
5261	0
5262	0
5263	0
5264	4
5265	1
5266	0
5267	1
5268	0
5269	0
5270	1
5271	0
5272	0
5273	0
5274	1
5275	2
5276	0
5277	1
5278	0
5279	1
5280	0
5281	1
5282	1
5283	1
5284	0
5285	0
5286	1
5287	0
5288	1
5289	0
5290	2
5291	0
5292	1
5293	0
5294	0
5295	0
5296	1
5297	1
5298	0
5299	2
5300	1
5301	0
5302	1
5303	0
5304	2
5305	1
5306	0
5307	0
5308	0
5309	1
5310	0
5311	0
5312	2
5313	0
5314	1
5315	0
5316	0
5317	0
5318	0
5319	0
5320	1
5321	1
5322	0
5323	0
5324	1
5325	0
5326	0
5327	1
5328	0
5329	0
5330	1
5331	0
5332	3
5333	0
5334	1
5335	1
5336	1
5337	1
5338	1
5339	1
5340	0
5341	1
5342	1
5343	1
5344	0
5345	2
5346	1
5347	0
5348	0
5349	1
5350	0
5351	0
5352	0
5353	1
5354	0
5355	0
5356	0
5357	0
5358	1
5359	1
5360	0
5361	0
5362	0
5363	2
5364	2
5365	0
5366	0
5367	0
5368	1
5369	0
5370	0
5371	1
5372	0
5373	0
5374	0
5375	0
5376	0
5377	1
5378	0
5379	0
5380	0
5381	0
5382	0
5383	1
5384	0
5385	0
5386	0
5387	0
5388	0
5389	2
5390	0
5391	0
5392	4
5393	0
5394	2
5395	0
5396	1
5397	0
5398	0
5399	0
5400	0
5401	1
5402	0
5403	0
5404	1
5405	0
5406	0
5407	2
5408	0
5409	0
5410	0
5411	1
5412	1
5413	0
5414	0
5415	0
5416	0
5417	1
5418	0
5419	0
5420	0
5421	0
5422	0
5423	1
5424	2
5425	1
5426	0
5427	0
5428	1
5429	1
5430	0
5431	0
5432	1
5433	0
5434	0
5435	0
5436	0
5437	0
5438	0
5439	1
5440	2
5441	2
5442	0
5443	1
5444	0
5445	3
5446	0
5447	3
5448	2
5449	1
5450	0
5451	2
5452	0
5453	0
5454	0
5455	0
5456	1
5457	1
5458	1
5459	0
5460	2
5461	1
5462	0
5463	1
5464	0
5465	1
5466	0
5467	0
5468	2
5469	0
5470	0
5471	1
5472	0
5473	0
5474	1
5475	2
5476	0
5477	2
5478	0
5479	2
5480	2
5481	0
5482	1
5483	3
5484	1
5485	1
5486	0
5487	0
5488	2
5489	0
5490	1
5491	0
5492	0
5493	1
5494	0
5495	1
5496	1
5497	3
5498	0
5499	2
5500	1
5501	0
5502	0
5503	0
5504	1
5505	0
5506	0
5507	2
5508	2
5509	0
5510	1
5511	1
5512	0
5513	2
5514	0
5515	0
5516	0
5517	2
5518	0
5519	0
5520	0
5521	0
5522	1
5523	1
5524	0
5525	0
5526	1
5527	2
5528	0
5529	1
5530	1
5531	0
5532	0
5533	0
5534	0
5535	0
5536	0
5537	1
5538	1
5539	0
5540	0
5541	0
5542	0
5543	0
5544	1
5545	1
5546	1
5547	0
5548	0
5549	2
5550	0
5551	2
5552	0
5553	0
5554	0
5555	0
5556	0
5557	0
5558	0
5559	0
5560	0
5561	0
5562	0
5563	0
5564	1
5565	0
5566	1
5567	0
5568	0
5569	0
5570	0
5571	0
5572	0
5573	0
5574	2
5575	0
5576	0
5577	0
5578	1
5579	0
5580	0
5581	0
5582	0
5583	1
5584	0
5585	0
5586	0
5587	0
5588	0
5589	0
5590	0
5591	1
5592	0
5593	0
5594	0
5595	0
5596	0
5597	0
5598	1
5599	1
5600	0
5601	0
5602	1
5603	0
5604	1
5605	0
5606	1
5607	1
5608	0
5609	0
5610	1
5611	0
5612	0
5613	0
5614	1
5615	0
5616	1
5617	0
5618	1
5619	2
5620	0
5621	0
5622	1
5623	1
5624	0
5625	3
5626	0
5627	0
5628	1
5629	0
5630	2
5631	1
5632	1
5633	0
5634	0
5635	0
5636	2
5637	0
5638	0
5639	0
5640	0
5641	0
5642	0
5643	0
5644	0
5645	1
5646	0
5647	1
5648	1
5649	0
5650	1
5651	1
5652	0
5653	0
5654	1
5655	0
5656	1
5657	1
5658	1
5659	1
5660	0
5661	3
5662	2
5663	0
5664	0
5665	0
5666	0
5667	0
5668	1
5669	0
5670	1
5671	1
5672	0
5673	0
5674	0
5675	0
5676	0
5677	0
5678	1
5679	1
5680	2
5681	0
5682	0
5683	0
5684	2
5685	0
5686	1
5687	0
5688	0
5689	1
5690	0
5691	0
5692	1
5693	0
5694	2
5695	0
5696	0
5697	0
5698	0
5699	0
5700	0
5701	0
5702	0
5703	0
5704	0
5705	2
5706	3
5707	0
5708	1
5709	2
5710	0
5711	0
5712	0
5713	1
5714	0
5715	1
5716	0
5717	1
5718	1
5719	0
5720	0
5721	2
5722	1
5723	0
5724	1
5725	3
5726	0
5727	0
5728	0
5729	0
5730	1
5731	0
5732	0
5733	1
5734	1
5735	0
5736	2
5737	0
5738	0
5739	2
5740	1
5741	0
5742	0
5743	0
5744	0
5745	1
5746	1
5747	0
5748	0
5749	1
5750	0
5751	0
5752	1
5753	0
5754	0
5755	0
5756	1
5757	0
5758	1
5759	1
5760	0
5761	0
5762	0
5763	2
5764	1
5765	2
5766	1
5767	0
5768	0
5769	1
5770	0
5771	0
5772	0
5773	0
5774	0
5775	0
5776	1
5777	0
5778	1
5779	1
5780	0
5781	1
5782	0
5783	0
5784	1
5785	0
5786	1
5787	0
5788	0
5789	0
5790	0
5791	0
5792	1
5793	0
5794	0
5795	1
5796	1
5797	1
5798	0
5799	0
5800	1
5801	0
5802	0
5803	0
5804	0
5805	0
5806	1
5807	2
5808	0
5809	0
5810	0
5811	0
5812	2
5813	1
5814	0
5815	0
5816	0
5817	0
5818	0
5819	0
5820	0
5821	0
5822	0
5823	0
5824	1
5825	0
5826	1
5827	1
5828	2
5829	0
5830	0
5831	0
5832	0
5833	0
5834	0
5835	0
5836	0
5837	0
5838	0
5839	0
5840	0
5841	0
5842	1
5843	0
5844	1
5845	1
5846	1
5847	0
5848	1
5849	2
5850	1
5851	0
5852	2
5853	1
5854	0
5855	0
5856	0
5857	0
5858	1
5859	0
5860	2
5861	0
5862	0
5863	1
5864	1
5865	0
5866	0
5867	0
5868	0
5869	0
5870	1
5871	2
5872	0
5873	1
5874	1
5875	0
5876	1
5877	0
5878	0
5879	0
5880	0
5881	0
5882	0
5883	1
5884	0
5885	0
5886	2
5887	1
5888	0
5889	1
5890	0
5891	0
5892	1
5893	0
5894	1
5895	0
5896	1
5897	1
5898	0
5899	0
5900	0
5901	0
5902	1
5903	1
5904	0
5905	1
5906	2
5907	1
5908	2
5909	0
5910	0
5911	0
5912	0
5913	1
5914	1
5915	1
5916	1
5917	2
5918	1
5919	0
5920	1
5921	1
5922	0
5923	0
5924	1
5925	0
5926	1
5927	1
5928	0
5929	1
5930	0
5931	0
5932	0
5933	0
5934	2
5935	0
5936	0
5937	0
5938	0
5939	1
5940	0
5941	0
5942	1
5943	1
5944	0
5945	0
5946	0
5947	1
5948	1
5949	0
5950	1
5951	0
5952	0
5953	0
5954	0
5955	1
5956	2
5957	1
5958	1
5959	1
5960	1
5961	1
5962	1
5963	2
5964	1
5965	2
5966	0
5967	1
5968	1
5969	0
5970	0
5971	2
5972	0
5973	1
5974	1
5975	0
5976	0
5977	1
5978	0
5979	1
5980	0
5981	0
5982	0
5983	0
5984	0
5985	0
5986	1
5987	2
5988	1
5989	0
5990	0
5991	2
5992	0
5993	3
5994	1
5995	0
5996	0
5997	1
5998	0
5999	0
6000	0
6001	1
6002	0
6003	1
6004	1
6005	1
6006	1
6007	0
6008	0
6009	0
6010	2
6011	0
6012	0
6013	0
6014	0
6015	0
6016	0
6017	0
6018	1
6019	0
6020	1
6021	0
6022	0
6023	0
6024	0
6025	0
6026	0
6027	0
6028	2
6029	0
6030	0
6031	0
6032	3
6033	0
6034	0
6035	0
6036	0
6037	0
6038	0
6039	0
6040	0
6041	1
6042	1
6043	1
6044	0
6045	0
6046	0
6047	1
6048	0
6049	1
6050	0
6051	1
6052	1
6053	0
6054	2
6055	0
6056	0
6057	0
6058	0
6059	0
6060	0
6061	0
6062	1
6063	0
6064	1
6065	0
6066	1
6067	0
6068	0
6069	0
6070	0
6071	0
6072	0
6073	0
6074	0
6075	1
6076	0
6077	2
6078	1
6079	0
6080	0
6081	1
6082	1
6083	1
6084	0
6085	0
6086	0
6087	0
6088	0
6089	0
6090	0
6091	1
6092	0
6093	0
6094	0
6095	1
6096	1
6097	0
6098	0
6099	0
6100	2
6101	1
6102	1
6103	1
6104	0
6105	1
6106	0
6107	0
6108	0
6109	0
6110	1
6111	0
6112	0
6113	0
6114	0
6115	0
6116	0
6117	0
6118	1
6119	0
6120	1
6121	0
6122	0
6123	0
6124	0
6125	0
6126	0
6127	1
6128	2
6129	1
6130	1
6131	0
6132	0
6133	0
6134	0
6135	0
6136	0
6137	0
6138	0
6139	1
6140	1
6141	0
6142	1
6143	1
6144	0
6145	0
6146	1
6147	1
6148	0
6149	0
6150	0
6151	0
6152	0
6153	2
6154	0
6155	0
6156	1
6157	0
6158	0
6159	1
6160	0
6161	1
6162	0
6163	2
6164	1
6165	0
6166	0
6167	1
6168	2
6169	0
6170	1
6171	1
6172	0
6173	0
6174	0
6175	0
6176	0
6177	0
6178	0
6179	0
6180	1
6181	1
6182	0
6183	0
6184	2
6185	0
6186	1
6187	0
6188	0
6189	2
6190	0
6191	0
6192	1
6193	0
6194	0
6195	0
6196	0
6197	0
6198	0
6199	0
6200	0
6201	0
6202	0
6203	0
6204	0
6205	0
6206	0
6207	0
6208	1
6209	1
6210	1
6211	1
6212	0
6213	0
6214	0
6215	0
6216	0
6217	1
6218	1
6219	1
6220	5
6221	2
6222	0
6223	1
6224	0
6225	2
6226	1
6227	0
6228	1
6229	0
6230	0
6231	2
6232	0
6233	0
6234	1
6235	1
6236	0
6237	0
6238	1
6239	0
6240	0
6241	0
6242	0
6243	0
6244	0
6245	0
6246	1
6247	2
6248	0
6249	0
6250	0
6251	0
6252	0
6253	1
6254	0
6255	0
6256	1
6257	0
6258	0
6259	1
6260	0
6261	0
6262	1
6263	0
6264	0
6265	0
6266	0
6267	1
6268	1
6269	0
6270	0
6271	1
6272	1
6273	0
6274	1
6275	0
6276	0
6277	1
6278	0
6279	0
6280	0
6281	0
6282	0
6283	1
6284	0
6285	0
6286	0
6287	0
6288	0
6289	0
6290	1
6291	0
6292	0
6293	0
6294	0
6295	0
6296	0
6297	0
6298	0
6299	0
6300	0
6301	0
6302	1
6303	0
6304	0
6305	0
6306	0
6307	1
6308	0
6309	1
6310	0
6311	0
6312	0
6313	1
6314	0
6315	0
6316	0
6317	0
6318	1
6319	1
6320	0
6321	2
6322	0
6323	1
6324	1
6325	0
6326	1
6327	0
6328	0
6329	1
6330	0
6331	0
6332	1
6333	0
6334	1
6335	0
6336	1
6337	2
6338	0
6339	0
6340	0
6341	0
6342	0
6343	0
6344	0
6345	0
6346	1
6347	1
6348	0
6349	2
6350	0
6351	0
6352	0
6353	0
6354	1
6355	0
6356	0
6357	1
6358	1
6359	2
6360	0
6361	0
6362	1
6363	0
6364	0
6365	2
6366	0
6367	0
6368	2
6369	0
6370	0
6371	0
6372	0
6373	0
6374	1
6375	0
6376	0
6377	0
6378	0
6379	0
6380	1
6381	0
6382	0
6383	0
6384	0
6385	0
6386	0
6387	1
6388	0
6389	1
6390	0
6391	0
6392	0
6393	0
6394	2
6395	0
6396	1
6397	0
6398	0
6399	0
6400	1
6401	1
6402	0
6403	1
6404	0
6405	0
6406	1
6407	0
6408	1
6409	1
6410	1
6411	0
6412	0
6413	1
6414	0
6415	0
6416	0
6417	1
6418	0
6419	0
6420	0
6421	2
6422	1
6423	1
6424	0
6425	0
6426	0
6427	2
6428	1
6429	0
6430	1
6431	1
6432	0
6433	1
6434	1
6435	0
6436	0
6437	0
6438	0
6439	1
6440	0
6441	1
6442	0
6443	0
6444	0
6445	0
6446	0
6447	0
6448	0
6449	0
6450	0
6451	0
6452	1
6453	1
6454	0
6455	0
6456	2
6457	1
6458	0
6459	0
6460	0
6461	0
6462	0
6463	0
6464	0
6465	1
6466	0
6467	0
6468	3
6469	0
6470	1
6471	0
6472	0
6473	0
6474	0
6475	2
6476	0
6477	0
6478	0
6479	1
6480	1
6481	0
6482	1
6483	1
6484	1
6485	0
6486	0
6487	3
6488	0
6489	1
6490	0
6491	0
6492	0
6493	0
6494	1
6495	1
6496	0
6497	1
6498	0
6499	2
6500	0
6501	1
6502	0
6503	0
6504	0
6505	1
6506	2
6507	0
6508	0
6509	0
6510	1
6511	2
6512	0
6513	1
6514	0
6515	1
6516	1
6517	1
6518	0
6519	0
6520	0
6521	0
6522	2
6523	0
6524	0
6525	0
6526	0
6527	1
6528	2
6529	0
6530	0
6531	0
6532	0
6533	1
6534	0
6535	1
6536	0
6537	0
6538	0
6539	0
6540	0
6541	1
6542	0
6543	1
6544	0
6545	0
6546	1
6547	2
6548	0
6549	0
6550	0
6551	0
6552	0
6553	0
6554	1
6555	0
6556	0
6557	1
6558	0
6559	0
6560	0
6561	0
6562	1
6563	0
6564	0
6565	1
6566	0
6567	1
6568	2
6569	1
6570	0
6571	0
6572	1
6573	0
6574	0
6575	0
6576	0
6577	0
6578	0
6579	1
6580	0
6581	1
6582	1
6583	0
6584	0
6585	0
6586	1
6587	0
6588	0
6589	0
6590	2
6591	0
6592	1
6593	0
6594	0
6595	0
6596	2
6597	1
6598	0
6599	0
6600	1
6601	0
6602	0
6603	0
6604	0
6605	1
6606	0
6607	0
6608	0
6609	1
6610	1
6611	0
6612	0
6613	0
6614	0
6615	0
6616	0
6617	0
6618	0
6619	0
6620	0
6621	0
6622	0
6623	0
6624	1
6625	1
6626	0
6627	0
6628	0
6629	0
6630	0
6631	1
6632	0
6633	2
6634	0
6635	0
6636	1
6637	0
6638	1
6639	0
6640	0
6641	1
6642	0
6643	0
6644	0
6645	0
6646	0
6647	0
6648	1
6649	1
6650	2
6651	2
6652	1
6653	0
6654	0
6655	0
6656	1
6657	1
6658	1
6659	1
6660	0
6661	0
6662	1
6663	2
6664	0
6665	0
6666	0
6667	0
6668	1
6669	0
6670	0
6671	1
6672	0
6673	0
6674	0
6675	0
6676	0
6677	0
6678	0
6679	0
6680	1
6681	0
6682	1
6683	0
6684	0
6685	0
6686	0
6687	0
6688	0
6689	0
6690	0
6691	0
6692	1
6693	1
6694	0
6695	0
6696	0
6697	0
6698	1
6699	0
6700	2
6701	1
6702	0
6703	0
6704	0
6705	0
6706	0
6707	0
6708	0
6709	0
6710	0
6711	0
6712	0
6713	0
6714	0
6715	4
6716	0
6717	1
6718	2
6719	1
6720	0
6721	0
6722	0
6723	1
6724	1
6725	1
6726	0
6727	0
6728	0
6729	1
6730	1
6731	1
6732	0
6733	0
6734	2
6735	0
6736	1
6737	0
6738	0
6739	0
6740	0
6741	0
6742	1
6743	1
6744	0
6745	0
6746	0
6747	0
6748	1
6749	0
6750	0
6751	0
6752	0
6753	0
6754	0
6755	0
6756	0
6757	0
6758	1
6759	0
6760	0
6761	1
6762	0
6763	0
6764	1
6765	1
6766	0
6767	0
6768	0
6769	1
6770	1
6771	0
6772	2
6773	0
6774	1
6775	0
6776	0
6777	0
6778	0
6779	0
6780	0
6781	2
6782	0
6783	0
6784	1
6785	0
6786	0
6787	0
6788	0
6789	0
6790	0
6791	0
6792	1
6793	0
6794	1
6795	0
6796	1
6797	2
6798	0
6799	1
6800	2
6801	0
6802	0
6803	1
6804	1
6805	1
6806	1
6807	0
6808	0
6809	1
6810	0
6811	0
6812	1
6813	1
6814	0
6815	1
6816	0
6817	0
6818	0
6819	1
6820	0
6821	0
6822	1
6823	0
6824	0
6825	1
6826	0
6827	0
6828	1
6829	0
6830	0
6831	0
6832	0
6833	2
6834	0
6835	3
6836	0
6837	0
6838	0
6839	1
6840	1
6841	0
6842	0
6843	2
6844	0
6845	0
6846	0
6847	0
6848	0
6849	0
6850	0
6851	0
6852	0
6853	0
6854	0
6855	0
6856	0
6857	1
6858	1
6859	0
6860	0
6861	1
6862	0
6863	0
6864	0
6865	1
6866	0
6867	0
6868	0
6869	0
6870	1
6871	2
6872	1
6873	1
6874	1
6875	1
6876	0
6877	2
6878	1
6879	0
6880	0
6881	0
6882	0
6883	0
6884	1
6885	0
6886	0
6887	0
6888	0
6889	0
6890	0
6891	0
6892	1
6893	0
6894	0
6895	1
6896	0
6897	0
6898	0
6899	0
6900	0
6901	1
6902	0
6903	0
6904	1
6905	0
6906	0
6907	0
6908	1
6909	1
6910	0
6911	1
6912	0
6913	0
6914	1
6915	0
6916	0
6917	0
6918	0
6919	0
6920	0
6921	1
6922	1
6923	0
6924	0
6925	0
6926	0
6927	0
6928	0
6929	0
6930	0
6931	0
6932	0
6933	0
6934	1
6935	0
6936	0
6937	0
6938	0
6939	2
6940	0
6941	0
6942	0
6943	0
6944	1
6945	0
6946	1
6947	0
6948	1
6949	2
6950	1
6951	0
6952	0
6953	0
6954	0
6955	0
6956	1
6957	0
6958	0
6959	0
6960	0
6961	0
6962	0
6963	0
6964	1
6965	1
6966	0
6967	0
6968	0
6969	1
6970	1
6971	1
6972	1
6973	0
6974	0
6975	1
6976	0
6977	2
6978	0
6979	0
6980	0
6981	0
6982	0
6983	0
6984	0
6985	0
6986	0
6987	0
6988	0
6989	0
6990	1
6991	0
6992	0
6993	2
6994	0
6995	0
6996	0
6997	0
6998	0
6999	0
7000	0
7001	0
7002	1
7003	0
7004	0
7005	1
7006	1
7007	0
7008	0
7009	0
7010	0
7011	0
7012	0
7013	1
7014	0
7015	0
7016	1
7017	0
7018	2
7019	0
7020	1
7021	0
7022	0
7023	0
7024	1
7025	0
7026	0
7027	0
7028	0
7029	0
7030	1
7031	0
7032	1
7033	0
7034	1
7035	0
7036	0
7037	1
7038	0
7039	0
7040	0
7041	0
7042	1
7043	0
7044	1
7045	0
7046	1
7047	0
7048	1
7049	1
7050	1
7051	0
7052	0
7053	0
7054	0
7055	2
7056	1
7057	0
7058	0
7059	0
7060	2
7061	0
7062	1
7063	0
7064	0
7065	1
7066	1
7067	0
7068	2
7069	1
7070	0
7071	0
7072	0
7073	0
7074	2
7075	0
7076	0
7077	0
7078	4
7079	1
7080	0
7081	0
7082	0
7083	0
7084	0
7085	1
7086	3
7087	0
7088	0
7089	1
7090	2
7091	0
7092	0
7093	0
7094	0
7095	1
7096	0
7097	1
7098	0
7099	0
7100	0
7101	1
7102	2
7103	0
7104	1
7105	1
7106	0
7107	1
7108	0
7109	0
7110	1
7111	0
7112	0
7113	2
7114	0
7115	1
7116	0
7117	1
7118	1
7119	0
7120	0
7121	0
7122	0
7123	0
7124	2
7125	0
7126	0
7127	0
7128	0
7129	1
7130	0
7131	1
7132	0
7133	0
7134	0
7135	1
7136	1
7137	1
7138	2
7139	0
7140	0
7141	0
7142	0
7143	0
7144	1
7145	0
7146	0
7147	0
7148	0
7149	0
7150	0
7151	2
7152	0
7153	1
7154	0
7155	0
7156	0
7157	0
7158	0
7159	0
7160	1
7161	1
7162	0
7163	0
7164	0
7165	0
7166	0
7167	0
7168	0
7169	0
7170	1
7171	0
7172	0
7173	1
7174	0
7175	0
7176	0
7177	0
7178	0
7179	0
7180	0
7181	1
7182	0
7183	2
7184	0
7185	0
7186	0
7187	0
7188	1
7189	0
7190	0
7191	0
7192	0
7193	2
7194	0
7195	0
7196	0
7197	0
7198	0
7199	0
7200	1
7201	0
7202	0
7203	0
7204	0
7205	1
7206	0
7207	1
7208	0
7209	0
7210	0
7211	0
7212	0
7213	0
7214	0
7215	0
7216	0
7217	2
7218	0
7219	0
7220	0
7221	0
7222	0
7223	0
7224	1
7225	0
7226	1
7227	1
7228	0
7229	0
7230	1
7231	0
7232	0
7233	0
7234	0
7235	2
7236	0
7237	1
7238	0
7239	0
7240	1
7241	0
7242	0
7243	1
7244	0
7245	0
7246	0
7247	0
7248	0
7249	0
7250	0
7251	0
7252	0
7253	0
7254	0
7255	0
7256	0
7257	0
7258	0
7259	1
7260	1
7261	0
7262	1
7263	0
7264	0
7265	0
7266	0
7267	0
7268	0
7269	0
7270	0
7271	0
7272	0
7273	0
7274	0
7275	0
7276	0
7277	1
7278	0
7279	1
7280	0
7281	1
7282	1
7283	0
7284	0
7285	3
7286	1
7287	0
7288	0
7289	0
7290	0
7291	0
7292	0
7293	0
7294	0
7295	0
7296	1
7297	0
7298	0
7299	0
7300	0
7301	2
7302	0
7303	1
7304	0
7305	0
7306	0
7307	1
7308	0
7309	0
7310	0
7311	1
7312	0
7313	0
7314	0
7315	0
7316	0
7317	1
7318	0
7319	0
7320	0
7321	0
7322	1
7323	1
7324	0
7325	0
7326	1
7327	0
7328	0
7329	1
7330	0
7331	0
7332	0
7333	1
7334	0
7335	0
7336	1
7337	0
7338	0
7339	0
7340	1
7341	0
7342	0
7343	0
7344	0
7345	1
7346	0
7347	0
7348	0
7349	0
7350	1
7351	0
7352	1
7353	1
7354	0
7355	0
7356	0
7357	0
7358	0
7359	1
7360	0
7361	1
7362	0
7363	0
7364	0
7365	1
7366	0
7367	0
7368	1
7369	0
7370	1
7371	1
7372	0
7373	1
7374	0
7375	1
7376	2
7377	1
7378	0
7379	1
7380	0
7381	0
7382	0
7383	0
7384	0
7385	1
7386	0
7387	0
7388	0
7389	0
7390	0
7391	0
7392	1
7393	0
7394	0
7395	0
7396	1
7397	0
7398	0
7399	1
7400	0
7401	1
7402	1
7403	0
7404	0
7405	0
7406	0
7407	0
7408	0
7409	0
7410	1
7411	0
7412	0
7413	0
7414	0
7415	0
7416	0
7417	0
7418	0
7419	0
7420	0
7421	1
7422	0
7423	0
7424	0
7425	1
7426	0
7427	1
7428	0
7429	0
7430	0
7431	0
7432	0
7433	0
7434	1
7435	1
7436	0
7437	1
7438	2
7439	0
7440	2
7441	0
7442	0
7443	0
7444	0
7445	1
7446	0
7447	0
7448	0
7449	0
7450	0
7451	1
7452	0
7453	1
7454	0
7455	0
7456	0
7457	1
7458	0
7459	0
7460	0
7461	1
7462	0
7463	0
7464	0
7465	0
7466	0
7467	1
7468	0
7469	1
7470	0
7471	0
7472	0
7473	0
7474	0
7475	0
7476	0
7477	0
7478	0
7479	0
7480	1
7481	0
7482	0
7483	1
7484	0
7485	0
7486	0
7487	0
7488	0
7489	0
7490	1
7491	0
7492	0
7493	1
7494	1
7495	0
7496	1
7497	0
7498	0
7499	0
7500	0
7501	0
7502	0
7503	0
7504	0
7505	0
7506	0
7507	1
7508	0
7509	1
7510	0
7511	1
7512	0
7513	0
7514	0
7515	0
7516	0
7517	0
7518	1
7519	0
7520	0
7521	0
7522	0
7523	0
7524	0
7525	0
7526	0
7527	0
7528	0
7529	1
7530	1
7531	0
7532	0
7533	0
7534	0
7535	0
7536	0
7537	0
7538	0
7539	0
7540	0
7541	2
7542	0
7543	0
7544	0
7545	0
7546	0
7547	0
7548	0
7549	1
7550	1
7551	0
7552	0
7553	0
7554	0
7555	0
7556	1
7557	1
7558	0
7559	0
7560	0
7561	0
7562	1
7563	1
7564	0
7565	0
7566	0
7567	0
7568	0
7569	0
7570	0
7571	1
7572	1
7573	1
7574	0
7575	0
7576	0
7577	0
7578	0
7579	0
7580	0
7581	0
7582	0
7583	1
7584	0
7585	0
7586	0
7587	0
7588	0
7589	1
7590	0
7591	0
7592	0
7593	0
7594	1
7595	0
7596	1
7597	0
7598	0
7599	0
7600	0
7601	0
7602	1
7603	1
7604	0
7605	0
7606	1
7607	0
7608	0
7609	0
7610	0
7611	1
7612	0
7613	0
7614	0
7615	0
7616	0
7617	0
7618	0
7619	1
7620	0
7621	0
7622	0
7623	0
7624	0
7625	0
7626	0
7627	1
7628	0
7629	0
7630	0
7631	0
7632	0
7633	0
7634	0
7635	0
7636	1
7637	0
7638	0
7639	0
7640	0
7641	0
7642	1
7643	1
7644	0
7645	0
7646	1
7647	1
7648	0
7649	0
7650	0
7651	0
7652	0
7653	0
7654	0
7655	0
7656	0
7657	0
7658	0
7659	0
7660	1
7661	1
7662	0
7663	0
7664	0
7665	0
7666	0
7667	0
7668	0
7669	0
7670	0
7671	1
7672	1
7673	0
7674	1
7675	0
7676	0
7677	0
7678	0
7679	0
7680	0
7681	0
7682	2
7683	1
7684	0
7685	0
7686	0
7687	0
7688	0
7689	0
7690	0
7691	1
7692	1
7693	0
7694	0
7695	0
7696	1
7697	0
7698	0
7699	0
7700	1
7701	0
7702	1
7703	1
7704	0
7705	0
7706	0
7707	0
7708	0
7709	0
7710	0
7711	1
7712	0
7713	1
7714	0
7715	2
7716	1
7717	0
7718	0
7719	0
7720	0
7721	0
7722	0
7723	1
7724	0
7725	0
7726	0
7727	1
7728	0
7729	0
7730	0
7731	0
7732	0
7733	0
7734	0
7735	0
7736	1
7737	0
7738	0
7739	0
7740	0
7741	0
7742	0
7743	0
7744	0
7745	0
7746	2
7747	0
7748	0
7749	2
7750	0
7751	0
7752	0
7753	0
7754	2
7755	0
7756	0
7757	0
7758	2
7759	0
7760	0
7761	0
7762	0
7763	0
7764	0
7765	0
7766	0
7767	0
7768	0
7769	0
7770	0
7771	0
7772	0
7773	0
7774	0
7775	0
7776	0
7777	0
7778	0
7779	0
7780	0
7781	1
7782	0
7783	0
7784	0
7785	0
7786	0
7787	0
7788	0
7789	0
7790	0
7791	0
7792	0
7793	0
7794	0
7795	0
7796	2
7797	0
7798	0
7799	0
7800	0
7801	0
7802	0
7803	0
7804	0
7805	0
7806	0
7807	0
7808	0
7809	1
7810	1
7811	0
7812	0
7813	0
7814	0
7815	0
7816	0
7817	0
7818	0
7819	2
7820	0
7821	0
7822	1
7823	0
7824	1
7825	0
7826	0
7827	0
7828	0
7829	0
7830	0
7831	1
7832	0
7833	0
7834	1
7835	1
7836	0
7837	0
7838	0
7839	0
7840	0
7841	0
7842	0
7843	0
7844	0
7845	0
7846	0
7847	0
7848	0
7849	0
7850	1
7851	0
7852	0
7853	0
7854	0
7855	0
7856	0
7857	0
7858	0
7859	0
7860	0
7861	0
7862	1
7863	1
7864	0
7865	1
7866	0
7867	1
7868	1
7869	0
7870	0
7871	0
7872	0
7873	0
7874	0
7875	0
7876	0
7877	0
7878	0
7879	0
7880	0
7881	0
7882	0
7883	0
7884	0
7885	0
7886	0
7887	1
7888	0
7889	1
7890	0
7891	0
7892	0
7893	0
7894	0
7895	0
7896	0
7897	1
7898	0
7899	0
7900	0
7901	0
7902	1
7903	0
7904	0
7905	0
7906	0
7907	0
7908	0
7909	0
7910	0
7911	0
7912	0
7913	0
7914	0
7915	0
7916	0
7917	0
7918	0
7919	0
7920	0
7921	0
7922	0
7923	0
7924	0
7925	0
7926	0
7927	0
7928	0
7929	0
7930	0
7931	0
7932	0
7933	0
7934	0
7935	0
7936	0
7937	0
7938	0
7939	0
7940	0
7941	0
7942	0
7943	0
7944	0
7945	0
7946	0
7947	0
7948	0
7949	0
7950	0
7951	0
7952	0
7953	0
7954	0
7955	0
7956	0
7957	0
7958	0
7959	0
7960	0
7961	0
7962	0
7963	0
7964	0
7965	0
7966	0
7967	0
7968	0
7969	0
7970	0
7971	0
7972	0
7973	0
7974	0
7975	0
7976	0
7977	0
7978	0
7979	0
7980	0
7981	0
7982	0
7983	0
7984	0
7985	0
7986	0
7987	0
7988	0
7989	0
7990	0
7991	0
7992	0
7993	0
7994	0
7995	0
7996	0
7997	0
7998	0
7999	0
8000	0
8001	0
8002	0
8003	0
8004	0
8005	0
8006	0
8007	0
8008	0
8009	0
8010	0
8011	0
8012	0
8013	0
8014	0
8015	0
8016	0
8017	0
8018	0
8019	0
8020	0
8021	0
8022	0
8023	0
8024	0
8025	0
8026	0
8027	0
8028	0
8029	0
8030	0
8031	0
8032	0
8033	0
8034	0
8035	0
8036	0
8037	0
8038	0
8039	0
8040	0
8041	0
8042	0
8043	0
8044	0
8045	0
8046	0
8047	0
8048	0
8049	0
8050	0
8051	0
8052	0
8053	0
8054	0
8055	0
8056	0
8057	0
8058	0
8059	0
8060	0
8061	0
8062	0
8063	0
8064	0
8065	0
8066	0
8067	0
8068	0
8069	0
8070	0
8071	0
8072	0
8073	0
8074	0
8075	0
8076	0
8077	0
8078	0
8079	0
8080	0
8081	0
8082	0
8083	0
8084	0
8085	0
8086	0
8087	0
8088	0
8089	0
8090	0
8091	0
8092	0
8093	0
8094	0
8095	0
8096	0
8097	0
8098	0
8099	0
8100	0
8101	0
8102	0
8103	0
8104	0
8105	0
8106	0
8107	0
8108	0
8109	0
8110	0
8111	0
8112	0
8113	0
8114	0
8115	0
8116	0
8117	0
8118	0
8119	0
8120	0
8121	0
8122	0
8123	0
8124	0
8125	0
8126	0
8127	0
8128	0
8129	0
8130	0
8131	0
8132	0
8133	0
8134	0
8135	0
8136	0
8137	0
8138	0
8139	0
8140	0
8141	0
8142	0
8143	0
8144	0
8145	0
8146	0
8147	0
8148	0
8149	0
8150	0
8151	0
8152	0
8153	0
8154	0
8155	0
8156	0
8157	0
8158	0
8159	0
8160	0
8161	0
8162	0
8163	0
8164	0
8165	0
8166	0
8167	0
8168	0
8169	0
8170	0
8171	0
8172	0
8173	0
8174	0
8175	0
8176	0
8177	0
8178	0
8179	0
8180	0
8181	0
8182	0
8183	0
8184	0
8185	0
8186	0
8187	0
8188	0
8189	0
8190	0
8191	0
