0	0
1	0
2	0
3	0
4	0
5	0
6	0
7	0
8	0
9	0
10	0
11	0
12	0
13	0
14	0
15	0
16	0
17	0
18	0
19	0
20	0
21	0
22	0
23	0
24	0
25	0
26	0
27	0
28	0
29	0
30	0
31	0
32	0
33	0
34	0
35	0
36	0
37	0
38	0
39	0
40	0
41	0
42	0
43	0
44	0
45	0
46	0
47	0
48	0
49	0
50	0
51	0
52	0
53	0
54	0
55	0
56	0
57	0
58	0
59	0
60	0
61	0
62	0
63	0
64	0
65	0
66	0
67	0
68	0
69	0
70	0
71	0
72	0
73	0
74	0
75	0
76	0
77	0
78	0
79	0
80	0
81	0
82	0
83	1
84	5
85	12
86	12
87	10
88	10
89	11
90	7
91	17
92	17
93	5
94	14
95	15
96	19
97	10
98	8
99	8
100	8
101	8
102	17
103	16
104	7
105	8
106	12
107	6
108	9
109	12
110	12
111	9
112	14
113	12
114	9
115	14
116	14
117	13
118	8
119	14
120	13
121	13
122	8
123	10
124	14
125	11
126	13
127	7
128	9
129	15
130	8
131	11
132	11
133	9
134	16
135	12
136	15
137	16
138	12
139	10
140	17
141	17
142	9
143	18
144	6
145	9
146	12
147	11
148	9
149	11
150	19
151	16
152	15
153	6
154	13
155	12
156	8
157	7
158	11
159	9
160	8
161	9
162	17
163	9
164	10
165	15
166	18
167	9
168	15
169	12
170	12
171	7
172	9
173	17
174	12
175	20
176	10
177	14
178	11
179	13
180	13
181	12
182	13
183	7
184	17
185	11
186	13
187	10
188	17
189	11
190	8
191	15
192	14
193	19
194	10
195	18
196	13
197	15
198	9
199	13
200	13
201	8
202	12
203	14
204	14
205	19
206	10
207	13
208	11
209	14
210	12
211	12
212	16
213	10
214	13
215	8
216	12
217	13
218	13
219	13
220	15
221	16
222	12
223	14
224	13
225	18
226	19
227	10
228	12
229	18
230	10
231	14
232	16
233	15
234	15
235	9
236	12
237	13
238	13
239	12
240	6
241	14
242	12
243	15
244	8
245	14
246	10
247	14
248	17
249	9
250	8
251	9
252	16
253	17
254	11
255	8
256	19
257	16
258	18
259	16
260	15
261	17
262	14
263	11
264	11
265	8
266	10
267	19
268	17
269	11
270	12
271	10
272	20
273	17
274	8
275	7
276	13
277	13
278	16
279	23
280	16
281	19
282	17
283	14
284	11
285	13
286	17
287	17
288	21
289	16
290	13
291	9
292	12
293	19
294	11
295	11
296	15
297	16
298	15
299	12
300	14
301	13
302	21
303	12
304	17
305	13
306	12
307	20
308	22
309	14
310	9
311	17
312	17
313	20
314	13
315	17
316	21
317	12
318	15
319	19
320	15
321	20
322	10
323	15
324	18
325	16
326	16
327	16
328	15
329	19
330	19
331	14
332	17
333	14
334	16
335	12
336	14
337	15
338	19
339	16
340	8
341	17
342	9
343	13
344	15
345	14
346	11
347	13
348	22
349	18
350	10
351	9
352	12
353	22
354	12
355	20
356	14
357	14
358	12
359	15
360	18
361	11
362	13
363	18
364	19
365	10
366	18
367	19
368	17
369	27
370	16
371	18
372	11
373	21
374	23
375	18
376	12
377	15
378	13
379	21
380	11
381	12
382	12
383	14
384	14
385	14
386	17
387	16
388	19
389	9
390	17
391	14
392	14
393	23
394	20
395	14
396	14
397	18
398	16
399	16
400	14
401	8
402	18
403	12
404	18
405	22
406	17
407	17
408	21
409	15
410	24
411	8
412	16
413	18
414	12
415	16
416	14
417	12
418	13
419	21
420	16
421	17
422	31
423	14
424	16
425	15
426	21
427	17
428	16
429	19
430	12
431	18
432	25
433	17
434	20
435	20
436	23
437	12
438	15
439	20
440	21
441	27
442	22
443	17
444	20
445	19
446	25
447	21
448	16
449	25
450	19
451	14
452	25
453	24
454	20
455	26
456	16
457	15
458	22
459	17
460	21
461	17
462	21
463	23
464	13
465	19
466	29
467	18
468	15
469	28
470	21
471	16
472	22
473	26
474	20
475	23
476	28
477	27
478	29
479	20
480	29
481	21
482	22
483	30
484	26
485	23
486	22
487	21
488	20
489	34
490	28
491	28
492	31
493	27
494	34
495	38
496	38
497	28
498	28
499	35
500	32
501	24
502	28
503	32
504	32
505	30
506	36
507	31
508	33
509	27
510	25
511	34
512	35
513	25
514	26
515	35
516	34
517	31
518	28
519	22
520	33
521	39
522	32
523	26
524	45
525	35
526	29
527	37
528	23
529	33
530	34
531	34
532	36
533	33
534	24
535	28
536	35
537	32
538	30
539	30
540	26
541	28
542	29
543	30
544	24
545	36
546	29
547	22
548	30
549	28
550	28
551	26
552	40
553	26
554	22
555	25
556	30
557	19
558	30
559	37
560	18
561	26
562	29
563	23
564	25
565	34
566	23
567	32
568	32
569	22
570	17
571	24
572	21
573	26
574	16
575	27
576	21
577	27
578	25
579	25
580	22
581	31
582	29
583	26
584	38
585	29
586	32
587	25
588	15
589	21
590	23
591	24
592	24
593	23
594	27
595	25
596	22
597	24
598	16
599	17
600	16
601	35
602	18
603	24
604	23
605	39
606	26
607	30
608	20
609	24
610	31
611	31
612	27
613	16
614	27
615	12
616	28
617	27
618	24
619	23
620	23
621	18
622	25
623	22
624	19
625	28
626	16
627	29
628	21
629	22
630	23
631	20
632	24
633	25
634	19
635	19
636	27
637	28
638	20
639	31
640	29
641	23
642	16
643	19
644	18
645	22
646	20
647	19
648	16
649	18
650	13
651	14
652	21
653	17
654	20
655	27
656	20
657	24
658	19
659	26
660	20
661	24
662	16
663	23
664	12
665	23
666	30
667	20
668	26
669	19
670	21
671	26
672	23
673	21
674	18
675	19
676	22
677	27
678	20
679	22
680	21
681	21
682	15
683	19
684	19
685	18
686	25
687	21
688	17
689	19
690	17
691	18
692	31
693	14
694	22
695	26
696	23
697	29
698	23
699	32
700	25
701	21
702	19
703	17
704	11
705	33
706	26
707	23
708	22
709	23
710	26
711	17
712	21
713	21
714	22
715	24
716	25
717	19
718	24
719	23
720	22
721	25
722	19
723	29
724	26
725	20
726	22
727	18
728	30
729	23
730	17
731	19
732	30
733	25
734	27
735	18
736	29
737	23
738	20
739	19
740	24
741	14
742	19
743	20
744	20
745	23
746	24
747	22
748	16
749	27
750	18
751	17
752	15
753	24
754	33
755	31
756	20
757	28
758	29
759	19
760	26
761	30
762	20
763	36
764	37
765	35
766	29
767	22
768	15
769	28
770	21
771	28
772	23
773	27
774	21
775	24
776	20
777	25
778	20
779	17
780	23
781	23
782	13
783	28
784	22
785	19
786	20
787	25
788	30
789	34
790	29
791	26
792	26
793	33
794	20
795	20
796	28
797	17
798	13
799	22
800	25
801	17
802	39
803	22
804	32
805	26
806	32
807	29
808	26
809	23
810	26
811	27
812	21
813	26
814	33
815	27
816	22
817	22
818	31
819	30
820	17
821	33
822	36
823	23
824	16
825	29
826	30
827	17
828	23
829	20
830	27
831	23
832	24
833	21
834	21
835	29
836	25
837	20
838	27
839	23
840	28
841	31
842	26
843	29
844	40
845	24
846	32
847	30
848	24
849	30
850	34
851	25
852	25
853	27
854	15
855	27
856	23
857	22
858	37
859	27
860	25
861	27
862	41
863	16
864	31
865	32
866	24
867	28
868	37
869	21
870	26
871	28
872	26
873	26
874	22
875	28
876	29
877	36
878	30
879	27
880	26
881	26
882	32
883	20
884	26
885	28
886	28
887	26
888	43
889	18
890	36
891	38
892	40
893	30
894	27
895	30
896	38
897	24
898	30
899	25
900	25
901	26
902	33
903	36
904	25
905	29
906	26
907	41
908	36
909	34
910	32
911	27
912	31
913	28
914	42
915	31
916	26
917	30
918	29
919	32
920	30
921	27
922	33
923	32
924	34
925	35
926	29
927	24
928	37
929	35
930	40
931	29
932	25
933	32
934	26
935	35
936	21
937	34
938	29
939	26
940	29
941	31
942	25
943	27
944	24
945	29
946	27
947	22
948	35
949	24
950	28
951	24
952	35
953	31
954	19
955	27
956	23
957	26
958	19
959	38
960	27
961	37
962	36
963	20
964	32
965	34
966	33
967	27
968	37
969	29
970	37
971	30
972	23
973	28
974	39
975	44
976	35
977	35
978	37
979	33
980	40
981	22
982	34
983	44
984	34
985	34
986	26
987	36
988	38
989	40
990	38
991	35
992	21
993	32
994	37
995	23
996	32
997	28
998	35
999	29
1000	31
1001	38
1002	27
1003	32
1004	34
1005	30
1006	25
1007	24
1008	33
1009	26
1010	40
1011	25
1012	32
1013	41
1014	23
1015	33
1016	28
1017	36
1018	36
1019	39
1020	34
1021	40
1022	28
1023	40
1024	42
1025	28
1026	55
1027	30
1028	40
1029	29
1030	39
1031	28
1032	36
1033	32
1034	25
1035	41
1036	35
1037	30
1038	28
1039	31
1040	32
1041	36
1042	40
1043	35
1044	47
1045	34
1046	42
1047	36
1048	49
1049	45
1050	28
1051	34
1052	32
1053	25
1054	35
1055	35
1056	27
1057	37
1058	27
1059	34
1060	34
1061	31
1062	39
1063	35
1064	40
1065	38
1066	46
1067	39
1068	40
1069	37
1070	38
1071	40
1072	24
1073	27
1074	38
1075	41
1076	32
1077	34
1078	25
1079	34
1080	26
1081	34
1082	29
1083	38
1084	32
1085	41
1086	39
1087	36
1088	39
1089	35
1090	35
1091	31
1092	39
1093	27
1094	37
1095	35
1096	42
1097	44
1098	30
1099	32
1100	35
1101	34
1102	29
1103	32
1104	40
1105	32
1106	32
1107	40
1108	35
1109	30
1110	31
1111	44
1112	45
1113	43
1114	33
1115	34
1116	39
1117	40
1118	36
1119	28
1120	37
1121	35
1122	51
1123	24
1124	31
1125	49
1126	31
1127	39
1128	27
1129	27
1130	27
1131	47
1132	47
1133	48
1134	36
1135	42
1136	33
1137	40
1138	35
1139	35
1140	36
1141	41
1142	38
1143	30
1144	40
1145	37
1146	33
1147	34
1148	31
1149	35
1150	40
1151	46
1152	31
1153	47
1154	38
1155	51
1156	38
1157	31
1158	43
1159	48
1160	42
1161	30
1162	47
1163	33
1164	49
1165	40
1166	36
1167	50
1168	35
1169	40
1170	37
1171	35
1172	43
1173	47
1174	53
1175	34
1176	42
1177	36
1178	43
1179	33
1180	31
1181	44
1182	43
1183	38
1184	49
1185	49
1186	42
1187	32
1188	40
1189	34
1190	33
1191	43
1192	38
1193	33
1194	52
1195	40
1196	41
1197	39
1198	35
1199	41
1200	31
1201	27
1202	34
1203	37
1204	47
1205	36
1206	46
1207	46
1208	34
1209	43
1210	36
1211	35
1212	32
1213	39
1214	41
1215	32
1216	47
1217	30
1218	33
1219	34
1220	37
1221	42
1222	25
1223	34
1224	32
1225	40
1226	47
1227	46
1228	40
1229	39
1230	37
1231	41
1232	39
1233	43
1234	38
1235	42
1236	43
1237	42
1238	51
1239	41
1240	41
1241	22
1242	32
1243	41
1244	52
1245	31
1246	33
1247	50
1248	32
1249	44
1250	38
1251	40
1252	34
1253	41
1254	42
1255	53
1256	40
1257	45
1258	36
1259	43
1260	34
1261	51
1262	49
1263	41
1264	49
1265	38
1266	37
1267	36
1268	35
1269	44
1270	40
1271	36
1272	34
1273	38
1274	43
1275	37
1276	26
1277	43
1278	30
1279	37
1280	34
1281	28
1282	33
1283	57
1284	46
1285	50
1286	39
1287	51
1288	44
1289	47
1290	49
1291	34
1292	41
1293	45
1294	33
1295	43
1296	35
1297	40
1298	38
1299	47
1300	42
1301	48
1302	44
1303	45
1304	50
1305	40
1306	42
1307	52
1308	37
1309	41
1310	50
1311	56
1312	46
1313	43
1314	39
1315	42
1316	47
1317	37
1318	44
1319	44
1320	46
1321	39
1322	30
1323	49
1324	38
1325	34
1326	36
1327	49
1328	44
1329	45
1330	43
1331	38
1332	43
1333	48
1334	57
1335	36
1336	48
1337	40
1338	40
1339	43
1340	44
1341	35
1342	34
1343	36
1344	54
1345	45
1346	48
1347	52
1348	44
1349	43
1350	40
1351	50
1352	58
1353	39
1354	42
1355	40
1356	53
1357	40
1358	50
1359	51
1360	52
1361	48
1362	44
1363	51
1364	61
1365	54
1366	55
1367	48
1368	35
1369	54
1370	44
1371	52
1372	53
1373	49
1374	45
1375	45
1376	52
1377	54
1378	62
1379	42
1380	44
1381	63
1382	39
1383	38
1384	56
1385	48
1386	44
1387	40
1388	55
1389	55
1390	54
1391	41
1392	43
1393	48
1394	50
1395	47
1396	39
1397	52
1398	55
1399	51
1400	50
1401	43
1402	60
1403	45
1404	65
1405	61
1406	60
1407	58
1408	64
1409	62
1410	60
1411	48
1412	61
1413	53
1414	56
1415	60
1416	46
1417	72
1418	63
1419	79
1420	62
1421	61
1422	53
1423	68
1424	53
1425	68
1426	77
1427	53
1428	49
1429	54
1430	83
1431	48
1432	56
1433	51
1434	51
1435	49
1436	63
1437	49
1438	60
1439	56
1440	64
1441	66
1442	69
1443	44
1444	48
1445	71
1446	57
1447	55
1448	49
1449	57
1450	65
1451	80
1452	67
1453	76
1454	60
1455	55
1456	82
1457	54
1458	58
1459	59
1460	70
1461	54
1462	61
1463	54
1464	63
1465	61
1466	53
1467	69
1468	49
1469	50
1470	61
1471	58
1472	64
1473	67
1474	57
1475	63
1476	77
1477	48
1478	57
1479	72
1480	67
1481	66
1482	65
1483	63
1484	60
1485	68
1486	73
1487	59
1488	69
1489	61
1490	46
1491	57
1492	48
1493	68
1494	47
1495	47
1496	75
1497	70
1498	63
1499	54
1500	47
1501	57
1502	70
1503	75
1504	49
1505	71
1506	55
1507	61
1508	45
1509	63
1510	64
1511	67
1512	43
1513	47
1514	66
1515	67
1516	62
1517	57
1518	52
1519	67
1520	63
1521	44
1522	43
1523	47
1524	62
1525	58
1526	61
1527	57
1528	56
1529	56
1530	63
1531	43
1532	57
1533	62
1534	67
1535	57
1536	61
1537	61
1538	59
1539	62
1540	55
1541	61
1542	50
1543	42
1544	45
1545	63
1546	46
1547	45
1548	49
1549	44
1550	53
1551	63
1552	50
1553	51
1554	47
1555	44
1556	48
1557	57
1558	37
1559	53
1560	52
1561	48
1562	44
1563	46
1564	36
1565	42
1566	62
1567	46
1568	56
1569	49
1570	43
1571	55
1572	48
1573	32
1574	47
1575	50
1576	44
1577	48
1578	58
1579	39
1580	42
1581	49
1582	35
1583	42
1584	38
1585	40
1586	48
1587	46
1588	37
1589	35
1590	40
1591	40
1592	37
1593	53
1594	49
1595	47
1596	49
1597	38
1598	38
1599	39
1600	49
1601	36
1602	40
1603	42
1604	51
1605	36
1606	38
1607	40
1608	42
1609	44
1610	41
1611	33
1612	39
1613	40
1614	51
1615	32
1616	34
1617	35
1618	50
1619	40
1620	49
1621	36
1622	36
1623	50
1624	39
1625	49
1626	40
1627	53
1628	40
1629	31
1630	33
1631	28
1632	46
1633	38
1634	31
1635	30
1636	42
1637	38
1638	39
1639	34
1640	41
1641	42
1642	44
1643	41
1644	28
1645	32
1646	34
1647	29
1648	35
1649	33
1650	36
1651	33
1652	39
1653	31
1654	31
1655	31
1656	30
1657	33
1658	41
1659	46
1660	28
1661	38
1662	30
1663	19
1664	32
1665	36
1666	32
1667	32
1668	26
1669	27
1670	27
1671	38
1672	34
1673	34
1674	30
1675	29
1676	40
1677	28
1678	31
1679	28
1680	18
1681	29
1682	24
1683	35
1684	29
1685	29
1686	23
1687	18
1688	21
1689	23
1690	23
1691	25
1692	33
1693	31
1694	25
1695	37
1696	32
1697	20
1698	22
1699	31
1700	26
1701	25
1702	28
1703	25
1704	22
1705	23
1706	24
1707	37
1708	19
1709	24
1710	23
1711	34
1712	18
1713	20
1714	27
1715	31
1716	21
1717	22
1718	29
1719	18
1720	30
1721	32
1722	20
1723	25
1724	18
1725	16
1726	20
1727	20
1728	21
1729	32
1730	24
1731	31
1732	31
1733	22
1734	31
1735	20
1736	25
1737	29
1738	29
1739	31
1740	30
1741	18
1742	21
1743	29
1744	27
1745	23
1746	18
1747	35
1748	38
1749	18
1750	30
1751	27
1752	21
1753	20
1754	28
1755	19
1756	24
1757	27
1758	18
1759	28
1760	28
1761	25
1762	27
1763	18
1764	20
1765	23
1766	23
1767	25
1768	33
1769	21
1770	25
1771	23
1772	29
1773	20
1774	20
1775	24
1776	16
1777	26
1778	26
1779	26
1780	24
1781	20
1782	23
1783	29
1784	17
1785	21
1786	22
1787	19
1788	18
1789	16
1790	18
1791	26
1792	21
1793	17
1794	24
1795	18
1796	18
1797	26
1798	21
1799	27
1800	17
1801	22
1802	17
1803	27
1804	19
1805	20
1806	23
1807	24
1808	24
1809	23
1810	31
1811	19
1812	26
1813	17
1814	21
1815	19
1816	18
1817	22
1818	17
1819	13
1820	17
1821	23
1822	18
1823	22
1824	21
1825	17
1826	32
1827	20
1828	21
1829	21
1830	16
1831	17
1832	18
1833	22
1834	22
1835	23
1836	21
1837	23
1838	20
1839	21
1840	34
1841	19
1842	21
1843	25
1844	24
1845	28
1846	15
1847	9
1848	19
1849	16
1850	22
1851	16
1852	22
1853	15
1854	13
1855	18
1856	14
1857	18
1858	15
1859	22
1860	20
1861	28
1862	20
1863	14
1864	22
1865	21
1866	20
1867	19
1868	16
1869	26
1870	20
1871	20
1872	16
1873	28
1874	27
1875	20
1876	25
1877	30
1878	17
1879	16
1880	18
1881	15
1882	13
1883	20
1884	17
1885	19
1886	13
1887	19
1888	26
1889	18
1890	25
1891	20
1892	16
1893	18
1894	24
1895	15
1896	18
1897	20
1898	17
1899	24
1900	15
1901	21
1902	24
1903	17
1904	17
1905	16
1906	26
1907	19
1908	15
1909	19
1910	20
1911	25
1912	14
1913	14
1914	23
1915	23
1916	23
1917	21
1918	21
1919	17
1920	24
1921	16
1922	16
1923	18
1924	19
1925	15
1926	23
1927	15
1928	15
1929	23
1930	12
1931	10
1932	17
1933	15
1934	19
1935	22
1936	23
1937	9
1938	17
1939	19
1940	14
1941	18
1942	15
1943	20
1944	18
1945	9
1946	15
1947	13
1948	13
1949	21
1950	17
1951	20
1952	16
1953	16
1954	14
1955	18
1956	16
1957	17
1958	24
1959	14
1960	15
1961	15
1962	14
1963	11
1964	17
1965	27
1966	19
1967	15
1968	19
1969	18
1970	17
1971	18
1972	15
1973	14
1974	15
1975	19
1976	15
1977	28
1978	16
1979	21
1980	18
1981	17
1982	23
1983	19
1984	16
1985	18
1986	17
1987	21
1988	23
1989	17
1990	20
1991	8
1992	19
1993	20
1994	17
1995	26
1996	23
1997	13
1998	13
1999	18
2000	15
2001	17
2002	19
2003	19
2004	13
2005	12
2006	11
2007	14
2008	21
2009	19
2010	12
2011	18
2012	21
2013	18
2014	16
2015	12
2016	9
2017	15
2018	21
2019	16
2020	19
2021	22
2022	24
2023	11
2024	18
2025	17
2026	14
2027	9
2028	22
2029	20
2030	18
2031	24
2032	15
2033	7
2034	19
2035	14
2036	19
2037	11
2038	16
2039	10
2040	12
2041	15
2042	23
2043	17
2044	20
2045	13
2046	26
2047	12
2048	9
2049	9
2050	16
2051	10
2052	12
2053	18
2054	14
2055	17
2056	8
2057	15
2058	11
2059	17
2060	17
2061	16
2062	16
2063	13
2064	15
2065	14
2066	16
2067	14
2068	21
2069	14
2070	14
2071	16
2072	15
2073	14
2074	23
2075	13
2076	19
2077	12
2078	12
2079	19
2080	9
2081	16
2082	14
2083	14
2084	13
2085	16
2086	21
2087	20
2088	21
2089	15
2090	11
2091	15
2092	21
2093	16
2094	10
2095	12
2096	16
2097	14
2098	12
2099	12
2100	13
2101	19
2102	20
2103	13
2104	16
2105	17
2106	21
2107	10
2108	15
2109	20
2110	19
2111	16
2112	10
2113	8
2114	18
2115	9
2116	20
2117	19
2118	15
2119	13
2120	9
2121	15
2122	16
2123	7
2124	10
2125	11
2126	13
2127	12
2128	22
2129	15
2130	8
2131	19
2132	14
2133	15
2134	11
2135	13
2136	19
2137	16
2138	21
2139	17
2140	21
2141	10
2142	10
2143	19
2144	15
2145	9
2146	19
2147	17
2148	13
2149	16
2150	18
2151	11
2152	14
2153	13
2154	17
2155	22
2156	14
2157	8
2158	16
2159	24
2160	11
2161	14
2162	15
2163	10
2164	13
2165	14
2166	20
2167	15
2168	13
2169	13
2170	8
2171	15
2172	11
2173	14
2174	14
2175	15
2176	8
2177	19
2178	11
2179	18
2180	16
2181	17
2182	5
2183	18
2184	10
2185	20
2186	17
2187	15
2188	8
2189	17
2190	16
2191	14
2192	14
2193	17
2194	10
2195	14
2196	11
2197	13
2198	13
2199	17
2200	18
2201	20
2202	10
2203	15
2204	12
2205	19
2206	14
2207	14
2208	6
2209	12
2210	17
2211	15
2212	16
2213	14
2214	12
2215	14
2216	14
2217	15
2218	16
2219	15
2220	17
2221	12
2222	14
2223	13
2224	17
2225	10
2226	16
2227	15
2228	21
2229	13
2230	15
2231	9
2232	11
2233	15
2234	15
2235	17
2236	12
2237	12
2238	13
2239	14
2240	13
2241	15
2242	17
2243	24
2244	12
2245	16
2246	15
2247	12
2248	15
2249	17
2250	17
2251	18
2252	19
2253	14
2254	9
2255	7
2256	17
2257	12
2258	13
2259	17
2260	10
2261	17
2262	15
2263	17
2264	15
2265	17
2266	16
2267	12
2268	14
2269	13
2270	10
2271	6
2272	20
2273	13
2274	18
2275	17
2276	13
2277	15
2278	14
2279	18
2280	13
2281	14
2282	9
2283	19
2284	15
2285	14
2286	11
2287	13
2288	18
2289	19
2290	17
2291	13
2292	15
2293	20
2294	17
2295	17
2296	15
2297	15
2298	7
2299	14
2300	13
2301	17
2302	14
2303	13
2304	15
2305	19
2306	16
2307	13
2308	22
2309	11
2310	10
2311	15
2312	16
2313	16
2314	15
2315	18
2316	12
2317	18
2318	18
2319	12
2320	20
2321	21
2322	9
2323	14
2324	17
2325	10
2326	8
2327	14
2328	17
2329	21
2330	18
2331	15
2332	20
2333	12
2334	16
2335	15
2336	26
2337	15
2338	15
2339	21
2340	21
2341	24
2342	20
2343	19
2344	18
2345	11
2346	18
2347	18
2348	12
2349	8
2350	9
2351	14
2352	15
2353	23
2354	28
2355	14
2356	20
2357	16
2358	22
2359	16
2360	31
2361	12
2362	13
2363	25
2364	21
2365	21
2366	21
2367	13
2368	15
2369	16
2370	24
2371	21
2372	13
2373	21
2374	18
2375	17
2376	24
2377	14
2378	25
2379	12
2380	10
2381	14
2382	25
2383	26
2384	23
2385	23
2386	19
2387	18
2388	16
2389	22
2390	16
2391	19
2392	19
2393	13
2394	17
2395	12
2396	22
2397	25
2398	20
2399	16
2400	21
2401	23
2402	16
2403	14
2404	17
2405	20
2406	18
2407	27
2408	17
2409	23
2410	29
2411	14
2412	23
2413	17
2414	25
2415	22
2416	18
2417	21
2418	19
2419	26
2420	18
2421	22
2422	17
2423	19
2424	27
2425	20
2426	31
2427	21
2428	18
2429	19
2430	13
2431	24
2432	22
2433	17
2434	13
2435	23
2436	24
2437	32
2438	15
2439	32
2440	19
2441	23
2442	19
2443	27
2444	20
2445	17
2446	20
2447	27
2448	21
2449	24
2450	22
2451	28
2452	21
2453	17
2454	23
2455	26
2456	23
2457	22
2458	28
2459	24
2460	23
2461	22
2462	19
2463	23
2464	28
2465	25
2466	25
2467	24
2468	14
2469	26
2470	30
2471	26
2472	15
2473	25
2474	34
2475	22
2476	29
2477	26
2478	20
2479	19
2480	26
2481	25
2482	26
2483	26
2484	22
2485	35
2486	36
2487	25
2488	29
2489	30
2490	26
2491	30
2492	23
2493	27
2494	24
2495	31
2496	25
2497	29
2498	26
2499	26
2500	25
2501	31
2502	33
2503	27
2504	20
2505	28
2506	18
2507	33
2508	34
2509	24
2510	42
2511	28
2512	25
2513	26
2514	28
2515	37
2516	27
2517	31
2518	25
2519	27
2520	24
2521	24
2522	29
2523	27
2524	28
2525	25
2526	40
2527	34
2528	33
2529	23
2530	35
2531	33
2532	33
2533	32
2534	24
2535	29
2536	26
2537	32
2538	26
2539	25
2540	22
2541	30
2542	24
2543	34
2544	26
2545	33
2546	24
2547	30
2548	35
2549	28
2550	26
2551	29
2552	30
2553	37
2554	34
2555	37
2556	30
2557	36
2558	35
2559	27
2560	37
2561	28
2562	37
2563	31
2564	29
2565	35
2566	32
2567	29
2568	25
2569	37
2570	37
2571	40
2572	38
2573	24
2574	36
2575	35
2576	20
2577	32
2578	26
2579	29
2580	26
2581	51
2582	26
2583	22
2584	29
2585	33
2586	29
2587	25
2588	35
2589	36
2590	44
2591	29
2592	31
2593	26
2594	28
2595	38
2596	34
2597	36
2598	32
2599	35
2600	41
2601	30
2602	37
2603	39
2604	27
2605	34
2606	27
2607	30
2608	36
2609	26
2610	36
2611	41
2612	30
2613	29
2614	30
2615	37
2616	37
2617	50
2618	34
2619	24
2620	41
2621	32
2622	29
2623	40
2624	24
2625	41
2626	35
2627	43
2628	40
2629	36
2630	39
2631	42
2632	20
2633	33
2634	32
2635	34
2636	26
2637	42
2638	29
2639	37
2640	35
2641	28
2642	34
2643	37
2644	30
2645	30
2646	52
2647	35
2648	34
2649	36
2650	30
2651	41
2652	37
2653	25
2654	38
2655	36
2656	36
2657	34
2658	41
2659	34
2660	33
2661	35
2662	33
2663	25
2664	18
2665	44
2666	39
2667	36
2668	34
2669	32
2670	40
2671	32
2672	36
2673	36
2674	32
2675	31
2676	33
2677	28
2678	31
2679	23
2680	29
2681	29
2682	34
2683	25
2684	24
2685	30
2686	38
2687	36
2688	34
2689	27
2690	30
2691	39
2692	35
2693	29
2694	35
2695	35
2696	38
2697	33
2698	27
2699	36
2700	38
2701	29
2702	38
2703	31
2704	30
2705	34
2706	35
2707	25
2708	36
2709	40
2710	48
2711	31
2712	34
2713	36
2714	49
2715	26
2716	34
2717	37
2718	32
2719	30
2720	35
2721	39
2722	30
2723	35
2724	32
2725	39
2726	35
2727	42
2728	45
2729	42
2730	41
2731	37
2732	26
2733	36
2734	23
2735	38
2736	38
2737	30
2738	28
2739	36
2740	30
2741	31
2742	27
2743	31
2744	25
2745	31
2746	37
2747	27
2748	24
2749	28
2750	34
2751	30
2752	30
2753	31
2754	34
2755	31
2756	40
2757	32
2758	31
2759	35
2760	34
2761	30
2762	32
2763	31
2764	34
2765	24
2766	32
2767	26
2768	26
2769	24
2770	32
2771	22
2772	34
2773	37
2774	25
2775	25
2776	34
2777	27
2778	29
2779	27
2780	36
2781	18
2782	26
2783	30
2784	32
2785	30
2786	28
2787	31
2788	26
2789	36
2790	22
2791	25
2792	29
2793	28
2794	27
2795	29
2796	22
2797	18
2798	32
2799	31
2800	26
2801	20
2802	19
2803	25
2804	20
2805	27
2806	27
2807	29
2808	39
2809	30
2810	20
2811	45
2812	25
2813	26
2814	29
2815	21
2816	20
2817	26
2818	29
2819	23
2820	34
2821	23
2822	29
2823	21
2824	27
2825	22
2826	21
2827	20
2828	22
2829	20
2830	22
2831	16
2832	28
2833	23
2834	26
2835	27
2836	20
2837	20
2838	29
2839	25
2840	29
2841	17
2842	26
2843	29
2844	28
2845	30
2846	21
2847	17
2848	42
2849	13
2850	22
2851	17
2852	14
2853	20
2854	23
2855	24
2856	21
2857	20
2858	21
2859	22
2860	18
2861	17
2862	13
2863	20
2864	21
2865	26
2866	29
2867	23
2868	27
2869	25
2870	25
2871	35
2872	18
2873	15
2874	18
2875	15
2876	21
2877	19
2878	21
2879	24
2880	20
2881	17
2882	9
2883	20
2884	16
2885	29
2886	17
2887	14
2888	28
2889	20
2890	14
2891	15
2892	21
2893	14
2894	18
2895	20
2896	19
2897	20
2898	12
2899	19
2900	20
2901	28
2902	14
2903	13
2904	11
2905	14
2906	26
2907	16
2908	21
2909	15
2910	26
2911	21
2912	18
2913	13
2914	18
2915	21
2916	19
2917	15
2918	18
2919	15
2920	16
2921	25
2922	13
2923	21
2924	16
2925	19
2926	19
2927	16
2928	16
2929	14
2930	15
2931	14
2932	13
2933	12
2934	18
2935	15
2936	18
2937	10
2938	11
2939	10
2940	13
2941	10
2942	14
2943	12
2944	15
2945	11
2946	12
2947	20
2948	18
2949	14
2950	17
2951	14
2952	15
2953	20
2954	15
2955	12
2956	17
2957	15
2958	15
2959	13
2960	16
2961	12
2962	8
2963	9
2964	11
2965	7
2966	18
2967	10
2968	11
2969	13
2970	17
2971	17
2972	14
2973	13
2974	10
2975	16
2976	7
2977	12
2978	17
2979	16
2980	15
2981	12
2982	10
2983	16
2984	15
2985	15
2986	10
2987	14
2988	15
2989	17
2990	9
2991	12
2992	13
2993	14
2994	13
2995	10
2996	11
2997	13
2998	12
2999	14
3000	12
3001	8
3002	13
3003	8
3004	13
3005	7
3006	10
3007	8
3008	7
3009	11
3010	11
3011	15
3012	12
3013	8
3014	12
3015	8
3016	10
3017	14
3018	11
3019	8
3020	13
3021	12
3022	11
3023	11
3024	11
3025	13
3026	8
3027	12
3028	9
3029	9
3030	13
3031	7
3032	12
3033	12
3034	7
3035	11
3036	12
3037	6
3038	4
3039	11
3040	11
3041	10
3042	10
3043	9
3044	9
3045	10
3046	11
3047	11
3048	12
3049	4
3050	5
3051	11
3052	2
3053	5
3054	5
3055	10
3056	9
3057	7
3058	13
3059	15
3060	11
3061	13
3062	10
3063	13
3064	12
3065	12
3066	4
3067	10
3068	13
3069	8
3070	5
3071	9
3072	7
3073	21
3074	12
3075	9
3076	9
3077	9
3078	13
3079	8
3080	13
3081	9
3082	5
3083	5
3084	4
3085	5
3086	9
3087	7
3088	5
3089	14
3090	7
3091	3
3092	10
3093	14
3094	6
3095	6
3096	11
3097	10
3098	10
3099	8
3100	7
3101	9
3102	6
3103	3
3104	6
3105	15
3106	9
3107	9
3108	12
3109	7
3110	6
3111	10
3112	8
3113	5
3114	9
3115	9
3116	7
3117	7
3118	8
3119	3
3120	7
3121	11
3122	10
3123	8
3124	3
3125	7
3126	7
3127	8
3128	15
3129	13
3130	8
3131	8
3132	8
3133	5
3134	9
3135	9
3136	11
3137	5
3138	7
3139	7
3140	12
3141	13
3142	11
3143	9
3144	5
3145	5
3146	15
3147	6
3148	11
3149	11
3150	3
3151	5
3152	4
3153	6
3154	8
3155	9
3156	9
3157	6
3158	5
3159	5
3160	7
3161	9
3162	10
3163	10
3164	3
3165	8
3166	6
3167	7
3168	7
3169	6
3170	7
3171	6
3172	7
3173	11
3174	7
3175	12
3176	10
3177	4
3178	13
3179	7
3180	10
3181	11
3182	6
3183	4
3184	7
3185	8
3186	8
3187	8
3188	7
3189	6
3190	3
3191	4
3192	7
3193	9
3194	9
3195	6
3196	9
3197	10
3198	7
3199	8
3200	8
3201	7
3202	5
3203	4
3204	7
3205	10
3206	5
3207	4
3208	5
3209	10
3210	6
3211	10
3212	10
3213	9
3214	1
3215	6
3216	7
3217	8
3218	17
3219	10
3220	5
3221	11
3222	7
3223	5
3224	7
3225	9
3226	11
3227	5
3228	12
3229	6
3230	7
3231	5
3232	7
3233	3
3234	7
3235	7
3236	8
3237	8
3238	5
3239	6
3240	9
3241	8
3242	6
3243	6
3244	5
3245	7
3246	8
3247	11
3248	4
3249	6
3250	8
3251	5
3252	3
3253	6
3254	7
3255	11
3256	10
3257	6
3258	9
3259	9
3260	10
3261	9
3262	7
3263	8
3264	5
3265	5
3266	7
3267	9
3268	9
3269	9
3270	7
3271	5
3272	8
3273	5
3274	3
3275	9
3276	6
3277	8
3278	8
3279	10
3280	5
3281	4
3282	8
3283	4
3284	10
3285	5
3286	2
3287	3
3288	9
3289	12
3290	10
3291	7
3292	6
3293	8
3294	7
3295	5
3296	6
3297	9
3298	5
3299	4
3300	6
3301	4
3302	4
3303	3
3304	9
3305	7
3306	4
3307	8
3308	4
3309	6
3310	6
3311	6
3312	10
3313	12
3314	6
3315	4
3316	5
3317	5
3318	11
3319	7
3320	10
3321	2
3322	6
3323	10
3324	12
3325	9
3326	9
3327	4
3328	7
3329	6
3330	9
3331	12
3332	5
3333	6
3334	7
3335	8
3336	5
3337	4
3338	5
3339	8
3340	1
3341	11
3342	6
3343	11
3344	8
3345	6
3346	8
3347	8
3348	5
3349	5
3350	11
3351	10
3352	4
3353	8
3354	6
3355	9
3356	4
3357	8
3358	6
3359	10
3360	8
3361	6
3362	2
3363	7
3364	6
3365	4
3366	8
3367	6
3368	2
3369	6
3370	9
3371	7
3372	4
3373	2
3374	5
3375	5
3376	5
3377	10
3378	3
3379	2
3380	7
3381	9
3382	7
3383	2
3384	5
3385	4
3386	5
3387	4
3388	7
3389	7
3390	3
3391	11
3392	7
3393	10
3394	5
3395	14
3396	5
3397	6
3398	3
3399	4
3400	5
3401	5
3402	5
3403	8
3404	5
3405	3
3406	11
3407	4
3408	4
3409	6
3410	2
3411	8
3412	4
3413	11
3414	8
3415	3
3416	9
3417	10
3418	6
3419	3
3420	9
3421	5
3422	6
3423	7
3424	6
3425	10
3426	7
3427	5
3428	5
3429	6
3430	7
3431	6
3432	3
3433	4
3434	4
3435	6
3436	7
3437	6
3438	7
3439	7
3440	4
3441	5
3442	2
3443	6
3444	3
3445	7
3446	9
3447	8
3448	6
3449	11
3450	6
3451	3
3452	8
3453	8
3454	7
3455	7
3456	5
3457	6
3458	3
3459	4
3460	11
3461	6
3462	6
3463	3
3464	6
3465	10
3466	6
3467	5
3468	7
3469	7
3470	5
3471	7
3472	8
3473	5
3474	5
3475	10
3476	8
3477	8
3478	4
3479	7
3480	10
3481	8
3482	9
3483	3
3484	5
3485	5
3486	11
3487	8
3488	6
3489	4
3490	6
3491	10
3492	12
3493	3
3494	5
3495	8
3496	9
3497	3
3498	3
3499	2
3500	4
3501	4
3502	7
3503	5
3504	10
3505	8
3506	5
3507	4
3508	9
3509	4
3510	4
3511	3
3512	8
3513	5
3514	5
3515	8
3516	9
3517	7
3518	2
3519	7
3520	8
3521	5
3522	5
3523	5
3524	5
3525	6
3526	4
3527	7
3528	8
3529	6
3530	4
3531	11
3532	9
3533	5
3534	10
3535	9
3536	5
3537	7
3538	5
3539	4
3540	9
3541	10
3542	10
3543	5
3544	9
3545	7
3546	9
3547	6
3548	9
3549	2
3550	7
3551	10
3552	8
3553	12
3554	6
3555	3
3556	5
3557	6
3558	6
3559	5
3560	6
3561	6
3562	9
3563	3
3564	1
3565	8
3566	5
3567	3
3568	3
3569	4
3570	5
3571	6
3572	7
3573	8
3574	6
3575	5
3576	8
3577	11
3578	10
3579	3
3580	7
3581	6
3582	5
3583	3
3584	8
3585	6
3586	1
3587	5
3588	3
3589	8
3590	3
3591	6
3592	1
3593	7
3594	8
3595	5
3596	5
3597	2
3598	6
3599	3
3600	6
3601	4
3602	6
3603	5
3604	4
3605	9
3606	5
3607	4
3608	6
3609	5
3610	7
3611	7
3612	8
3613	4
3614	10
3615	5
3616	4
3617	9
3618	9
3619	9
3620	9
3621	5
3622	3
3623	12
3624	1
3625	6
3626	7
3627	5
3628	3
3629	4
3630	2
3631	7
3632	3
3633	3
3634	6
3635	6
3636	4
3637	7
3638	5
3639	8
3640	10
3641	8
3642	7
3643	9
3644	0
3645	6
3646	3
3647	8
3648	2
3649	4
3650	7
3651	2
3652	9
3653	7
3654	4
3655	12
3656	6
3657	5
3658	3
3659	2
3660	5
3661	7
3662	6
3663	6
3664	1
3665	4
3666	4
3667	4
3668	3
3669	5
3670	4
3671	4
3672	5
3673	12
3674	5
3675	3
3676	4
3677	4
3678	7
3679	5
3680	6
3681	6
3682	2
3683	4
3684	10
3685	5
3686	5
3687	2
3688	5
3689	6
3690	2
3691	3
3692	4
3693	9
3694	5
3695	9
3696	4
3697	4
3698	4
3699	5
3700	7
3701	7
3702	5
3703	3
3704	7
3705	4
3706	6
3707	6
3708	5
3709	6
3710	3
3711	7
3712	4
3713	2
3714	5
3715	5
3716	5
3717	9
3718	4
3719	7
3720	6
3721	2
3722	4
3723	4
3724	3
3725	1
3726	4
3727	4
3728	7
3729	3
3730	3
3731	4
3732	10
3733	1
3734	5
3735	8
3736	4
3737	5
3738	2
3739	3
3740	8
3741	4
3742	10
3743	5
3744	3
3745	6
3746	5
3747	12
3748	3
3749	4
3750	1
3751	3
3752	2
3753	2
3754	3
3755	5
3756	5
3757	3
3758	2
3759	4
3760	4
3761	6
3762	6
3763	6
3764	4
3765	6
3766	4
3767	3
3768	3
3769	1
3770	1
3771	3
3772	5
3773	4
3774	7
3775	10
3776	5
3777	6
3778	7
3779	7
3780	5
3781	3
3782	7
3783	3
3784	6
3785	4
3786	6
3787	3
3788	5
3789	6
3790	4
3791	11
3792	2
3793	4
3794	7
3795	4
3796	2
3797	9
3798	4
3799	5
3800	5
3801	8
3802	4
3803	4
3804	4
3805	4
3806	6
3807	7
3808	2
3809	6
3810	7
3811	8
3812	9
3813	11
3814	6
3815	5
3816	2
3817	5
3818	8
3819	7
3820	4
3821	1
3822	4
3823	6
3824	9
3825	2
3826	5
3827	1
3828	5
3829	4
3830	4
3831	3
3832	4
3833	4
3834	6
3835	6
3836	4
3837	4
3838	9
3839	5
3840	3
3841	4
3842	3
3843	4
3844	5
3845	4
3846	6
3847	5
3848	3
3849	8
3850	4
3851	7
3852	7
3853	4
3854	5
3855	6
3856	6
3857	3
3858	6
3859	7
3860	6
3861	5
3862	2
3863	3
3864	6
3865	4
3866	8
3867	7
3868	4
3869	6
3870	4
3871	5
3872	7
3873	2
3874	6
3875	5
3876	2
3877	1
3878	7
3879	6
3880	4
3881	5
3882	5
3883	5
3884	3
3885	3
3886	2
3887	3
3888	4
3889	6
3890	3
3891	3
3892	1
3893	10
3894	7
3895	6
3896	7
3897	3
3898	2
3899	4
3900	9
3901	3
3902	5
3903	4
3904	1
3905	2
3906	3
3907	7
3908	11
3909	0
3910	8
3911	5
3912	6
3913	6
3914	8
3915	3
3916	5
3917	5
3918	9
3919	2
3920	7
3921	8
3922	2
3923	11
3924	3
3925	4
3926	5
3927	4
3928	6
3929	5
3930	2
3931	4
3932	8
3933	3
3934	10
3935	3
3936	6
3937	6
3938	8
3939	4
3940	2
3941	3
3942	5
3943	6
3944	7
3945	2
3946	8
3947	1
3948	4
3949	5
3950	3
3951	8
3952	4
3953	5
3954	8
3955	8
3956	4
3957	7
3958	5
3959	6
3960	4
3961	3
3962	3
3963	2
3964	5
3965	4
3966	7
3967	5
3968	6
3969	3
3970	3
3971	1
3972	5
3973	8
3974	4
3975	3
3976	4
3977	4
3978	3
3979	7
3980	8
3981	3
3982	5
3983	6
3984	2
3985	6
3986	5
3987	4
3988	4
3989	3
3990	7
3991	4
3992	3
3993	4
3994	6
3995	5
3996	4
3997	5
3998	4
3999	0
4000	1
4001	8
4002	6
4003	5
4004	7
4005	3
4006	7
4007	9
4008	7
4009	6
4010	4
4011	2
4012	6
4013	6
4014	4
4015	6
4016	4
4017	4
4018	7
4019	6
4020	6
4021	3
4022	7
4023	1
4024	5
4025	7
4026	6
4027	6
4028	2
4029	5
4030	2
4031	7
4032	7
4033	5
4034	3
4035	8
4036	7
4037	5
4038	1
4039	5
4040	5
4041	2
4042	5
4043	4
4044	8
4045	5
4046	0
4047	7
4048	5
4049	6
4050	5
4051	6
4052	6
4053	6
4054	2
4055	5
4056	11
4057	4
4058	10
4059	5
4060	4
4061	4
4062	6
4063	8
4064	4
4065	5
4066	6
4067	6
4068	5
4069	4
4070	5
4071	3
4072	3
4073	7
4074	7
4075	5
4076	6
4077	5
4078	6
4079	2
4080	6
4081	7
4082	7
4083	4
4084	8
4085	4
4086	4
4087	4
4088	2
4089	2
4090	1
4091	7
4092	1
4093	9
4094	4
4095	3
4096	6
4097	7
4098	9
4099	3
4100	1
4101	5
4102	5
4103	4
4104	6
4105	6
4106	4
4107	7
4108	7
4109	8
4110	3
4111	4
4112	7
4113	1
4114	5
4115	6
4116	7
4117	6
4118	3
4119	2
4120	4
4121	4
4122	6
4123	3
4124	6
4125	3
4126	6
4127	7
4128	6
4129	7
4130	5
4131	3
4132	5
4133	4
4134	3
4135	8
4136	5
4137	7
4138	3
4139	3
4140	2
4141	6
4142	1
4143	6
4144	1
4145	4
4146	4
4147	4
4148	4
4149	6
4150	5
4151	2
4152	3
4153	3
4154	4
4155	5
4156	4
4157	3
4158	3
4159	4
4160	6
4161	6
4162	7
4163	4
4164	3
4165	3
4166	3
4167	3
4168	5
4169	3
4170	3
4171	7
4172	3
4173	3
4174	9
4175	6
4176	3
4177	4
4178	4
4179	2
4180	4
4181	3
4182	3
4183	3
4184	3
4185	5
4186	5
4187	4
4188	6
4189	5
4190	5
4191	2
4192	2
4193	3
4194	2
4195	3
4196	7
4197	0
4198	4
4199	4
4200	2
4201	3
4202	1
4203	2
4204	4
4205	2
4206	1
4207	1
4208	3
4209	4
4210	5
4211	2
4212	5
4213	3
4214	2
4215	2
4216	3
4217	5
4218	2
4219	1
4220	5
4221	3
4222	2
4223	4
4224	4
4225	5
4226	4
4227	1
4228	0
4229	3
4230	2
4231	1
4232	2
4233	4
4234	5
4235	2
4236	3
4237	1
4238	0
4239	1
4240	2
4241	1
4242	3
4243	3
4244	3
4245	6
4246	3
4247	2
4248	2
4249	2
4250	3
4251	2
4252	2
4253	0
4254	1
4255	3
4256	2
4257	2
4258	2
4259	4
4260	3
4261	4
4262	0
4263	2
4264	1
4265	2
4266	1
4267	2
4268	2
4269	3
4270	6
4271	3
4272	5
4273	3
4274	5
4275	3
4276	3
4277	3
4278	1
4279	2
4280	4
4281	1
4282	1
4283	3
4284	2
4285	0
4286	1
4287	2
4288	2
4289	3
4290	2
4291	2
4292	2
4293	3
4294	2
4295	2
4296	6
4297	2
4298	1
4299	1
4300	0
4301	3
4302	0
4303	3
4304	1
4305	1
4306	0
4307	0
4308	0
4309	4
4310	3
4311	0
4312	2
4313	0
4314	1
4315	1
4316	1
4317	1
4318	1
4319	2
4320	1
4321	2
4322	2
4323	4
4324	1
4325	1
4326	1
4327	1
4328	2
4329	1
4330	1
4331	1
4332	1
4333	1
4334	4
4335	1
4336	3
4337	1
4338	2
4339	1
4340	4
4341	2
4342	0
4343	3
4344	0
4345	1
4346	3
4347	2
4348	2
4349	2
4350	0
4351	2
4352	0
4353	3
4354	0
4355	0
4356	2
4357	1
4358	1
4359	0
4360	1
4361	0
4362	1
4363	0
4364	1
4365	0
4366	1
4367	1
4368	1
4369	1
4370	1
4371	0
4372	0
4373	1
4374	3
4375	0
4376	0
4377	1
4378	2
4379	2
4380	1
4381	1
4382	0
4383	2
4384	1
4385	0
4386	1
4387	1
4388	1
4389	2
4390	2
4391	2
4392	1
4393	1
4394	0
4395	0
4396	1
4397	1
4398	0
4399	1
4400	0
4401	1
4402	0
4403	0
4404	1
4405	3
4406	0
4407	0
4408	0
4409	1
4410	0
4411	0
4412	0
4413	0
4414	1
4415	0
4416	0
4417	2
4418	0
4419	0
4420	1
4421	1
4422	0
4423	1
4424	1
4425	2
4426	0
4427	1
4428	2
4429	1
4430	1
4431	1
4432	0
4433	0
4434	0
4435	1
4436	0
4437	2
4438	2
4439	0
4440	0
4441	1
4442	1
4443	0
4444	1
4445	1
4446	1
4447	1
4448	0
4449	2
4450	0
4451	1
4452	1
4453	1
4454	1
4455	3
4456	0
4457	2
4458	0
4459	0
4460	0
4461	0
4462	1
4463	0
4464	3
4465	0
4466	2
4467	0
4468	0
4469	1
4470	0
4471	2
4472	0
4473	0
4474	0
4475	0
4476	1
4477	1
4478	1
4479	0
4480	1
4481	0
4482	0
4483	1
4484	1
4485	0
4486	1
4487	0
4488	0
4489	1
4490	0
4491	1
4492	2
4493	0
4494	1
4495	2
4496	1
4497	0
4498	0
4499	2
4500	0
4501	2
4502	1
4503	0
4504	0
4505	1
4506	3
4507	0
4508	1
4509	0
4510	0
4511	0
4512	1
4513	0
4514	2
4515	0
4516	0
4517	0
4518	0
4519	0
4520	0
4521	0
4522	0
4523	1
4524	0
4525	0
4526	0
4527	2
4528	1
4529	0
4530	1
4531	1
4532	0
4533	2
4534	2
4535	1
4536	0
4537	1
4538	0
4539	1
4540	3
4541	2
4542	0
4543	3
4544	0
4545	0
4546	2
4547	0
4548	1
4549	1
4550	0
4551	3
4552	1
4553	1
4554	2
4555	0
4556	0
4557	1
4558	1
4559	0
4560	0
4561	2
4562	0
4563	1
4564	1
4565	0
4566	2
4567	0
4568	0
4569	1
4570	3
4571	0
4572	1
4573	0
4574	0
4575	2
4576	1
4577	0
4578	0
4579	0
4580	0
4581	0
4582	2
4583	0
4584	1
4585	0
4586	1
4587	0
4588	2
4589	1
4590	2
4591	1
4592	2
4593	0
4594	1
4595	0
4596	2
4597	2
4598	0
4599	0
4600	0
4601	0
4602	3
4603	2
4604	2
4605	0
4606	0
4607	1
4608	0
4609	2
4610	0
4611	1
4612	0
4613	0
4614	0
4615	0
4616	0
4617	1
4618	1
4619	1
4620	0
4621	1
4622	1
4623	0
4624	1
4625	0
4626	0
4627	1
4628	1
4629	0
4630	2
4631	0
4632	1
4633	0
4634	2
4635	1
4636	0
4637	0
4638	1
4639	0
4640	2
4641	1
4642	0
4643	0
4644	1
4645	0
4646	0
4647	1
4648	0
4649	2
4650	1
4651	1
4652	0
4653	1
4654	1
4655	1
4656	1
4657	1
4658	0
4659	0
4660	1
4661	0
4662	1
4663	0
4664	0
4665	1
4666	2
4667	0
4668	1
4669	1
4670	2
4671	0
4672	0
4673	1
4674	1
4675	1
4676	0
4677	1
4678	1
4679	2
4680	0
4681	1
4682	1
4683	0
4684	0
4685	0
4686	1
4687	0
4688	0
4689	1
4690	0
4691	1
4692	2
4693	0
4694	0
4695	1
4696	0
4697	0
4698	3
4699	1
4700	0
4701	0
4702	2
4703	0
4704	0
4705	0
4706	0
4707	1
4708	0
4709	0
4710	1
4711	0
4712	0
4713	0
4714	0
4715	0
4716	0
4717	1
4718	0
4719	0
4720	2
4721	0
4722	0
4723	1
4724	1
4725	1
4726	1
4727	0
4728	0
4729	1
4730	1
4731	2
4732	0
4733	2
4734	2
4735	1
4736	0
4737	3
4738	0
4739	2
4740	6
4741	1
4742	1
4743	0
4744	0
4745	0
4746	0
4747	1
4748	1
4749	0
4750	1
4751	2
4752	1
4753	1
4754	0
4755	0
4756	1
4757	2
4758	1
4759	0
4760	1
4761	0
4762	0
4763	1
4764	1
4765	1
4766	1
4767	0
4768	1
4769	0
4770	0
4771	0
4772	0
4773	1
4774	0
4775	1
4776	2
4777	0
4778	0
4779	1
4780	0
4781	0
4782	1
4783	0
4784	0
4785	1
4786	0
4787	0
4788	1
4789	0
4790	0
4791	0
4792	1
4793	1
4794	0
4795	0
4796	0
4797	0
4798	1
4799	1
4800	1
4801	1
4802	1
4803	0
4804	2
4805	0
4806	1
4807	1
4808	1
4809	2
4810	2
4811	2
4812	2
4813	0
4814	0
4815	0
4816	1
4817	1
4818	0
4819	0
4820	2
4821	0
4822	1
4823	0
4824	1
4825	0
4826	0
4827	1
4828	0
4829	1
4830	0
4831	1
4832	0
4833	0
4834	0
4835	2
4836	0
4837	1
4838	0
4839	1
4840	0
4841	0
4842	0
4843	0
4844	0
4845	1
4846	0
4847	0
4848	0
4849	0
4850	1
4851	0
4852	2
4853	0
4854	0
4855	0
4856	0
4857	1
4858	1
4859	1
4860	0
4861	1
4862	2
4863	0
4864	1
4865	0
4866	0
4867	0
4868	1
4869	0
4870	0
4871	2
4872	0
4873	0
4874	0
4875	0
4876	1
4877	0
4878	2
4879	1
4880	0
4881	0
4882	0
4883	1
4884	1
4885	1
4886	0
4887	1
4888	1
4889	1
4890	1
4891	1
4892	1
4893	0
4894	1
4895	1
4896	0
4897	0
4898	0
4899	1
4900	1
4901	1
4902	0
4903	1
4904	0
4905	1
4906	2
4907	0
4908	0
4909	2
4910	0
4911	0
4912	0
4913	1
4914	0
4915	0
4916	1
4917	1
4918	0
4919	1
4920	1
4921	0
4922	0
4923	0
4924	0
4925	3
4926	0
4927	1
4928	1
4929	0
4930	0
4931	1
4932	2
4933	1
4934	1
4935	1
4936	0
4937	0
4938	0
4939	1
4940	0
4941	1
4942	0
4943	2
4944	1
4945	1
4946	2
4947	2
4948	0
4949	0
4950	0
4951	3
4952	1
4953	0
4954	0
4955	0
4956	0
4957	4
4958	1
4959	0
4960	1
4961	0
4962	0
4963	0
4964	1
4965	1
4966	0
4967	1
4968	1
4969	0
4970	0
4971	1
4972	0
4973	0
4974	1
4975	1
4976	3
4977	1
4978	0
4979	0
4980	0
4981	0
4982	0
4983	1
4984	0
4985	1
4986	0
4987	1
4988	1
4989	0
4990	0
4991	0
4992	0
4993	1
4994	3
4995	0
4996	1
4997	1
4998	1
4999	1
5000	0
5001	0
5002	1
5003	0
5004	0
5005	0
5006	0
5007	0
5008	1
5009	0
5010	0
5011	0
5012	0
5013	0
5014	0
5015	0
5016	3
5017	0
5018	1
5019	0
5020	1
5021	0
5022	0
5023	1
5024	0
5025	3
5026	1
5027	1
5028	0
5029	0
5030	4
5031	1
5032	0
5033	0
5034	2
5035	0
5036	1
5037	0
5038	0
5039	0
5040	0
5041	0
5042	1
5043	0
5044	0
5045	0
5046	0
5047	0
5048	1
5049	0
5050	0
5051	1
5052	0
5053	0
5054	0
5055	0
5056	0
5057	0
5058	0
5059	0
5060	0
5061	2
5062	0
5063	0
5064	1
5065	0
5066	1
5067	0
5068	1
5069	1
5070	0
5071	1
5072	1
5073	0
5074	0
5075	1
5076	0
5077	0
5078	1
5079	1
5080	1
5081	0
5082	0
5083	1
5084	1
5085	2
5086	1
5087	0
5088	0
5089	0
5090	0
5091	0
5092	0
5093	0
5094	0
5095	1
5096	0
5097	1
5098	1
5099	0
5100	0
5101	1
5102	0
5103	0
5104	1
5105	0
5106	0
5107	2
5108	1
5109	0
5110	0
5111	0
5112	3
5113	2
5114	0
5115	2
5116	1
5117	1
5118	0
5119	0
5120	0
5121	0
5122	1
5123	1
5124	0
5125	2
5126	0
5127	1
5128	0
5129	0
5130	1
5131	0
5132	0
5133	0
5134	0
5135	0
5136	0
5137	0
5138	0
5139	0
5140	1
5141	1
5142	0
5143	0
5144	0
5145	1
5146	0
5147	0
5148	0
5149	0
5150	1
5151	0
5152	0
5153	1
5154	0
5155	0
5156	1
5157	1
5158	0
5159	0
5160	0
5161	1
5162	1
5163	1
5164	0
5165	4
5166	1
5167	1
5168	2
5169	2
5170	1
5171	0
5172	0
5173	0
5174	2
5175	0
5176	1
5177	1
5178	0
5179	2
5180	1
5181	1
5182	3
5183	0
5184	1
5185	1
5186	0
5187	0
5188	0
5189	1
5190	0
5191	1
5192	2
5193	0
5194	2
5195	0
5196	1
5197	1
5198	0
5199	0
5200	0
5201	0
5202	0
5203	1
5204	0
5205	0
5206	0
5207	0
5208	1
5209	0
5210	0
5211	0
5212	2
5213	0
5214	0
5215	0
5216	0
5217	0
5218	1
5219	0
5220	0
5221	1
5222	0
5223	0
5224	1
5225	0
5226	0
5227	1
5228	0
5229	1
5230	0
5231	0
5232	1
5233	0
5234	0
5235	0
5236	2
5237	2
5238	1
5239	1
5240	0
5241	0
5242	1
5243	0
5244	0
5245	0
5246	1
5247	0
5248	0
5249	0
5250	1
5251	1
5252	0
5253	1
5254	1
5255	0
5256	0
5257	0
5258	0
5259	0
5260	0
5261	2
5262	1
5263	0
5264	0
5265	0
5266	0
5267	0
5268	1
5269	0
5270	0
5271	1
5272	0
5273	0
5274	0
5275	1
5276	1
5277	1
5278	1
5279	0
5280	1
5281	0
5282	0
5283	0
5284	0
5285	0
5286	0
5287	1
5288	0
5289	1
5290	2
5291	1
5292	1
5293	0
5294	0
5295	0
5296	0
5297	0
5298	3
5299	0
5300	1
5301	0
5302	0
5303	0
5304	2
5305	0
5306	0
5307	1
5308	0
5309	0
5310	1
5311	2
5312	1
5313	1
5314	0
5315	1
5316	0
5317	0
5318	0
5319	1
5320	1
5321	2
5322	0
5323	2
5324	1
5325	1
5326	1
5327	0
5328	1
5329	0
5330	0
5331	0
5332	0
5333	1
5334	0
5335	0
5336	1
5337	1
5338	0
5339	1
5340	0
5341	0
5342	0
5343	0
5344	1
5345	1
5346	0
5347	3
5348	1
5349	1
5350	1
5351	1
5352	0
5353	0
5354	1
5355	1
5356	1
5357	0
5358	0
5359	0
5360	1
5361	1
5362	1
5363	0
5364	1
5365	2
5366	2
5367	0
5368	1
5369	1
5370	0
5371	1
5372	0
5373	0
5374	1
5375	1
5376	1
5377	0
5378	0
5379	1
5380	1
5381	1
5382	0
5383	0
5384	1
5385	1
5386	0
5387	0
5388	1
5389	2
5390	1
5391	1
5392	0
5393	2
5394	2
5395	1
5396	1
5397	0
5398	1
5399	0
5400	0
5401	0
5402	0
5403	1
5404	1
5405	1
5406	0
5407	1
5408	0
5409	0
5410	1
5411	1
5412	0
5413	3
5414	0
5415	0
5416	0
5417	0
5418	1
5419	0
5420	0
5421	0
5422	0
5423	0
5424	0
5425	0
5426	1
5427	0
5428	1
5429	0
5430	0
5431	0
5432	0
5433	1
5434	0
5435	0
5436	0
5437	0
5438	0
5439	1
5440	0
5441	0
5442	0
5443	0
5444	1
5445	1
5446	0
5447	0
5448	0
5449	1
5450	1
5451	0
5452	3
5453	1
5454	0
5455	1
5456	2
5457	1
5458	0
5459	0
5460	1
5461	2
5462	1
5463	0
5464	1
5465	1
5466	0
5467	0
5468	0
5469	1
5470	0
5471	0
5472	3
5473	0
5474	1
5475	1
5476	0
5477	0
5478	0
5479	2
5480	0
5481	0
5482	0
5483	0
5484	0
5485	1
5486	1
5487	0
5488	0
5489	0
5490	0
5491	0
5492	1
5493	1
5494	0
5495	1
5496	0
5497	1
5498	2
5499	1
5500	1
5501	0
5502	0
5503	1
5504	0
5505	1
5506	0
5507	0
5508	1
5509	0
5510	0
5511	1
5512	3
5513	0
5514	0
5515	0
5516	0
5517	0
5518	0
5519	0
5520	0
5521	1
5522	0
5523	0
5524	1
5525	1
5526	1
5527	0
5528	2
5529	0
5530	1
5531	0
5532	0
5533	2
5534	2
5535	0
5536	0
5537	0
5538	1
5539	0
5540	0
5541	0
5542	2
5543	1
5544	0
5545	0
5546	1
5547	0
5548	2
5549	0
5550	1
5551	1
5552	1
5553	0
5554	1
5555	1
5556	1
5557	0
5558	1
5559	0
5560	0
5561	2
5562	1
5563	0
5564	0
5565	1
5566	1
5567	1
5568	0
5569	2
5570	1
5571	1
5572	0
5573	2
5574	1
5575	2
5576	1
5577	1
5578	0
5579	2
5580	1
5581	0
5582	0
5583	1
5584	0
5585	0
5586	1
5587	0
5588	1
5589	0
5590	0
5591	0
5592	1
5593	0
5594	3
5595	0
5596	0
5597	1
5598	1
5599	0
5600	2
5601	1
5602	1
5603	1
5604	0
5605	1
5606	0
5607	3
5608	0
5609	1
5610	1
5611	0
5612	0
5613	1
5614	0
5615	0
5616	1
5617	0
5618	0
5619	1
5620	0
5621	0
5622	0
5623	1
5624	0
5625	0
5626	0
5627	0
5628	1
5629	1
5630	0
5631	0
5632	3
5633	0
5634	1
5635	0
5636	0
5637	2
5638	1
5639	0
5640	0
5641	0
5642	1
5643	0
5644	0
5645	2
5646	0
5647	0
5648	0
5649	1
5650	0
5651	0
5652	0
5653	1
5654	0
5655	1
5656	1
5657	2
5658	0
5659	0
5660	2
5661	0
5662	1
5663	1
5664	0
5665	3
5666	0
5667	0
5668	0
5669	0
5670	0
5671	1
5672	0
5673	0
5674	0
5675	0
5676	0
5677	0
5678	1
5679	1
5680	0
5681	0
5682	0
5683	1
5684	0
5685	1
5686	0
5687	0
5688	1
5689	0
5690	0
5691	0
5692	0
5693	0
5694	0
5695	2
5696	0
5697	0
5698	0
5699	0
5700	0
5701	0
5702	0
5703	1
5704	1
5705	0
5706	1
5707	0
5708	1
5709	0
5710	0
5711	0
5712	0
5713	0
5714	1
5715	1
5716	1
5717	0
5718	0
5719	0
5720	0
5721	0
5722	0
5723	0
5724	1
5725	0
5726	0
5727	1
5728	0
5729	0
5730	1
5731	0
5732	0
5733	1
5734	0
5735	1
5736	0
5737	0
5738	0
5739	1
5740	0
5741	0
5742	0
5743	0
5744	0
5745	0
5746	1
5747	0
5748	1
5749	0
5750	0
5751	1
5752	0
5753	1
5754	0
5755	0
5756	1
5757	0
5758	1
5759	0
5760	0
5761	1
5762	1
5763	0
5764	1
5765	2
5766	0
5767	1
5768	2
5769	1
5770	0
5771	0
5772	0
5773	0
5774	1
5775	0
5776	2
5777	0
5778	1
5779	0
5780	0
5781	0
5782	0
5783	0
5784	0
5785	0
5786	2
5787	1
5788	0
5789	0
5790	1
5791	2
5792	1
5793	2
5794	0
5795	0
5796	0
5797	3
5798	0
5799	1
5800	0
5801	1
5802	1
5803	2
5804	0
5805	2
5806	0
5807	0
5808	0
5809	0
5810	0
5811	1
5812	0
5813	0
5814	1
5815	0
5816	1
5817	0
5818	0
5819	0
5820	3
5821	0
5822	0
5823	0
5824	0
5825	1
5826	1
5827	0
5828	1
5829	0
5830	1
5831	1
5832	0
5833	0
5834	0
5835	0
5836	0
5837	1
5838	0
5839	0
5840	0
5841	1
5842	0
5843	2
5844	0
5845	0
5846	0
5847	1
5848	0
5849	0
5850	0
5851	0
5852	1
5853	2
5854	0
5855	0
5856	0
5857	0
5858	0
5859	1
5860	1
5861	1
5862	1
5863	0
5864	0
5865	0
5866	0
5867	0
5868	0
5869	1
5870	3
5871	1
5872	1
5873	0
5874	0
5875	0
5876	0
5877	1
5878	1
5879	0
5880	0
5881	1
5882	0
5883	0
5884	1
5885	1
5886	0
5887	0
5888	0
5889	0
5890	0
5891	0
5892	0
5893	0
5894	0
5895	0
5896	0
5897	0
5898	0
5899	1
5900	0
5901	0
5902	0
5903	0
5904	1
5905	1
5906	1
5907	1
5908	0
5909	0
5910	0
5911	2
5912	0
5913	1
5914	0
5915	1
5916	0
5917	0
5918	3
5919	1
5920	1
5921	0
5922	0
5923	1
5924	0
5925	0
5926	1
5927	0
5928	0
5929	0
5930	0
5931	1
5932	0
5933	0
5934	0
5935	0
5936	0
5937	1
5938	0
5939	0
5940	0
5941	0
5942	0
5943	1
5944	1
5945	0
5946	0
5947	1
5948	0
5949	0
5950	0
5951	0
5952	0
5953	0
5954	1
5955	1
5956	0
5957	0
5958	2
5959	0
5960	1
5961	1
5962	0
5963	0
5964	0
5965	1
5966	1
5967	2
5968	1
5969	1
5970	0
5971	0
5972	0
5973	0
5974	0
5975	1
5976	1
5977	0
5978	1
5979	1
5980	1
5981	0
5982	0
5983	0
5984	0
5985	0
5986	1
5987	0
5988	0
5989	0
5990	1
5991	0
5992	0
5993	0
5994	0
5995	1
5996	0
5997	0
5998	0
5999	0
6000	1
6001	1
6002	0
6003	0
6004	0
6005	0
6006	1
6007	0
6008	0
6009	0
6010	1
6011	1
6012	0
6013	0
6014	2
6015	0
6016	1
6017	0
6018	2
6019	2
6020	1
6021	0
6022	2
6023	0
6024	0
6025	1
6026	1
6027	1
6028	0
6029	1
6030	0
6031	0
6032	0
6033	0
6034	0
6035	0
6036	1
6037	0
6038	1
6039	2
6040	0
6041	0
6042	0
6043	1
6044	1
6045	0
6046	0
6047	1
6048	1
6049	0
6050	0
6051	0
6052	1
6053	0
6054	0
6055	0
6056	0
6057	0
6058	1
6059	0
6060	0
6061	0
6062	0
6063	0
6064	0
6065	0
6066	0
6067	0
6068	0
6069	0
6070	1
6071	0
6072	0
6073	1
6074	1
6075	0
6076	0
6077	0
6078	0
6079	0
6080	1
6081	1
6082	1
6083	0
6084	0
6085	1
6086	0
6087	0
6088	0
6089	1
6090	1
6091	0
6092	1
6093	0
6094	0
6095	1
6096	1
6097	0
6098	2
6099	0
6100	0
6101	0
6102	1
6103	0
6104	1
6105	0
6106	1
6107	0
6108	0
6109	2
6110	0
6111	1
6112	0
6113	1
6114	0
6115	0
6116	0
6117	0
6118	1
6119	0
6120	2
6121	0
6122	0
6123	1
6124	0
6125	0
6126	0
6127	1
6128	2
6129	0
6130	0
6131	0
6132	0
6133	0
6134	1
6135	1
6136	0
6137	0
6138	0
6139	2
6140	1
6141	1
6142	1
6143	1
6144	1
6145	0
6146	0
6147	0
6148	0
6149	0
6150	0
6151	0
6152	1
6153	0
6154	0
6155	0
6156	2
6157	0
6158	0
6159	1
6160	0
6161	0
6162	0
6163	0
6164	0
6165	0
6166	0
6167	0
6168	0
6169	2
6170	0
6171	0
6172	0
6173	0
6174	1
6175	1
6176	0
6177	0
6178	0
6179	0
6180	0
6181	1
6182	0
6183	0
6184	0
6185	0
6186	1
6187	0
6188	2
6189	0
6190	2
6191	1
6192	0
6193	0
6194	0
6195	0
6196	1
6197	0
6198	2
6199	0
6200	2
6201	0
6202	2
6203	0
6204	1
6205	0
6206	2
6207	0
6208	1
6209	0
6210	0
6211	0
6212	0
6213	0
6214	1
6215	0
6216	0
6217	0
6218	0
6219	1
6220	1
6221	1
6222	0
6223	0
6224	0
6225	0
6226	1
6227	0
6228	0
6229	0
6230	0
6231	1
6232	0
6233	1
6234	1
6235	0
6236	0
6237	0
6238	1
6239	1
6240	0
6241	0
6242	0
6243	0
6244	0
6245	0
6246	0
6247	1
6248	1
6249	1
6250	2
6251	0
6252	0
6253	0
6254	0
6255	1
6256	0
6257	2
6258	0
6259	1
6260	0
6261	1
6262	0
6263	0
6264	0
6265	1
6266	0
6267	0
6268	0
6269	0
6270	1
6271	0
6272	0
6273	1
6274	0
6275	0
6276	0
6277	1
6278	0
6279	1
6280	0
6281	0
6282	0
6283	0
6284	0
6285	0
6286	0
6287	0
6288	0
6289	0
6290	0
6291	1
6292	0
6293	0
6294	1
6295	1
6296	0
6297	0
6298	0
6299	2
6300	0
6301	1
6302	0
6303	1
6304	0
6305	1
6306	0
6307	1
6308	0
6309	0
6310	3
6311	0
6312	0
6313	2
6314	0
6315	0
6316	0
6317	2
6318	1
6319	0
6320	0
6321	1
6322	0
6323	1
6324	0
6325	2
6326	1
6327	0
6328	1
6329	2
6330	1
6331	0
6332	1
6333	0
6334	0
6335	1
6336	0
6337	0
6338	1
6339	1
6340	1
6341	0
6342	0
6343	2
6344	0
6345	0
6346	0
6347	0
6348	0
6349	0
6350	0
6351	0
6352	0
6353	0
6354	0
6355	1
6356	2
6357	0
6358	0
6359	0
6360	0
6361	0
6362	1
6363	1
6364	0
6365	0
6366	2
6367	0
6368	0
6369	0
6370	0
6371	0
6372	1
6373	0
6374	0
6375	0
6376	0
6377	2
6378	0
6379	0
6380	1
6381	0
6382	1
6383	0
6384	1
6385	1
6386	0
6387	0
6388	1
6389	0
6390	0
6391	1
6392	0
6393	0
6394	0
6395	1
6396	0
6397	0
6398	2
6399	0
6400	1
6401	0
6402	0
6403	0
6404	0
6405	0
6406	0
6407	0
6408	1
6409	0
6410	1
6411	2
6412	0
6413	0
6414	1
6415	1
6416	0
6417	0
6418	1
6419	1
6420	0
6421	0
6422	0
6423	0
6424	0
6425	0
6426	1
6427	0
6428	0
6429	0
6430	0
6431	0
6432	0
6433	0
6434	0
6435	1
6436	2
6437	1
6438	0
6439	1
6440	1
6441	1
6442	0
6443	0
6444	0
6445	2
6446	0
6447	0
6448	1
6449	0
6450	0
6451	0
6452	0
6453	0
6454	1
6455	0
6456	0
6457	0
6458	0
6459	1
6460	0
6461	0
6462	0
6463	0
6464	1
6465	0
6466	0
6467	0
6468	0
6469	0
6470	0
6471	0
6472	1
6473	0
6474	1
6475	1
6476	0
6477	0
6478	0
6479	0
6480	0
6481	1
6482	0
6483	1
6484	0
6485	0
6486	0
6487	1
6488	1
6489	0
6490	0
6491	0
6492	1
6493	0
6494	0
6495	1
6496	0
6497	0
6498	0
6499	0
6500	1
6501	0
6502	0
6503	1
6504	0
6505	0
6506	0
6507	2
6508	0
6509	0
6510	0
6511	0
6512	1
6513	0
6514	1
6515	1
6516	0
6517	0
6518	0
6519	0
6520	0
6521	0
6522	0
6523	1
6524	0
6525	0
6526	0
6527	0
6528	0
6529	0
6530	0
6531	0
6532	0
6533	0
6534	1
6535	1
6536	0
6537	0
6538	0
6539	1
6540	0
6541	0
6542	0
6543	0
6544	1
6545	0
6546	2
6547	0
6548	0
6549	0
6550	0
6551	0
6552	0
6553	0
6554	0
6555	0
6556	1
6557	1
6558	1
6559	0
6560	0
6561	0
6562	1
6563	0
6564	0
6565	1
6566	0
6567	1
6568	1
6569	0
6570	0
6571	1
6572	0
6573	1
6574	0
6575	0
6576	0
6577	0
6578	2
6579	1
6580	0
6581	1
6582	0
6583	1
6584	0
6585	0
6586	0
6587	0
6588	0
6589	0
6590	0
6591	1
6592	0
6593	0
6594	1
6595	1
6596	1
6597	1
6598	1
6599	0
6600	0
6601	0
6602	1
6603	0
6604	0
6605	1
6606	1
6607	0
6608	0
6609	2
6610	0
6611	0
6612	2
6613	0
6614	2
6615	1
6616	0
6617	0
6618	0
6619	0
6620	0
6621	0
6622	1
6623	0
6624	0
6625	0
6626	0
6627	0
6628	1
6629	0
6630	0
6631	0
6632	1
6633	0
6634	0
6635	0
6636	2
6637	1
6638	0
6639	1
6640	0
6641	1
6642	1
6643	1
6644	0
6645	0
6646	2
6647	0
6648	0
6649	1
6650	0
6651	1
6652	0
6653	1
6654	0
6655	0
6656	0
6657	1
6658	0
6659	0
6660	0
6661	1
6662	1
6663	0
6664	1
6665	0
6666	0
6667	0
6668	2
6669	1
6670	0
6671	0
6672	0
6673	0
6674	0
6675	0
6676	0
6677	0
6678	0
6679	0
6680	0
6681	0
6682	2
6683	0
6684	1
6685	1
6686	0
6687	1
6688	0
6689	1
6690	1
6691	0
6692	0
6693	2
6694	0
6695	0
6696	0
6697	0
6698	1
6699	1
6700	0
6701	0
6702	0
6703	2
6704	0
6705	0
6706	0
6707	0
6708	1
6709	0
6710	0
6711	0
6712	0
6713	0
6714	0
6715	2
6716	0
6717	0
6718	2
6719	2
6720	0
6721	0
6722	1
6723	0
6724	0
6725	0
6726	0
6727	0
6728	0
6729	0
6730	1
6731	1
6732	0
6733	0
6734	0
6735	1
6736	0
6737	0
6738	0
6739	0
6740	0
6741	0
6742	0
6743	0
6744	0
6745	0
6746	0
6747	0
6748	2
6749	1
6750	0
6751	0
6752	0
6753	1
6754	1
6755	0
6756	0
6757	3
6758	0
6759	0
6760	0
6761	0
6762	1
6763	1
6764	1
6765	0
6766	0
6767	0
6768	0
6769	1
6770	0
6771	1
6772	0
6773	1
6774	0
6775	0
6776	0
6777	0
6778	0
6779	0
6780	2
6781	0
6782	0
6783	0
6784	0
6785	0
6786	0
6787	0
6788	1
6789	0
6790	0
6791	0
6792	0
6793	0
6794	0
6795	0
6796	0
6797	0
6798	1
6799	0
6800	1
6801	0
6802	0
6803	0
6804	0
6805	0
6806	0
6807	1
6808	0
6809	0
6810	1
6811	0
6812	0
6813	0
6814	0
6815	1
6816	0
6817	2
6818	0
6819	1
6820	1
6821	0
6822	1
6823	0
6824	0
6825	0
6826	0
6827	2
6828	0
6829	0
6830	0
6831	1
6832	1
6833	0
6834	1
6835	0
6836	0
6837	0
6838	0
6839	0
6840	2
6841	0
6842	1
6843	0
6844	0
6845	1
6846	1
6847	0
6848	2
6849	0
6850	1
6851	1
6852	0
6853	0
6854	0
6855	0
6856	0
6857	2
6858	0
6859	0
6860	1
6861	0
6862	0
6863	0
6864	0
6865	1
6866	1
6867	0
6868	0
6869	0
6870	1
6871	0
6872	1
6873	1
6874	1
6875	0
6876	1
6877	0
6878	0
6879	0
6880	0
6881	0
6882	1
6883	0
6884	2
6885	0
6886	0
6887	0
6888	1
6889	0
6890	1
6891	1
6892	0
6893	1
6894	0
6895	0
6896	0
6897	1
6898	0
6899	0
6900	1
6901	0
6902	0
6903	1
6904	1
6905	0
6906	0
6907	0
6908	0
6909	0
6910	0
6911	0
6912	0
6913	0
6914	1
6915	1
6916	0
6917	1
6918	0
6919	0
6920	1
6921	0
6922	0
6923	0
6924	0
6925	0
6926	0
6927	1
6928	1
6929	1
6930	1
6931	0
6932	1
6933	0
6934	0
6935	0
6936	1
6937	0
6938	0
6939	1
6940	1
6941	0
6942	0
6943	1
6944	0
6945	1
6946	0
6947	0
6948	1
6949	0
6950	1
6951	1
6952	0
6953	0
6954	1
6955	0
6956	1
6957	0
6958	0
6959	0
6960	1
6961	0
6962	3
6963	0
6964	0
6965	1
6966	0
6967	0
6968	0
6969	1
6970	0
6971	0
6972	0
6973	0
6974	0
6975	0
6976	0
6977	0
6978	0
6979	0
6980	0
6981	0
6982	0
6983	0
6984	0
6985	0
6986	1
6987	1
6988	1
6989	0
6990	0
6991	1
6992	0
6993	1
6994	0
6995	0
6996	0
6997	0
6998	0
6999	0
7000	0
7001	0
7002	0
7003	0
7004	0
7005	0
7006	0
7007	0
7008	0
7009	1
7010	0
7011	0
7012	0
7013	0
7014	0
7015	0
7016	2
7017	0
7018	2
7019	0
7020	1
7021	0
7022	1
7023	1
7024	0
7025	1
7026	3
7027	1
7028	0
7029	0
7030	0
7031	0
7032	0
7033	0
7034	0
7035	1
7036	0
7037	0
7038	0
7039	0
7040	1
7041	1
7042	0
7043	0
7044	0
7045	0
7046	0
7047	0
7048	1
7049	0
7050	0
7051	0
7052	0
7053	1
7054	0
7055	0
7056	1
7057	0
7058	0
7059	0
7060	0
7061	0
7062	0
7063	0
7064	1
7065	0
7066	0
7067	0
7068	0
7069	0
7070	0
7071	0
7072	0
7073	0
7074	0
7075	0
7076	0
7077	0
7078	0
7079	1
7080	0
7081	0
7082	0
7083	0
7084	0
7085	0
7086	0
7087	1
7088	0
7089	0
7090	1
7091	2
7092	0
7093	0
7094	0
7095	0
7096	0
7097	0
7098	0
7099	0
7100	0
7101	0
7102	2
7103	0
7104	0
7105	0
7106	0
7107	1
7108	0
7109	0
7110	1
7111	0
7112	0
7113	0
7114	0
7115	1
7116	0
7117	0
7118	0
7119	0
7120	0
7121	0
7122	0
7123	0
7124	0
7125	0
7126	0
7127	1
7128	1
7129	1
7130	0
7131	1
7132	0
7133	0
7134	0
7135	0
7136	0
7137	0
7138	1
7139	0
7140	0
7141	0
7142	0
7143	1
7144	0
7145	1
7146	0
7147	0
7148	0
7149	0
7150	0
7151	0
7152	0
7153	1
7154	0
7155	0
7156	1
7157	0
7158	0
7159	0
7160	0
7161	0
7162	0
7163	0
7164	0
7165	0
7166	0
7167	0
7168	0
7169	0
7170	0
7171	0
7172	0
7173	1
7174	0
7175	1
7176	0
7177	0
7178	0
7179	0
7180	0
7181	0
7182	0
7183	0
7184	0
7185	0
7186	0
7187	1
7188	1
7189	0
7190	0
7191	0
7192	0
7193	1
7194	1
7195	1
7196	1
7197	0
7198	1
7199	0
7200	0
7201	1
7202	0
7203	0
7204	0
7205	0
7206	0
7207	1
7208	0
7209	0
7210	0
7211	0
7212	0
7213	0
7214	0
7215	0
7216	0
7217	0
7218	0
7219	0
7220	0
7221	0
7222	0
7223	1
7224	0
7225	0
7226	0
7227	0
7228	1
7229	0
7230	1
7231	0
7232	0
7233	0
7234	0
7235	0
7236	0
7237	0
7238	0
7239	1
7240	0
7241	1
7242	0
7243	0
7244	0
7245	1
7246	0
7247	0
7248	0
7249	0
7250	0
7251	0
7252	0
7253	0
7254	0
7255	2
7256	1
7257	0
7258	0
7259	1
7260	0
7261	0
7262	1
7263	0
7264	0
7265	0
7266	1
7267	0
7268	1
7269	0
7270	0
7271	0
7272	0
7273	0
7274	0
7275	0
7276	0
7277	2
7278	0
7279	0
7280	3
7281	1
7282	0
7283	0
7284	0
7285	0
7286	0
7287	0
7288	0
7289	2
7290	0
7291	1
7292	1
7293	0
7294	0
7295	0
7296	0
7297	0
7298	1
7299	0
7300	0
7301	0
7302	0
7303	0
7304	1
7305	1
7306	0
7307	0
7308	0
7309	1
7310	0
7311	0
7312	0
7313	1
7314	0
7315	0
7316	0
7317	0
7318	0
7319	2
7320	0
7321	0
7322	0
7323	0
7324	0
7325	0
7326	0
7327	0
7328	1
7329	0
7330	0
7331	1
7332	0
7333	1
7334	0
7335	0
7336	0
7337	0
7338	1
7339	0
7340	0
7341	0
7342	0
7343	0
7344	0
7345	0
7346	2
7347	1
7348	0
7349	0
7350	0
7351	0
7352	0
7353	0
7354	1
7355	1
7356	0
7357	0
7358	0
7359	0
7360	0
7361	1
7362	1
7363	0
7364	0
7365	0
7366	0
7367	0
7368	0
7369	0
7370	1
7371	1
7372	1
7373	1
7374	0
7375	0
7376	1
7377	1
7378	0
7379	0
7380	0
7381	1
7382	0
7383	0
7384	0
7385	0
7386	1
7387	1
7388	0
7389	0
7390	0
7391	0
7392	1
7393	0
7394	0
7395	1
7396	1
7397	0
7398	0
7399	0
7400	1
7401	0
7402	0
7403	1
7404	1
7405	0
7406	1
7407	1
7408	0
7409	0
7410	0
7411	0
7412	0
7413	0
7414	0
7415	1
7416	0
7417	0
7418	0
7419	0
7420	0
7421	1
7422	0
7423	0
7424	0
7425	0
7426	0
7427	0
7428	0
7429	1
7430	0
7431	3
7432	0
7433	0
7434	1
7435	0
7436	0
7437	0
7438	0
7439	0
7440	0
7441	0
7442	0
7443	0
7444	1
7445	0
7446	0
7447	0
7448	0
7449	0
7450	0
7451	0
7452	0
7453	0
7454	0
7455	0
7456	0
7457	0
7458	0
7459	0
7460	0
7461	0
7462	1
7463	0
7464	0
7465	0
7466	1
7467	1
7468	0
7469	0
7470	0
7471	0
7472	0
7473	0
7474	1
7475	0
7476	0
7477	0
7478	0
7479	0
7480	0
7481	0
7482	0
7483	0
7484	0
7485	0
7486	0
7487	0
7488	1
7489	1
7490	0
7491	1
7492	0
7493	0
7494	1
7495	0
7496	1
7497	0
7498	0
7499	0
7500	0
7501	0
7502	1
7503	0
7504	0
7505	0
7506	0
7507	0
7508	0
7509	1
7510	0
7511	1
7512	0
7513	0
7514	0
7515	0
7516	1
7517	0
7518	0
7519	0
7520	0
7521	1
7522	0
7523	1
7524	2
7525	0
7526	0
7527	0
7528	0
7529	0
7530	2
7531	0
7532	0
7533	0
7534	0
7535	1
7536	0
7537	0
7538	1
7539	0
7540	0
7541	0
7542	0
7543	0
7544	0
7545	1
7546	1
7547	0
7548	1
7549	1
7550	0
7551	0
7552	0
7553	0
7554	2
7555	0
7556	0
7557	0
7558	0
7559	0
7560	0
7561	0
7562	0
7563	0
7564	1
7565	0
7566	1
7567	0
7568	0
7569	1
7570	0
7571	0
7572	0
7573	0
7574	0
7575	0
7576	0
7577	2
7578	0
7579	3
7580	0
7581	0
7582	0
7583	0
7584	0
7585	0
7586	1
7587	1
7588	0
7589	0
7590	0
7591	0
7592	0
7593	0
7594	1
7595	0
7596	0
7597	0
7598	0
7599	0
7600	0
7601	1
7602	0
7603	1
7604	0
7605	0
7606	0
7607	0
7608	0
7609	0
7610	0
7611	0
7612	1
7613	0
7614	0
7615	1
7616	0
7617	0
7618	0
7619	0
7620	0
7621	0
7622	0
7623	0
7624	0
7625	0
7626	0
7627	1
7628	1
7629	0
7630	0
7631	0
7632	0
7633	0
7634	0
7635	0
7636	0
7637	0
7638	1
7639	0
7640	0
7641	0
7642	0
7643	1
7644	0
7645	0
7646	0
7647	0
7648	0
7649	1
7650	0
7651	0
7652	0
7653	0
7654	0
7655	0
7656	1
7657	0
7658	1
7659	0
7660	0
7661	0
7662	1
7663	0
7664	2
7665	0
7666	0
7667	1
7668	0
7669	0
7670	0
7671	0
7672	1
7673	0
7674	1
7675	0
7676	0
7677	0
7678	1
7679	0
7680	0
7681	0
7682	0
7683	0
7684	1
7685	0
7686	1
7687	0
7688	0
7689	0
7690	0
7691	0
7692	0
7693	0
7694	0
7695	2
7696	1
7697	0
7698	0
7699	1
7700	0
7701	0
7702	0
7703	1
7704	0
7705	0
7706	0
7707	0
7708	0
7709	0
7710	0
7711	0
7712	0
7713	0
7714	0
7715	0
7716	0
7717	0
7718	0
7719	0
7720	0
7721	0
7722	1
7723	0
7724	1
7725	0
7726	0
7727	0
7728	0
7729	0
7730	0
7731	0
7732	0
7733	0
7734	0
7735	0
7736	0
7737	0
7738	0
7739	0
7740	0
7741	0
7742	0
7743	0
7744	0
7745	1
7746	0
7747	0
7748	0
7749	1
7750	0
7751	0
7752	0
7753	0
7754	1
7755	0
7756	1
7757	0
7758	2
7759	0
7760	0
7761	0
7762	0
7763	0
7764	0
7765	0
7766	0
7767	0
7768	0
7769	0
7770	0
7771	0
7772	0
7773	0
7774	0
7775	0
7776	0
7777	1
7778	0
7779	0
7780	0
7781	0
7782	1
7783	0
7784	0
7785	0
7786	0
7787	1
7788	0
7789	0
7790	0
7791	0
7792	1
7793	1
7794	0
7795	0
7796	0
7797	0
7798	0
7799	1
7800	0
7801	0
7802	0
7803	0
7804	1
7805	1
7806	0
7807	0
7808	0
7809	0
7810	1
7811	0
7812	1
7813	0
7814	1
7815	1
7816	0
7817	0
7818	0
7819	0
7820	0
7821	0
7822	1
7823	0
7824	0
7825	0
7826	0
7827	0
7828	0
7829	0
7830	0
7831	0
7832	0
7833	0
7834	0
7835	0
7836	0
7837	0
7838	1
7839	1
7840	0
7841	0
7842	0
7843	1
7844	0
7845	0
7846	1
7847	0
7848	2
7849	0
7850	1
7851	0
7852	0
7853	1
7854	0
7855	0
7856	0
7857	0
7858	0
7859	0
7860	0
7861	0
7862	1
7863	0
7864	0
7865	1
7866	0
7867	0
7868	0
7869	0
7870	0
7871	0
7872	0
7873	0
7874	1
7875	0
7876	0
7877	0
7878	0
7879	0
7880	0
7881	0
7882	1
7883	1
7884	1
7885	0
7886	0
7887	0
7888	0
7889	0
7890	0
7891	0
7892	1
7893	0
7894	0
7895	0
7896	0
7897	0
7898	0
7899	0
7900	1
7901	1
7902	0
7903	0
7904	0
7905	0
7906	0
7907	0
7908	0
7909	0
7910	0
7911	0
7912	0
7913	0
7914	0
7915	0
7916	0
7917	0
7918	0
7919	0
7920	0
7921	0
7922	0
7923	0
7924	0
7925	0
7926	0
7927	0
7928	0
7929	0
7930	0
7931	0
7932	0
7933	0
7934	0
7935	0
7936	0
7937	0
7938	0
7939	0
7940	0
7941	0
7942	0
7943	0
7944	0
7945	0
7946	0
7947	0
7948	0
7949	0
7950	0
7951	0
7952	0
7953	0
7954	0
7955	0
7956	0
7957	0
7958	0
7959	0
7960	0
7961	0
7962	0
7963	0
7964	0
7965	0
7966	0
7967	0
7968	0
7969	0
7970	0
7971	0
7972	0
7973	0
7974	0
7975	0
7976	0
7977	0
7978	0
7979	0
7980	0
7981	0
7982	0
7983	0
7984	0
7985	0
7986	0
7987	0
7988	0
7989	0
7990	0
7991	0
7992	0
7993	0
7994	0
7995	0
7996	0
7997	0
7998	0
7999	0
8000	0
8001	0
8002	0
8003	0
8004	0
8005	0
8006	0
8007	0
8008	0
8009	0
8010	0
8011	0
8012	0
8013	0
8014	0
8015	0
8016	0
8017	0
8018	0
8019	0
8020	0
8021	0
8022	0
8023	0
8024	0
8025	0
8026	0
8027	0
8028	0
8029	0
8030	0
8031	0
8032	0
8033	0
8034	0
8035	0
8036	0
8037	0
8038	0
8039	0
8040	0
8041	0
8042	0
8043	0
8044	0
8045	0
8046	0
8047	0
8048	0
8049	0
8050	0
8051	0
8052	0
8053	0
8054	0
8055	0
8056	0
8057	0
8058	0
8059	0
8060	0
8061	0
8062	0
8063	0
8064	0
8065	0
8066	0
8067	0
8068	0
8069	0
8070	0
8071	0
8072	0
8073	0
8074	0
8075	0
8076	0
8077	0
8078	0
8079	0
8080	0
8081	0
8082	0
8083	0
8084	0
8085	0
8086	0
8087	0
8088	0
8089	0
8090	0
8091	0
8092	0
8093	0
8094	0
8095	0
8096	0
8097	0
8098	0
8099	0
8100	0
8101	0
8102	0
8103	0
8104	0
8105	0
8106	0
8107	0
8108	0
8109	0
8110	0
8111	0
8112	0
8113	0
8114	0
8115	0
8116	0
8117	0
8118	0
8119	0
8120	0
8121	0
8122	0
8123	0
8124	0
8125	0
8126	0
8127	0
8128	0
8129	0
8130	0
8131	0
8132	0
8133	0
8134	0
8135	0
8136	0
8137	0
8138	0
8139	0
8140	0
8141	0
8142	0
8143	0
8144	0
8145	0
8146	0
8147	0
8148	0
8149	0
8150	0
8151	0
8152	0
8153	0
8154	0
8155	0
8156	0
8157	0
8158	0
8159	0
8160	0
8161	0
8162	0
8163	0
8164	0
8165	0
8166	0
8167	0
8168	0
8169	0
8170	0
8171	0
8172	0
8173	0
8174	0
8175	0
8176	0
8177	0
8178	0
8179	0
8180	0
8181	0
8182	0
8183	0
8184	0
8185	0
8186	0
8187	0
8188	0
8189	0
8190	0
8191	0
