0	0
1	0
2	0
3	0
4	0
5	0
6	0
7	0
8	0
9	0
10	0
11	0
12	0
13	0
14	0
15	0
16	0
17	0
18	0
19	0
20	0
21	0
22	0
23	0
24	0
25	0
26	0
27	0
28	0
29	0
30	0
31	0
32	0
33	0
34	0
35	0
36	0
37	0
38	0
39	0
40	0
41	0
42	0
43	0
44	0
45	0
46	0
47	0
48	0
49	0
50	0
51	0
52	0
53	0
54	0
55	0
56	0
57	0
58	0
59	0
60	0
61	0
62	0
63	0
64	0
65	0
66	0
67	0
68	0
69	0
70	0
71	0
72	0
73	0
74	0
75	0
76	0
77	0
78	0
79	0
80	0
81	0
82	0
83	0
84	4
85	8
86	8
87	10
88	8
89	13
90	7
91	9
92	6
93	4
94	12
95	7
96	16
97	10
98	6
99	9
100	12
101	9
102	12
103	12
104	10
105	12
106	8
107	9
108	14
109	12
110	6
111	5
112	14
113	11
114	7
115	8
116	8
117	9
118	10
119	13
120	13
121	14
122	6
123	13
124	12
125	16
126	14
127	9
128	10
129	7
130	4
131	4
132	6
133	12
134	11
135	10
136	8
137	10
138	13
139	12
140	8
141	5
142	12
143	12
144	11
145	9
146	9
147	3
148	12
149	13
150	5
151	9
152	12
153	13
154	11
155	6
156	9
157	12
158	7
159	10
160	8
161	5
162	10
163	14
164	17
165	6
166	8
167	12
168	12
169	16
170	10
171	12
172	8
173	5
174	12
175	10
176	7
177	9
178	9
179	10
180	17
181	7
182	14
183	10
184	6
185	8
186	14
187	10
188	14
189	10
190	12
191	16
192	12
193	14
194	8
195	12
196	11
197	14
198	9
199	8
200	6
201	5
202	5
203	5
204	12
205	10
206	13
207	13
208	7
209	10
210	10
211	17
212	14
213	12
214	15
215	10
216	13
217	11
218	12
219	11
220	13
221	8
222	13
223	13
224	12
225	2
226	12
227	14
228	14
229	13
230	7
231	15
232	9
233	11
234	6
235	13
236	7
237	9
238	14
239	6
240	10
241	12
242	10
243	16
244	15
245	8
246	11
247	17
248	8
249	8
250	13
251	7
252	10
253	15
254	5
255	14
256	13
257	4
258	12
259	9
260	15
261	10
262	7
263	11
264	7
265	11
266	7
267	14
268	10
269	11
270	14
271	15
272	10
273	6
274	11
275	7
276	9
277	9
278	10
279	11
280	15
281	14
282	6
283	15
284	19
285	11
286	11
287	12
288	14
289	10
290	16
291	11
292	7
293	10
294	9
295	15
296	21
297	11
298	12
299	10
300	6
301	14
302	8
303	9
304	12
305	10
306	10
307	9
308	14
309	14
310	15
311	9
312	13
313	7
314	10
315	9
316	9
317	18
318	6
319	9
320	8
321	12
322	9
323	13
324	13
325	11
326	18
327	9
328	13
329	7
330	10
331	10
332	14
333	12
334	7
335	14
336	14
337	11
338	11
339	16
340	15
341	8
342	13
343	8
344	14
345	11
346	8
347	11
348	8
349	12
350	13
351	10
352	5
353	11
354	10
355	15
356	10
357	8
358	8
359	11
360	15
361	6
362	8
363	18
364	11
365	12
366	6
367	12
368	11
369	18
370	12
371	19
372	8
373	12
374	11
375	11
376	9
377	12
378	16
379	11
380	10
381	7
382	9
383	15
384	8
385	11
386	11
387	13
388	9
389	21
390	8
391	6
392	13
393	12
394	11
395	9
396	13
397	12
398	8
399	12
400	14
401	13
402	12
403	15
404	14
405	10
406	8
407	18
408	8
409	11
410	7
411	15
412	12
413	11
414	22
415	9
416	17
417	12
418	8
419	15
420	15
421	10
422	9
423	12
424	22
425	19
426	13
427	17
428	15
429	17
430	12
431	8
432	15
433	15
434	13
435	17
436	15
437	12
438	13
439	16
440	13
441	14
442	15
443	20
444	14
445	21
446	12
447	10
448	12
449	12
450	16
451	18
452	9
453	22
454	20
455	15
456	24
457	11
458	28
459	9
460	16
461	21
462	18
463	16
464	19
465	17
466	17
467	15
468	16
469	23
470	25
471	21
472	20
473	21
474	19
475	18
476	20
477	19
478	21
479	18
480	21
481	17
482	24
483	16
484	18
485	22
486	21
487	22
488	22
489	19
490	19
491	22
492	25
493	23
494	21
495	30
496	33
497	20
498	31
499	25
500	23
501	28
502	16
503	19
504	27
505	17
506	22
507	26
508	22
509	21
510	26
511	21
512	31
513	31
514	30
515	18
516	27
517	26
518	29
519	31
520	20
521	25
522	23
523	25
524	18
525	31
526	31
527	29
528	21
529	21
530	22
531	19
532	16
533	25
534	30
535	24
536	21
537	31
538	25
539	18
540	24
541	26
542	22
543	29
544	17
545	35
546	17
547	25
548	23
549	18
550	24
551	27
552	20
553	18
554	17
555	18
556	25
557	24
558	16
559	23
560	19
561	21
562	22
563	17
564	17
565	21
566	17
567	19
568	16
569	24
570	15
571	20
572	16
573	15
574	30
575	26
576	17
577	22
578	16
579	21
580	24
581	20
582	20
583	24
584	24
585	21
586	16
587	14
588	20
589	20
590	17
591	18
592	22
593	18
594	19
595	18
596	20
597	16
598	19
599	24
600	15
601	15
602	22
603	13
604	24
605	14
606	25
607	24
608	16
609	17
610	22
611	17
612	18
613	20
614	19
615	17
616	26
617	19
618	18
619	21
620	16
621	21
622	19
623	21
624	22
625	13
626	16
627	22
628	22
629	32
630	21
631	22
632	19
633	19
634	15
635	13
636	22
637	16
638	21
639	13
640	21
641	20
642	16
643	18
644	18
645	19
646	13
647	18
648	18
649	19
650	13
651	10
652	14
653	14
654	19
655	17
656	20
657	15
658	11
659	23
660	21
661	25
662	14
663	17
664	15
665	17
666	18
667	21
668	12
669	13
670	17
671	12
672	17
673	19
674	25
675	16
676	21
677	15
678	18
679	13
680	17
681	11
682	19
683	17
684	9
685	24
686	15
687	13
688	15
689	20
690	16
691	17
692	17
693	17
694	13
695	23
696	21
697	16
698	14
699	16
700	18
701	20
702	12
703	28
704	18
705	17
706	16
707	14
708	22
709	15
710	29
711	13
712	18
713	15
714	20
715	19
716	15
717	14
718	19
719	20
720	18
721	18
722	11
723	19
724	20
725	21
726	20
727	14
728	25
729	18
730	14
731	12
732	24
733	16
734	18
735	17
736	23
737	14
738	21
739	21
740	26
741	13
742	18
743	17
744	26
745	26
746	21
747	12
748	12
749	15
750	24
751	16
752	11
753	17
754	19
755	16
756	20
757	22
758	26
759	18
760	18
761	14
762	25
763	30
764	23
765	19
766	25
767	18
768	17
769	13
770	27
771	19
772	18
773	24
774	24
775	27
776	15
777	29
778	21
779	27
780	23
781	22
782	28
783	17
784	19
785	21
786	20
787	19
788	19
789	25
790	26
791	13
792	15
793	30
794	24
795	25
796	18
797	13
798	16
799	21
800	26
801	20
802	19
803	23
804	18
805	24
806	23
807	15
808	22
809	24
810	20
811	32
812	14
813	20
814	17
815	15
816	20
817	23
818	24
819	19
820	22
821	23
822	23
823	28
824	35
825	19
826	21
827	23
828	16
829	18
830	14
831	20
832	22
833	21
834	20
835	28
836	22
837	26
838	28
839	18
840	30
841	23
842	25
843	18
844	13
845	30
846	25
847	23
848	16
849	17
850	16
851	19
852	21
853	22
854	32
855	19
856	27
857	26
858	29
859	18
860	25
861	20
862	29
863	20
864	23
865	26
866	25
867	22
868	19
869	20
870	20
871	31
872	26
873	23
874	29
875	28
876	36
877	21
878	32
879	28
880	30
881	19
882	27
883	23
884	26
885	26
886	23
887	20
888	32
889	17
890	31
891	24
892	25
893	25
894	22
895	23
896	31
897	25
898	22
899	23
900	20
901	26
902	19
903	20
904	21
905	20
906	24
907	24
908	26
909	25
910	25
911	28
912	24
913	24
914	27
915	24
916	24
917	19
918	28
919	22
920	27
921	24
922	33
923	22
924	32
925	26
926	29
927	24
928	20
929	23
930	26
931	23
932	25
933	23
934	25
935	19
936	30
937	22
938	31
939	33
940	22
941	30
942	23
943	25
944	23
945	30
946	23
947	27
948	23
949	28
950	23
951	28
952	32
953	35
954	36
955	29
956	27
957	23
958	20
959	36
960	28
961	22
962	28
963	31
964	27
965	30
966	33
967	23
968	26
969	20
970	26
971	20
972	28
973	28
974	21
975	24
976	36
977	36
978	33
979	39
980	35
981	28
982	13
983	25
984	30
985	29
986	31
987	18
988	22
989	24
990	33
991	32
992	23
993	24
994	18
995	28
996	21
997	28
998	31
999	34
1000	32
1001	38
1002	39
1003	27
1004	23
1005	19
1006	35
1007	27
1008	28
1009	31
1010	25
1011	22
1012	29
1013	23
1014	26
1015	20
1016	29
1017	32
1018	31
1019	30
1020	34
1021	27
1022	30
1023	24
1024	28
1025	21
1026	23
1027	32
1028	27
1029	26
1030	34
1031	41
1032	35
1033	22
1034	25
1035	27
1036	39
1037	23
1038	29
1039	34
1040	30
1041	21
1042	30
1043	25
1044	37
1045	33
1046	36
1047	32
1048	31
1049	35
1050	27
1051	41
1052	25
1053	30
1054	25
1055	25
1056	27
1057	33
1058	41
1059	28
1060	26
1061	31
1062	27
1063	33
1064	26
1065	36
1066	31
1067	32
1068	30
1069	29
1070	34
1071	32
1072	24
1073	24
1074	27
1075	42
1076	39
1077	30
1078	32
1079	28
1080	35
1081	37
1082	23
1083	35
1084	26
1085	33
1086	29
1087	28
1088	26
1089	21
1090	23
1091	28
1092	38
1093	42
1094	37
1095	32
1096	32
1097	31
1098	34
1099	33
1100	24
1101	31
1102	32
1103	23
1104	23
1105	27
1106	24
1107	38
1108	23
1109	32
1110	32
1111	30
1112	41
1113	38
1114	35
1115	27
1116	34
1117	28
1118	34
1119	35
1120	33
1121	20
1122	39
1123	31
1124	30
1125	24
1126	38
1127	26
1128	32
1129	31
1130	26
1131	28
1132	23
1133	30
1134	37
1135	40
1136	28
1137	28
1138	39
1139	27
1140	31
1141	30
1142	45
1143	47
1144	33
1145	34
1146	42
1147	34
1148	43
1149	42
1150	37
1151	33
1152	35
1153	48
1154	40
1155	30
1156	31
1157	32
1158	29
1159	36
1160	40
1161	28
1162	34
1163	29
1164	33
1165	36
1166	25
1167	35
1168	37
1169	39
1170	35
1171	35
1172	41
1173	38
1174	35
1175	27
1176	37
1177	30
1178	41
1179	31
1180	41
1181	35
1182	34
1183	45
1184	29
1185	29
1186	42
1187	35
1188	37
1189	36
1190	28
1191	38
1192	35
1193	44
1194	22
1195	24
1196	43
1197	36
1198	36
1199	33
1200	41
1201	40
1202	35
1203	41
1204	30
1205	30
1206	34
1207	29
1208	33
1209	35
1210	35
1211	36
1212	24
1213	32
1214	36
1215	34
1216	39
1217	48
1218	37
1219	29
1220	36
1221	38
1222	36
1223	33
1224	29
1225	29
1226	31
1227	34
1228	39
1229	29
1230	33
1231	42
1232	34
1233	24
1234	44
1235	30
1236	36
1237	37
1238	34
1239	34
1240	48
1241	35
1242	47
1243	38
1244	36
1245	32
1246	21
1247	39
1248	36
1249	36
1250	38
1251	45
1252	35
1253	39
1254	37
1255	23
1256	32
1257	51
1258	32
1259	38
1260	35
1261	32
1262	52
1263	31
1264	33
1265	42
1266	33
1267	43
1268	25
1269	30
1270	42
1271	42
1272	34
1273	40
1274	37
1275	31
1276	43
1277	35
1278	33
1279	43
1280	45
1281	34
1282	45
1283	36
1284	28
1285	33
1286	45
1287	30
1288	29
1289	26
1290	49
1291	45
1292	37
1293	37
1294	33
1295	30
1296	44
1297	39
1298	35
1299	31
1300	45
1301	41
1302	45
1303	41
1304	33
1305	50
1306	42
1307	41
1308	45
1309	40
1310	41
1311	33
1312	38
1313	49
1314	37
1315	37
1316	31
1317	40
1318	51
1319	43
1320	39
1321	31
1322	45
1323	43
1324	41
1325	42
1326	54
1327	41
1328	27
1329	42
1330	41
1331	54
1332	45
1333	34
1334	38
1335	36
1336	47
1337	51
1338	57
1339	34
1340	41
1341	45
1342	41
1343	40
1344	33
1345	41
1346	39
1347	42
1348	30
1349	46
1350	38
1351	38
1352	50
1353	40
1354	38
1355	33
1356	31
1357	41
1358	54
1359	43
1360	38
1361	52
1362	38
1363	33
1364	47
1365	54
1366	52
1367	40
1368	41
1369	48
1370	49
1371	46
1372	50
1373	49
1374	47
1375	45
1376	41
1377	55
1378	48
1379	48
1380	26
1381	40
1382	49
1383	54
1384	48
1385	51
1386	49
1387	45
1388	52
1389	48
1390	51
1391	41
1392	42
1393	55
1394	52
1395	53
1396	48
1397	58
1398	42
1399	48
1400	57
1401	32
1402	44
1403	56
1404	60
1405	59
1406	48
1407	53
1408	50
1409	43
1410	53
1411	54
1412	46
1413	44
1414	46
1415	53
1416	52
1417	61
1418	46
1419	56
1420	49
1421	53
1422	56
1423	43
1424	52
1425	54
1426	58
1427	46
1428	52
1429	57
1430	59
1431	67
1432	53
1433	53
1434	43
1435	60
1436	45
1437	45
1438	63
1439	70
1440	51
1441	49
1442	56
1443	69
1444	46
1445	73
1446	62
1447	59
1448	57
1449	40
1450	59
1451	63
1452	55
1453	52
1454	56
1455	61
1456	53
1457	56
1458	63
1459	62
1460	68
1461	53
1462	60
1463	56
1464	56
1465	62
1466	44
1467	63
1468	61
1469	52
1470	56
1471	61
1472	49
1473	49
1474	46
1475	59
1476	62
1477	50
1478	69
1479	69
1480	55
1481	63
1482	57
1483	47
1484	63
1485	42
1486	53
1487	62
1488	53
1489	59
1490	57
1491	67
1492	62
1493	54
1494	54
1495	65
1496	47
1497	57
1498	53
1499	56
1500	52
1501	57
1502	57
1503	45
1504	70
1505	49
1506	54
1507	54
1508	51
1509	50
1510	64
1511	60
1512	59
1513	59
1514	48
1515	71
1516	51
1517	54
1518	42
1519	54
1520	57
1521	65
1522	54
1523	68
1524	63
1525	43
1526	44
1527	64
1528	60
1529	69
1530	49
1531	55
1532	58
1533	65
1534	58
1535	49
1536	50
1537	49
1538	54
1539	58
1540	52
1541	58
1542	48
1543	47
1544	45
1545	67
1546	50
1547	53
1548	52
1549	53
1550	58
1551	51
1552	43
1553	48
1554	50
1555	38
1556	56
1557	47
1558	36
1559	40
1560	40
1561	43
1562	50
1563	39
1564	47
1565	48
1566	59
1567	41
1568	42
1569	38
1570	32
1571	52
1572	63
1573	48
1574	37
1575	51
1576	39
1577	51
1578	49
1579	40
1580	41
1581	42
1582	45
1583	37
1584	40
1585	41
1586	47
1587	38
1588	42
1589	48
1590	43
1591	35
1592	38
1593	44
1594	45
1595	48
1596	41
1597	37
1598	29
1599	26
1600	45
1601	31
1602	53
1603	46
1604	45
1605	28
1606	39
1607	38
1608	34
1609	40
1610	43
1611	37
1612	41
1613	32
1614	39
1615	23
1616	34
1617	37
1618	26
1619	45
1620	33
1621	40
1622	35
1623	34
1624	36
1625	28
1626	34
1627	32
1628	34
1629	38
1630	28
1631	37
1632	38
1633	36
1634	34
1635	30
1636	34
1637	35
1638	24
1639	24
1640	30
1641	32
1642	31
1643	31
1644	33
1645	22
1646	26
1647	32
1648	28
1649	35
1650	28
1651	26
1652	36
1653	39
1654	44
1655	21
1656	21
1657	35
1658	29
1659	31
1660	18
1661	35
1662	30
1663	36
1664	31
1665	27
1666	34
1667	32
1668	27
1669	21
1670	31
1671	23
1672	24
1673	22
1674	27
1675	37
1676	29
1677	23
1678	20
1679	39
1680	23
1681	21
1682	11
1683	31
1684	28
1685	27
1686	29
1687	28
1688	32
1689	30
1690	26
1691	24
1692	32
1693	26
1694	35
1695	32
1696	35
1697	19
1698	27
1699	29
1700	34
1701	27
1702	28
1703	32
1704	23
1705	30
1706	28
1707	19
1708	24
1709	28
1710	31
1711	27
1712	26
1713	27
1714	24
1715	24
1716	27
1717	30
1718	30
1719	15
1720	28
1721	22
1722	24
1723	26
1724	22
1725	17
1726	26
1727	14
1728	18
1729	27
1730	17
1731	17
1732	24
1733	32
1734	15
1735	22
1736	15
1737	18
1738	16
1739	24
1740	15
1741	26
1742	31
1743	18
1744	19
1745	18
1746	30
1747	28
1748	25
1749	26
1750	20
1751	20
1752	30
1753	31
1754	30
1755	28
1756	23
1757	30
1758	23
1759	16
1760	31
1761	32
1762	25
1763	23
1764	25
1765	24
1766	17
1767	15
1768	16
1769	18
1770	18
1771	20
1772	16
1773	31
1774	21
1775	19
1776	23
1777	24
1778	25
1779	30
1780	18
1781	15
1782	27
1783	18
1784	22
1785	24
1786	26
1787	13
1788	17
1789	19
1790	20
1791	17
1792	19
1793	30
1794	16
1795	11
1796	15
1797	13
1798	28
1799	18
1800	29
1801	25
1802	24
1803	15
1804	22
1805	18
1806	25
1807	21
1808	22
1809	23
1810	24
1811	17
1812	17
1813	15
1814	19
1815	31
1816	20
1817	13
1818	25
1819	12
1820	17
1821	9
1822	21
1823	13
1824	20
1825	13
1826	23
1827	15
1828	19
1829	17
1830	10
1831	20
1832	12
1833	18
1834	17
1835	25
1836	26
1837	14
1838	13
1839	17
1840	15
1841	19
1842	14
1843	23
1844	20
1845	20
1846	17
1847	21
1848	18
1849	15
1850	20
1851	20
1852	16
1853	21
1854	18
1855	20
1856	21
1857	22
1858	15
1859	24
1860	30
1861	20
1862	15
1863	12
1864	12
1865	18
1866	18
1867	16
1868	18
1869	18
1870	21
1871	11
1872	17
1873	16
1874	15
1875	18
1876	16
1877	17
1878	13
1879	24
1880	29
1881	18
1882	16
1883	20
1884	10
1885	21
1886	22
1887	21
1888	15
1889	15
1890	13
1891	20
1892	23
1893	10
1894	23
1895	16
1896	11
1897	16
1898	14
1899	7
1900	13
1901	15
1902	22
1903	18
1904	27
1905	16
1906	16
1907	15
1908	16
1909	17
1910	16
1911	16
1912	11
1913	17
1914	16
1915	19
1916	18
1917	11
1918	21
1919	23
1920	16
1921	11
1922	11
1923	20
1924	16
1925	15
1926	20
1927	16
1928	17
1929	12
1930	26
1931	16
1932	12
1933	14
1934	16
1935	24
1936	22
1937	17
1938	15
1939	16
1940	19
1941	10
1942	12
1943	15
1944	23
1945	16
1946	19
1947	16
1948	14
1949	12
1950	12
1951	12
1952	16
1953	14
1954	13
1955	11
1956	21
1957	11
1958	19
1959	16
1960	16
1961	17
1962	17
1963	21
1964	17
1965	8
1966	21
1967	19
1968	10
1969	16
1970	7
1971	13
1972	12
1973	15
1974	7
1975	19
1976	21
1977	12
1978	15
1979	13
1980	7
1981	11
1982	15
1983	12
1984	10
1985	19
1986	14
1987	14
1988	13
1989	15
1990	19
1991	24
1992	18
1993	14
1994	18
1995	15
1996	17
1997	12
1998	17
1999	16
2000	11
2001	19
2002	19
2003	14
2004	17
2005	15
2006	12
2007	15
2008	10
2009	15
2010	14
2011	12
2012	7
2013	13
2014	21
2015	11
2016	18
2017	16
2018	10
2019	16
2020	13
2021	14
2022	10
2023	15
2024	15
2025	13
2026	21
2027	10
2028	14
2029	11
2030	13
2031	11
2032	8
2033	14
2034	10
2035	12
2036	8
2037	18
2038	16
2039	16
2040	9
2041	9
2042	18
2043	13
2044	15
2045	16
2046	7
2047	11
2048	14
2049	14
2050	8
2051	20
2052	20
2053	9
2054	9
2055	8
2056	13
2057	18
2058	14
2059	13
2060	14
2061	15
2062	9
2063	23
2064	11
2065	18
2066	16
2067	16
2068	11
2069	20
2070	17
2071	13
2072	7
2073	20
2074	20
2075	15
2076	11
2077	13
2078	9
2079	16
2080	19
2081	9
2082	11
2083	14
2084	12
2085	8
2086	14
2087	10
2088	11
2089	17
2090	13
2091	8
2092	3
2093	6
2094	9
2095	17
2096	16
2097	15
2098	6
2099	15
2100	5
2101	14
2102	15
2103	14
2104	16
2105	11
2106	14
2107	14
2108	12
2109	10
2110	12
2111	14
2112	12
2113	20
2114	9
2115	12
2116	12
2117	17
2118	7
2119	17
2120	8
2121	8
2122	15
2123	14
2124	10
2125	11
2126	11
2127	12
2128	13
2129	11
2130	13
2131	6
2132	10
2133	13
2134	9
2135	15
2136	12
2137	11
2138	18
2139	11
2140	6
2141	10
2142	12
2143	10
2144	15
2145	15
2146	24
2147	10
2148	12
2149	14
2150	18
2151	13
2152	13
2153	10
2154	16
2155	6
2156	10
2157	9
2158	8
2159	7
2160	9
2161	13
2162	8
2163	22
2164	14
2165	15
2166	15
2167	13
2168	11
2169	13
2170	18
2171	14
2172	9
2173	9
2174	11
2175	15
2176	8
2177	13
2178	11
2179	11
2180	23
2181	14
2182	9
2183	7
2184	12
2185	8
2186	11
2187	12
2188	11
2189	14
2190	8
2191	7
2192	14
2193	6
2194	15
2195	8
2196	8
2197	12
2198	9
2199	13
2200	11
2201	14
2202	10
2203	11
2204	8
2205	11
2206	10
2207	8
2208	12
2209	11
2210	18
2211	13
2212	14
2213	12
2214	13
2215	11
2216	3
2217	12
2218	13
2219	16
2220	12
2221	14
2222	15
2223	9
2224	5
2225	12
2226	15
2227	7
2228	12
2229	13
2230	13
2231	10
2232	19
2233	14
2234	14
2235	12
2236	11
2237	13
2238	14
2239	12
2240	9
2241	14
2242	15
2243	14
2244	13
2245	14
2246	9
2247	8
2248	10
2249	8
2250	10
2251	10
2252	7
2253	11
2254	12
2255	6
2256	14
2257	14
2258	11
2259	8
2260	14
2261	12
2262	7
2263	14
2264	10
2265	14
2266	12
2267	8
2268	15
2269	6
2270	9
2271	17
2272	5
2273	14
2274	13
2275	13
2276	8
2277	7
2278	11
2279	17
2280	20
2281	11
2282	12
2283	8
2284	10
2285	9
2286	13
2287	10
2288	10
2289	15
2290	17
2291	12
2292	11
2293	7
2294	8
2295	10
2296	7
2297	14
2298	12
2299	11
2300	7
2301	11
2302	6
2303	5
2304	13
2305	11
2306	9
2307	9
2308	10
2309	6
2310	9
2311	10
2312	16
2313	11
2314	10
2315	11
2316	16
2317	10
2318	13
2319	7
2320	13
2321	11
2322	11
2323	9
2324	9
2325	10
2326	15
2327	5
2328	12
2329	10
2330	10
2331	12
2332	8
2333	11
2334	13
2335	13
2336	18
2337	16
2338	11
2339	6
2340	7
2341	13
2342	10
2343	9
2344	7
2345	10
2346	10
2347	8
2348	9
2349	21
2350	7
2351	14
2352	12
2353	14
2354	9
2355	7
2356	9
2357	15
2358	9
2359	15
2360	7
2361	11
2362	12
2363	11
2364	11
2365	14
2366	7
2367	12
2368	7
2369	10
2370	10
2371	11
2372	10
2373	11
2374	8
2375	11
2376	11
2377	6
2378	10
2379	6
2380	14
2381	10
2382	16
2383	13
2384	11
2385	11
2386	7
2387	7
2388	17
2389	10
2390	8
2391	11
2392	11
2393	14
2394	7
2395	12
2396	11
2397	7
2398	12
2399	16
2400	10
2401	12
2402	12
2403	12
2404	13
2405	9
2406	9
2407	7
2408	9
2409	8
2410	12
2411	9
2412	18
2413	11
2414	8
2415	15
2416	8
2417	15
2418	14
2419	6
2420	12
2421	8
2422	14
2423	7
2424	10
2425	11
2426	11
2427	10
2428	10
2429	8
2430	9
2431	6
2432	14
2433	7
2434	10
2435	8
2436	8
2437	11
2438	7
2439	19
2440	12
2441	13
2442	6
2443	5
2444	11
2445	10
2446	9
2447	10
2448	8
2449	7
2450	12
2451	8
2452	10
2453	10
2454	12
2455	9
2456	9
2457	8
2458	14
2459	10
2460	9
2461	6
2462	6
2463	8
2464	14
2465	9
2466	10
2467	11
2468	16
2469	14
2470	2
2471	13
2472	6
2473	3
2474	15
2475	15
2476	7
2477	17
2478	13
2479	10
2480	12
2481	11
2482	18
2483	7
2484	8
2485	5
2486	19
2487	6
2488	5
2489	4
2490	12
2491	10
2492	16
2493	6
2494	5
2495	11
2496	11
2497	13
2498	6
2499	12
2500	7
2501	5
2502	14
2503	14
2504	12
2505	7
2506	8
2507	3
2508	12
2509	10
2510	8
2511	9
2512	15
2513	9
2514	13
2515	9
2516	10
2517	14
2518	8
2519	6
2520	8
2521	11
2522	11
2523	7
2524	7
2525	7
2526	11
2527	8
2528	7
2529	8
2530	10
2531	7
2532	5
2533	13
2534	10
2535	9
2536	10
2537	11
2538	10
2539	10
2540	9
2541	14
2542	11
2543	13
2544	8
2545	9
2546	4
2547	5
2548	13
2549	7
2550	15
2551	15
2552	12
2553	7
2554	11
2555	8
2556	16
2557	7
2558	14
2559	10
2560	10
2561	11
2562	8
2563	13
2564	11
2565	7
2566	10
2567	13
2568	15
2569	8
2570	14
2571	11
2572	9
2573	8
2574	13
2575	9
2576	7
2577	11
2578	13
2579	11
2580	8
2581	5
2582	9
2583	4
2584	9
2585	9
2586	9
2587	8
2588	9
2589	9
2590	5
2591	10
2592	8
2593	7
2594	9
2595	6
2596	5
2597	5
2598	12
2599	15
2600	8
2601	10
2602	10
2603	9
2604	21
2605	6
2606	9
2607	12
2608	12
2609	9
2610	9
2611	15
2612	10
2613	15
2614	7
2615	14
2616	5
2617	6
2618	11
2619	12
2620	14
2621	6
2622	6
2623	11
2624	6
2625	10
2626	6
2627	2
2628	9
2629	11
2630	9
2631	14
2632	5
2633	8
2634	8
2635	16
2636	10
2637	7
2638	10
2639	6
2640	9
2641	7
2642	5
2643	5
2644	8
2645	7
2646	7
2647	9
2648	11
2649	10
2650	5
2651	6
2652	9
2653	6
2654	12
2655	14
2656	9
2657	7
2658	9
2659	11
2660	7
2661	15
2662	8
2663	10
2664	8
2665	11
2666	12
2667	10
2668	9
2669	6
2670	10
2671	7
2672	23
2673	7
2674	10
2675	17
2676	9
2677	7
2678	11
2679	9
2680	10
2681	9
2682	11
2683	13
2684	3
2685	10
2686	10
2687	11
2688	12
2689	18
2690	11
2691	8
2692	11
2693	9
2694	3
2695	12
2696	9
2697	6
2698	6
2699	7
2700	9
2701	9
2702	5
2703	9
2704	12
2705	8
2706	10
2707	6
2708	8
2709	7
2710	10
2711	8
2712	7
2713	11
2714	8
2715	8
2716	10
2717	8
2718	13
2719	10
2720	5
2721	9
2722	14
2723	8
2724	13
2725	10
2726	5
2727	9
2728	4
2729	9
2730	10
2731	9
2732	9
2733	10
2734	4
2735	8
2736	5
2737	6
2738	6
2739	3
2740	10
2741	7
2742	5
2743	6
2744	9
2745	14
2746	7
2747	4
2748	5
2749	5
2750	5
2751	8
2752	7
2753	7
2754	7
2755	8
2756	10
2757	8
2758	5
2759	7
2760	4
2761	3
2762	8
2763	11
2764	6
2765	7
2766	12
2767	3
2768	10
2769	4
2770	7
2771	7
2772	9
2773	12
2774	9
2775	8
2776	16
2777	6
2778	8
2779	7
2780	8
2781	10
2782	12
2783	9
2784	6
2785	12
2786	7
2787	7
2788	2
2789	6
2790	12
2791	9
2792	5
2793	12
2794	8
2795	8
2796	12
2797	5
2798	5
2799	6
2800	12
2801	4
2802	14
2803	7
2804	11
2805	11
2806	7
2807	2
2808	5
2809	13
2810	14
2811	4
2812	10
2813	10
2814	11
2815	9
2816	7
2817	6
2818	11
2819	8
2820	7
2821	9
2822	10
2823	9
2824	6
2825	8
2826	6
2827	8
2828	14
2829	6
2830	9
2831	10
2832	9
2833	8
2834	2
2835	7
2836	11
2837	9
2838	14
2839	14
2840	8
2841	8
2842	8
2843	4
2844	9
2845	6
2846	6
2847	9
2848	6
2849	3
2850	0
2851	6
2852	9
2853	7
2854	6
2855	5
2856	11
2857	5
2858	9
2859	5
2860	10
2861	5
2862	8
2863	9
2864	6
2865	11
2866	9
2867	8
2868	5
2869	7
2870	7
2871	9
2872	7
2873	6
2874	6
2875	10
2876	7
2877	8
2878	8
2879	5
2880	8
2881	8
2882	9
2883	4
2884	7
2885	9
2886	9
2887	6
2888	6
2889	4
2890	6
2891	6
2892	13
2893	9
2894	5
2895	5
2896	3
2897	7
2898	6
2899	8
2900	7
2901	6
2902	13
2903	7
2904	9
2905	9
2906	8
2907	10
2908	3
2909	6
2910	6
2911	6
2912	7
2913	12
2914	4
2915	8
2916	10
2917	7
2918	12
2919	8
2920	11
2921	6
2922	8
2923	6
2924	9
2925	8
2926	7
2927	6
2928	4
2929	2
2930	6
2931	13
2932	9
2933	8
2934	2
2935	8
2936	5
2937	5
2938	8
2939	9
2940	6
2941	6
2942	5
2943	8
2944	11
2945	8
2946	5
2947	7
2948	4
2949	7
2950	7
2951	7
2952	7
2953	7
2954	8
2955	5
2956	5
2957	7
2958	10
2959	13
2960	9
2961	9
2962	8
2963	12
2964	7
2965	2
2966	11
2967	6
2968	8
2969	5
2970	5
2971	3
2972	8
2973	9
2974	10
2975	12
2976	3
2977	12
2978	8
2979	5
2980	7
2981	4
2982	3
2983	8
2984	5
2985	4
2986	7
2987	7
2988	7
2989	6
2990	5
2991	14
2992	10
2993	11
2994	9
2995	13
2996	6
2997	4
2998	12
2999	6
3000	7
3001	11
3002	9
3003	4
3004	5
3005	6
3006	8
3007	8
3008	6
3009	9
3010	7
3011	9
3012	7
3013	8
3014	5
3015	1
3016	8
3017	8
3018	6
3019	6
3020	4
3021	3
3022	7
3023	6
3024	4
3025	10
3026	7
3027	12
3028	13
3029	8
3030	6
3031	6
3032	4
3033	4
3034	9
3035	6
3036	6
3037	4
3038	7
3039	9
3040	4
3041	7
3042	5
3043	9
3044	7
3045	13
3046	7
3047	8
3048	10
3049	8
3050	8
3051	12
3052	7
3053	3
3054	7
3055	6
3056	8
3057	10
3058	8
3059	5
3060	10
3061	9
3062	5
3063	5
3064	7
3065	3
3066	4
3067	12
3068	8
3069	7
3070	6
3071	4
3072	9
3073	7
3074	3
3075	5
3076	10
3077	13
3078	8
3079	5
3080	10
3081	7
3082	8
3083	7
3084	9
3085	8
3086	8
3087	8
3088	5
3089	3
3090	9
3091	9
3092	3
3093	9
3094	6
3095	10
3096	8
3097	12
3098	5
3099	5
3100	6
3101	6
3102	8
3103	6
3104	7
3105	8
3106	9
3107	4
3108	10
3109	16
3110	7
3111	7
3112	7
3113	7
3114	9
3115	2
3116	7
3117	11
3118	10
3119	9
3120	7
3121	4
3122	7
3123	6
3124	4
3125	4
3126	5
3127	7
3128	6
3129	7
3130	8
3131	5
3132	5
3133	7
3134	3
3135	8
3136	5
3137	7
3138	6
3139	6
3140	4
3141	7
3142	13
3143	12
3144	9
3145	6
3146	4
3147	11
3148	5
3149	6
3150	8
3151	9
3152	6
3153	10
3154	10
3155	13
3156	6
3157	7
3158	12
3159	11
3160	7
3161	10
3162	9
3163	8
3164	5
3165	5
3166	3
3167	6
3168	12
3169	2
3170	3
3171	7
3172	8
3173	9
3174	7
3175	5
3176	10
3177	5
3178	8
3179	7
3180	11
3181	5
3182	6
3183	7
3184	13
3185	9
3186	11
3187	9
3188	11
3189	5
3190	8
3191	3
3192	8
3193	9
3194	8
3195	5
3196	9
3197	9
3198	9
3199	2
3200	4
3201	6
3202	10
3203	10
3204	4
3205	10
3206	4
3207	9
3208	5
3209	10
3210	7
3211	7
3212	8
3213	8
3214	7
3215	8
3216	7
3217	10
3218	10
3219	5
3220	8
3221	5
3222	6
3223	5
3224	7
3225	7
3226	4
3227	4
3228	7
3229	8
3230	7
3231	1
3232	4
3233	2
3234	4
3235	8
3236	2
3237	8
3238	7
3239	12
3240	4
3241	9
3242	10
3243	8
3244	7
3245	6
3246	5
3247	3
3248	7
3249	9
3250	9
3251	4
3252	11
3253	6
3254	7
3255	3
3256	3
3257	5
3258	5
3259	3
3260	8
3261	15
3262	8
3263	2
3264	6
3265	9
3266	8
3267	16
3268	8
3269	11
3270	4
3271	6
3272	10
3273	11
3274	5
3275	8
3276	6
3277	9
3278	8
3279	11
3280	3
3281	9
3282	12
3283	10
3284	8
3285	4
3286	6
3287	8
3288	8
3289	7
3290	3
3291	8
3292	9
3293	5
3294	7
3295	11
3296	12
3297	5
3298	9
3299	9
3300	4
3301	7
3302	7
3303	11
3304	7
3305	11
3306	4
3307	7
3308	9
3309	7
3310	6
3311	9
3312	9
3313	7
3314	15
3315	4
3316	4
3317	5
3318	4
3319	7
3320	5
3321	7
3322	6
3323	10
3324	8
3325	15
3326	5
3327	7
3328	6
3329	9
3330	10
3331	5
3332	10
3333	5
3334	4
3335	9
3336	5
3337	6
3338	0
3339	8
3340	6
3341	5
3342	8
3343	8
3344	10
3345	7
3346	9
3347	7
3348	6
3349	5
3350	6
3351	5
3352	9
3353	5
3354	10
3355	8
3356	9
3357	7
3358	6
3359	8
3360	5
3361	7
3362	0
3363	5
3364	6
3365	10
3366	3
3367	8
3368	6
3369	5
3370	6
3371	3
3372	4
3373	5
3374	5
3375	10
3376	2
3377	7
3378	7
3379	5
3380	4
3381	10
3382	4
3383	6
3384	5
3385	4
3386	7
3387	10
3388	5
3389	7
3390	4
3391	8
3392	3
3393	6
3394	6
3395	3
3396	5
3397	6
3398	5
3399	6
3400	6
3401	5
3402	15
3403	5
3404	5
3405	2
3406	7
3407	4
3408	2
3409	7
3410	4
3411	7
3412	5
3413	8
3414	7
3415	4
3416	7
3417	6
3418	3
3419	11
3420	9
3421	5
3422	6
3423	7
3424	4
3425	7
3426	7
3427	4
3428	5
3429	5
3430	9
3431	3
3432	9
3433	11
3434	5
3435	10
3436	9
3437	7
3438	5
3439	11
3440	7
3441	4
3442	5
3443	9
3444	8
3445	5
3446	6
3447	7
3448	8
3449	5
3450	9
3451	5
3452	7
3453	2
3454	8
3455	5
3456	5
3457	5
3458	2
3459	7
3460	6
3461	8
3462	9
3463	4
3464	9
3465	6
3466	5
3467	10
3468	5
3469	5
3470	9
3471	9
3472	7
3473	9
3474	11
3475	8
3476	7
3477	5
3478	9
3479	8
3480	8
3481	3
3482	8
3483	4
3484	7
3485	5
3486	7
3487	2
3488	9
3489	7
3490	8
3491	2
3492	3
3493	2
3494	7
3495	4
3496	8
3497	10
3498	3
3499	1
3500	7
3501	3
3502	8
3503	2
3504	4
3505	2
3506	2
3507	6
3508	6
3509	7
3510	13
3511	15
3512	5
3513	5
3514	5
3515	11
3516	11
3517	7
3518	10
3519	6
3520	7
3521	2
3522	2
3523	6
3524	10
3525	4
3526	8
3527	6
3528	6
3529	4
3530	6
3531	2
3532	4
3533	9
3534	5
3535	6
3536	9
3537	9
3538	10
3539	3
3540	6
3541	7
3542	6
3543	4
3544	2
3545	8
3546	4
3547	4
3548	4
3549	6
3550	2
3551	9
3552	11
3553	5
3554	3
3555	5
3556	1
3557	2
3558	4
3559	6
3560	8
3561	5
3562	3
3563	7
3564	7
3565	9
3566	6
3567	8
3568	3
3569	4
3570	7
3571	3
3572	6
3573	5
3574	4
3575	7
3576	4
3577	2
3578	6
3579	8
3580	5
3581	9
3582	6
3583	12
3584	5
3585	9
3586	5
3587	7
3588	3
3589	5
3590	4
3591	9
3592	3
3593	8
3594	6
3595	5
3596	6
3597	7
3598	5
3599	9
3600	6
3601	8
3602	9
3603	6
3604	3
3605	3
3606	4
3607	5
3608	6
3609	10
3610	5
3611	6
3612	1
3613	8
3614	3
3615	5
3616	3
3617	7
3618	3
3619	6
3620	3
3621	6
3622	4
3623	2
3624	6
3625	4
3626	9
3627	6
3628	4
3629	3
3630	3
3631	10
3632	8
3633	7
3634	8
3635	5
3636	6
3637	4
3638	7
3639	5
3640	4
3641	9
3642	8
3643	7
3644	9
3645	3
3646	3
3647	10
3648	6
3649	3
3650	5
3651	8
3652	3
3653	3
3654	5
3655	4
3656	11
3657	6
3658	4
3659	8
3660	7
3661	7
3662	6
3663	2
3664	6
3665	7
3666	9
3667	6
3668	3
3669	5
3670	8
3671	4
3672	11
3673	7
3674	6
3675	9
3676	5
3677	4
3678	5
3679	6
3680	6
3681	7
3682	9
3683	5
3684	5
3685	6
3686	4
3687	4
3688	4
3689	2
3690	6
3691	7
3692	5
3693	3
3694	3
3695	4
3696	8
3697	8
3698	7
3699	4
3700	8
3701	4
3702	6
3703	11
3704	3
3705	11
3706	8
3707	8
3708	6
3709	10
3710	4
3711	5
3712	5
3713	3
3714	4
3715	5
3716	2
3717	4
3718	6
3719	7
3720	5
3721	4
3722	6
3723	5
3724	8
3725	5
3726	3
3727	7
3728	4
3729	3
3730	5
3731	4
3732	6
3733	8
3734	2
3735	4
3736	10
3737	6
3738	4
3739	5
3740	7
3741	4
3742	4
3743	4
3744	5
3745	5
3746	5
3747	4
3748	7
3749	9
3750	7
3751	4
3752	5
3753	12
3754	4
3755	8
3756	2
3757	3
3758	4
3759	7
3760	4
3761	5
3762	7
3763	6
3764	1
3765	4
3766	4
3767	0
3768	8
3769	6
3770	4
3771	6
3772	10
3773	2
3774	3
3775	5
3776	9
3777	5
3778	6
3779	5
3780	8
3781	6
3782	1
3783	6
3784	8
3785	8
3786	3
3787	7
3788	3
3789	5
3790	5
3791	5
3792	3
3793	2
3794	7
3795	4
3796	4
3797	5
3798	8
3799	2
3800	2
3801	4
3802	5
3803	8
3804	2
3805	7
3806	4
3807	6
3808	3
3809	8
3810	3
3811	8
3812	5
3813	6
3814	6
3815	7
3816	8
3817	3
3818	3
3819	4
3820	5
3821	5
3822	8
3823	2
3824	9
3825	8
3826	2
3827	3
3828	3
3829	3
3830	1
3831	9
3832	4
3833	7
3834	4
3835	5
3836	4
3837	9
3838	4
3839	3
3840	3
3841	9
3842	4
3843	6
3844	6
3845	6
3846	6
3847	3
3848	8
3849	5
3850	6
3851	3
3852	5
3853	3
3854	3
3855	6
3856	3
3857	4
3858	6
3859	6
3860	5
3861	7
3862	7
3863	2
3864	3
3865	2
3866	8
3867	7
3868	4
3869	5
3870	2
3871	6
3872	6
3873	7
3874	5
3875	10
3876	7
3877	2
3878	4
3879	6
3880	4
3881	7
3882	5
3883	7
3884	3
3885	1
3886	7
3887	5
3888	4
3889	4
3890	5
3891	5
3892	6
3893	4
3894	3
3895	7
3896	5
3897	1
3898	6
3899	7
3900	9
3901	8
3902	5
3903	2
3904	5
3905	2
3906	5
3907	5
3908	7
3909	0
3910	7
3911	6
3912	9
3913	5
3914	8
3915	8
3916	6
3917	3
3918	7
3919	5
3920	7
3921	7
3922	4
3923	3
3924	4
3925	4
3926	5
3927	8
3928	4
3929	4
3930	4
3931	5
3932	5
3933	7
3934	9
3935	3
3936	2
3937	6
3938	1
3939	2
3940	5
3941	9
3942	6
3943	5
3944	4
3945	1
3946	6
3947	5
3948	2
3949	4
3950	5
3951	4
3952	7
3953	6
3954	7
3955	1
3956	3
3957	1
3958	4
3959	2
3960	8
3961	5
3962	6
3963	4
3964	4
3965	3
3966	4
3967	5
3968	5
3969	5
3970	1
3971	2
3972	5
3973	5
3974	4
3975	2
3976	4
3977	5
3978	3
3979	11
3980	2
3981	9
3982	7
3983	3
3984	3
3985	2
3986	2
3987	5
3988	2
3989	5
3990	3
3991	8
3992	4
3993	8
3994	4
3995	3
3996	6
3997	6
3998	7
3999	5
4000	3
4001	9
4002	4
4003	5
4004	7
4005	5
4006	3
4007	2
4008	6
4009	5
4010	9
4011	4
4012	7
4013	10
4014	6
4015	5
4016	7
4017	5
4018	4
4019	5
4020	6
4021	3
4022	3
4023	3
4024	1
4025	10
4026	4
4027	4
4028	8
4029	4
4030	8
4031	7
4032	6
4033	5
4034	4
4035	5
4036	15
4037	5
4038	3
4039	8
4040	3
4041	6
4042	10
4043	6
4044	8
4045	5
4046	3
4047	7
4048	6
4049	7
4050	3
4051	6
4052	1
4053	4
4054	6
4055	5
4056	8
4057	4
4058	7
4059	5
4060	11
4061	4
4062	1
4063	4
4064	5
4065	5
4066	6
4067	6
4068	3
4069	4
4070	4
4071	5
4072	5
4073	3
4074	4
4075	2
4076	9
4077	6
4078	2
4079	5
4080	3
4081	4
4082	6
4083	2
4084	5
4085	7
4086	9
4087	6
4088	5
4089	3
4090	4
4091	6
4092	4
4093	9
4094	7
4095	2
4096	4
4097	7
4098	0
4099	5
4100	4
4101	6
4102	2
4103	6
4104	6
4105	1
4106	11
4107	7
4108	5
4109	5
4110	7
4111	8
4112	6
4113	4
4114	7
4115	7
4116	6
4117	2
4118	10
4119	5
4120	2
4121	6
4122	8
4123	8
4124	3
4125	1
4126	5
4127	2
4128	2
4129	5
4130	5
4131	5
4132	8
4133	8
4134	5
4135	7
4136	2
4137	7
4138	6
4139	7
4140	5
4141	2
4142	7
4143	4
4144	5
4145	5
4146	7
4147	1
4148	5
4149	4
4150	2
4151	7
4152	2
4153	3
4154	5
4155	6
4156	3
4157	2
4158	2
4159	2
4160	4
4161	3
4162	4
4163	11
4164	4
4165	1
4166	4
4167	4
4168	3
4169	8
4170	6
4171	3
4172	4
4173	2
4174	3
4175	5
4176	4
4177	5
4178	3
4179	3
4180	4
4181	5
4182	5
4183	2
4184	6
4185	0
4186	6
4187	2
4188	3
4189	5
4190	6
4191	2
4192	4
4193	1
4194	3
4195	4
4196	5
4197	6
4198	2
4199	1
4200	3
4201	3
4202	4
4203	5
4204	5
4205	1
4206	5
4207	6
4208	3
4209	3
4210	0
4211	4
4212	1
4213	3
4214	3
4215	4
4216	5
4217	5
4218	4
4219	6
4220	3
4221	2
4222	3
4223	1
4224	3
4225	6
4226	2
4227	3
4228	5
4229	5
4230	3
4231	1
4232	2
4233	5
4234	2
4235	1
4236	3
4237	2
4238	3
4239	4
4240	2
4241	1
4242	2
4243	1
4244	5
4245	3
4246	1
4247	1
4248	7
4249	0
4250	3
4251	3
4252	3
4253	2
4254	4
4255	5
4256	3
4257	3
4258	0
4259	1
4260	3
4261	0
4262	2
4263	2
4264	0
4265	2
4266	0
4267	1
4268	3
4269	2
4270	2
4271	0
4272	2
4273	1
4274	3
4275	1
4276	1
4277	1
4278	0
4279	1
4280	2
4281	2
4282	2
4283	3
4284	4
4285	0
4286	3
4287	0
4288	1
4289	1
4290	4
4291	2
4292	2
4293	3
4294	3
4295	1
4296	0
4297	1
4298	1
4299	1
4300	1
4301	3
4302	0
4303	3
4304	1
4305	1
4306	0
4307	3
4308	3
4309	3
4310	0
4311	2
4312	4
4313	4
4314	1
4315	0
4316	1
4317	0
4318	3
4319	2
4320	1
4321	3
4322	3
4323	1
4324	1
4325	4
4326	0
4327	1
4328	1
4329	0
4330	1
4331	1
4332	1
4333	0
4334	2
4335	1
4336	5
4337	3
4338	2
4339	1
4340	1
4341	2
4342	1
4343	1
4344	0
4345	0
4346	1
4347	1
4348	1
4349	0
4350	1
4351	1
4352	0
4353	2
4354	2
4355	0
4356	0
4357	2
4358	2
4359	3
4360	0
4361	3
4362	1
4363	3
4364	0
4365	1
4366	1
4367	0
4368	0
4369	0
4370	3
4371	1
4372	2
4373	0
4374	2
4375	0
4376	0
4377	1
4378	0
4379	1
4380	1
4381	0
4382	2
4383	0
4384	0
4385	1
4386	1
4387	1
4388	0
4389	3
4390	1
4391	0
4392	1
4393	0
4394	1
4395	4
4396	0
4397	1
4398	0
4399	1
4400	2
4401	0
4402	0
4403	0
4404	4
4405	2
4406	2
4407	1
4408	2
4409	2
4410	2
4411	0
4412	1
4413	2
4414	1
4415	0
4416	0
4417	1
4418	0
4419	1
4420	0
4421	0
4422	3
4423	2
4424	0
4425	0
4426	1
4427	1
4428	0
4429	0
4430	0
4431	2
4432	1
4433	0
4434	2
4435	0
4436	2
4437	0
4438	2
4439	0
4440	1
4441	1
4442	2
4443	0
4444	0
4445	0
4446	1
4447	0
4448	1
4449	0
4450	3
4451	0
4452	0
4453	0
4454	0
4455	0
4456	2
4457	0
4458	0
4459	0
4460	1
4461	1
4462	2
4463	0
4464	0
4465	1
4466	1
4467	1
4468	0
4469	0
4470	0
4471	0
4472	0
4473	0
4474	1
4475	1
4476	2
4477	0
4478	1
4479	0
4480	2
4481	1
4482	0
4483	1
4484	2
4485	0
4486	0
4487	0
4488	0
4489	0
4490	1
4491	0
4492	1
4493	0
4494	1
4495	1
4496	0
4497	0
4498	1
4499	1
4500	3
4501	0
4502	0
4503	0
4504	1
4505	0
4506	0
4507	0
4508	0
4509	0
4510	2
4511	0
4512	3
4513	1
4514	1
4515	1
4516	1
4517	2
4518	1
4519	0
4520	0
4521	0
4522	0
4523	0
4524	0
4525	0
4526	1
4527	0
4528	3
4529	1
4530	0
4531	0
4532	0
4533	2
4534	0
4535	0
4536	0
4537	1
4538	0
4539	0
4540	0
4541	2
4542	0
4543	0
4544	2
4545	2
4546	2
4547	1
4548	1
4549	0
4550	2
4551	1
4552	0
4553	0
4554	1
4555	0
4556	0
4557	2
4558	0
4559	0
4560	0
4561	0
4562	3
4563	0
4564	0
4565	0
4566	0
4567	0
4568	2
4569	0
4570	2
4571	0
4572	1
4573	0
4574	1
4575	0
4576	0
4577	0
4578	3
4579	1
4580	2
4581	0
4582	1
4583	1
4584	0
4585	1
4586	1
4587	0
4588	2
4589	1
4590	2
4591	1
4592	0
4593	1
4594	0
4595	2
4596	2
4597	0
4598	0
4599	4
4600	1
4601	1
4602	1
4603	2
4604	0
4605	0
4606	0
4607	1
4608	0
4609	0
4610	3
4611	0
4612	0
4613	1
4614	1
4615	1
4616	1
4617	2
4618	0
4619	0
4620	0
4621	1
4622	0
4623	1
4624	1
4625	1
4626	0
4627	1
4628	2
4629	1
4630	0
4631	1
4632	0
4633	0
4634	0
4635	0
4636	2
4637	0
4638	1
4639	0
4640	0
4641	1
4642	5
4643	4
4644	1
4645	0
4646	1
4647	0
4648	1
4649	1
4650	0
4651	0
4652	1
4653	1
4654	0
4655	1
4656	0
4657	1
4658	0
4659	1
4660	1
4661	0
4662	0
4663	0
4664	0
4665	2
4666	0
4667	2
4668	0
4669	0
4670	0
4671	0
4672	1
4673	0
4674	0
4675	0
4676	0
4677	1
4678	0
4679	0
4680	0
4681	0
4682	0
4683	0
4684	2
4685	2
4686	0
4687	0
4688	0
4689	0
4690	2
4691	0
4692	2
4693	0
4694	0
4695	0
4696	0
4697	0
4698	1
4699	2
4700	1
4701	2
4702	1
4703	1
4704	1
4705	1
4706	1
4707	0
4708	0
4709	0
4710	0
4711	0
4712	3
4713	1
4714	1
4715	2
4716	1
4717	0
4718	1
4719	0
4720	0
4721	0
4722	0
4723	0
4724	1
4725	3
4726	0
4727	0
4728	1
4729	1
4730	2
4731	1
4732	0
4733	1
4734	0
4735	0
4736	0
4737	0
4738	0
4739	0
4740	0
4741	0
4742	0
4743	2
4744	0
4745	1
4746	1
4747	0
4748	0
4749	0
4750	1
4751	1
4752	4
4753	1
4754	0
4755	0
4756	0
4757	1
4758	0
4759	1
4760	0
4761	1
4762	1
4763	0
4764	1
4765	4
4766	1
4767	1
4768	1
4769	0
4770	0
4771	0
4772	0
4773	2
4774	1
4775	0
4776	0
4777	2
4778	0
4779	0
4780	0
4781	1
4782	0
4783	1
4784	0
4785	0
4786	2
4787	2
4788	0
4789	0
4790	1
4791	0
4792	0
4793	1
4794	0
4795	1
4796	1
4797	2
4798	1
4799	1
4800	1
4801	0
4802	1
4803	1
4804	1
4805	0
4806	1
4807	2
4808	0
4809	0
4810	1
4811	0
4812	0
4813	2
4814	0
4815	1
4816	1
4817	3
4818	1
4819	1
4820	1
4821	0
4822	0
4823	3
4824	1
4825	0
4826	0
4827	0
4828	1
4829	0
4830	0
4831	2
4832	1
4833	0
4834	0
4835	0
4836	1
4837	0
4838	0
4839	0
4840	0
4841	0
4842	2
4843	1
4844	2
4845	1
4846	1
4847	1
4848	0
4849	0
4850	0
4851	0
4852	1
4853	1
4854	0
4855	0
4856	2
4857	2
4858	1
4859	0
4860	0
4861	0
4862	1
4863	1
4864	1
4865	0
4866	1
4867	0
4868	0
4869	1
4870	0
4871	3
4872	0
4873	1
4874	0
4875	1
4876	1
4877	0
4878	0
4879	1
4880	1
4881	1
4882	1
4883	0
4884	1
4885	0
4886	1
4887	0
4888	0
4889	0
4890	0
4891	1
4892	0
4893	0
4894	0
4895	0
4896	1
4897	0
4898	0
4899	0
4900	1
4901	0
4902	1
4903	0
4904	0
4905	0
4906	0
4907	0
4908	0
4909	3
4910	0
4911	1
4912	0
4913	1
4914	0
4915	1
4916	1
4917	0
4918	0
4919	2
4920	2
4921	2
4922	0
4923	0
4924	0
4925	0
4926	1
4927	2
4928	0
4929	0
4930	0
4931	1
4932	1
4933	1
4934	0
4935	1
4936	0
4937	0
4938	0
4939	1
4940	1
4941	0
4942	1
4943	0
4944	0
4945	0
4946	0
4947	0
4948	1
4949	0
4950	0
4951	0
4952	0
4953	0
4954	1
4955	1
4956	0
4957	0
4958	0
4959	0
4960	1
4961	0
4962	1
4963	0
4964	0
4965	1
4966	1
4967	0
4968	0
4969	0
4970	1
4971	1
4972	0
4973	0
4974	0
4975	0
4976	0
4977	1
4978	4
4979	2
4980	0
4981	2
4982	0
4983	0
4984	0
4985	1
4986	0
4987	1
4988	2
4989	1
4990	0
4991	0
4992	2
4993	1
4994	0
4995	0
4996	1
4997	1
4998	0
4999	0
5000	0
5001	3
5002	0
5003	1
5004	0
5005	0
5006	1
5007	2
5008	0
5009	1
5010	0
5011	1
5012	0
5013	0
5014	0
5015	0
5016	0
5017	0
5018	1
5019	0
5020	0
5021	0
5022	2
5023	1
5024	1
5025	0
5026	0
5027	0
5028	0
5029	0
5030	1
5031	1
5032	1
5033	1
5034	0
5035	0
5036	0
5037	1
5038	1
5039	2
5040	0
5041	0
5042	0
5043	0
5044	0
5045	1
5046	0
5047	2
5048	0
5049	2
5050	1
5051	0
5052	0
5053	0
5054	1
5055	0
5056	0
5057	1
5058	0
5059	2
5060	1
5061	1
5062	1
5063	0
5064	1
5065	3
5066	1
5067	0
5068	0
5069	1
5070	1
5071	0
5072	0
5073	0
5074	0
5075	0
5076	1
5077	0
5078	1
5079	0
5080	0
5081	2
5082	0
5083	0
5084	0
5085	0
5086	1
5087	0
5088	0
5089	2
5090	1
5091	1
5092	0
5093	2
5094	0
5095	0
5096	1
5097	0
5098	0
5099	1
5100	1
5101	1
5102	0
5103	0
5104	2
5105	0
5106	2
5107	0
5108	0
5109	0
5110	0
5111	1
5112	1
5113	0
5114	2
5115	0
5116	1
5117	0
5118	0
5119	0
5120	0
5121	1
5122	0
5123	0
5124	0
5125	3
5126	0
5127	2
5128	1
5129	0
5130	1
5131	0
5132	0
5133	4
5134	0
5135	1
5136	0
5137	0
5138	0
5139	0
5140	1
5141	0
5142	0
5143	1
5144	1
5145	1
5146	0
5147	0
5148	0
5149	1
5150	0
5151	0
5152	0
5153	0
5154	2
5155	0
5156	1
5157	2
5158	1
5159	0
5160	0
5161	1
5162	0
5163	0
5164	2
5165	0
5166	1
5167	0
5168	0
5169	0
5170	0
5171	1
5172	0
5173	0
5174	0
5175	0
5176	2
5177	0
5178	0
5179	2
5180	0
5181	0
5182	1
5183	0
5184	0
5185	1
5186	1
5187	2
5188	0
5189	0
5190	0
5191	1
5192	1
5193	1
5194	1
5195	0
5196	0
5197	0
5198	1
5199	0
5200	0
5201	0
5202	0
5203	1
5204	0
5205	0
5206	1
5207	0
5208	0
5209	1
5210	1
5211	0
5212	0
5213	2
5214	0
5215	0
5216	0
5217	1
5218	0
5219	0
5220	1
5221	0
5222	2
5223	1
5224	0
5225	0
5226	1
5227	1
5228	1
5229	1
5230	0
5231	1
5232	1
5233	0
5234	0
5235	0
5236	1
5237	1
5238	1
5239	0
5240	0
5241	1
5242	0
5243	0
5244	0
5245	0
5246	0
5247	0
5248	0
5249	3
5250	2
5251	2
5252	2
5253	3
5254	0
5255	0
5256	0
5257	0
5258	0
5259	1
5260	1
5261	1
5262	1
5263	0
5264	1
5265	0
5266	0
5267	2
5268	0
5269	0
5270	3
5271	0
5272	1
5273	1
5274	0
5275	0
5276	0
5277	1
5278	0
5279	0
5280	0
5281	1
5282	0
5283	0
5284	0
5285	0
5286	0
5287	0
5288	0
5289	0
5290	0
5291	0
5292	2
5293	2
5294	0
5295	0
5296	1
5297	1
5298	0
5299	0
5300	0
5301	2
5302	0
5303	0
5304	1
5305	0
5306	0
5307	1
5308	0
5309	2
5310	1
5311	0
5312	1
5313	0
5314	2
5315	2
5316	0
5317	1
5318	2
5319	0
5320	1
5321	0
5322	1
5323	0
5324	0
5325	1
5326	0
5327	0
5328	1
5329	2
5330	0
5331	0
5332	0
5333	0
5334	0
5335	0
5336	0
5337	0
5338	0
5339	0
5340	0
5341	2
5342	1
5343	1
5344	0
5345	1
5346	2
5347	0
5348	1
5349	2
5350	0
5351	0
5352	0
5353	3
5354	0
5355	0
5356	1
5357	0
5358	0
5359	2
5360	1
5361	0
5362	1
5363	0
5364	0
5365	0
5366	1
5367	0
5368	2
5369	1
5370	1
5371	1
5372	1
5373	0
5374	1
5375	0
5376	1
5377	2
5378	0
5379	0
5380	1
5381	0
5382	0
5383	0
5384	0
5385	0
5386	1
5387	0
5388	1
5389	1
5390	0
5391	0
5392	0
5393	0
5394	0
5395	0
5396	0
5397	0
5398	1
5399	0
5400	1
5401	0
5402	0
5403	0
5404	0
5405	1
5406	0
5407	0
5408	1
5409	1
5410	1
5411	0
5412	4
5413	1
5414	0
5415	0
5416	1
5417	1
5418	1
5419	1
5420	0
5421	0
5422	0
5423	1
5424	1
5425	0
5426	2
5427	1
5428	0
5429	0
5430	0
5431	1
5432	1
5433	0
5434	0
5435	1
5436	0
5437	0
5438	0
5439	0
5440	1
5441	1
5442	1
5443	2
5444	0
5445	0
5446	0
5447	2
5448	0
5449	1
5450	0
5451	0
5452	0
5453	1
5454	0
5455	0
5456	1
5457	0
5458	1
5459	0
5460	0
5461	2
5462	0
5463	1
5464	1
5465	0
5466	0
5467	0
5468	0
5469	0
5470	0
5471	3
5472	0
5473	0
5474	2
5475	0
5476	1
5477	0
5478	0
5479	1
5480	1
5481	0
5482	0
5483	0
5484	1
5485	0
5486	0
5487	0
5488	1
5489	0
5490	1
5491	0
5492	2
5493	0
5494	1
5495	0
5496	1
5497	0
5498	1
5499	1
5500	1
5501	0
5502	1
5503	0
5504	2
5505	1
5506	2
5507	0
5508	1
5509	1
5510	1
5511	2
5512	0
5513	0
5514	3
5515	0
5516	0
5517	1
5518	0
5519	1
5520	2
5521	0
5522	0
5523	0
5524	0
5525	0
5526	2
5527	0
5528	1
5529	0
5530	0
5531	0
5532	1
5533	0
5534	0
5535	0
5536	3
5537	0
5538	2
5539	1
5540	0
5541	2
5542	0
5543	0
5544	0
5545	1
5546	2
5547	1
5548	0
5549	0
5550	0
5551	0
5552	0
5553	0
5554	1
5555	0
5556	1
5557	0
5558	1
5559	0
5560	0
5561	0
5562	1
5563	1
5564	0
5565	0
5566	0
5567	0
5568	2
5569	0
5570	1
5571	0
5572	2
5573	1
5574	1
5575	2
5576	2
5577	1
5578	1
5579	0
5580	0
5581	0
5582	1
5583	0
5584	1
5585	0
5586	1
5587	0
5588	1
5589	0
5590	0
5591	1
5592	0
5593	1
5594	0
5595	0
5596	0
5597	1
5598	0
5599	1
5600	1
5601	0
5602	1
5603	1
5604	0
5605	0
5606	1
5607	0
5608	0
5609	1
5610	1
5611	0
5612	0
5613	0
5614	1
5615	0
5616	1
5617	0
5618	0
5619	0
5620	0
5621	0
5622	0
5623	1
5624	0
5625	1
5626	0
5627	1
5628	1
5629	0
5630	0
5631	0
5632	0
5633	0
5634	1
5635	1
5636	0
5637	0
5638	1
5639	0
5640	0
5641	1
5642	1
5643	0
5644	1
5645	0
5646	1
5647	0
5648	1
5649	3
5650	0
5651	0
5652	0
5653	1
5654	0
5655	1
5656	3
5657	0
5658	0
5659	0
5660	1
5661	1
5662	2
5663	0
5664	2
5665	1
5666	1
5667	0
5668	0
5669	3
5670	1
5671	2
5672	1
5673	0
5674	0
5675	1
5676	1
5677	0
5678	0
5679	1
5680	0
5681	0
5682	0
5683	1
5684	1
5685	0
5686	0
5687	1
5688	0
5689	0
5690	1
5691	0
5692	0
5693	0
5694	0
5695	0
5696	0
5697	0
5698	0
5699	1
5700	1
5701	1
5702	0
5703	0
5704	0
5705	0
5706	1
5707	1
5708	1
5709	0
5710	0
5711	0
5712	0
5713	0
5714	1
5715	0
5716	0
5717	1
5718	0
5719	0
5720	0
5721	1
5722	0
5723	1
5724	1
5725	0
5726	2
5727	0
5728	0
5729	0
5730	0
5731	1
5732	0
5733	2
5734	1
5735	0
5736	0
5737	1
5738	1
5739	2
5740	1
5741	0
5742	1
5743	0
5744	0
5745	0
5746	0
5747	1
5748	1
5749	1
5750	0
5751	0
5752	1
5753	0
5754	0
5755	0
5756	0
5757	2
5758	0
5759	0
5760	2
5761	0
5762	0
5763	0
5764	0
5765	1
5766	0
5767	0
5768	2
5769	0
5770	0
5771	1
5772	3
5773	0
5774	1
5775	0
5776	1
5777	0
5778	0
5779	0
5780	1
5781	0
5782	0
5783	0
5784	0
5785	0
5786	1
5787	1
5788	1
5789	1
5790	1
5791	2
5792	0
5793	0
5794	0
5795	1
5796	0
5797	0
5798	1
5799	2
5800	0
5801	0
5802	0
5803	0
5804	2
5805	2
5806	0
5807	1
5808	1
5809	0
5810	0
5811	0
5812	1
5813	0
5814	0
5815	1
5816	0
5817	0
5818	1
5819	0
5820	0
5821	0
5822	2
5823	0
5824	0
5825	0
5826	0
5827	0
5828	1
5829	0
5830	0
5831	1
5832	1
5833	1
5834	0
5835	1
5836	0
5837	1
5838	0
5839	1
5840	0
5841	0
5842	1
5843	0
5844	0
5845	2
5846	0
5847	1
5848	1
5849	1
5850	1
5851	1
5852	0
5853	1
5854	0
5855	1
5856	0
5857	1
5858	0
5859	0
5860	0
5861	1
5862	0
5863	1
5864	0
5865	0
5866	0
5867	0
5868	0
5869	1
5870	0
5871	0
5872	0
5873	0
5874	0
5875	0
5876	2
5877	1
5878	0
5879	0
5880	0
5881	1
5882	0
5883	0
5884	0
5885	0
5886	0
5887	0
5888	1
5889	1
5890	1
5891	0
5892	2
5893	2
5894	2
5895	1
5896	1
5897	0
5898	0
5899	0
5900	0
5901	1
5902	1
5903	0
5904	0
5905	0
5906	1
5907	0
5908	0
5909	0
5910	1
5911	1
5912	1
5913	0
5914	1
5915	0
5916	0
5917	0
5918	0
5919	1
5920	0
5921	0
5922	0
5923	2
5924	0
5925	1
5926	0
5927	0
5928	0
5929	0
5930	0
5931	0
5932	1
5933	0
5934	0
5935	0
5936	0
5937	3
5938	2
5939	0
5940	1
5941	0
5942	1
5943	0
5944	1
5945	1
5946	2
5947	0
5948	0
5949	2
5950	0
5951	1
5952	0
5953	0
5954	0
5955	0
5956	0
5957	2
5958	1
5959	0
5960	1
5961	2
5962	0
5963	0
5964	0
5965	1
5966	0
5967	0
5968	0
5969	1
5970	1
5971	1
5972	0
5973	0
5974	1
5975	0
5976	2
5977	2
5978	0
5979	0
5980	1
5981	0
5982	0
5983	1
5984	0
5985	1
5986	0
5987	1
5988	0
5989	1
5990	0
5991	0
5992	1
5993	0
5994	0
5995	2
5996	0
5997	1
5998	0
5999	0
6000	0
6001	1
6002	0
6003	0
6004	1
6005	1
6006	0
6007	1
6008	0
6009	0
6010	0
6011	1
6012	1
6013	0
6014	2
6015	0
6016	0
6017	1
6018	0
6019	0
6020	0
6021	0
6022	2
6023	0
6024	0
6025	1
6026	0
6027	1
6028	0
6029	0
6030	0
6031	0
6032	1
6033	1
6034	1
6035	0
6036	0
6037	1
6038	1
6039	1
6040	0
6041	0
6042	0
6043	2
6044	2
6045	0
6046	1
6047	1
6048	1
6049	1
6050	0
6051	0
6052	0
6053	2
6054	1
6055	1
6056	0
6057	1
6058	0
6059	1
6060	0
6061	1
6062	0
6063	0
6064	0
6065	1
6066	0
6067	0
6068	0
6069	0
6070	0
6071	1
6072	1
6073	0
6074	1
6075	0
6076	0
6077	0
6078	0
6079	1
6080	0
6081	0
6082	1
6083	0
6084	0
6085	1
6086	1
6087	0
6088	0
6089	1
6090	0
6091	2
6092	0
6093	1
6094	2
6095	0
6096	1
6097	0
6098	3
6099	1
6100	1
6101	0
6102	0
6103	1
6104	0
6105	0
6106	2
6107	0
6108	1
6109	1
6110	1
6111	1
6112	0
6113	0
6114	0
6115	1
6116	0
6117	0
6118	1
6119	0
6120	0
6121	0
6122	1
6123	1
6124	0
6125	0
6126	0
6127	0
6128	0
6129	0
6130	0
6131	0
6132	1
6133	1
6134	1
6135	1
6136	0
6137	2
6138	1
6139	0
6140	1
6141	0
6142	0
6143	1
6144	1
6145	0
6146	1
6147	0
6148	1
6149	0
6150	1
6151	0
6152	0
6153	0
6154	0
6155	1
6156	0
6157	1
6158	0
6159	2
6160	0
6161	2
6162	1
6163	0
6164	1
6165	0
6166	1
6167	1
6168	1
6169	0
6170	1
6171	0
6172	0
6173	0
6174	0
6175	0
6176	1
6177	2
6178	0
6179	0
6180	1
6181	0
6182	0
6183	1
6184	1
6185	1
6186	0
6187	1
6188	0
6189	0
6190	1
6191	0
6192	0
6193	0
6194	0
6195	1
6196	0
6197	0
6198	1
6199	0
6200	0
6201	0
6202	0
6203	1
6204	0
6205	0
6206	0
6207	1
6208	0
6209	1
6210	0
6211	0
6212	0
6213	0
6214	1
6215	0
6216	0
6217	0
6218	0
6219	2
6220	0
6221	0
6222	0
6223	1
6224	0
6225	0
6226	0
6227	0
6228	0
6229	0
6230	0
6231	0
6232	3
6233	0
6234	0
6235	1
6236	0
6237	0
6238	1
6239	0
6240	2
6241	1
6242	0
6243	0
6244	0
6245	2
6246	0
6247	0
6248	0
6249	0
6250	0
6251	1
6252	1
6253	0
6254	0
6255	0
6256	1
6257	0
6258	0
6259	0
6260	0
6261	0
6262	0
6263	1
6264	0
6265	0
6266	0
6267	1
6268	0
6269	1
6270	1
6271	0
6272	0
6273	0
6274	0
6275	0
6276	0
6277	0
6278	1
6279	0
6280	0
6281	0
6282	0
6283	1
6284	3
6285	1
6286	1
6287	0
6288	1
6289	2
6290	1
6291	0
6292	0
6293	0
6294	0
6295	1
6296	0
6297	1
6298	1
6299	0
6300	0
6301	0
6302	0
6303	0
6304	0
6305	0
6306	0
6307	0
6308	2
6309	0
6310	0
6311	0
6312	0
6313	0
6314	1
6315	0
6316	2
6317	0
6318	1
6319	1
6320	1
6321	0
6322	0
6323	0
6324	1
6325	2
6326	0
6327	0
6328	0
6329	0
6330	1
6331	0
6332	0
6333	0
6334	0
6335	1
6336	0
6337	1
6338	0
6339	0
6340	0
6341	0
6342	0
6343	0
6344	1
6345	0
6346	0
6347	0
6348	0
6349	0
6350	0
6351	2
6352	0
6353	0
6354	1
6355	0
6356	1
6357	0
6358	0
6359	0
6360	0
6361	0
6362	0
6363	0
6364	0
6365	0
6366	0
6367	1
6368	0
6369	1
6370	0
6371	0
6372	0
6373	1
6374	1
6375	1
6376	0
6377	2
6378	1
6379	0
6380	0
6381	1
6382	0
6383	1
6384	0
6385	1
6386	0
6387	2
6388	0
6389	0
6390	0
6391	0
6392	0
6393	0
6394	0
6395	0
6396	0
6397	0
6398	1
6399	1
6400	1
6401	0
6402	0
6403	2
6404	0
6405	0
6406	1
6407	0
6408	0
6409	1
6410	0
6411	1
6412	1
6413	1
6414	0
6415	0
6416	1
6417	0
6418	0
6419	0
6420	1
6421	0
6422	0
6423	1
6424	0
6425	0
6426	0
6427	0
6428	0
6429	1
6430	0
6431	0
6432	0
6433	0
6434	0
6435	2
6436	0
6437	0
6438	2
6439	0
6440	1
6441	0
6442	0
6443	0
6444	1
6445	0
6446	0
6447	0
6448	1
6449	0
6450	0
6451	0
6452	0
6453	0
6454	0
6455	2
6456	0
6457	1
6458	2
6459	0
6460	0
6461	0
6462	0
6463	0
6464	0
6465	0
6466	0
6467	0
6468	1
6469	1
6470	0
6471	0
6472	0
6473	0
6474	0
6475	0
6476	0
6477	0
6478	2
6479	0
6480	0
6481	0
6482	1
6483	2
6484	0
6485	0
6486	1
6487	0
6488	1
6489	0
6490	0
6491	0
6492	1
6493	0
6494	1
6495	0
6496	1
6497	0
6498	1
6499	0
6500	1
6501	0
6502	0
6503	0
6504	0
6505	0
6506	0
6507	1
6508	1
6509	0
6510	0
6511	0
6512	0
6513	1
6514	1
6515	2
6516	0
6517	1
6518	1
6519	0
6520	0
6521	0
6522	0
6523	0
6524	0
6525	0
6526	0
6527	0
6528	1
6529	1
6530	0
6531	0
6532	1
6533	0
6534	1
6535	0
6536	0
6537	0
6538	0
6539	1
6540	0
6541	0
6542	0
6543	0
6544	1
6545	0
6546	2
6547	0
6548	0
6549	1
6550	0
6551	0
6552	0
6553	0
6554	0
6555	1
6556	0
6557	0
6558	0
6559	0
6560	0
6561	1
6562	0
6563	0
6564	0
6565	0
6566	0
6567	0
6568	0
6569	1
6570	0
6571	0
6572	0
6573	1
6574	0
6575	4
6576	1
6577	0
6578	0
6579	0
6580	0
6581	0
6582	1
6583	0
6584	0
6585	0
6586	2
6587	0
6588	0
6589	1
6590	0
6591	1
6592	0
6593	1
6594	0
6595	0
6596	0
6597	1
6598	1
6599	0
6600	1
6601	0
6602	1
6603	1
6604	0
6605	0
6606	0
6607	0
6608	0
6609	1
6610	0
6611	1
6612	0
6613	2
6614	1
6615	1
6616	0
6617	1
6618	2
6619	1
6620	0
6621	0
6622	0
6623	2
6624	0
6625	0
6626	0
6627	1
6628	0
6629	2
6630	1
6631	0
6632	1
6633	1
6634	0
6635	0
6636	0
6637	1
6638	0
6639	1
6640	0
6641	0
6642	0
6643	0
6644	0
6645	0
6646	0
6647	1
6648	1
6649	0
6650	0
6651	0
6652	0
6653	1
6654	0
6655	0
6656	2
6657	1
6658	0
6659	0
6660	1
6661	0
6662	0
6663	0
6664	0
6665	0
6666	0
6667	0
6668	1
6669	0
6670	4
6671	3
6672	1
6673	1
6674	0
6675	0
6676	0
6677	0
6678	0
6679	0
6680	0
6681	0
6682	0
6683	1
6684	0
6685	2
6686	1
6687	0
6688	0
6689	1
6690	0
6691	0
6692	1
6693	0
6694	0
6695	0
6696	2
6697	0
6698	0
6699	0
6700	1
6701	0
6702	0
6703	1
6704	1
6705	0
6706	0
6707	0
6708	0
6709	0
6710	0
6711	1
6712	0
6713	0
6714	0
6715	2
6716	0
6717	1
6718	0
6719	0
6720	1
6721	0
6722	0
6723	1
6724	0
6725	1
6726	0
6727	0
6728	1
6729	0
6730	1
6731	1
6732	0
6733	0
6734	0
6735	1
6736	1
6737	0
6738	0
6739	0
6740	1
6741	1
6742	1
6743	0
6744	1
6745	1
6746	1
6747	1
6748	1
6749	2
6750	1
6751	0
6752	3
6753	1
6754	0
6755	0
6756	0
6757	1
6758	0
6759	0
6760	1
6761	0
6762	1
6763	1
6764	1
6765	0
6766	2
6767	0
6768	1
6769	0
6770	0
6771	1
6772	0
6773	2
6774	0
6775	0
6776	0
6777	0
6778	1
6779	1
6780	1
6781	0
6782	1
6783	1
6784	0
6785	1
6786	0
6787	0
6788	0
6789	0
6790	1
6791	0
6792	0
6793	0
6794	1
6795	0
6796	0
6797	2
6798	0
6799	0
6800	0
6801	0
6802	1
6803	0
6804	0
6805	2
6806	1
6807	0
6808	0
6809	1
6810	0
6811	0
6812	0
6813	0
6814	1
6815	0
6816	0
6817	0
6818	1
6819	1
6820	1
6821	0
6822	0
6823	0
6824	1
6825	0
6826	0
6827	0
6828	0
6829	0
6830	0
6831	1
6832	0
6833	0
6834	0
6835	1
6836	0
6837	1
6838	0
6839	1
6840	0
6841	0
6842	0
6843	1
6844	0
6845	0
6846	1
6847	3
6848	0
6849	1
6850	0
6851	0
6852	0
6853	0
6854	0
6855	0
6856	0
6857	0
6858	1
6859	0
6860	0
6861	1
6862	0
6863	0
6864	1
6865	1
6866	0
6867	0
6868	0
6869	1
6870	1
6871	1
6872	0
6873	0
6874	0
6875	0
6876	0
6877	0
6878	1
6879	0
6880	1
6881	1
6882	2
6883	0
6884	0
6885	0
6886	0
6887	2
6888	0
6889	1
6890	0
6891	0
6892	1
6893	1
6894	1
6895	0
6896	1
6897	0
6898	0
6899	0
6900	1
6901	0
6902	0
6903	0
6904	2
6905	1
6906	0
6907	0
6908	0
6909	1
6910	0
6911	1
6912	0
6913	0
6914	0
6915	0
6916	0
6917	0
6918	1
6919	0
6920	0
6921	1
6922	0
6923	0
6924	0
6925	0
6926	1
6927	1
6928	0
6929	0
6930	1
6931	0
6932	0
6933	0
6934	0
6935	1
6936	2
6937	0
6938	0
6939	0
6940	0
6941	0
6942	0
6943	0
6944	1
6945	0
6946	0
6947	0
6948	0
6949	0
6950	0
6951	0
6952	0
6953	1
6954	0
6955	0
6956	0
6957	0
6958	1
6959	0
6960	0
6961	2
6962	0
6963	0
6964	1
6965	0
6966	2
6967	1
6968	1
6969	0
6970	0
6971	1
6972	0
6973	1
6974	0
6975	0
6976	0
6977	1
6978	0
6979	2
6980	0
6981	0
6982	1
6983	1
6984	1
6985	0
6986	1
6987	0
6988	0
6989	0
6990	0
6991	0
6992	0
6993	0
6994	1
6995	1
6996	1
6997	0
6998	0
6999	1
7000	0
7001	1
7002	1
7003	0
7004	0
7005	0
7006	0
7007	0
7008	0
7009	0
7010	0
7011	0
7012	0
7013	0
7014	1
7015	1
7016	1
7017	2
7018	1
7019	0
7020	1
7021	0
7022	0
7023	0
7024	0
7025	0
7026	2
7027	1
7028	0
7029	0
7030	0
7031	0
7032	0
7033	2
7034	2
7035	0
7036	0
7037	0
7038	0
7039	0
7040	0
7041	0
7042	0
7043	0
7044	1
7045	0
7046	1
7047	0
7048	0
7049	0
7050	0
7051	0
7052	1
7053	0
7054	0
7055	0
7056	0
7057	0
7058	1
7059	0
7060	1
7061	0
7062	0
7063	0
7064	0
7065	0
7066	0
7067	0
7068	1
7069	0
7070	0
7071	1
7072	0
7073	0
7074	1
7075	0
7076	0
7077	0
7078	1
7079	0
7080	1
7081	1
7082	1
7083	0
7084	0
7085	1
7086	0
7087	0
7088	0
7089	0
7090	2
7091	0
7092	3
7093	1
7094	0
7095	0
7096	0
7097	0
7098	0
7099	0
7100	0
7101	0
7102	0
7103	1
7104	0
7105	0
7106	0
7107	0
7108	1
7109	0
7110	0
7111	0
7112	0
7113	0
7114	0
7115	0
7116	3
7117	1
7118	0
7119	0
7120	0
7121	1
7122	0
7123	0
7124	0
7125	1
7126	0
7127	0
7128	0
7129	0
7130	0
7131	0
7132	1
7133	1
7134	0
7135	0
7136	0
7137	1
7138	0
7139	1
7140	0
7141	0
7142	1
7143	0
7144	0
7145	1
7146	1
7147	0
7148	0
7149	1
7150	0
7151	1
7152	0
7153	2
7154	1
7155	1
7156	0
7157	0
7158	0
7159	0
7160	0
7161	0
7162	2
7163	1
7164	0
7165	1
7166	1
7167	0
7168	0
7169	1
7170	0
7171	1
7172	1
7173	0
7174	0
7175	1
7176	0
7177	0
7178	2
7179	0
7180	1
7181	2
7182	1
7183	0
7184	0
7185	0
7186	0
7187	0
7188	1
7189	1
7190	0
7191	0
7192	0
7193	0
7194	1
7195	0
7196	0
7197	0
7198	1
7199	1
7200	0
7201	1
7202	0
7203	0
7204	0
7205	0
7206	0
7207	0
7208	0
7209	0
7210	2
7211	0
7212	0
7213	0
7214	0
7215	0
7216	1
7217	0
7218	0
7219	0
7220	2
7221	0
7222	0
7223	1
7224	0
7225	2
7226	0
7227	0
7228	0
7229	0
7230	0
7231	0
7232	0
7233	1
7234	0
7235	1
7236	0
7237	0
7238	0
7239	1
7240	0
7241	0
7242	0
7243	1
7244	0
7245	0
7246	1
7247	0
7248	1
7249	1
7250	0
7251	0
7252	0
7253	0
7254	0
7255	0
7256	0
7257	0
7258	0
7259	1
7260	0
7261	0
7262	0
7263	0
7264	1
7265	0
7266	0
7267	1
7268	0
7269	0
7270	0
7271	0
7272	0
7273	0
7274	0
7275	0
7276	0
7277	0
7278	0
7279	0
7280	0
7281	0
7282	0
7283	1
7284	0
7285	0
7286	0
7287	0
7288	0
7289	0
7290	1
7291	0
7292	0
7293	0
7294	0
7295	0
7296	0
7297	0
7298	0
7299	0
7300	0
7301	0
7302	0
7303	0
7304	0
7305	0
7306	0
7307	0
7308	0
7309	0
7310	0
7311	0
7312	0
7313	1
7314	0
7315	0
7316	0
7317	0
7318	1
7319	0
7320	0
7321	1
7322	0
7323	0
7324	0
7325	0
7326	0
7327	0
7328	1
7329	0
7330	0
7331	0
7332	1
7333	2
7334	0
7335	0
7336	0
7337	0
7338	0
7339	1
7340	0
7341	1
7342	0
7343	0
7344	0
7345	0
7346	0
7347	0
7348	0
7349	0
7350	0
7351	0
7352	0
7353	0
7354	0
7355	0
7356	0
7357	0
7358	0
7359	0
7360	0
7361	0
7362	0
7363	1
7364	0
7365	0
7366	0
7367	0
7368	0
7369	0
7370	1
7371	1
7372	1
7373	0
7374	0
7375	0
7376	0
7377	0
7378	0
7379	0
7380	0
7381	0
7382	0
7383	0
7384	0
7385	1
7386	1
7387	1
7388	0
7389	1
7390	0
7391	1
7392	1
7393	0
7394	2
7395	1
7396	1
7397	0
7398	0
7399	2
7400	0
7401	0
7402	0
7403	1
7404	0
7405	0
7406	2
7407	0
7408	0
7409	0
7410	1
7411	3
7412	1
7413	0
7414	0
7415	0
7416	1
7417	0
7418	0
7419	0
7420	1
7421	0
7422	0
7423	0
7424	0
7425	0
7426	0
7427	0
7428	0
7429	0
7430	0
7431	1
7432	1
7433	0
7434	0
7435	0
7436	0
7437	0
7438	0
7439	1
7440	0
7441	0
7442	0
7443	2
7444	1
7445	0
7446	0
7447	0
7448	0
7449	1
7450	0
7451	1
7452	0
7453	1
7454	0
7455	0
7456	1
7457	0
7458	0
7459	0
7460	0
7461	0
7462	0
7463	0
7464	0
7465	0
7466	0
7467	0
7468	0
7469	1
7470	0
7471	1
7472	1
7473	0
7474	0
7475	1
7476	0
7477	0
7478	1
7479	2
7480	0
7481	0
7482	1
7483	0
7484	0
7485	0
7486	0
7487	0
7488	0
7489	1
7490	0
7491	0
7492	0
7493	0
7494	0
7495	0
7496	0
7497	0
7498	1
7499	0
7500	0
7501	0
7502	0
7503	0
7504	0
7505	0
7506	1
7507	0
7508	0
7509	1
7510	0
7511	0
7512	0
7513	0
7514	0
7515	0
7516	0
7517	0
7518	0
7519	0
7520	0
7521	0
7522	0
7523	0
7524	0
7525	0
7526	0
7527	1
7528	0
7529	0
7530	0
7531	0
7532	0
7533	0
7534	1
7535	1
7536	0
7537	0
7538	0
7539	0
7540	0
7541	1
7542	0
7543	0
7544	0
7545	0
7546	1
7547	0
7548	0
7549	0
7550	1
7551	0
7552	0
7553	0
7554	0
7555	0
7556	0
7557	0
7558	0
7559	0
7560	0
7561	1
7562	1
7563	2
7564	1
7565	0
7566	0
7567	0
7568	0
7569	0
7570	0
7571	0
7572	1
7573	1
7574	0
7575	0
7576	0
7577	0
7578	0
7579	0
7580	0
7581	0
7582	0
7583	0
7584	1
7585	1
7586	0
7587	0
7588	0
7589	0
7590	1
7591	1
7592	0
7593	0
7594	1
7595	0
7596	0
7597	1
7598	1
7599	0
7600	0
7601	1
7602	1
7603	0
7604	0
7605	0
7606	0
7607	0
7608	0
7609	0
7610	0
7611	0
7612	0
7613	0
7614	0
7615	1
7616	0
7617	0
7618	0
7619	0
7620	0
7621	1
7622	0
7623	0
7624	0
7625	0
7626	0
7627	0
7628	1
7629	1
7630	0
7631	1
7632	1
7633	0
7634	0
7635	0
7636	0
7637	0
7638	0
7639	0
7640	0
7641	0
7642	1
7643	0
7644	1
7645	0
7646	0
7647	0
7648	0
7649	0
7650	0
7651	0
7652	0
7653	0
7654	0
7655	0
7656	0
7657	0
7658	2
7659	0
7660	0
7661	0
7662	1
7663	0
7664	1
7665	1
7666	0
7667	1
7668	0
7669	0
7670	0
7671	0
7672	0
7673	0
7674	1
7675	0
7676	0
7677	0
7678	1
7679	0
7680	2
7681	0
7682	0
7683	0
7684	0
7685	0
7686	1
7687	0
7688	1
7689	0
7690	0
7691	0
7692	0
7693	0
7694	1
7695	2
7696	0
7697	1
7698	0
7699	0
7700	0
7701	0
7702	0
7703	0
7704	1
7705	0
7706	0
7707	0
7708	0
7709	0
7710	0
7711	0
7712	1
7713	1
7714	0
7715	0
7716	0
7717	2
7718	0
7719	0
7720	0
7721	0
7722	0
7723	0
7724	0
7725	0
7726	0
7727	0
7728	0
7729	0
7730	0
7731	0
7732	1
7733	0
7734	0
7735	0
7736	0
7737	1
7738	0
7739	1
7740	0
7741	0
7742	1
7743	2
7744	0
7745	0
7746	0
7747	0
7748	0
7749	1
7750	0
7751	0
7752	0
7753	1
7754	0
7755	0
7756	0
7757	0
7758	0
7759	0
7760	0
7761	0
7762	0
7763	1
7764	0
7765	0
7766	1
7767	0
7768	0
7769	1
7770	0
7771	0
7772	0
7773	0
7774	0
7775	0
7776	0
7777	0
7778	0
7779	0
7780	1
7781	0
7782	1
7783	0
7784	0
7785	0
7786	1
7787	0
7788	1
7789	1
7790	0
7791	0
7792	0
7793	0
7794	0
7795	0
7796	0
7797	0
7798	0
7799	1
7800	0
7801	0
7802	0
7803	0
7804	0
7805	0
7806	0
7807	0
7808	0
7809	0
7810	0
7811	0
7812	0
7813	1
7814	0
7815	0
7816	0
7817	0
7818	0
7819	0
7820	0
7821	0
7822	0
7823	0
7824	0
7825	0
7826	0
7827	0
7828	0
7829	0
7830	0
7831	0
7832	0
7833	0
7834	0
7835	0
7836	0
7837	0
7838	0
7839	1
7840	0
7841	0
7842	0
7843	0
7844	0
7845	0
7846	0
7847	0
7848	1
7849	0
7850	0
7851	0
7852	0
7853	1
7854	0
7855	0
7856	0
7857	0
7858	1
7859	0
7860	0
7861	0
7862	0
7863	0
7864	0
7865	1
7866	0
7867	0
7868	0
7869	0
7870	0
7871	0
7872	0
7873	0
7874	0
7875	0
7876	0
7877	0
7878	0
7879	0
7880	1
7881	0
7882	0
7883	0
7884	1
7885	0
7886	0
7887	0
7888	0
7889	0
7890	0
7891	0
7892	0
7893	0
7894	0
7895	0
7896	1
7897	0
7898	0
7899	0
7900	0
7901	0
7902	0
7903	0
7904	0
7905	0
7906	0
7907	0
7908	0
7909	0
7910	0
7911	0
7912	0
7913	0
7914	0
7915	0
7916	0
7917	0
7918	0
7919	0
7920	0
7921	0
7922	0
7923	0
7924	0
7925	0
7926	0
7927	0
7928	0
7929	0
7930	0
7931	0
7932	0
7933	0
7934	0
7935	0
7936	0
7937	0
7938	0
7939	0
7940	0
7941	0
7942	0
7943	0
7944	0
7945	0
7946	0
7947	0
7948	0
7949	0
7950	0
7951	0
7952	0
7953	0
7954	0
7955	0
7956	0
7957	0
7958	0
7959	0
7960	0
7961	0
7962	0
7963	0
7964	0
7965	0
7966	0
7967	0
7968	0
7969	0
7970	0
7971	0
7972	0
7973	0
7974	0
7975	0
7976	0
7977	0
7978	0
7979	0
7980	0
7981	0
7982	0
7983	0
7984	0
7985	0
7986	0
7987	0
7988	0
7989	0
7990	0
7991	0
7992	0
7993	0
7994	0
7995	0
7996	0
7997	0
7998	0
7999	0
8000	0
8001	0
8002	0
8003	0
8004	0
8005	0
8006	0
8007	0
8008	0
8009	0
8010	0
8011	0
8012	0
8013	0
8014	0
8015	0
8016	0
8017	0
8018	0
8019	0
8020	0
8021	0
8022	0
8023	0
8024	0
8025	0
8026	0
8027	0
8028	0
8029	0
8030	0
8031	0
8032	0
8033	0
8034	0
8035	0
8036	0
8037	0
8038	0
8039	0
8040	0
8041	0
8042	0
8043	0
8044	0
8045	0
8046	0
8047	0
8048	0
8049	0
8050	0
8051	0
8052	0
8053	0
8054	0
8055	0
8056	0
8057	0
8058	0
8059	0
8060	0
8061	0
8062	0
8063	0
8064	0
8065	0
8066	0
8067	0
8068	0
8069	0
8070	0
8071	0
8072	0
8073	0
8074	0
8075	0
8076	0
8077	0
8078	0
8079	0
8080	0
8081	0
8082	0
8083	0
8084	0
8085	0
8086	0
8087	0
8088	0
8089	0
8090	0
8091	0
8092	0
8093	0
8094	0
8095	0
8096	0
8097	0
8098	0
8099	0
8100	0
8101	0
8102	0
8103	0
8104	0
8105	0
8106	0
8107	0
8108	0
8109	0
8110	0
8111	0
8112	0
8113	0
8114	0
8115	0
8116	0
8117	0
8118	0
8119	0
8120	0
8121	0
8122	0
8123	0
8124	0
8125	0
8126	0
8127	0
8128	0
8129	0
8130	0
8131	0
8132	0
8133	0
8134	0
8135	0
8136	0
8137	0
8138	0
8139	0
8140	0
8141	0
8142	0
8143	0
8144	0
8145	0
8146	0
8147	0
8148	0
8149	0
8150	0
8151	0
8152	0
8153	0
8154	0
8155	0
8156	0
8157	0
8158	0
8159	0
8160	0
8161	0
8162	0
8163	0
8164	0
8165	0
8166	0
8167	0
8168	0
8169	0
8170	0
8171	0
8172	0
8173	0
8174	0
8175	0
8176	0
8177	0
8178	0
8179	0
8180	0
8181	0
8182	0
8183	0
8184	0
8185	0
8186	0
8187	0
8188	0
8189	0
8190	0
8191	0
