0	0
1	0
2	0
3	0
4	0
5	0
6	0
7	0
8	0
9	0
10	0
11	0
12	0
13	0
14	0
15	0
16	0
17	0
18	0
19	0
20	0
21	0
22	0
23	0
24	0
25	0
26	0
27	0
28	0
29	0
30	0
31	0
32	0
33	0
34	0
35	0
36	0
37	0
38	0
39	0
40	0
41	0
42	0
43	0
44	0
45	0
46	0
47	0
48	0
49	0
50	0
51	0
52	0
53	0
54	0
55	0
56	0
57	0
58	0
59	0
60	0
61	0
62	0
63	0
64	0
65	0
66	0
67	0
68	0
69	0
70	0
71	0
72	0
73	0
74	0
75	0
76	0
77	0
78	0
79	0
80	0
81	0
82	2
83	3
84	8
85	5
86	11
87	12
88	24
89	12
90	11
91	22
92	16
93	8
94	17
95	11
96	16
97	15
98	12
99	15
100	7
101	20
102	15
103	11
104	18
105	12
106	14
107	13
108	7
109	14
110	8
111	13
112	11
113	12
114	14
115	13
116	7
117	11
118	11
119	13
120	9
121	12
122	12
123	13
124	14
125	15
126	8
127	13
128	14
129	6
130	14
131	12
132	13
133	7
134	15
135	9
136	15
137	18
138	10
139	15
140	8
141	12
142	11
143	10
144	10
145	9
146	16
147	14
148	16
149	11
150	15
151	11
152	14
153	10
154	11
155	13
156	10
157	12
158	22
159	18
160	17
161	11
162	13
163	12
164	17
165	13
166	15
167	15
168	14
169	14
170	12
171	17
172	11
173	9
174	15
175	10
176	11
177	13
178	13
179	19
180	13
181	14
182	10
183	16
184	11
185	9
186	14
187	9
188	15
189	14
190	10
191	19
192	15
193	10
194	11
195	18
196	8
197	14
198	17
199	19
200	16
201	12
202	17
203	15
204	19
205	10
206	18
207	15
208	12
209	13
210	7
211	9
212	20
213	17
214	8
215	11
216	16
217	14
218	9
219	19
220	20
221	14
222	7
223	10
224	10
225	14
226	8
227	10
228	17
229	15
230	12
231	12
232	11
233	15
234	10
235	17
236	8
237	17
238	18
239	22
240	14
241	13
242	14
243	12
244	19
245	10
246	14
247	8
248	10
249	12
250	23
251	21
252	14
253	11
254	16
255	15
256	6
257	15
258	19
259	17
260	14
261	22
262	13
263	15
264	16
265	15
266	14
267	20
268	14
269	15
270	16
271	15
272	17
273	15
274	15
275	13
276	18
277	16
278	14
279	18
280	9
281	13
282	13
283	20
284	15
285	19
286	11
287	13
288	11
289	20
290	17
291	15
292	18
293	18
294	12
295	14
296	12
297	13
298	9
299	13
300	14
301	20
302	12
303	13
304	11
305	16
306	16
307	13
308	16
309	16
310	23
311	21
312	21
313	19
314	16
315	19
316	15
317	16
318	25
319	13
320	23
321	14
322	13
323	26
324	15
325	15
326	18
327	13
328	11
329	15
330	16
331	13
332	19
333	15
334	18
335	31
336	16
337	15
338	18
339	15
340	22
341	14
342	18
343	14
344	14
345	9
346	16
347	14
348	22
349	9
350	16
351	13
352	12
353	10
354	15
355	9
356	11
357	12
358	14
359	13
360	16
361	22
362	16
363	19
364	16
365	16
366	21
367	12
368	12
369	12
370	7
371	14
372	15
373	15
374	11
375	16
376	19
377	23
378	13
379	14
380	14
381	11
382	13
383	11
384	15
385	33
386	18
387	19
388	15
389	12
390	21
391	17
392	16
393	17
394	18
395	24
396	22
397	19
398	15
399	18
400	10
401	11
402	16
403	18
404	15
405	18
406	16
407	9
408	8
409	15
410	10
411	8
412	22
413	9
414	12
415	15
416	22
417	19
418	20
419	21
420	12
421	9
422	21
423	17
424	18
425	15
426	17
427	13
428	17
429	17
430	15
431	12
432	19
433	15
434	18
435	22
436	22
437	11
438	19
439	23
440	16
441	15
442	14
443	27
444	17
445	24
446	18
447	18
448	17
449	19
450	18
451	24
452	25
453	14
454	16
455	22
456	19
457	25
458	25
459	12
460	25
461	34
462	17
463	18
464	24
465	16
466	20
467	25
468	21
469	21
470	27
471	31
472	19
473	28
474	33
475	20
476	30
477	24
478	25
479	27
480	26
481	17
482	25
483	31
484	25
485	29
486	29
487	28
488	21
489	32
490	26
491	25
492	22
493	37
494	19
495	31
496	29
497	31
498	19
499	36
500	21
501	29
502	30
503	29
504	38
505	35
506	30
507	29
508	23
509	33
510	33
511	31
512	26
513	39
514	44
515	32
516	40
517	40
518	24
519	30
520	30
521	31
522	30
523	39
524	35
525	28
526	30
527	30
528	33
529	27
530	32
531	30
532	32
533	34
534	26
535	42
536	27
537	29
538	24
539	34
540	34
541	30
542	35
543	37
544	32
545	39
546	23
547	22
548	32
549	33
550	30
551	23
552	23
553	33
554	28
555	26
556	30
557	20
558	21
559	20
560	27
561	28
562	24
563	29
564	24
565	16
566	27
567	25
568	25
569	28
570	24
571	28
572	27
573	19
574	22
575	24
576	26
577	26
578	12
579	28
580	17
581	33
582	22
583	16
584	35
585	25
586	30
587	35
588	22
589	22
590	31
591	21
592	27
593	22
594	20
595	28
596	27
597	28
598	26
599	23
600	34
601	19
602	22
603	24
604	19
605	22
606	19
607	18
608	18
609	16
610	21
611	30
612	25
613	30
614	18
615	22
616	28
617	29
618	15
619	19
620	20
621	22
622	26
623	28
624	23
625	19
626	24
627	14
628	23
629	17
630	18
631	15
632	17
633	23
634	17
635	16
636	12
637	21
638	25
639	24
640	20
641	27
642	19
643	23
644	28
645	20
646	14
647	27
648	13
649	21
650	22
651	18
652	23
653	21
654	24
655	20
656	16
657	20
658	19
659	19
660	20
661	17
662	19
663	22
664	21
665	22
666	17
667	19
668	23
669	14
670	13
671	24
672	30
673	15
674	23
675	24
676	20
677	21
678	27
679	29
680	27
681	18
682	19
683	22
684	21
685	32
686	22
687	18
688	16
689	15
690	24
691	25
692	27
693	14
694	18
695	15
696	19
697	30
698	22
699	21
700	14
701	22
702	24
703	24
704	25
705	22
706	15
707	29
708	17
709	21
710	15
711	12
712	19
713	24
714	20
715	22
716	33
717	21
718	32
719	20
720	25
721	19
722	20
723	17
724	27
725	25
726	25
727	13
728	11
729	20
730	30
731	23
732	27
733	18
734	19
735	23
736	27
737	20
738	23
739	27
740	26
741	19
742	28
743	25
744	14
745	26
746	26
747	19
748	16
749	38
750	24
751	24
752	15
753	33
754	17
755	21
756	25
757	21
758	30
759	30
760	25
761	23
762	31
763	28
764	19
765	24
766	37
767	23
768	23
769	22
770	19
771	21
772	23
773	30
774	28
775	36
776	33
777	35
778	28
779	20
780	23
781	29
782	28
783	28
784	26
785	23
786	19
787	27
788	24
789	24
790	21
791	19
792	27
793	22
794	29
795	29
796	19
797	25
798	26
799	29
800	29
801	29
802	28
803	25
804	23
805	20
806	21
807	28
808	21
809	31
810	35
811	22
812	18
813	20
814	30
815	31
816	20
817	26
818	21
819	24
820	24
821	26
822	29
823	29
824	26
825	20
826	30
827	23
828	30
829	28
830	34
831	31
832	24
833	29
834	24
835	27
836	32
837	29
838	31
839	17
840	22
841	28
842	24
843	32
844	18
845	34
846	28
847	23
848	25
849	31
850	25
851	29
852	34
853	17
854	29
855	28
856	27
857	25
858	21
859	29
860	29
861	25
862	25
863	17
864	43
865	21
866	36
867	21
868	30
869	30
870	27
871	31
872	29
873	24
874	25
875	31
876	23
877	30
878	32
879	29
880	28
881	24
882	32
883	27
884	28
885	35
886	27
887	31
888	28
889	37
890	22
891	25
892	23
893	21
894	29
895	24
896	25
897	30
898	37
899	30
900	29
901	34
902	28
903	38
904	25
905	35
906	28
907	33
908	33
909	31
910	26
911	37
912	35
913	29
914	32
915	28
916	26
917	30
918	33
919	24
920	31
921	25
922	31
923	28
924	18
925	28
926	38
927	45
928	19
929	30
930	39
931	30
932	23
933	29
934	20
935	40
936	27
937	33
938	27
939	29
940	29
941	31
942	38
943	33
944	33
945	37
946	20
947	27
948	32
949	27
950	39
951	33
952	43
953	28
954	33
955	32
956	30
957	33
958	27
959	32
960	42
961	38
962	23
963	32
964	31
965	30
966	31
967	34
968	42
969	29
970	31
971	21
972	27
973	35
974	29
975	40
976	35
977	39
978	35
979	30
980	40
981	41
982	25
983	28
984	35
985	36
986	26
987	35
988	46
989	33
990	33
991	32
992	34
993	34
994	40
995	20
996	36
997	25
998	34
999	30
1000	32
1001	36
1002	28
1003	27
1004	26
1005	36
1006	30
1007	42
1008	33
1009	33
1010	33
1011	36
1012	36
1013	26
1014	40
1015	25
1016	27
1017	47
1018	23
1019	32
1020	36
1021	34
1022	41
1023	36
1024	36
1025	36
1026	34
1027	32
1028	32
1029	26
1030	31
1031	31
1032	36
1033	23
1034	23
1035	39
1036	43
1037	33
1038	28
1039	26
1040	32
1041	36
1042	32
1043	33
1044	30
1045	36
1046	26
1047	32
1048	33
1049	36
1050	38
1051	34
1052	38
1053	46
1054	33
1055	36
1056	41
1057	26
1058	37
1059	43
1060	34
1061	38
1062	35
1063	33
1064	47
1065	48
1066	27
1067	33
1068	30
1069	36
1070	44
1071	34
1072	35
1073	30
1074	34
1075	36
1076	48
1077	32
1078	38
1079	35
1080	29
1081	29
1082	39
1083	31
1084	39
1085	31
1086	43
1087	34
1088	39
1089	36
1090	34
1091	27
1092	32
1093	28
1094	37
1095	34
1096	42
1097	42
1098	49
1099	38
1100	32
1101	39
1102	31
1103	42
1104	33
1105	36
1106	32
1107	40
1108	21
1109	34
1110	40
1111	41
1112	39
1113	35
1114	37
1115	38
1116	36
1117	28
1118	37
1119	37
1120	33
1121	38
1122	52
1123	44
1124	40
1125	36
1126	36
1127	34
1128	46
1129	43
1130	36
1131	51
1132	48
1133	35
1134	32
1135	48
1136	36
1137	36
1138	31
1139	31
1140	31
1141	40
1142	40
1143	37
1144	35
1145	36
1146	42
1147	33
1148	38
1149	42
1150	53
1151	34
1152	24
1153	40
1154	51
1155	50
1156	32
1157	30
1158	30
1159	43
1160	35
1161	39
1162	29
1163	40
1164	32
1165	38
1166	33
1167	42
1168	40
1169	38
1170	40
1171	35
1172	34
1173	39
1174	28
1175	36
1176	22
1177	39
1178	41
1179	44
1180	50
1181	37
1182	39
1183	37
1184	39
1185	41
1186	34
1187	36
1188	34
1189	48
1190	36
1191	39
1192	38
1193	44
1194	47
1195	32
1196	37
1197	43
1198	28
1199	28
1200	50
1201	31
1202	36
1203	38
1204	34
1205	25
1206	39
1207	38
1208	48
1209	42
1210	24
1211	42
1212	34
1213	36
1214	30
1215	45
1216	39
1217	53
1218	45
1219	39
1220	36
1221	34
1222	32
1223	46
1224	34
1225	38
1226	41
1227	27
1228	36
1229	37
1230	32
1231	42
1232	50
1233	37
1234	36
1235	40
1236	37
1237	45
1238	18
1239	34
1240	34
1241	42
1242	46
1243	33
1244	37
1245	33
1246	37
1247	48
1248	47
1249	39
1250	45
1251	45
1252	28
1253	36
1254	30
1255	43
1256	45
1257	46
1258	43
1259	48
1260	31
1261	35
1262	39
1263	43
1264	46
1265	45
1266	38
1267	43
1268	36
1269	42
1270	48
1271	37
1272	42
1273	50
1274	44
1275	46
1276	26
1277	25
1278	38
1279	33
1280	34
1281	48
1282	35
1283	27
1284	38
1285	34
1286	40
1287	42
1288	36
1289	26
1290	32
1291	45
1292	36
1293	39
1294	48
1295	48
1296	48
1297	42
1298	30
1299	46
1300	52
1301	38
1302	29
1303	40
1304	45
1305	49
1306	40
1307	32
1308	45
1309	37
1310	37
1311	46
1312	43
1313	39
1314	42
1315	38
1316	49
1317	35
1318	43
1319	39
1320	38
1321	42
1322	34
1323	38
1324	41
1325	50
1326	41
1327	54
1328	45
1329	35
1330	40
1331	53
1332	36
1333	48
1334	53
1335	46
1336	51
1337	48
1338	53
1339	46
1340	42
1341	37
1342	51
1343	40
1344	34
1345	40
1346	34
1347	41
1348	43
1349	41
1350	55
1351	44
1352	49
1353	38
1354	37
1355	39
1356	31
1357	44
1358	49
1359	47
1360	28
1361	44
1362	31
1363	41
1364	52
1365	42
1366	53
1367	49
1368	42
1369	41
1370	57
1371	47
1372	50
1373	47
1374	44
1375	61
1376	56
1377	43
1378	56
1379	43
1380	48
1381	39
1382	59
1383	48
1384	57
1385	53
1386	61
1387	46
1388	71
1389	43
1390	47
1391	46
1392	47
1393	51
1394	63
1395	40
1396	46
1397	45
1398	52
1399	52
1400	61
1401	65
1402	50
1403	33
1404	59
1405	74
1406	62
1407	45
1408	51
1409	36
1410	62
1411	54
1412	45
1413	47
1414	55
1415	53
1416	51
1417	51
1418	63
1419	50
1420	52
1421	54
1422	64
1423	49
1424	55
1425	64
1426	65
1427	60
1428	46
1429	40
1430	59
1431	56
1432	50
1433	54
1434	42
1435	45
1436	68
1437	55
1438	58
1439	59
1440	56
1441	70
1442	58
1443	66
1444	59
1445	54
1446	61
1447	53
1448	55
1449	43
1450	57
1451	47
1452	57
1453	67
1454	58
1455	57
1456	60
1457	59
1458	60
1459	50
1460	57
1461	51
1462	51
1463	61
1464	55
1465	52
1466	56
1467	49
1468	62
1469	53
1470	36
1471	51
1472	65
1473	46
1474	48
1475	35
1476	57
1477	53
1478	57
1479	49
1480	69
1481	46
1482	74
1483	62
1484	58
1485	52
1486	52
1487	59
1488	44
1489	39
1490	46
1491	42
1492	61
1493	45
1494	44
1495	46
1496	46
1497	55
1498	54
1499	51
1500	50
1501	60
1502	46
1503	55
1504	44
1505	47
1506	51
1507	50
1508	47
1509	59
1510	48
1511	69
1512	55
1513	47
1514	45
1515	50
1516	47
1517	36
1518	55
1519	46
1520	56
1521	53
1522	57
1523	52
1524	40
1525	55
1526	52
1527	41
1528	43
1529	43
1530	48
1531	43
1532	61
1533	50
1534	41
1535	48
1536	47
1537	43
1538	48
1539	42
1540	38
1541	46
1542	44
1543	34
1544	44
1545	39
1546	49
1547	38
1548	43
1549	36
1550	54
1551	47
1552	47
1553	38
1554	53
1555	55
1556	43
1557	43
1558	38
1559	40
1560	44
1561	38
1562	47
1563	42
1564	41
1565	40
1566	27
1567	43
1568	39
1569	40
1570	32
1571	34
1572	36
1573	41
1574	41
1575	42
1576	41
1577	38
1578	30
1579	45
1580	36
1581	32
1582	37
1583	35
1584	41
1585	30
1586	40
1587	34
1588	35
1589	34
1590	43
1591	31
1592	41
1593	29
1594	50
1595	28
1596	37
1597	35
1598	32
1599	45
1600	33
1601	20
1602	32
1603	27
1604	41
1605	25
1606	46
1607	34
1608	32
1609	37
1610	37
1611	35
1612	32
1613	33
1614	42
1615	32
1616	38
1617	34
1618	40
1619	32
1620	28
1621	35
1622	26
1623	36
1624	29
1625	29
1626	36
1627	32
1628	34
1629	30
1630	32
1631	22
1632	28
1633	42
1634	26
1635	36
1636	35
1637	30
1638	26
1639	27
1640	37
1641	33
1642	20
1643	29
1644	23
1645	35
1646	19
1647	31
1648	31
1649	35
1650	36
1651	35
1652	34
1653	33
1654	33
1655	34
1656	36
1657	28
1658	24
1659	22
1660	24
1661	24
1662	23
1663	35
1664	21
1665	37
1666	29
1667	26
1668	25
1669	31
1670	21
1671	32
1672	26
1673	27
1674	21
1675	28
1676	38
1677	25
1678	28
1679	31
1680	21
1681	24
1682	33
1683	34
1684	33
1685	25
1686	20
1687	25
1688	33
1689	30
1690	22
1691	22
1692	29
1693	25
1694	21
1695	25
1696	28
1697	30
1698	27
1699	23
1700	25
1701	33
1702	20
1703	23
1704	24
1705	25
1706	34
1707	26
1708	27
1709	31
1710	28
1711	22
1712	29
1713	26
1714	26
1715	26
1716	30
1717	25
1718	20
1719	18
1720	24
1721	17
1722	29
1723	22
1724	18
1725	20
1726	29
1727	23
1728	24
1729	26
1730	20
1731	35
1732	26
1733	21
1734	21
1735	32
1736	17
1737	23
1738	23
1739	20
1740	15
1741	22
1742	24
1743	17
1744	23
1745	19
1746	16
1747	34
1748	26
1749	21
1750	19
1751	27
1752	24
1753	22
1754	19
1755	25
1756	20
1757	28
1758	21
1759	38
1760	23
1761	32
1762	16
1763	21
1764	26
1765	24
1766	25
1767	23
1768	31
1769	21
1770	24
1771	30
1772	26
1773	22
1774	24
1775	27
1776	20
1777	20
1778	20
1779	32
1780	27
1781	21
1782	17
1783	25
1784	16
1785	20
1786	23
1787	18
1788	38
1789	21
1790	15
1791	13
1792	22
1793	19
1794	20
1795	20
1796	24
1797	22
1798	10
1799	17
1800	19
1801	27
1802	20
1803	19
1804	28
1805	29
1806	20
1807	20
1808	24
1809	18
1810	23
1811	18
1812	32
1813	19
1814	24
1815	18
1816	19
1817	26
1818	20
1819	21
1820	22
1821	15
1822	25
1823	20
1824	22
1825	22
1826	17
1827	22
1828	17
1829	23
1830	25
1831	26
1832	21
1833	32
1834	25
1835	20
1836	16
1837	24
1838	16
1839	25
1840	21
1841	22
1842	24
1843	9
1844	20
1845	15
1846	14
1847	19
1848	14
1849	17
1850	26
1851	23
1852	20
1853	29
1854	12
1855	13
1856	17
1857	11
1858	23
1859	17
1860	21
1861	16
1862	14
1863	21
1864	22
1865	17
1866	26
1867	17
1868	17
1869	18
1870	21
1871	23
1872	21
1873	18
1874	20
1875	22
1876	23
1877	23
1878	19
1879	22
1880	17
1881	16
1882	11
1883	15
1884	13
1885	10
1886	13
1887	15
1888	19
1889	21
1890	17
1891	16
1892	15
1893	9
1894	19
1895	26
1896	23
1897	23
1898	15
1899	20
1900	22
1901	15
1902	13
1903	17
1904	8
1905	17
1906	15
1907	15
1908	24
1909	17
1910	18
1911	19
1912	18
1913	14
1914	16
1915	14
1916	25
1917	21
1918	9
1919	26
1920	13
1921	22
1922	20
1923	18
1924	13
1925	15
1926	18
1927	22
1928	19
1929	14
1930	12
1931	26
1932	14
1933	13
1934	14
1935	15
1936	18
1937	15
1938	15
1939	22
1940	14
1941	22
1942	20
1943	22
1944	13
1945	22
1946	12
1947	20
1948	17
1949	16
1950	25
1951	19
1952	16
1953	20
1954	18
1955	15
1956	16
1957	12
1958	21
1959	20
1960	20
1961	21
1962	15
1963	21
1964	15
1965	8
1966	24
1967	12
1968	22
1969	19
1970	19
1971	18
1972	17
1973	13
1974	19
1975	15
1976	21
1977	26
1978	16
1979	19
1980	14
1981	13
1982	32
1983	19
1984	20
1985	16
1986	18
1987	12
1988	21
1989	12
1990	17
1991	17
1992	16
1993	14
1994	12
1995	20
1996	25
1997	4
1998	17
1999	12
2000	16
2001	18
2002	17
2003	12
2004	22
2005	14
2006	17
2007	23
2008	19
2009	27
2010	26
2011	21
2012	16
2013	14
2014	14
2015	15
2016	15
2017	8
2018	12
2019	16
2020	14
2021	18
2022	26
2023	16
2024	21
2025	15
2026	12
2027	13
2028	14
2029	26
2030	8
2031	19
2032	15
2033	10
2034	19
2035	14
2036	16
2037	16
2038	11
2039	17
2040	15
2041	18
2042	16
2043	15
2044	18
2045	21
2046	16
2047	21
2048	15
2049	18
2050	14
2051	16
2052	15
2053	13
2054	13
2055	21
2056	19
2057	11
2058	18
2059	15
2060	25
2061	12
2062	16
2063	17
2064	11
2065	18
2066	13
2067	15
2068	16
2069	5
2070	17
2071	23
2072	19
2073	8
2074	12
2075	21
2076	17
2077	19
2078	12
2079	19
2080	19
2081	17
2082	17
2083	24
2084	21
2085	13
2086	25
2087	14
2088	17
2089	13
2090	13
2091	13
2092	19
2093	14
2094	16
2095	23
2096	21
2097	22
2098	21
2099	11
2100	19
2101	20
2102	22
2103	16
2104	22
2105	23
2106	21
2107	18
2108	20
2109	15
2110	19
2111	21
2112	18
2113	17
2114	13
2115	11
2116	20
2117	18
2118	18
2119	20
2120	13
2121	18
2122	13
2123	13
2124	16
2125	10
2126	14
2127	15
2128	23
2129	18
2130	18
2131	21
2132	14
2133	14
2134	18
2135	21
2136	18
2137	15
2138	8
2139	20
2140	25
2141	19
2142	14
2143	16
2144	11
2145	22
2146	22
2147	17
2148	19
2149	17
2150	16
2151	19
2152	18
2153	19
2154	24
2155	11
2156	23
2157	13
2158	11
2159	22
2160	13
2161	20
2162	14
2163	15
2164	31
2165	19
2166	13
2167	15
2168	23
2169	16
2170	14
2171	25
2172	15
2173	15
2174	14
2175	19
2176	20
2177	18
2178	20
2179	21
2180	17
2181	17
2182	16
2183	19
2184	20
2185	20
2186	21
2187	17
2188	17
2189	15
2190	11
2191	22
2192	17
2193	16
2194	21
2195	12
2196	20
2197	12
2198	13
2199	15
2200	27
2201	16
2202	13
2203	17
2204	21
2205	20
2206	11
2207	25
2208	15
2209	17
2210	18
2211	25
2212	15
2213	17
2214	28
2215	31
2216	19
2217	18
2218	23
2219	27
2220	16
2221	15
2222	17
2223	28
2224	20
2225	21
2226	19
2227	16
2228	23
2229	19
2230	22
2231	24
2232	19
2233	19
2234	18
2235	22
2236	19
2237	25
2238	22
2239	30
2240	23
2241	19
2242	26
2243	24
2244	13
2245	14
2246	24
2247	13
2248	24
2249	32
2250	22
2251	22
2252	15
2253	14
2254	15
2255	26
2256	27
2257	23
2258	29
2259	24
2260	31
2261	26
2262	19
2263	12
2264	21
2265	17
2266	23
2267	15
2268	20
2269	20
2270	22
2271	22
2272	22
2273	24
2274	20
2275	29
2276	29
2277	31
2278	17
2279	17
2280	21
2281	20
2282	20
2283	22
2284	13
2285	23
2286	28
2287	18
2288	19
2289	20
2290	20
2291	29
2292	18
2293	22
2294	21
2295	29
2296	27
2297	21
2298	27
2299	27
2300	27
2301	24
2302	37
2303	20
2304	21
2305	24
2306	23
2307	22
2308	27
2309	21
2310	27
2311	38
2312	25
2313	24
2314	30
2315	28
2316	28
2317	19
2318	22
2319	26
2320	33
2321	22
2322	23
2323	26
2324	20
2325	32
2326	24
2327	27
2328	22
2329	30
2330	25
2331	24
2332	26
2333	28
2334	18
2335	27
2336	35
2337	23
2338	17
2339	27
2340	24
2341	25
2342	36
2343	20
2344	22
2345	21
2346	35
2347	25
2348	37
2349	32
2350	27
2351	26
2352	32
2353	24
2354	21
2355	28
2356	20
2357	41
2358	34
2359	30
2360	29
2361	26
2362	32
2363	33
2364	33
2365	25
2366	36
2367	29
2368	37
2369	38
2370	30
2371	31
2372	28
2373	26
2374	36
2375	27
2376	34
2377	25
2378	28
2379	25
2380	28
2381	33
2382	30
2383	36
2384	34
2385	31
2386	34
2387	34
2388	23
2389	42
2390	36
2391	29
2392	24
2393	24
2394	33
2395	32
2396	29
2397	26
2398	24
2399	32
2400	36
2401	25
2402	28
2403	34
2404	34
2405	30
2406	34
2407	28
2408	37
2409	23
2410	25
2411	35
2412	51
2413	27
2414	33
2415	39
2416	30
2417	30
2418	30
2419	24
2420	29
2421	24
2422	32
2423	22
2424	30
2425	39
2426	28
2427	41
2428	34
2429	36
2430	28
2431	28
2432	36
2433	32
2434	26
2435	44
2436	33
2437	38
2438	22
2439	31
2440	31
2441	26
2442	37
2443	35
2444	42
2445	31
2446	27
2447	37
2448	38
2449	39
2450	27
2451	30
2452	30
2453	26
2454	28
2455	32
2456	37
2457	32
2458	40
2459	24
2460	35
2461	31
2462	41
2463	38
2464	39
2465	35
2466	21
2467	22
2468	28
2469	37
2470	35
2471	46
2472	38
2473	34
2474	29
2475	30
2476	35
2477	37
2478	40
2479	38
2480	41
2481	34
2482	33
2483	38
2484	42
2485	40
2486	32
2487	40
2488	28
2489	31
2490	41
2491	25
2492	32
2493	34
2494	35
2495	44
2496	32
2497	32
2498	33
2499	28
2500	35
2501	37
2502	37
2503	34
2504	37
2505	34
2506	39
2507	32
2508	38
2509	32
2510	27
2511	46
2512	44
2513	40
2514	39
2515	27
2516	32
2517	34
2518	29
2519	26
2520	39
2521	33
2522	43
2523	30
2524	37
2525	47
2526	34
2527	33
2528	30
2529	31
2530	38
2531	31
2532	37
2533	26
2534	36
2535	44
2536	42
2537	32
2538	28
2539	32
2540	31
2541	33
2542	29
2543	31
2544	23
2545	27
2546	42
2547	33
2548	32
2549	38
2550	27
2551	42
2552	29
2553	34
2554	38
2555	40
2556	27
2557	31
2558	30
2559	25
2560	35
2561	27
2562	38
2563	30
2564	31
2565	37
2566	31
2567	28
2568	37
2569	35
2570	27
2571	28
2572	29
2573	43
2574	33
2575	25
2576	29
2577	36
2578	31
2579	27
2580	36
2581	18
2582	34
2583	28
2584	38
2585	48
2586	36
2587	37
2588	37
2589	33
2590	29
2591	20
2592	37
2593	44
2594	31
2595	30
2596	25
2597	29
2598	26
2599	32
2600	45
2601	37
2602	30
2603	28
2604	31
2605	32
2606	18
2607	45
2608	45
2609	29
2610	29
2611	37
2612	31
2613	42
2614	23
2615	28
2616	29
2617	25
2618	36
2619	31
2620	29
2621	31
2622	28
2623	24
2624	31
2625	33
2626	29
2627	28
2628	23
2629	30
2630	36
2631	32
2632	23
2633	26
2634	41
2635	40
2636	28
2637	26
2638	20
2639	37
2640	21
2641	31
2642	26
2643	29
2644	26
2645	26
2646	31
2647	31
2648	21
2649	24
2650	27
2651	25
2652	23
2653	28
2654	35
2655	20
2656	29
2657	24
2658	21
2659	39
2660	27
2661	28
2662	27
2663	32
2664	25
2665	34
2666	34
2667	22
2668	37
2669	23
2670	18
2671	26
2672	30
2673	30
2674	20
2675	26
2676	29
2677	22
2678	29
2679	18
2680	22
2681	26
2682	26
2683	35
2684	24
2685	22
2686	29
2687	23
2688	23
2689	29
2690	26
2691	20
2692	27
2693	29
2694	23
2695	23
2696	22
2697	30
2698	16
2699	23
2700	18
2701	28
2702	21
2703	28
2704	26
2705	22
2706	18
2707	24
2708	18
2709	18
2710	27
2711	18
2712	20
2713	19
2714	20
2715	20
2716	16
2717	17
2718	15
2719	22
2720	18
2721	18
2722	16
2723	25
2724	15
2725	17
2726	23
2727	24
2728	17
2729	13
2730	26
2731	26
2732	20
2733	13
2734	15
2735	17
2736	22
2737	10
2738	18
2739	19
2740	19
2741	26
2742	20
2743	14
2744	13
2745	31
2746	18
2747	24
2748	21
2749	15
2750	18
2751	20
2752	17
2753	24
2754	21
2755	17
2756	22
2757	20
2758	26
2759	9
2760	15
2761	17
2762	19
2763	22
2764	12
2765	17
2766	20
2767	24
2768	21
2769	9
2770	8
2771	14
2772	22
2773	14
2774	20
2775	14
2776	15
2777	14
2778	21
2779	18
2780	24
2781	16
2782	15
2783	21
2784	15
2785	14
2786	14
2787	16
2788	19
2789	21
2790	19
2791	16
2792	10
2793	13
2794	11
2795	11
2796	11
2797	15
2798	15
2799	19
2800	17
2801	9
2802	12
2803	12
2804	8
2805	17
2806	6
2807	25
2808	9
2809	13
2810	15
2811	14
2812	12
2813	14
2814	15
2815	10
2816	10
2817	12
2818	12
2819	15
2820	9
2821	10
2822	10
2823	13
2824	12
2825	12
2826	15
2827	16
2828	12
2829	8
2830	16
2831	12
2832	8
2833	14
2834	10
2835	15
2836	14
2837	15
2838	8
2839	12
2840	12
2841	11
2842	9
2843	14
2844	11
2845	11
2846	12
2847	12
2848	9
2849	12
2850	15
2851	13
2852	17
2853	5
2854	12
2855	6
2856	11
2857	11
2858	11
2859	11
2860	10
2861	6
2862	10
2863	12
2864	14
2865	12
2866	5
2867	16
2868	12
2869	12
2870	15
2871	7
2872	9
2873	8
2874	14
2875	16
2876	8
2877	8
2878	14
2879	12
2880	6
2881	9
2882	14
2883	9
2884	10
2885	10
2886	14
2887	9
2888	16
2889	6
2890	7
2891	12
2892	9
2893	13
2894	9
2895	9
2896	11
2897	9
2898	12
2899	4
2900	8
2901	12
2902	7
2903	12
2904	9
2905	8
2906	10
2907	5
2908	7
2909	10
2910	8
2911	10
2912	8
2913	10
2914	7
2915	17
2916	15
2917	7
2918	9
2919	9
2920	11
2921	11
2922	15
2923	8
2924	12
2925	12
2926	14
2927	12
2928	8
2929	5
2930	14
2931	3
2932	8
2933	10
2934	9
2935	11
2936	11
2937	8
2938	17
2939	10
2940	8
2941	12
2942	13
2943	13
2944	10
2945	11
2946	8
2947	8
2948	6
2949	14
2950	14
2951	7
2952	10
2953	10
2954	9
2955	12
2956	10
2957	6
2958	7
2959	10
2960	5
2961	10
2962	8
2963	9
2964	9
2965	12
2966	12
2967	4
2968	5
2969	6
2970	15
2971	8
2972	6
2973	6
2974	10
2975	8
2976	7
2977	8
2978	8
2979	8
2980	10
2981	15
2982	12
2983	8
2984	3
2985	12
2986	12
2987	10
2988	6
2989	11
2990	5
2991	7
2992	12
2993	3
2994	9
2995	11
2996	12
2997	9
2998	9
2999	7
3000	13
3001	11
3002	10
3003	5
3004	3
3005	8
3006	11
3007	8
3008	4
3009	7
3010	8
3011	8
3012	8
3013	5
3014	6
3015	11
3016	7
3017	13
3018	4
3019	6
3020	6
3021	13
3022	7
3023	7
3024	8
3025	9
3026	7
3027	2
3028	9
3029	7
3030	8
3031	6
3032	8
3033	12
3034	11
3035	10
3036	9
3037	8
3038	8
3039	10
3040	9
3041	8
3042	6
3043	7
3044	10
3045	10
3046	15
3047	9
3048	9
3049	10
3050	7
3051	6
3052	11
3053	5
3054	7
3055	12
3056	5
3057	10
3058	9
3059	4
3060	12
3061	11
3062	5
3063	12
3064	8
3065	8
3066	6
3067	8
3068	8
3069	1
3070	8
3071	12
3072	10
3073	3
3074	9
3075	6
3076	5
3077	7
3078	4
3079	9
3080	9
3081	8
3082	8
3083	9
3084	11
3085	7
3086	9
3087	8
3088	11
3089	8
3090	6
3091	7
3092	6
3093	13
3094	6
3095	5
3096	8
3097	12
3098	2
3099	8
3100	3
3101	5
3102	7
3103	13
3104	7
3105	3
3106	7
3107	10
3108	7
3109	8
3110	2
3111	6
3112	5
3113	9
3114	9
3115	6
3116	8
3117	10
3118	3
3119	12
3120	8
3121	11
3122	6
3123	3
3124	7
3125	7
3126	6
3127	6
3128	10
3129	9
3130	7
3131	10
3132	8
3133	8
3134	2
3135	8
3136	3
3137	9
3138	8
3139	11
3140	9
3141	3
3142	10
3143	6
3144	11
3145	8
3146	13
3147	15
3148	8
3149	8
3150	11
3151	8
3152	7
3153	7
3154	8
3155	9
3156	5
3157	10
3158	4
3159	3
3160	8
3161	9
3162	3
3163	5
3164	10
3165	10
3166	9
3167	10
3168	1
3169	6
3170	5
3171	13
3172	5
3173	8
3174	11
3175	11
3176	6
3177	5
3178	5
3179	5
3180	11
3181	8
3182	5
3183	10
3184	5
3185	6
3186	4
3187	7
3188	6
3189	6
3190	7
3191	5
3192	4
3193	8
3194	6
3195	11
3196	5
3197	10
3198	5
3199	3
3200	7
3201	9
3202	4
3203	6
3204	6
3205	5
3206	7
3207	7
3208	5
3209	7
3210	7
3211	7
3212	7
3213	5
3214	6
3215	7
3216	9
3217	7
3218	5
3219	6
3220	14
3221	2
3222	3
3223	7
3224	5
3225	9
3226	8
3227	10
3228	6
3229	5
3230	9
3231	9
3232	5
3233	11
3234	8
3235	8
3236	6
3237	4
3238	3
3239	7
3240	9
3241	5
3242	8
3243	8
3244	8
3245	8
3246	8
3247	6
3248	5
3249	5
3250	6
3251	7
3252	6
3253	2
3254	5
3255	4
3256	6
3257	8
3258	11
3259	9
3260	8
3261	5
3262	4
3263	15
3264	9
3265	10
3266	6
3267	10
3268	9
3269	9
3270	8
3271	5
3272	9
3273	11
3274	4
3275	6
3276	3
3277	7
3278	8
3279	6
3280	4
3281	9
3282	3
3283	5
3284	9
3285	5
3286	9
3287	3
3288	5
3289	8
3290	3
3291	9
3292	9
3293	7
3294	5
3295	6
3296	6
3297	9
3298	5
3299	7
3300	7
3301	6
3302	9
3303	4
3304	4
3305	1
3306	10
3307	7
3308	7
3309	7
3310	4
3311	10
3312	5
3313	12
3314	9
3315	6
3316	3
3317	3
3318	4
3319	9
3320	11
3321	5
3322	7
3323	4
3324	7
3325	6
3326	8
3327	9
3328	5
3329	8
3330	5
3331	5
3332	7
3333	7
3334	3
3335	5
3336	8
3337	10
3338	8
3339	2
3340	8
3341	8
3342	9
3343	7
3344	8
3345	3
3346	12
3347	5
3348	7
3349	14
3350	9
3351	7
3352	4
3353	5
3354	5
3355	10
3356	6
3357	8
3358	6
3359	6
3360	9
3361	6
3362	5
3363	6
3364	8
3365	7
3366	3
3367	2
3368	12
3369	7
3370	7
3371	8
3372	4
3373	7
3374	8
3375	12
3376	2
3377	7
3378	6
3379	11
3380	8
3381	5
3382	5
3383	2
3384	6
3385	16
3386	5
3387	7
3388	4
3389	6
3390	5
3391	12
3392	6
3393	7
3394	9
3395	13
3396	13
3397	6
3398	3
3399	5
3400	13
3401	3
3402	11
3403	3
3404	8
3405	7
3406	7
3407	7
3408	4
3409	6
3410	14
3411	4
3412	11
3413	6
3414	4
3415	11
3416	9
3417	5
3418	9
3419	5
3420	5
3421	5
3422	6
3423	5
3424	6
3425	2
3426	4
3427	5
3428	4
3429	7
3430	7
3431	9
3432	5
3433	2
3434	9
3435	5
3436	12
3437	8
3438	7
3439	7
3440	8
3441	6
3442	13
3443	7
3444	7
3445	11
3446	9
3447	3
3448	5
3449	4
3450	6
3451	4
3452	4
3453	6
3454	0
3455	9
3456	6
3457	2
3458	8
3459	9
3460	6
3461	8
3462	7
3463	8
3464	5
3465	8
3466	4
3467	15
3468	10
3469	5
3470	3
3471	5
3472	7
3473	6
3474	9
3475	5
3476	9
3477	1
3478	4
3479	3
3480	8
3481	5
3482	4
3483	7
3484	8
3485	3
3486	5
3487	4
3488	4
3489	12
3490	3
3491	5
3492	9
3493	6
3494	6
3495	7
3496	9
3497	2
3498	6
3499	8
3500	7
3501	11
3502	7
3503	4
3504	1
3505	7
3506	11
3507	8
3508	7
3509	3
3510	5
3511	8
3512	12
3513	8
3514	9
3515	9
3516	9
3517	4
3518	8
3519	6
3520	9
3521	6
3522	4
3523	3
3524	8
3525	6
3526	4
3527	11
3528	11
3529	6
3530	5
3531	6
3532	8
3533	7
3534	5
3535	4
3536	2
3537	6
3538	6
3539	3
3540	5
3541	7
3542	4
3543	5
3544	5
3545	12
3546	5
3547	5
3548	3
3549	6
3550	5
3551	5
3552	4
3553	5
3554	6
3555	8
3556	2
3557	13
3558	6
3559	4
3560	4
3561	7
3562	5
3563	2
3564	6
3565	6
3566	5
3567	5
3568	5
3569	4
3570	5
3571	6
3572	9
3573	8
3574	5
3575	6
3576	2
3577	7
3578	5
3579	5
3580	3
3581	8
3582	6
3583	13
3584	6
3585	3
3586	10
3587	2
3588	7
3589	8
3590	8
3591	6
3592	9
3593	8
3594	4
3595	4
3596	8
3597	8
3598	4
3599	6
3600	2
3601	5
3602	6
3603	5
3604	3
3605	7
3606	6
3607	7
3608	1
3609	8
3610	5
3611	4
3612	4
3613	6
3614	2
3615	7
3616	5
3617	13
3618	12
3619	9
3620	6
3621	5
3622	6
3623	9
3624	6
3625	9
3626	5
3627	10
3628	9
3629	7
3630	9
3631	6
3632	8
3633	5
3634	0
3635	8
3636	5
3637	9
3638	6
3639	8
3640	12
3641	5
3642	8
3643	5
3644	7
3645	11
3646	4
3647	6
3648	9
3649	5
3650	5
3651	5
3652	8
3653	5
3654	5
3655	5
3656	8
3657	4
3658	10
3659	10
3660	5
3661	6
3662	3
3663	3
3664	4
3665	9
3666	6
3667	6
3668	2
3669	4
3670	7
3671	6
3672	7
3673	8
3674	6
3675	5
3676	6
3677	7
3678	7
3679	7
3680	4
3681	12
3682	3
3683	3
3684	11
3685	5
3686	12
3687	6
3688	4
3689	6
3690	7
3691	3
3692	7
3693	5
3694	2
3695	8
3696	2
3697	7
3698	8
3699	4
3700	3
3701	2
3702	9
3703	9
3704	6
3705	5
3706	6
3707	3
3708	2
3709	3
3710	9
3711	5
3712	11
3713	6
3714	2
3715	5
3716	5
3717	6
3718	4
3719	8
3720	5
3721	9
3722	5
3723	7
3724	11
3725	6
3726	7
3727	7
3728	8
3729	4
3730	3
3731	7
3732	5
3733	6
3734	9
3735	6
3736	9
3737	3
3738	8
3739	8
3740	6
3741	5
3742	6
3743	9
3744	10
3745	6
3746	6
3747	9
3748	5
3749	5
3750	5
3751	4
3752	10
3753	3
3754	7
3755	7
3756	12
3757	5
3758	6
3759	3
3760	10
3761	5
3762	9
3763	6
3764	7
3765	3
3766	15
3767	11
3768	6
3769	5
3770	6
3771	3
3772	5
3773	6
3774	4
3775	5
3776	5
3777	5
3778	8
3779	4
3780	6
3781	2
3782	6
3783	9
3784	7
3785	3
3786	12
3787	8
3788	5
3789	4
3790	5
3791	6
3792	8
3793	8
3794	6
3795	4
3796	9
3797	5
3798	5
3799	9
3800	3
3801	7
3802	10
3803	8
3804	8
3805	4
3806	5
3807	5
3808	3
3809	11
3810	5
3811	8
3812	4
3813	6
3814	6
3815	3
3816	4
3817	5
3818	7
3819	3
3820	7
3821	10
3822	3
3823	6
3824	4
3825	1
3826	4
3827	9
3828	9
3829	11
3830	10
3831	5
3832	3
3833	6
3834	4
3835	6
3836	6
3837	7
3838	8
3839	5
3840	6
3841	3
3842	9
3843	6
3844	6
3845	5
3846	5
3847	4
3848	7
3849	7
3850	3
3851	5
3852	4
3853	6
3854	4
3855	5
3856	9
3857	6
3858	5
3859	9
3860	4
3861	5
3862	11
3863	5
3864	13
3865	3
3866	6
3867	6
3868	5
3869	7
3870	4
3871	13
3872	5
3873	10
3874	6
3875	5
3876	6
3877	7
3878	8
3879	5
3880	6
3881	6
3882	7
3883	14
3884	6
3885	4
3886	4
3887	6
3888	11
3889	5
3890	1
3891	5
3892	7
3893	4
3894	6
3895	11
3896	6
3897	7
3898	2
3899	5
3900	9
3901	9
3902	7
3903	3
3904	4
3905	5
3906	5
3907	9
3908	4
3909	4
3910	8
3911	5
3912	6
3913	5
3914	4
3915	3
3916	7
3917	4
3918	9
3919	7
3920	9
3921	8
3922	7
3923	2
3924	4
3925	9
3926	9
3927	4
3928	11
3929	5
3930	7
3931	9
3932	6
3933	5
3934	7
3935	3
3936	5
3937	4
3938	13
3939	7
3940	4
3941	4
3942	4
3943	3
3944	5
3945	3
3946	5
3947	6
3948	6
3949	3
3950	7
3951	9
3952	10
3953	10
3954	7
3955	8
3956	10
3957	5
3958	11
3959	6
3960	7
3961	3
3962	8
3963	9
3964	4
3965	6
3966	6
3967	4
3968	6
3969	2
3970	7
3971	6
3972	8
3973	10
3974	5
3975	7
3976	6
3977	7
3978	7
3979	7
3980	7
3981	9
3982	3
3983	11
3984	9
3985	10
3986	9
3987	10
3988	8
3989	6
3990	4
3991	3
3992	9
3993	7
3994	6
3995	8
3996	8
3997	9
3998	5
3999	4
4000	8
4001	5
4002	9
4003	7
4004	11
4005	6
4006	3
4007	10
4008	8
4009	14
4010	4
4011	9
4012	8
4013	9
4014	8
4015	4
4016	6
4017	6
4018	6
4019	2
4020	7
4021	8
4022	10
4023	12
4024	7
4025	5
4026	11
4027	5
4028	3
4029	9
4030	10
4031	10
4032	12
4033	5
4034	4
4035	9
4036	7
4037	14
4038	7
4039	8
4040	4
4041	10
4042	8
4043	8
4044	3
4045	9
4046	8
4047	9
4048	10
4049	7
4050	7
4051	8
4052	4
4053	9
4054	11
4055	11
4056	3
4057	8
4058	7
4059	7
4060	7
4061	6
4062	7
4063	11
4064	2
4065	4
4066	5
4067	5
4068	9
4069	12
4070	8
4071	6
4072	6
4073	9
4074	7
4075	8
4076	9
4077	5
4078	6
4079	8
4080	6
4081	6
4082	9
4083	5
4084	5
4085	13
4086	7
4087	7
4088	12
4089	7
4090	7
4091	7
4092	13
4093	9
4094	6
4095	5
4096	8
4097	11
4098	9
4099	6
4100	12
4101	7
4102	9
4103	5
4104	7
4105	10
4106	7
4107	10
4108	9
4109	9
4110	9
4111	6
4112	8
4113	6
4114	9
4115	17
4116	7
4117	3
4118	9
4119	11
4120	7
4121	7
4122	8
4123	7
4124	5
4125	6
4126	8
4127	4
4128	4
4129	12
4130	4
4131	7
4132	9
4133	7
4134	8
4135	3
4136	4
4137	8
4138	4
4139	4
4140	7
4141	5
4142	9
4143	7
4144	9
4145	7
4146	7
4147	6
4148	4
4149	9
4150	8
4151	7
4152	6
4153	2
4154	2
4155	6
4156	5
4157	10
4158	7
4159	9
4160	8
4161	8
4162	7
4163	3
4164	9
4165	7
4166	3
4167	7
4168	4
4169	5
4170	4
4171	4
4172	10
4173	3
4174	7
4175	2
4176	5
4177	8
4178	10
4179	5
4180	16
4181	5
4182	9
4183	11
4184	9
4185	3
4186	9
4187	4
4188	3
4189	5
4190	5
4191	7
4192	5
4193	6
4194	8
4195	8
4196	6
4197	7
4198	4
4199	6
4200	5
4201	5
4202	2
4203	1
4204	5
4205	6
4206	4
4207	3
4208	6
4209	13
4210	4
4211	3
4212	5
4213	5
4214	7
4215	5
4216	3
4217	8
4218	2
4219	5
4220	3
4221	4
4222	8
4223	4
4224	3
4225	4
4226	4
4227	5
4228	5
4229	3
4230	3
4231	4
4232	4
4233	3
4234	8
4235	2
4236	8
4237	2
4238	6
4239	3
4240	2
4241	4
4242	2
4243	9
4244	2
4245	4
4246	6
4247	4
4248	4
4249	6
4250	2
4251	4
4252	3
4253	4
4254	4
4255	4
4256	0
4257	2
4258	4
4259	2
4260	1
4261	1
4262	6
4263	3
4264	2
4265	3
4266	2
4267	6
4268	2
4269	0
4270	1
4271	2
4272	1
4273	3
4274	4
4275	3
4276	2
4277	4
4278	2
4279	4
4280	4
4281	2
4282	1
4283	3
4284	4
4285	2
4286	3
4287	3
4288	3
4289	4
4290	2
4291	1
4292	4
4293	3
4294	4
4295	0
4296	4
4297	4
4298	4
4299	0
4300	5
4301	1
4302	4
4303	2
4304	0
4305	0
4306	5
4307	1
4308	2
4309	3
4310	1
4311	4
4312	2
4313	2
4314	5
4315	2
4316	4
4317	3
4318	2
4319	5
4320	2
4321	1
4322	2
4323	0
4324	4
4325	3
4326	2
4327	3
4328	1
4329	1
4330	2
4331	1
4332	1
4333	2
4334	2
4335	1
4336	6
4337	2
4338	3
4339	1
4340	1
4341	0
4342	3
4343	1
4344	0
4345	1
4346	0
4347	0
4348	1
4349	4
4350	1
4351	3
4352	2
4353	1
4354	4
4355	0
4356	0
4357	3
4358	3
4359	1
4360	2
4361	0
4362	2
4363	1
4364	2
4365	0
4366	0
4367	2
4368	3
4369	0
4370	1
4371	3
4372	2
4373	2
4374	2
4375	1
4376	3
4377	0
4378	0
4379	1
4380	1
4381	3
4382	0
4383	0
4384	2
4385	2
4386	3
4387	0
4388	1
4389	1
4390	3
4391	0
4392	1
4393	0
4394	2
4395	0
4396	1
4397	1
4398	1
4399	4
4400	1
4401	0
4402	0
4403	1
4404	2
4405	1
4406	1
4407	0
4408	0
4409	0
4410	1
4411	0
4412	1
4413	0
4414	0
4415	1
4416	1
4417	0
4418	1
4419	1
4420	2
4421	1
4422	0
4423	0
4424	2
4425	0
4426	0
4427	0
4428	2
4429	0
4430	0
4431	0
4432	1
4433	0
4434	0
4435	0
4436	0
4437	0
4438	1
4439	1
4440	0
4441	0
4442	0
4443	1
4444	2
4445	0
4446	1
4447	0
4448	0
4449	2
4450	0
4451	0
4452	2
4453	1
4454	0
4455	0
4456	3
4457	1
4458	0
4459	1
4460	3
4461	1
4462	2
4463	1
4464	0
4465	0
4466	2
4467	1
4468	1
4469	0
4470	0
4471	2
4472	0
4473	2
4474	0
4475	0
4476	1
4477	1
4478	0
4479	1
4480	0
4481	1
4482	2
4483	0
4484	0
4485	2
4486	1
4487	0
4488	0
4489	0
4490	0
4491	0
4492	0
4493	0
4494	0
4495	2
4496	0
4497	0
4498	0
4499	1
4500	0
4501	1
4502	1
4503	0
4504	0
4505	1
4506	1
4507	2
4508	1
4509	0
4510	0
4511	1
4512	0
4513	0
4514	0
4515	1
4516	1
4517	0
4518	0
4519	1
4520	4
4521	1
4522	2
4523	2
4524	0
4525	2
4526	0
4527	0
4528	0
4529	0
4530	0
4531	0
4532	0
4533	1
4534	1
4535	0
4536	1
4537	0
4538	0
4539	1
4540	0
4541	3
4542	0
4543	1
4544	0
4545	0
4546	0
4547	1
4548	1
4549	1
4550	1
4551	1
4552	0
4553	0
4554	2
4555	2
4556	1
4557	2
4558	0
4559	0
4560	0
4561	1
4562	0
4563	0
4564	1
4565	0
4566	0
4567	0
4568	1
4569	1
4570	2
4571	0
4572	2
4573	0
4574	0
4575	0
4576	0
4577	1
4578	1
4579	0
4580	0
4581	3
4582	0
4583	1
4584	2
4585	1
4586	0
4587	0
4588	1
4589	0
4590	0
4591	1
4592	0
4593	2
4594	2
4595	1
4596	0
4597	2
4598	1
4599	0
4600	1
4601	0
4602	0
4603	0
4604	0
4605	0
4606	0
4607	0
4608	0
4609	0
4610	0
4611	1
4612	1
4613	3
4614	1
4615	0
4616	3
4617	0
4618	1
4619	2
4620	0
4621	0
4622	2
4623	1
4624	1
4625	1
4626	1
4627	1
4628	0
4629	0
4630	0
4631	0
4632	0
4633	0
4634	1
4635	0
4636	0
4637	0
4638	0
4639	1
4640	0
4641	0
4642	0
4643	0
4644	1
4645	0
4646	1
4647	0
4648	0
4649	1
4650	0
4651	1
4652	1
4653	0
4654	3
4655	1
4656	0
4657	1
4658	2
4659	2
4660	1
4661	0
4662	0
4663	0
4664	0
4665	1
4666	0
4667	0
4668	2
4669	3
4670	1
4671	1
4672	0
4673	0
4674	2
4675	0
4676	0
4677	1
4678	0
4679	1
4680	1
4681	2
4682	0
4683	0
4684	0
4685	0
4686	0
4687	0
4688	1
4689	0
4690	0
4691	1
4692	2
4693	1
4694	2
4695	1
4696	0
4697	1
4698	2
4699	2
4700	1
4701	1
4702	0
4703	1
4704	2
4705	1
4706	0
4707	2
4708	0
4709	0
4710	1
4711	2
4712	0
4713	0
4714	1
4715	0
4716	0
4717	0
4718	2
4719	0
4720	1
4721	1
4722	0
4723	0
4724	2
4725	2
4726	0
4727	0
4728	3
4729	1
4730	2
4731	0
4732	1
4733	0
4734	0
4735	0
4736	1
4737	1
4738	1
4739	0
4740	1
4741	0
4742	0
4743	1
4744	0
4745	0
4746	0
4747	0
4748	0
4749	1
4750	2
4751	1
4752	0
4753	1
4754	0
4755	1
4756	0
4757	1
4758	1
4759	0
4760	0
4761	1
4762	0
4763	1
4764	0
4765	0
4766	2
4767	0
4768	0
4769	1
4770	0
4771	1
4772	0
4773	0
4774	2
4775	0
4776	0
4777	1
4778	0
4779	0
4780	1
4781	1
4782	1
4783	4
4784	0
4785	1
4786	1
4787	0
4788	0
4789	1
4790	0
4791	0
4792	1
4793	0
4794	2
4795	0
4796	1
4797	0
4798	2
4799	0
4800	3
4801	0
4802	1
4803	3
4804	1
4805	0
4806	1
4807	3
4808	0
4809	1
4810	2
4811	1
4812	0
4813	1
4814	0
4815	0
4816	0
4817	1
4818	0
4819	0
4820	0
4821	0
4822	1
4823	0
4824	2
4825	1
4826	1
4827	0
4828	1
4829	0
4830	2
4831	0
4832	1
4833	0
4834	0
4835	0
4836	1
4837	1
4838	1
4839	0
4840	1
4841	3
4842	0
4843	0
4844	2
4845	0
4846	0
4847	0
4848	0
4849	1
4850	0
4851	0
4852	0
4853	0
4854	0
4855	0
4856	0
4857	0
4858	1
4859	1
4860	1
4861	0
4862	1
4863	0
4864	1
4865	2
4866	0
4867	0
4868	0
4869	1
4870	0
4871	1
4872	0
4873	1
4874	0
4875	1
4876	2
4877	2
4878	0
4879	2
4880	0
4881	1
4882	2
4883	0
4884	1
4885	2
4886	0
4887	0
4888	1
4889	0
4890	1
4891	0
4892	0
4893	0
4894	1
4895	0
4896	0
4897	0
4898	0
4899	0
4900	0
4901	0
4902	2
4903	1
4904	0
4905	0
4906	0
4907	0
4908	0
4909	0
4910	0
4911	2
4912	1
4913	0
4914	0
4915	0
4916	0
4917	0
4918	0
4919	0
4920	0
4921	0
4922	1
4923	0
4924	0
4925	0
4926	0
4927	0
4928	0
4929	1
4930	0
4931	3
4932	0
4933	1
4934	0
4935	0
4936	0
4937	0
4938	0
4939	0
4940	2
4941	0
4942	1
4943	0
4944	1
4945	0
4946	0
4947	1
4948	0
4949	0
4950	1
4951	1
4952	1
4953	1
4954	0
4955	0
4956	0
4957	0
4958	1
4959	2
4960	1
4961	2
4962	0
4963	0
4964	0
4965	2
4966	0
4967	1
4968	0
4969	0
4970	1
4971	0
4972	0
4973	0
4974	0
4975	0
4976	0
4977	0
4978	0
4979	1
4980	0
4981	1
4982	1
4983	2
4984	1
4985	0
4986	0
4987	0
4988	2
4989	0
4990	4
4991	1
4992	0
4993	0
4994	1
4995	0
4996	1
4997	1
4998	2
4999	0
5000	0
5001	1
5002	0
5003	0
5004	0
5005	0
5006	1
5007	0
5008	0
5009	1
5010	2
5011	0
5012	1
5013	1
5014	0
5015	1
5016	1
5017	1
5018	0
5019	0
5020	3
5021	0
5022	0
5023	1
5024	1
5025	0
5026	0
5027	0
5028	2
5029	1
5030	0
5031	0
5032	1
5033	0
5034	2
5035	1
5036	0
5037	0
5038	0
5039	2
5040	0
5041	0
5042	1
5043	0
5044	0
5045	1
5046	2
5047	1
5048	4
5049	0
5050	1
5051	1
5052	1
5053	0
5054	0
5055	0
5056	0
5057	0
5058	0
5059	0
5060	1
5061	1
5062	0
5063	1
5064	1
5065	0
5066	4
5067	0
5068	0
5069	1
5070	1
5071	0
5072	0
5073	0
5074	0
5075	0
5076	0
5077	2
5078	1
5079	0
5080	0
5081	1
5082	1
5083	1
5084	0
5085	1
5086	1
5087	2
5088	0
5089	1
5090	1
5091	0
5092	0
5093	1
5094	0
5095	0
5096	1
5097	1
5098	1
5099	0
5100	0
5101	0
5102	1
5103	2
5104	0
5105	1
5106	1
5107	1
5108	0
5109	0
5110	1
5111	0
5112	0
5113	0
5114	0
5115	0
5116	0
5117	2
5118	0
5119	0
5120	0
5121	0
5122	0
5123	1
5124	0
5125	2
5126	1
5127	1
5128	1
5129	1
5130	0
5131	0
5132	0
5133	0
5134	1
5135	1
5136	1
5137	0
5138	2
5139	1
5140	0
5141	2
5142	1
5143	2
5144	0
5145	0
5146	2
5147	0
5148	1
5149	0
5150	0
5151	0
5152	0
5153	0
5154	0
5155	1
5156	0
5157	1
5158	0
5159	0
5160	0
5161	0
5162	1
5163	0
5164	0
5165	0
5166	0
5167	2
5168	0
5169	0
5170	1
5171	0
5172	0
5173	0
5174	0
5175	1
5176	1
5177	0
5178	0
5179	0
5180	1
5181	0
5182	2
5183	0
5184	1
5185	0
5186	1
5187	1
5188	0
5189	1
5190	0
5191	1
5192	1
5193	0
5194	1
5195	0
5196	1
5197	0
5198	0
5199	0
5200	1
5201	0
5202	1
5203	1
5204	1
5205	0
5206	1
5207	0
5208	0
5209	2
5210	1
5211	2
5212	0
5213	0
5214	0
5215	0
5216	1
5217	0
5218	0
5219	2
5220	1
5221	0
5222	1
5223	0
5224	0
5225	1
5226	0
5227	1
5228	0
5229	1
5230	1
5231	0
5232	1
5233	0
5234	0
5235	0
5236	0
5237	0
5238	0
5239	0
5240	0
5241	1
5242	0
5243	0
5244	1
5245	0
5246	1
5247	0
5248	0
5249	2
5250	1
5251	0
5252	0
5253	0
5254	1
5255	0
5256	1
5257	0
5258	0
5259	1
5260	0
5261	1
5262	0
5263	0
5264	0
5265	1
5266	0
5267	1
5268	0
5269	0
5270	0
5271	0
5272	1
5273	0
5274	0
5275	0
5276	0
5277	1
5278	0
5279	1
5280	2
5281	0
5282	0
5283	0
5284	1
5285	0
5286	1
5287	0
5288	1
5289	0
5290	2
5291	0
5292	0
5293	0
5294	0
5295	1
5296	0
5297	3
5298	0
5299	1
5300	0
5301	1
5302	1
5303	0
5304	0
5305	0
5306	0
5307	0
5308	0
5309	1
5310	1
5311	0
5312	2
5313	0
5314	0
5315	0
5316	0
5317	0
5318	0
5319	0
5320	0
5321	0
5322	0
5323	1
5324	0
5325	0
5326	1
5327	0
5328	1
5329	0
5330	1
5331	2
5332	0
5333	0
5334	2
5335	2
5336	0
5337	1
5338	0
5339	0
5340	1
5341	0
5342	1
5343	0
5344	0
5345	0
5346	1
5347	2
5348	1
5349	1
5350	0
5351	1
5352	3
5353	0
5354	1
5355	1
5356	0
5357	0
5358	2
5359	0
5360	0
5361	0
5362	0
5363	1
5364	0
5365	1
5366	0
5367	0
5368	0
5369	0
5370	0
5371	1
5372	3
5373	0
5374	1
5375	1
5376	0
5377	0
5378	0
5379	0
5380	1
5381	0
5382	0
5383	1
5384	0
5385	0
5386	0
5387	0
5388	0
5389	0
5390	0
5391	1
5392	0
5393	0
5394	1
5395	1
5396	0
5397	1
5398	0
5399	1
5400	0
5401	0
5402	0
5403	1
5404	0
5405	5
5406	0
5407	0
5408	2
5409	3
5410	0
5411	0
5412	1
5413	0
5414	0
5415	1
5416	1
5417	0
5418	0
5419	0
5420	0
5421	0
5422	0
5423	1
5424	0
5425	1
5426	0
5427	0
5428	0
5429	2
5430	0
5431	0
5432	1
5433	0
5434	0
5435	1
5436	0
5437	0
5438	1
5439	0
5440	0
5441	0
5442	1
5443	1
5444	0
5445	0
5446	0
5447	1
5448	2
5449	1
5450	0
5451	0
5452	0
5453	0
5454	2
5455	0
5456	1
5457	0
5458	0
5459	0
5460	0
5461	0
5462	0
5463	0
5464	1
5465	0
5466	0
5467	0
5468	2
5469	0
5470	0
5471	1
5472	1
5473	2
5474	0
5475	0
5476	0
5477	0
5478	0
5479	0
5480	1
5481	0
5482	1
5483	1
5484	0
5485	1
5486	0
5487	2
5488	1
5489	0
5490	0
5491	1
5492	1
5493	2
5494	0
5495	2
5496	0
5497	0
5498	0
5499	0
5500	0
5501	2
5502	0
5503	0
5504	1
5505	0
5506	0
5507	0
5508	1
5509	0
5510	1
5511	1
5512	0
5513	0
5514	1
5515	3
5516	0
5517	3
5518	1
5519	0
5520	0
5521	0
5522	1
5523	2
5524	0
5525	0
5526	1
5527	1
5528	0
5529	0
5530	1
5531	1
5532	0
5533	0
5534	2
5535	0
5536	2
5537	1
5538	1
5539	0
5540	0
5541	1
5542	1
5543	0
5544	0
5545	0
5546	1
5547	2
5548	1
5549	0
5550	1
5551	0
5552	0
5553	0
5554	0
5555	1
5556	1
5557	0
5558	0
5559	0
5560	1
5561	0
5562	3
5563	0
5564	0
5565	0
5566	1
5567	1
5568	0
5569	0
5570	2
5571	0
5572	0
5573	1
5574	1
5575	0
5576	0
5577	0
5578	0
5579	1
5580	1
5581	0
5582	1
5583	0
5584	0
5585	1
5586	1
5587	0
5588	1
5589	1
5590	0
5591	0
5592	1
5593	0
5594	0
5595	0
5596	0
5597	0
5598	1
5599	0
5600	1
5601	1
5602	2
5603	0
5604	1
5605	2
5606	0
5607	0
5608	1
5609	0
5610	1
5611	0
5612	0
5613	1
5614	2
5615	3
5616	0
5617	0
5618	0
5619	2
5620	0
5621	2
5622	0
5623	1
5624	1
5625	1
5626	0
5627	0
5628	1
5629	2
5630	1
5631	0
5632	2
5633	0
5634	2
5635	1
5636	0
5637	0
5638	0
5639	1
5640	0
5641	1
5642	0
5643	0
5644	1
5645	0
5646	2
5647	1
5648	1
5649	3
5650	0
5651	0
5652	0
5653	0
5654	0
5655	1
5656	1
5657	0
5658	0
5659	0
5660	0
5661	1
5662	0
5663	0
5664	0
5665	0
5666	0
5667	0
5668	0
5669	0
5670	0
5671	1
5672	1
5673	0
5674	1
5675	1
5676	1
5677	0
5678	0
5679	1
5680	0
5681	0
5682	1
5683	0
5684	0
5685	0
5686	1
5687	2
5688	0
5689	2
5690	1
5691	1
5692	0
5693	1
5694	2
5695	1
5696	0
5697	0
5698	0
5699	0
5700	0
5701	0
5702	1
5703	0
5704	2
5705	0
5706	0
5707	0
5708	1
5709	1
5710	1
5711	0
5712	1
5713	0
5714	0
5715	1
5716	1
5717	1
5718	1
5719	1
5720	1
5721	0
5722	2
5723	0
5724	0
5725	1
5726	0
5727	1
5728	0
5729	1
5730	0
5731	0
5732	1
5733	1
5734	0
5735	0
5736	0
5737	1
5738	0
5739	1
5740	0
5741	1
5742	0
5743	1
5744	1
5745	0
5746	0
5747	0
5748	0
5749	1
5750	0
5751	2
5752	1
5753	0
5754	0
5755	2
5756	0
5757	0
5758	1
5759	0
5760	2
5761	0
5762	0
5763	1
5764	0
5765	0
5766	0
5767	0
5768	1
5769	0
5770	0
5771	2
5772	1
5773	2
5774	0
5775	1
5776	0
5777	1
5778	2
5779	1
5780	0
5781	1
5782	0
5783	0
5784	0
5785	0
5786	2
5787	0
5788	0
5789	0
5790	0
5791	1
5792	0
5793	0
5794	0
5795	1
5796	0
5797	0
5798	0
5799	1
5800	0
5801	0
5802	0
5803	0
5804	2
5805	0
5806	0
5807	0
5808	0
5809	0
5810	0
5811	0
5812	1
5813	0
5814	0
5815	2
5816	0
5817	0
5818	0
5819	1
5820	0
5821	0
5822	0
5823	0
5824	0
5825	0
5826	0
5827	0
5828	1
5829	1
5830	1
5831	0
5832	0
5833	1
5834	0
5835	1
5836	1
5837	1
5838	0
5839	0
5840	0
5841	0
5842	1
5843	0
5844	0
5845	0
5846	2
5847	0
5848	0
5849	0
5850	0
5851	1
5852	0
5853	1
5854	4
5855	0
5856	1
5857	0
5858	0
5859	1
5860	0
5861	0
5862	1
5863	1
5864	0
5865	1
5866	0
5867	1
5868	0
5869	1
5870	2
5871	0
5872	1
5873	0
5874	1
5875	1
5876	0
5877	0
5878	0
5879	1
5880	0
5881	0
5882	0
5883	0
5884	0
5885	1
5886	0
5887	1
5888	1
5889	0
5890	0
5891	0
5892	1
5893	1
5894	0
5895	1
5896	1
5897	0
5898	1
5899	0
5900	2
5901	0
5902	1
5903	1
5904	1
5905	0
5906	1
5907	0
5908	1
5909	1
5910	0
5911	1
5912	0
5913	1
5914	1
5915	1
5916	3
5917	0
5918	0
5919	0
5920	0
5921	0
5922	1
5923	0
5924	0
5925	0
5926	0
5927	0
5928	0
5929	0
5930	1
5931	1
5932	2
5933	0
5934	1
5935	0
5936	2
5937	0
5938	0
5939	0
5940	0
5941	1
5942	2
5943	0
5944	1
5945	2
5946	1
5947	1
5948	0
5949	0
5950	2
5951	1
5952	0
5953	0
5954	1
5955	2
5956	1
5957	0
5958	0
5959	0
5960	1
5961	0
5962	0
5963	1
5964	0
5965	0
5966	1
5967	1
5968	1
5969	0
5970	1
5971	2
5972	0
5973	1
5974	0
5975	0
5976	0
5977	2
5978	0
5979	0
5980	0
5981	0
5982	2
5983	1
5984	1
5985	0
5986	0
5987	1
5988	0
5989	1
5990	2
5991	2
5992	0
5993	0
5994	1
5995	3
5996	1
5997	0
5998	0
5999	0
6000	0
6001	0
6002	2
6003	0
6004	0
6005	1
6006	0
6007	0
6008	3
6009	0
6010	0
6011	1
6012	2
6013	0
6014	0
6015	2
6016	1
6017	0
6018	1
6019	0
6020	0
6021	0
6022	0
6023	0
6024	0
6025	0
6026	0
6027	0
6028	0
6029	0
6030	0
6031	0
6032	0
6033	2
6034	1
6035	3
6036	0
6037	0
6038	0
6039	0
6040	0
6041	1
6042	0
6043	0
6044	2
6045	0
6046	0
6047	0
6048	0
6049	1
6050	0
6051	0
6052	0
6053	1
6054	0
6055	1
6056	0
6057	0
6058	0
6059	0
6060	0
6061	0
6062	1
6063	0
6064	3
6065	1
6066	0
6067	0
6068	1
6069	0
6070	1
6071	2
6072	0
6073	2
6074	0
6075	0
6076	1
6077	0
6078	0
6079	0
6080	1
6081	0
6082	1
6083	0
6084	1
6085	0
6086	2
6087	0
6088	0
6089	2
6090	0
6091	0
6092	0
6093	0
6094	0
6095	0
6096	1
6097	1
6098	0
6099	1
6100	0
6101	0
6102	0
6103	0
6104	0
6105	1
6106	0
6107	0
6108	1
6109	1
6110	0
6111	1
6112	1
6113	0
6114	0
6115	0
6116	0
6117	2
6118	0
6119	1
6120	0
6121	2
6122	0
6123	1
6124	0
6125	0
6126	1
6127	0
6128	0
6129	1
6130	0
6131	2
6132	0
6133	0
6134	0
6135	0
6136	0
6137	1
6138	0
6139	1
6140	0
6141	0
6142	0
6143	1
6144	0
6145	0
6146	0
6147	2
6148	0
6149	1
6150	2
6151	0
6152	0
6153	0
6154	0
6155	1
6156	0
6157	0
6158	1
6159	0
6160	1
6161	0
6162	0
6163	0
6164	0
6165	0
6166	0
6167	1
6168	0
6169	0
6170	0
6171	0
6172	0
6173	0
6174	0
6175	0
6176	0
6177	0
6178	0
6179	0
6180	1
6181	0
6182	1
6183	1
6184	1
6185	0
6186	1
6187	0
6188	0
6189	1
6190	0
6191	0
6192	0
6193	0
6194	0
6195	0
6196	1
6197	0
6198	0
6199	0
6200	0
6201	0
6202	2
6203	1
6204	0
6205	0
6206	1
6207	1
6208	0
6209	1
6210	0
6211	1
6212	0
6213	1
6214	1
6215	0
6216	2
6217	1
6218	1
6219	1
6220	1
6221	0
6222	0
6223	0
6224	0
6225	0
6226	0
6227	0
6228	0
6229	0
6230	0
6231	0
6232	1
6233	1
6234	0
6235	0
6236	0
6237	1
6238	1
6239	0
6240	1
6241	1
6242	1
6243	1
6244	2
6245	0
6246	0
6247	1
6248	0
6249	0
6250	0
6251	1
6252	1
6253	0
6254	0
6255	0
6256	0
6257	1
6258	0
6259	0
6260	1
6261	2
6262	0
6263	1
6264	0
6265	0
6266	0
6267	1
6268	0
6269	1
6270	1
6271	1
6272	2
6273	0
6274	1
6275	0
6276	1
6277	1
6278	0
6279	0
6280	0
6281	0
6282	0
6283	0
6284	0
6285	0
6286	0
6287	0
6288	0
6289	1
6290	1
6291	0
6292	0
6293	0
6294	0
6295	1
6296	0
6297	1
6298	1
6299	0
6300	1
6301	1
6302	0
6303	0
6304	1
6305	0
6306	1
6307	1
6308	0
6309	0
6310	2
6311	0
6312	0
6313	0
6314	0
6315	0
6316	0
6317	0
6318	1
6319	0
6320	2
6321	0
6322	3
6323	0
6324	0
6325	0
6326	0
6327	1
6328	1
6329	0
6330	1
6331	0
6332	0
6333	2
6334	0
6335	0
6336	1
6337	0
6338	0
6339	0
6340	0
6341	0
6342	1
6343	0
6344	0
6345	0
6346	0
6347	0
6348	1
6349	0
6350	1
6351	1
6352	0
6353	1
6354	0
6355	1
6356	0
6357	0
6358	0
6359	0
6360	0
6361	0
6362	0
6363	0
6364	0
6365	1
6366	0
6367	0
6368	0
6369	0
6370	0
6371	0
6372	0
6373	1
6374	0
6375	0
6376	1
6377	0
6378	2
6379	0
6380	0
6381	1
6382	0
6383	0
6384	2
6385	1
6386	0
6387	0
6388	0
6389	0
6390	1
6391	1
6392	1
6393	0
6394	1
6395	1
6396	0
6397	0
6398	0
6399	0
6400	0
6401	0
6402	0
6403	1
6404	1
6405	1
6406	1
6407	0
6408	0
6409	0
6410	0
6411	0
6412	0
6413	0
6414	0
6415	0
6416	0
6417	0
6418	0
6419	0
6420	0
6421	0
6422	0
6423	2
6424	0
6425	1
6426	0
6427	0
6428	0
6429	0
6430	0
6431	2
6432	0
6433	0
6434	0
6435	0
6436	0
6437	0
6438	2
6439	0
6440	0
6441	1
6442	0
6443	0
6444	0
6445	0
6446	0
6447	0
6448	0
6449	0
6450	1
6451	0
6452	0
6453	0
6454	1
6455	0
6456	0
6457	0
6458	1
6459	1
6460	1
6461	2
6462	0
6463	0
6464	1
6465	2
6466	0
6467	0
6468	2
6469	0
6470	0
6471	1
6472	0
6473	1
6474	0
6475	0
6476	1
6477	1
6478	1
6479	0
6480	0
6481	0
6482	0
6483	0
6484	0
6485	0
6486	0
6487	0
6488	0
6489	0
6490	0
6491	0
6492	1
6493	0
6494	0
6495	0
6496	1
6497	0
6498	0
6499	1
6500	0
6501	0
6502	0
6503	0
6504	0
6505	0
6506	0
6507	0
6508	0
6509	1
6510	0
6511	1
6512	0
6513	0
6514	0
6515	0
6516	0
6517	0
6518	0
6519	0
6520	1
6521	1
6522	0
6523	1
6524	1
6525	0
6526	1
6527	0
6528	1
6529	0
6530	0
6531	1
6532	0
6533	0
6534	0
6535	2
6536	0
6537	2
6538	1
6539	0
6540	1
6541	0
6542	0
6543	0
6544	3
6545	0
6546	0
6547	0
6548	0
6549	0
6550	0
6551	0
6552	0
6553	0
6554	0
6555	0
6556	0
6557	0
6558	0
6559	0
6560	0
6561	0
6562	0
6563	0
6564	1
6565	0
6566	0
6567	0
6568	0
6569	1
6570	0
6571	0
6572	0
6573	0
6574	0
6575	0
6576	0
6577	0
6578	1
6579	1
6580	0
6581	1
6582	0
6583	0
6584	0
6585	0
6586	0
6587	1
6588	0
6589	0
6590	0
6591	2
6592	1
6593	0
6594	0
6595	0
6596	1
6597	2
6598	0
6599	1
6600	1
6601	0
6602	0
6603	0
6604	1
6605	0
6606	2
6607	1
6608	1
6609	1
6610	0
6611	1
6612	1
6613	0
6614	1
6615	0
6616	0
6617	0
6618	1
6619	0
6620	0
6621	0
6622	0
6623	0
6624	0
6625	0
6626	0
6627	0
6628	0
6629	0
6630	0
6631	0
6632	1
6633	0
6634	0
6635	0
6636	1
6637	0
6638	1
6639	0
6640	1
6641	0
6642	0
6643	0
6644	0
6645	0
6646	0
6647	0
6648	0
6649	0
6650	0
6651	0
6652	0
6653	0
6654	0
6655	0
6656	0
6657	0
6658	1
6659	1
6660	1
6661	0
6662	0
6663	0
6664	0
6665	1
6666	0
6667	0
6668	0
6669	2
6670	1
6671	2
6672	0
6673	2
6674	0
6675	0
6676	0
6677	0
6678	0
6679	1
6680	0
6681	2
6682	0
6683	0
6684	0
6685	0
6686	0
6687	0
6688	1
6689	1
6690	0
6691	0
6692	2
6693	0
6694	0
6695	0
6696	0
6697	0
6698	0
6699	0
6700	1
6701	1
6702	0
6703	0
6704	0
6705	1
6706	1
6707	1
6708	3
6709	0
6710	0
6711	0
6712	0
6713	1
6714	0
6715	0
6716	0
6717	0
6718	0
6719	1
6720	0
6721	1
6722	0
6723	0
6724	0
6725	0
6726	1
6727	0
6728	0
6729	0
6730	0
6731	3
6732	0
6733	0
6734	0
6735	1
6736	0
6737	0
6738	0
6739	2
6740	2
6741	0
6742	0
6743	0
6744	0
6745	1
6746	1
6747	0
6748	0
6749	1
6750	0
6751	0
6752	0
6753	1
6754	3
6755	0
6756	0
6757	1
6758	0
6759	1
6760	0
6761	2
6762	1
6763	0
6764	0
6765	0
6766	0
6767	0
6768	0
6769	0
6770	0
6771	2
6772	1
6773	0
6774	0
6775	2
6776	0
6777	1
6778	0
6779	1
6780	1
6781	0
6782	0
6783	0
6784	1
6785	0
6786	1
6787	1
6788	0
6789	0
6790	0
6791	1
6792	0
6793	0
6794	0
6795	0
6796	0
6797	1
6798	0
6799	0
6800	1
6801	0
6802	0
6803	0
6804	0
6805	0
6806	2
6807	0
6808	1
6809	0
6810	0
6811	0
6812	1
6813	1
6814	1
6815	0
6816	1
6817	0
6818	1
6819	0
6820	1
6821	1
6822	0
6823	0
6824	2
6825	0
6826	0
6827	0
6828	1
6829	0
6830	1
6831	1
6832	1
6833	0
6834	1
6835	0
6836	2
6837	0
6838	0
6839	0
6840	0
6841	0
6842	1
6843	0
6844	0
6845	0
6846	0
6847	0
6848	0
6849	0
6850	0
6851	0
6852	0
6853	0
6854	0
6855	1
6856	1
6857	1
6858	0
6859	1
6860	0
6861	0
6862	1
6863	0
6864	0
6865	0
6866	0
6867	0
6868	0
6869	1
6870	1
6871	1
6872	0
6873	1
6874	0
6875	0
6876	0
6877	0
6878	0
6879	0
6880	1
6881	1
6882	0
6883	0
6884	0
6885	0
6886	0
6887	0
6888	2
6889	0
6890	0
6891	1
6892	0
6893	0
6894	0
6895	1
6896	0
6897	0
6898	0
6899	0
6900	0
6901	0
6902	0
6903	1
6904	1
6905	1
6906	1
6907	1
6908	0
6909	0
6910	1
6911	0
6912	0
6913	0
6914	1
6915	0
6916	1
6917	0
6918	0
6919	0
6920	0
6921	0
6922	0
6923	0
6924	0
6925	0
6926	0
6927	1
6928	2
6929	1
6930	0
6931	1
6932	2
6933	0
6934	0
6935	1
6936	1
6937	1
6938	1
6939	0
6940	0
6941	0
6942	0
6943	1
6944	1
6945	0
6946	0
6947	0
6948	1
6949	0
6950	1
6951	0
6952	0
6953	0
6954	1
6955	1
6956	0
6957	1
6958	0
6959	0
6960	0
6961	0
6962	0
6963	1
6964	0
6965	0
6966	0
6967	0
6968	0
6969	0
6970	0
6971	0
6972	1
6973	0
6974	0
6975	0
6976	0
6977	0
6978	0
6979	2
6980	0
6981	0
6982	0
6983	0
6984	0
6985	0
6986	0
6987	0
6988	0
6989	0
6990	0
6991	0
6992	0
6993	0
6994	1
6995	2
6996	0
6997	0
6998	1
6999	0
7000	1
7001	0
7002	0
7003	1
7004	1
7005	0
7006	0
7007	0
7008	0
7009	0
7010	0
7011	0
7012	1
7013	0
7014	2
7015	0
7016	0
7017	0
7018	0
7019	0
7020	1
7021	0
7022	0
7023	1
7024	0
7025	0
7026	0
7027	0
7028	2
7029	0
7030	0
7031	1
7032	0
7033	0
7034	0
7035	0
7036	1
7037	0
7038	0
7039	0
7040	2
7041	0
7042	0
7043	0
7044	0
7045	0
7046	2
7047	1
7048	0
7049	0
7050	0
7051	0
7052	0
7053	1
7054	0
7055	0
7056	0
7057	0
7058	0
7059	1
7060	1
7061	0
7062	1
7063	0
7064	0
7065	0
7066	1
7067	1
7068	0
7069	1
7070	0
7071	0
7072	0
7073	1
7074	1
7075	0
7076	1
7077	0
7078	1
7079	1
7080	0
7081	0
7082	0
7083	0
7084	0
7085	0
7086	1
7087	0
7088	1
7089	1
7090	1
7091	0
7092	0
7093	0
7094	1
7095	1
7096	0
7097	0
7098	0
7099	0
7100	0
7101	2
7102	1
7103	0
7104	0
7105	0
7106	0
7107	0
7108	0
7109	0
7110	0
7111	0
7112	0
7113	0
7114	0
7115	0
7116	0
7117	1
7118	1
7119	1
7120	0
7121	0
7122	1
7123	0
7124	1
7125	0
7126	0
7127	1
7128	0
7129	0
7130	0
7131	1
7132	0
7133	0
7134	0
7135	1
7136	0
7137	0
7138	0
7139	0
7140	0
7141	0
7142	0
7143	3
7144	0
7145	0
7146	0
7147	0
7148	0
7149	0
7150	0
7151	1
7152	1
7153	0
7154	0
7155	0
7156	0
7157	1
7158	1
7159	0
7160	0
7161	0
7162	0
7163	0
7164	0
7165	1
7166	1
7167	0
7168	0
7169	0
7170	1
7171	0
7172	0
7173	0
7174	1
7175	0
7176	0
7177	0
7178	0
7179	0
7180	0
7181	2
7182	0
7183	0
7184	0
7185	0
7186	1
7187	0
7188	1
7189	0
7190	0
7191	0
7192	0
7193	0
7194	1
7195	0
7196	0
7197	0
7198	0
7199	1
7200	0
7201	0
7202	1
7203	1
7204	0
7205	0
7206	0
7207	0
7208	0
7209	0
7210	0
7211	0
7212	0
7213	0
7214	0
7215	1
7216	0
7217	2
7218	0
7219	0
7220	0
7221	0
7222	1
7223	0
7224	0
7225	0
7226	0
7227	1
7228	1
7229	0
7230	0
7231	0
7232	0
7233	0
7234	1
7235	0
7236	0
7237	1
7238	0
7239	0
7240	1
7241	1
7242	0
7243	0
7244	0
7245	1
7246	2
7247	0
7248	0
7249	0
7250	0
7251	1
7252	3
7253	0
7254	0
7255	0
7256	0
7257	0
7258	0
7259	0
7260	0
7261	1
7262	0
7263	0
7264	1
7265	1
7266	0
7267	0
7268	0
7269	0
7270	0
7271	1
7272	1
7273	0
7274	0
7275	2
7276	0
7277	1
7278	0
7279	0
7280	0
7281	0
7282	0
7283	0
7284	2
7285	1
7286	0
7287	0
7288	0
7289	0
7290	1
7291	0
7292	0
7293	0
7294	0
7295	0
7296	0
7297	0
7298	0
7299	0
7300	2
7301	0
7302	0
7303	0
7304	0
7305	1
7306	0
7307	1
7308	0
7309	0
7310	1
7311	0
7312	0
7313	0
7314	0
7315	0
7316	0
7317	2
7318	1
7319	0
7320	0
7321	0
7322	0
7323	1
7324	0
7325	0
7326	0
7327	0
7328	0
7329	1
7330	0
7331	0
7332	0
7333	0
7334	0
7335	0
7336	1
7337	0
7338	0
7339	0
7340	1
7341	0
7342	1
7343	0
7344	0
7345	1
7346	0
7347	0
7348	0
7349	0
7350	0
7351	0
7352	1
7353	0
7354	0
7355	0
7356	0
7357	0
7358	0
7359	1
7360	1
7361	0
7362	0
7363	0
7364	0
7365	0
7366	1
7367	0
7368	1
7369	1
7370	0
7371	0
7372	0
7373	0
7374	0
7375	0
7376	0
7377	1
7378	0
7379	1
7380	0
7381	0
7382	1
7383	0
7384	0
7385	0
7386	0
7387	0
7388	0
7389	0
7390	0
7391	0
7392	0
7393	0
7394	0
7395	0
7396	0
7397	0
7398	0
7399	1
7400	0
7401	1
7402	0
7403	0
7404	0
7405	1
7406	0
7407	1
7408	0
7409	0
7410	0
7411	0
7412	0
7413	0
7414	0
7415	0
7416	0
7417	1
7418	0
7419	0
7420	0
7421	0
7422	0
7423	1
7424	1
7425	2
7426	1
7427	0
7428	0
7429	0
7430	0
7431	0
7432	0
7433	0
7434	0
7435	0
7436	1
7437	1
7438	1
7439	1
7440	0
7441	0
7442	0
7443	0
7444	0
7445	0
7446	0
7447	0
7448	0
7449	0
7450	0
7451	0
7452	0
7453	0
7454	0
7455	0
7456	1
7457	0
7458	0
7459	0
7460	1
7461	0
7462	0
7463	0
7464	0
7465	1
7466	0
7467	0
7468	1
7469	0
7470	1
7471	0
7472	1
7473	0
7474	0
7475	0
7476	0
7477	0
7478	0
7479	0
7480	0
7481	0
7482	0
7483	1
7484	1
7485	0
7486	1
7487	0
7488	0
7489	0
7490	1
7491	0
7492	1
7493	0
7494	0
7495	0
7496	0
7497	0
7498	0
7499	1
7500	0
7501	0
7502	1
7503	0
7504	0
7505	1
7506	0
7507	0
7508	0
7509	0
7510	1
7511	0
7512	0
7513	0
7514	0
7515	1
7516	0
7517	0
7518	1
7519	0
7520	0
7521	0
7522	0
7523	0
7524	1
7525	1
7526	0
7527	0
7528	0
7529	0
7530	2
7531	0
7532	0
7533	0
7534	0
7535	0
7536	2
7537	0
7538	0
7539	0
7540	0
7541	1
7542	0
7543	0
7544	0
7545	0
7546	0
7547	0
7548	0
7549	0
7550	1
7551	1
7552	0
7553	0
7554	0
7555	0
7556	0
7557	0
7558	0
7559	0
7560	0
7561	0
7562	2
7563	0
7564	0
7565	1
7566	0
7567	0
7568	0
7569	0
7570	0
7571	0
7572	1
7573	0
7574	0
7575	0
7576	0
7577	0
7578	0
7579	1
7580	0
7581	0
7582	0
7583	0
7584	1
7585	0
7586	0
7587	0
7588	0
7589	0
7590	0
7591	1
7592	1
7593	1
7594	0
7595	0
7596	1
7597	0
7598	0
7599	1
7600	0
7601	0
7602	0
7603	0
7604	0
7605	1
7606	0
7607	0
7608	0
7609	0
7610	2
7611	0
7612	0
7613	0
7614	0
7615	0
7616	0
7617	0
7618	0
7619	0
7620	1
7621	0
7622	0
7623	0
7624	0
7625	0
7626	0
7627	0
7628	0
7629	1
7630	0
7631	0
7632	0
7633	0
7634	0
7635	1
7636	1
7637	0
7638	0
7639	0
7640	0
7641	0
7642	0
7643	0
7644	1
7645	0
7646	0
7647	0
7648	0
7649	0
7650	0
7651	1
7652	0
7653	1
7654	0
7655	0
7656	0
7657	0
7658	1
7659	0
7660	0
7661	1
7662	0
7663	0
7664	1
7665	0
7666	0
7667	0
7668	0
7669	0
7670	0
7671	1
7672	0
7673	0
7674	1
7675	0
7676	0
7677	1
7678	0
7679	0
7680	0
7681	1
7682	0
7683	0
7684	0
7685	0
7686	0
7687	1
7688	0
7689	0
7690	0
7691	0
7692	0
7693	0
7694	0
7695	0
7696	0
7697	0
7698	0
7699	0
7700	2
7701	0
7702	0
7703	0
7704	0
7705	0
7706	1
7707	1
7708	0
7709	0
7710	0
7711	1
7712	0
7713	0
7714	0
7715	1
7716	0
7717	0
7718	0
7719	0
7720	0
7721	1
7722	0
7723	0
7724	0
7725	1
7726	0
7727	0
7728	0
7729	0
7730	0
7731	0
7732	0
7733	0
7734	0
7735	0
7736	0
7737	0
7738	0
7739	0
7740	0
7741	0
7742	0
7743	0
7744	0
7745	1
7746	0
7747	0
7748	0
7749	1
7750	0
7751	0
7752	2
7753	0
7754	0
7755	0
7756	0
7757	0
7758	0
7759	1
7760	0
7761	1
7762	0
7763	0
7764	0
7765	0
7766	0
7767	1
7768	0
7769	1
7770	0
7771	0
7772	0
7773	0
7774	0
7775	1
7776	0
7777	0
7778	1
7779	1
7780	0
7781	0
7782	0
7783	0
7784	0
7785	0
7786	0
7787	0
7788	1
7789	0
7790	0
7791	1
7792	0
7793	0
7794	0
7795	0
7796	0
7797	1
7798	0
7799	0
7800	1
7801	0
7802	0
7803	0
7804	0
7805	0
7806	0
7807	0
7808	2
7809	0
7810	1
7811	1
7812	0
7813	1
7814	0
7815	0
7816	0
7817	0
7818	1
7819	0
7820	0
7821	0
7822	1
7823	0
7824	0
7825	0
7826	3
7827	0
7828	0
7829	1
7830	0
7831	0
7832	0
7833	0
7834	0
7835	0
7836	0
7837	0
7838	0
7839	0
7840	0
7841	1
7842	0
7843	1
7844	2
7845	0
7846	0
7847	1
7848	0
7849	1
7850	0
7851	1
7852	0
7853	0
7854	0
7855	0
7856	0
7857	0
7858	0
7859	0
7860	0
7861	0
7862	0
7863	0
7864	1
7865	0
7866	0
7867	0
7868	0
7869	0
7870	0
7871	0
7872	0
7873	1
7874	0
7875	0
7876	0
7877	0
7878	0
7879	0
7880	0
7881	0
7882	0
7883	0
7884	0
7885	0
7886	0
7887	0
7888	0
7889	0
7890	0
7891	1
7892	0
7893	0
7894	0
7895	0
7896	1
7897	0
7898	0
7899	1
7900	0
7901	0
7902	1
7903	0
7904	0
7905	0
7906	0
7907	0
7908	0
7909	0
7910	0
7911	0
7912	0
7913	0
7914	0
7915	0
7916	0
7917	0
7918	0
7919	0
7920	0
7921	0
7922	0
7923	0
7924	0
7925	0
7926	0
7927	0
7928	0
7929	0
7930	0
7931	0
7932	0
7933	0
7934	0
7935	0
7936	0
7937	0
7938	0
7939	0
7940	0
7941	0
7942	0
7943	0
7944	0
7945	0
7946	0
7947	0
7948	0
7949	0
7950	0
7951	0
7952	0
7953	0
7954	0
7955	0
7956	0
7957	0
7958	0
7959	0
7960	0
7961	0
7962	0
7963	0
7964	0
7965	0
7966	0
7967	0
7968	0
7969	0
7970	0
7971	0
7972	0
7973	0
7974	0
7975	0
7976	0
7977	0
7978	0
7979	0
7980	0
7981	0
7982	0
7983	0
7984	0
7985	0
7986	0
7987	0
7988	0
7989	0
7990	0
7991	0
7992	0
7993	0
7994	0
7995	0
7996	0
7997	0
7998	0
7999	0
8000	0
8001	0
8002	0
8003	0
8004	0
8005	0
8006	0
8007	0
8008	0
8009	0
8010	0
8011	0
8012	0
8013	0
8014	0
8015	0
8016	0
8017	0
8018	0
8019	0
8020	0
8021	0
8022	0
8023	0
8024	0
8025	0
8026	0
8027	0
8028	0
8029	0
8030	0
8031	0
8032	0
8033	0
8034	0
8035	0
8036	0
8037	0
8038	0
8039	0
8040	0
8041	0
8042	0
8043	0
8044	0
8045	0
8046	0
8047	0
8048	0
8049	0
8050	0
8051	0
8052	0
8053	0
8054	0
8055	0
8056	0
8057	0
8058	0
8059	0
8060	0
8061	0
8062	0
8063	0
8064	0
8065	0
8066	0
8067	0
8068	0
8069	0
8070	0
8071	0
8072	0
8073	0
8074	0
8075	0
8076	0
8077	0
8078	0
8079	0
8080	0
8081	0
8082	0
8083	0
8084	0
8085	0
8086	0
8087	0
8088	0
8089	0
8090	0
8091	0
8092	0
8093	0
8094	0
8095	0
8096	0
8097	0
8098	0
8099	0
8100	0
8101	0
8102	0
8103	0
8104	0
8105	0
8106	0
8107	0
8108	0
8109	0
8110	0
8111	0
8112	0
8113	0
8114	0
8115	0
8116	0
8117	0
8118	0
8119	0
8120	0
8121	0
8122	0
8123	0
8124	0
8125	0
8126	0
8127	0
8128	0
8129	0
8130	0
8131	0
8132	0
8133	0
8134	0
8135	0
8136	0
8137	0
8138	0
8139	0
8140	0
8141	0
8142	0
8143	0
8144	0
8145	0
8146	0
8147	0
8148	0
8149	0
8150	0
8151	0
8152	0
8153	0
8154	0
8155	0
8156	0
8157	0
8158	0
8159	0
8160	0
8161	0
8162	0
8163	0
8164	0
8165	0
8166	0
8167	0
8168	0
8169	0
8170	0
8171	0
8172	0
8173	0
8174	0
8175	0
8176	0
8177	0
8178	0
8179	0
8180	0
8181	0
8182	0
8183	0
8184	0
8185	0
8186	0
8187	0
8188	0
8189	0
8190	0
8191	0
