0	0
1	0
2	0
3	0
4	0
5	0
6	0
7	0
8	0
9	0
10	0
11	0
12	0
13	0
14	0
15	0
16	0
17	0
18	0
19	0
20	0
21	0
22	0
23	0
24	0
25	0
26	0
27	0
28	0
29	0
30	0
31	0
32	0
33	0
34	0
35	0
36	0
37	0
38	0
39	0
40	0
41	0
42	0
43	0
44	0
45	0
46	0
47	0
48	0
49	0
50	0
51	0
52	0
53	0
54	0
55	0
56	0
57	0
58	0
59	0
60	0
61	0
62	0
63	0
64	0
65	0
66	0
67	0
68	0
69	0
70	0
71	0
72	0
73	0
74	0
75	0
76	0
77	0
78	0
79	0
80	0
81	0
82	1
83	1
84	8
85	6
86	8
87	9
88	9
89	5
90	12
91	10
92	11
93	11
94	8
95	12
96	11
97	20
98	8
99	14
100	13
101	12
102	13
103	14
104	9
105	8
106	10
107	7
108	11
109	11
110	7
111	7
112	11
113	8
114	10
115	9
116	13
117	6
118	10
119	9
120	10
121	15
122	12
123	8
124	8
125	13
126	14
127	9
128	6
129	8
130	11
131	7
132	6
133	11
134	15
135	10
136	13
137	10
138	12
139	8
140	10
141	10
142	16
143	8
144	6
145	9
146	10
147	9
148	12
149	12
150	10
151	5
152	6
153	6
154	16
155	12
156	10
157	3
158	9
159	11
160	10
161	12
162	7
163	13
164	15
165	8
166	12
167	9
168	16
169	13
170	7
171	5
172	11
173	10
174	14
175	12
176	11
177	9
178	10
179	11
180	8
181	8
182	10
183	12
184	6
185	5
186	8
187	13
188	7
189	12
190	6
191	11
192	17
193	9
194	9
195	9
196	13
197	11
198	8
199	10
200	11
201	9
202	10
203	15
204	18
205	10
206	14
207	11
208	6
209	13
210	11
211	10
212	13
213	17
214	13
215	14
216	13
217	7
218	7
219	12
220	13
221	11
222	12
223	18
224	9
225	9
226	7
227	11
228	17
229	10
230	16
231	5
232	7
233	17
234	9
235	12
236	8
237	10
238	10
239	12
240	8
241	14
242	15
243	6
244	12
245	19
246	8
247	7
248	9
249	3
250	10
251	10
252	15
253	8
254	13
255	16
256	12
257	6
258	10
259	12
260	14
261	12
262	8
263	19
264	9
265	13
266	6
267	5
268	13
269	20
270	15
271	12
272	11
273	10
274	9
275	3
276	19
277	15
278	9
279	12
280	12
281	8
282	10
283	10
284	12
285	15
286	15
287	10
288	7
289	9
290	16
291	14
292	15
293	21
294	12
295	10
296	9
297	12
298	14
299	10
300	15
301	14
302	12
303	9
304	12
305	13
306	12
307	7
308	14
309	12
310	13
311	5
312	10
313	12
314	23
315	13
316	19
317	13
318	14
319	19
320	12
321	12
322	17
323	11
324	15
325	15
326	13
327	10
328	20
329	15
330	14
331	7
332	15
333	17
334	14
335	10
336	6
337	13
338	11
339	12
340	16
341	16
342	26
343	12
344	18
345	14
346	21
347	11
348	16
349	13
350	13
351	16
352	9
353	12
354	16
355	9
356	12
357	13
358	10
359	15
360	12
361	13
362	10
363	13
364	11
365	15
366	12
367	22
368	12
369	18
370	7
371	9
372	8
373	12
374	8
375	9
376	16
377	10
378	8
379	9
380	8
381	12
382	16
383	14
384	17
385	15
386	17
387	8
388	15
389	9
390	8
391	12
392	13
393	17
394	12
395	14
396	7
397	10
398	12
399	17
400	14
401	7
402	10
403	12
404	9
405	5
406	20
407	11
408	16
409	13
410	11
411	19
412	11
413	18
414	12
415	8
416	16
417	7
418	8
419	15
420	12
421	19
422	12
423	18
424	11
425	8
426	14
427	17
428	15
429	9
430	14
431	14
432	19
433	10
434	9
435	16
436	20
437	16
438	14
439	10
440	15
441	14
442	22
443	13
444	16
445	18
446	11
447	13
448	17
449	14
450	18
451	10
452	13
453	15
454	14
455	16
456	21
457	15
458	21
459	15
460	14
461	9
462	16
463	16
464	16
465	26
466	17
467	20
468	22
469	18
470	24
471	21
472	20
473	22
474	21
475	17
476	27
477	21
478	24
479	25
480	22
481	17
482	25
483	28
484	13
485	23
486	21
487	21
488	15
489	25
490	19
491	12
492	30
493	31
494	22
495	25
496	28
497	25
498	35
499	24
500	27
501	30
502	32
503	29
504	25
505	27
506	21
507	28
508	20
509	24
510	28
511	24
512	28
513	29
514	25
515	30
516	21
517	27
518	14
519	32
520	18
521	16
522	26
523	35
524	38
525	22
526	13
527	26
528	21
529	24
530	22
531	34
532	17
533	19
534	27
535	27
536	15
537	23
538	21
539	25
540	13
541	24
542	19
543	23
544	24
545	17
546	20
547	24
548	31
549	20
550	27
551	29
552	18
553	20
554	19
555	13
556	14
557	20
558	23
559	24
560	18
561	23
562	25
563	21
564	19
565	15
566	18
567	29
568	15
569	15
570	11
571	21
572	19
573	14
574	26
575	18
576	22
577	20
578	32
579	23
580	21
581	25
582	24
583	19
584	26
585	22
586	24
587	23
588	21
589	30
590	17
591	27
592	16
593	15
594	14
595	16
596	25
597	17
598	19
599	15
600	27
601	19
602	26
603	19
604	17
605	23
606	18
607	24
608	25
609	19
610	20
611	19
612	20
613	14
614	14
615	23
616	18
617	13
618	19
619	16
620	18
621	19
622	18
623	20
624	26
625	12
626	15
627	18
628	16
629	16
630	22
631	19
632	18
633	18
634	16
635	19
636	20
637	16
638	23
639	14
640	21
641	13
642	14
643	17
644	18
645	17
646	14
647	15
648	15
649	16
650	9
651	15
652	15
653	15
654	23
655	17
656	17
657	16
658	20
659	16
660	23
661	12
662	21
663	12
664	23
665	14
666	19
667	24
668	13
669	19
670	20
671	17
672	25
673	18
674	18
675	19
676	13
677	22
678	23
679	12
680	25
681	12
682	20
683	21
684	15
685	23
686	21
687	16
688	14
689	8
690	19
691	18
692	25
693	22
694	23
695	14
696	15
697	26
698	21
699	15
700	21
701	13
702	15
703	19
704	27
705	26
706	23
707	17
708	20
709	23
710	23
711	22
712	25
713	22
714	22
715	23
716	22
717	23
718	15
719	26
720	12
721	19
722	24
723	18
724	16
725	18
726	16
727	16
728	16
729	25
730	14
731	21
732	15
733	19
734	18
735	19
736	10
737	18
738	24
739	24
740	14
741	19
742	18
743	22
744	24
745	19
746	14
747	17
748	19
749	30
750	11
751	23
752	17
753	22
754	18
755	28
756	28
757	20
758	20
759	21
760	21
761	33
762	26
763	21
764	16
765	19
766	23
767	16
768	28
769	19
770	28
771	16
772	17
773	27
774	20
775	22
776	24
777	25
778	20
779	27
780	15
781	22
782	18
783	23
784	22
785	24
786	14
787	25
788	27
789	18
790	22
791	21
792	21
793	11
794	29
795	15
796	21
797	25
798	24
799	25
800	13
801	31
802	24
803	30
804	17
805	29
806	29
807	24
808	33
809	22
810	21
811	21
812	19
813	28
814	21
815	24
816	28
817	32
818	20
819	18
820	32
821	22
822	30
823	18
824	12
825	28
826	16
827	27
828	20
829	23
830	23
831	23
832	24
833	32
834	16
835	20
836	18
837	27
838	25
839	25
840	23
841	28
842	29
843	19
844	21
845	21
846	21
847	24
848	15
849	29
850	18
851	26
852	32
853	27
854	24
855	27
856	17
857	27
858	27
859	27
860	24
861	23
862	23
863	27
864	26
865	22
866	31
867	25
868	25
869	18
870	26
871	26
872	21
873	16
874	22
875	29
876	25
877	33
878	31
879	21
880	27
881	19
882	24
883	19
884	24
885	19
886	29
887	31
888	24
889	29
890	24
891	29
892	20
893	22
894	25
895	19
896	35
897	21
898	27
899	29
900	29
901	29
902	26
903	29
904	24
905	30
906	22
907	21
908	27
909	27
910	26
911	35
912	25
913	32
914	26
915	23
916	20
917	26
918	25
919	17
920	24
921	26
922	27
923	24
924	22
925	26
926	34
927	17
928	23
929	32
930	28
931	23
932	24
933	24
934	28
935	19
936	21
937	33
938	25
939	26
940	27
941	24
942	27
943	31
944	26
945	26
946	31
947	24
948	23
949	37
950	28
951	31
952	29
953	23
954	22
955	30
956	27
957	24
958	23
959	39
960	20
961	34
962	24
963	21
964	32
965	24
966	28
967	17
968	27
969	30
970	25
971	31
972	24
973	20
974	18
975	22
976	30
977	28
978	35
979	17
980	22
981	28
982	31
983	28
984	30
985	29
986	27
987	30
988	33
989	36
990	32
991	25
992	35
993	38
994	20
995	31
996	25
997	23
998	30
999	28
1000	36
1001	27
1002	36
1003	27
1004	29
1005	33
1006	26
1007	23
1008	28
1009	27
1010	31
1011	37
1012	20
1013	39
1014	25
1015	29
1016	35
1017	31
1018	31
1019	26
1020	30
1021	27
1022	24
1023	31
1024	33
1025	27
1026	27
1027	36
1028	36
1029	21
1030	24
1031	37
1032	29
1033	33
1034	25
1035	31
1036	30
1037	26
1038	26
1039	34
1040	26
1041	28
1042	20
1043	24
1044	38
1045	43
1046	30
1047	22
1048	31
1049	29
1050	34
1051	47
1052	32
1053	25
1054	34
1055	38
1056	30
1057	19
1058	24
1059	27
1060	30
1061	40
1062	26
1063	26
1064	27
1065	27
1066	30
1067	25
1068	33
1069	30
1070	28
1071	27
1072	29
1073	29
1074	27
1075	27
1076	45
1077	26
1078	37
1079	33
1080	31
1081	31
1082	35
1083	37
1084	32
1085	27
1086	24
1087	30
1088	22
1089	42
1090	27
1091	46
1092	31
1093	38
1094	24
1095	27
1096	25
1097	36
1098	42
1099	41
1100	34
1101	37
1102	30
1103	32
1104	37
1105	32
1106	37
1107	24
1108	32
1109	31
1110	26
1111	27
1112	38
1113	31
1114	37
1115	38
1116	43
1117	42
1118	34
1119	36
1120	31
1121	40
1122	31
1123	32
1124	31
1125	36
1126	22
1127	29
1128	26
1129	36
1130	29
1131	39
1132	35
1133	30
1134	35
1135	37
1136	31
1137	36
1138	28
1139	40
1140	27
1141	33
1142	45
1143	34
1144	37
1145	45
1146	37
1147	29
1148	34
1149	42
1150	38
1151	23
1152	29
1153	40
1154	31
1155	43
1156	30
1157	23
1158	29
1159	31
1160	41
1161	46
1162	36
1163	32
1164	26
1165	36
1166	35
1167	34
1168	45
1169	32
1170	28
1171	28
1172	38
1173	36
1174	31
1175	27
1176	56
1177	37
1178	29
1179	25
1180	27
1181	36
1182	44
1183	34
1184	44
1185	41
1186	29
1187	24
1188	24
1189	30
1190	30
1191	49
1192	25
1193	44
1194	43
1195	52
1196	24
1197	49
1198	33
1199	38
1200	34
1201	39
1202	26
1203	36
1204	39
1205	41
1206	27
1207	28
1208	34
1209	41
1210	38
1211	30
1212	34
1213	45
1214	39
1215	28
1216	22
1217	41
1218	33
1219	32
1220	27
1221	37
1222	36
1223	20
1224	46
1225	35
1226	30
1227	42
1228	46
1229	39
1230	37
1231	36
1232	37
1233	47
1234	32
1235	44
1236	37
1237	45
1238	28
1239	38
1240	37
1241	21
1242	35
1243	32
1244	35
1245	27
1246	36
1247	37
1248	33
1249	34
1250	31
1251	37
1252	45
1253	37
1254	33
1255	39
1256	43
1257	35
1258	48
1259	35
1260	47
1261	45
1262	41
1263	30
1264	43
1265	43
1266	40
1267	46
1268	33
1269	28
1270	33
1271	43
1272	34
1273	45
1274	22
1275	48
1276	42
1277	34
1278	49
1279	33
1280	30
1281	33
1282	46
1283	38
1284	38
1285	30
1286	36
1287	41
1288	30
1289	40
1290	30
1291	32
1292	24
1293	37
1294	57
1295	51
1296	31
1297	33
1298	36
1299	49
1300	30
1301	44
1302	39
1303	40
1304	43
1305	42
1306	47
1307	55
1308	29
1309	36
1310	36
1311	22
1312	35
1313	41
1314	44
1315	34
1316	35
1317	28
1318	42
1319	37
1320	41
1321	44
1322	34
1323	48
1324	41
1325	46
1326	30
1327	50
1328	40
1329	33
1330	37
1331	37
1332	39
1333	29
1334	46
1335	52
1336	46
1337	48
1338	36
1339	32
1340	46
1341	38
1342	39
1343	41
1344	38
1345	45
1346	23
1347	37
1348	40
1349	41
1350	37
1351	45
1352	49
1353	46
1354	42
1355	41
1356	39
1357	40
1358	47
1359	34
1360	43
1361	40
1362	36
1363	43
1364	36
1365	62
1366	34
1367	47
1368	42
1369	36
1370	43
1371	48
1372	55
1373	44
1374	50
1375	58
1376	50
1377	39
1378	48
1379	44
1380	38
1381	40
1382	58
1383	41
1384	55
1385	51
1386	66
1387	49
1388	44
1389	46
1390	35
1391	37
1392	44
1393	61
1394	45
1395	51
1396	50
1397	49
1398	58
1399	53
1400	34
1401	44
1402	48
1403	41
1404	57
1405	58
1406	51
1407	53
1408	50
1409	41
1410	39
1411	64
1412	50
1413	38
1414	52
1415	47
1416	50
1417	53
1418	55
1419	60
1420	51
1421	56
1422	46
1423	43
1424	56
1425	65
1426	60
1427	61
1428	53
1429	71
1430	49
1431	46
1432	57
1433	58
1434	55
1435	45
1436	44
1437	55
1438	48
1439	55
1440	56
1441	53
1442	57
1443	56
1444	61
1445	66
1446	48
1447	50
1448	57
1449	56
1450	49
1451	49
1452	38
1453	58
1454	51
1455	45
1456	60
1457	51
1458	42
1459	46
1460	53
1461	56
1462	59
1463	59
1464	55
1465	59
1466	54
1467	46
1468	61
1469	56
1470	61
1471	55
1472	57
1473	61
1474	60
1475	54
1476	49
1477	52
1478	47
1479	57
1480	46
1481	48
1482	46
1483	52
1484	54
1485	56
1486	58
1487	42
1488	60
1489	53
1490	55
1491	55
1492	52
1493	64
1494	49
1495	42
1496	50
1497	39
1498	35
1499	50
1500	49
1501	44
1502	61
1503	56
1504	56
1505	56
1506	50
1507	35
1508	64
1509	55
1510	51
1511	44
1512	47
1513	47
1514	52
1515	57
1516	43
1517	50
1518	38
1519	36
1520	54
1521	52
1522	61
1523	53
1524	50
1525	51
1526	46
1527	40
1528	43
1529	63
1530	48
1531	42
1532	46
1533	39
1534	48
1535	48
1536	44
1537	37
1538	46
1539	56
1540	41
1541	48
1542	31
1543	44
1544	31
1545	38
1546	43
1547	47
1548	47
1549	47
1550	38
1551	40
1552	41
1553	36
1554	42
1555	43
1556	38
1557	37
1558	36
1559	39
1560	43
1561	42
1562	28
1563	45
1564	44
1565	38
1566	32
1567	50
1568	34
1569	29
1570	39
1571	41
1572	33
1573	35
1574	29
1575	33
1576	31
1577	32
1578	31
1579	42
1580	33
1581	48
1582	32
1583	38
1584	36
1585	47
1586	22
1587	35
1588	39
1589	37
1590	28
1591	41
1592	33
1593	33
1594	42
1595	25
1596	35
1597	39
1598	52
1599	42
1600	29
1601	34
1602	35
1603	32
1604	30
1605	29
1606	41
1607	31
1608	34
1609	40
1610	42
1611	28
1612	26
1613	33
1614	36
1615	35
1616	20
1617	34
1618	28
1619	29
1620	26
1621	31
1622	22
1623	29
1624	37
1625	31
1626	35
1627	17
1628	31
1629	30
1630	43
1631	22
1632	28
1633	38
1634	29
1635	25
1636	38
1637	27
1638	30
1639	29
1640	30
1641	29
1642	25
1643	26
1644	22
1645	36
1646	33
1647	27
1648	31
1649	26
1650	25
1651	25
1652	24
1653	35
1654	28
1655	26
1656	26
1657	18
1658	21
1659	20
1660	31
1661	24
1662	23
1663	18
1664	26
1665	30
1666	20
1667	24
1668	25
1669	26
1670	21
1671	21
1672	37
1673	21
1674	28
1675	31
1676	12
1677	20
1678	28
1679	32
1680	19
1681	15
1682	25
1683	27
1684	30
1685	20
1686	21
1687	23
1688	16
1689	25
1690	29
1691	21
1692	26
1693	29
1694	21
1695	18
1696	19
1697	33
1698	23
1699	23
1700	28
1701	27
1702	16
1703	29
1704	26
1705	20
1706	28
1707	27
1708	29
1709	13
1710	20
1711	20
1712	25
1713	22
1714	25
1715	22
1716	23
1717	16
1718	16
1719	19
1720	22
1721	13
1722	21
1723	23
1724	20
1725	29
1726	17
1727	15
1728	22
1729	28
1730	25
1731	23
1732	15
1733	18
1734	24
1735	18
1736	16
1737	18
1738	34
1739	28
1740	16
1741	21
1742	22
1743	27
1744	14
1745	23
1746	23
1747	17
1748	22
1749	22
1750	25
1751	27
1752	15
1753	20
1754	14
1755	16
1756	28
1757	12
1758	16
1759	21
1760	18
1761	20
1762	18
1763	16
1764	16
1765	12
1766	19
1767	17
1768	26
1769	20
1770	12
1771	28
1772	23
1773	18
1774	22
1775	16
1776	30
1777	19
1778	16
1779	21
1780	15
1781	18
1782	18
1783	17
1784	20
1785	16
1786	18
1787	25
1788	14
1789	14
1790	18
1791	11
1792	24
1793	18
1794	17
1795	14
1796	10
1797	24
1798	13
1799	22
1800	15
1801	18
1802	21
1803	15
1804	21
1805	19
1806	18
1807	12
1808	13
1809	14
1810	19
1811	19
1812	16
1813	21
1814	17
1815	17
1816	14
1817	20
1818	16
1819	17
1820	17
1821	19
1822	17
1823	19
1824	17
1825	11
1826	18
1827	27
1828	20
1829	22
1830	20
1831	15
1832	16
1833	28
1834	21
1835	25
1836	24
1837	26
1838	14
1839	14
1840	20
1841	21
1842	18
1843	14
1844	25
1845	25
1846	22
1847	18
1848	18
1849	15
1850	15
1851	14
1852	13
1853	20
1854	26
1855	17
1856	19
1857	20
1858	21
1859	19
1860	18
1861	22
1862	15
1863	13
1864	18
1865	22
1866	20
1867	15
1868	21
1869	13
1870	22
1871	19
1872	16
1873	17
1874	14
1875	28
1876	18
1877	15
1878	16
1879	19
1880	19
1881	20
1882	21
1883	18
1884	15
1885	12
1886	27
1887	23
1888	9
1889	14
1890	19
1891	20
1892	17
1893	11
1894	18
1895	23
1896	19
1897	15
1898	12
1899	12
1900	16
1901	13
1902	17
1903	23
1904	13
1905	15
1906	22
1907	15
1908	18
1909	14
1910	13
1911	25
1912	9
1913	24
1914	12
1915	18
1916	17
1917	14
1918	18
1919	11
1920	14
1921	21
1922	16
1923	12
1924	15
1925	12
1926	15
1927	22
1928	15
1929	20
1930	21
1931	18
1932	18
1933	16
1934	21
1935	14
1936	14
1937	15
1938	12
1939	20
1940	17
1941	12
1942	17
1943	13
1944	15
1945	17
1946	21
1947	18
1948	8
1949	12
1950	22
1951	14
1952	12
1953	20
1954	16
1955	13
1956	17
1957	15
1958	18
1959	21
1960	13
1961	20
1962	10
1963	22
1964	8
1965	16
1966	10
1967	17
1968	15
1969	18
1970	13
1971	16
1972	16
1973	21
1974	18
1975	12
1976	13
1977	11
1978	15
1979	15
1980	10
1981	21
1982	15
1983	14
1984	14
1985	19
1986	10
1987	11
1988	15
1989	15
1990	12
1991	11
1992	18
1993	11
1994	22
1995	16
1996	14
1997	13
1998	13
1999	18
2000	16
2001	21
2002	17
2003	12
2004	9
2005	15
2006	19
2007	16
2008	8
2009	10
2010	10
2011	16
2012	17
2013	15
2014	15
2015	17
2016	11
2017	13
2018	17
2019	22
2020	11
2021	15
2022	20
2023	11
2024	22
2025	21
2026	12
2027	17
2028	12
2029	14
2030	25
2031	13
2032	17
2033	15
2034	12
2035	15
2036	12
2037	13
2038	13
2039	18
2040	14
2041	17
2042	15
2043	11
2044	18
2045	17
2046	15
2047	5
2048	14
2049	15
2050	15
2051	12
2052	11
2053	9
2054	10
2055	12
2056	9
2057	17
2058	15
2059	14
2060	12
2061	17
2062	17
2063	13
2064	13
2065	15
2066	12
2067	8
2068	15
2069	15
2070	20
2071	16
2072	17
2073	13
2074	18
2075	18
2076	12
2077	12
2078	14
2079	13
2080	18
2081	18
2082	9
2083	22
2084	12
2085	15
2086	7
2087	18
2088	17
2089	20
2090	16
2091	14
2092	12
2093	17
2094	3
2095	19
2096	14
2097	14
2098	17
2099	11
2100	7
2101	16
2102	15
2103	20
2104	11
2105	10
2106	15
2107	9
2108	10
2109	16
2110	18
2111	12
2112	17
2113	12
2114	12
2115	11
2116	15
2117	6
2118	20
2119	16
2120	15
2121	13
2122	19
2123	22
2124	14
2125	6
2126	14
2127	12
2128	14
2129	18
2130	13
2131	13
2132	9
2133	9
2134	8
2135	8
2136	14
2137	20
2138	11
2139	9
2140	14
2141	10
2142	17
2143	15
2144	13
2145	18
2146	7
2147	13
2148	12
2149	11
2150	10
2151	10
2152	16
2153	10
2154	12
2155	15
2156	16
2157	11
2158	14
2159	15
2160	13
2161	15
2162	5
2163	12
2164	17
2165	12
2166	11
2167	11
2168	11
2169	14
2170	20
2171	14
2172	18
2173	11
2174	14
2175	11
2176	14
2177	14
2178	10
2179	11
2180	11
2181	8
2182	11
2183	23
2184	7
2185	22
2186	13
2187	13
2188	16
2189	10
2190	20
2191	14
2192	15
2193	13
2194	12
2195	13
2196	17
2197	20
2198	14
2199	11
2200	12
2201	12
2202	11
2203	17
2204	17
2205	11
2206	14
2207	11
2208	14
2209	13
2210	13
2211	9
2212	16
2213	13
2214	13
2215	9
2216	14
2217	15
2218	10
2219	15
2220	8
2221	18
2222	8
2223	11
2224	13
2225	14
2226	12
2227	12
2228	18
2229	12
2230	11
2231	11
2232	13
2233	13
2234	11
2235	16
2236	5
2237	13
2238	13
2239	13
2240	10
2241	9
2242	11
2243	13
2244	14
2245	14
2246	12
2247	10
2248	10
2249	11
2250	13
2251	13
2252	9
2253	10
2254	12
2255	13
2256	13
2257	17
2258	8
2259	11
2260	13
2261	9
2262	12
2263	12
2264	11
2265	16
2266	15
2267	7
2268	10
2269	16
2270	15
2271	12
2272	12
2273	13
2274	10
2275	11
2276	9
2277	16
2278	12
2279	20
2280	10
2281	15
2282	15
2283	17
2284	12
2285	16
2286	11
2287	7
2288	17
2289	12
2290	13
2291	3
2292	14
2293	9
2294	8
2295	14
2296	8
2297	4
2298	20
2299	8
2300	19
2301	13
2302	14
2303	14
2304	9
2305	13
2306	14
2307	12
2308	15
2309	15
2310	16
2311	18
2312	12
2313	15
2314	16
2315	18
2316	9
2317	13
2318	14
2319	9
2320	9
2321	7
2322	10
2323	16
2324	22
2325	10
2326	15
2327	13
2328	17
2329	10
2330	10
2331	14
2332	14
2333	8
2334	10
2335	17
2336	14
2337	13
2338	12
2339	9
2340	10
2341	14
2342	19
2343	12
2344	17
2345	10
2346	14
2347	12
2348	15
2349	12
2350	8
2351	11
2352	13
2353	15
2354	9
2355	10
2356	11
2357	4
2358	15
2359	13
2360	10
2361	12
2362	9
2363	8
2364	12
2365	15
2366	7
2367	15
2368	13
2369	16
2370	8
2371	13
2372	8
2373	6
2374	8
2375	16
2376	15
2377	9
2378	16
2379	10
2380	15
2381	16
2382	14
2383	13
2384	9
2385	11
2386	8
2387	8
2388	13
2389	5
2390	18
2391	7
2392	13
2393	6
2394	13
2395	13
2396	4
2397	11
2398	13
2399	12
2400	13
2401	13
2402	16
2403	17
2404	11
2405	15
2406	11
2407	9
2408	15
2409	13
2410	11
2411	17
2412	14
2413	10
2414	24
2415	7
2416	9
2417	7
2418	15
2419	10
2420	12
2421	7
2422	8
2423	15
2424	14
2425	13
2426	10
2427	4
2428	13
2429	7
2430	12
2431	16
2432	15
2433	14
2434	8
2435	9
2436	13
2437	10
2438	15
2439	13
2440	14
2441	15
2442	6
2443	13
2444	9
2445	12
2446	10
2447	5
2448	10
2449	9
2450	6
2451	6
2452	12
2453	6
2454	14
2455	7
2456	5
2457	4
2458	13
2459	12
2460	16
2461	9
2462	9
2463	11
2464	5
2465	12
2466	9
2467	11
2468	10
2469	11
2470	6
2471	10
2472	15
2473	15
2474	15
2475	9
2476	9
2477	10
2478	15
2479	2
2480	16
2481	13
2482	10
2483	10
2484	7
2485	12
2486	8
2487	14
2488	13
2489	10
2490	11
2491	10
2492	6
2493	7
2494	6
2495	11
2496	13
2497	9
2498	10
2499	9
2500	10
2501	12
2502	6
2503	10
2504	3
2505	7
2506	7
2507	7
2508	14
2509	7
2510	9
2511	11
2512	9
2513	8
2514	9
2515	14
2516	14
2517	5
2518	13
2519	12
2520	17
2521	5
2522	10
2523	7
2524	9
2525	16
2526	5
2527	7
2528	11
2529	6
2530	8
2531	9
2532	11
2533	10
2534	15
2535	12
2536	9
2537	10
2538	11
2539	16
2540	6
2541	10
2542	5
2543	8
2544	12
2545	10
2546	10
2547	16
2548	13
2549	14
2550	9
2551	3
2552	11
2553	10
2554	10
2555	17
2556	5
2557	12
2558	9
2559	14
2560	15
2561	9
2562	12
2563	8
2564	10
2565	15
2566	13
2567	7
2568	14
2569	19
2570	8
2571	9
2572	18
2573	10
2574	8
2575	7
2576	10
2577	6
2578	12
2579	10
2580	8
2581	13
2582	8
2583	3
2584	11
2585	8
2586	11
2587	9
2588	13
2589	9
2590	5
2591	3
2592	14
2593	14
2594	7
2595	8
2596	14
2597	10
2598	11
2599	13
2600	10
2601	13
2602	7
2603	11
2604	11
2605	10
2606	10
2607	5
2608	12
2609	16
2610	14
2611	5
2612	5
2613	7
2614	11
2615	8
2616	8
2617	6
2618	12
2619	17
2620	7
2621	7
2622	8
2623	6
2624	8
2625	15
2626	8
2627	9
2628	10
2629	11
2630	10
2631	7
2632	9
2633	12
2634	9
2635	9
2636	8
2637	11
2638	7
2639	9
2640	8
2641	9
2642	6
2643	6
2644	8
2645	12
2646	9
2647	12
2648	14
2649	8
2650	12
2651	13
2652	8
2653	7
2654	9
2655	3
2656	14
2657	6
2658	13
2659	6
2660	7
2661	12
2662	11
2663	7
2664	12
2665	7
2666	10
2667	11
2668	6
2669	12
2670	8
2671	8
2672	7
2673	12
2674	11
2675	14
2676	11
2677	7
2678	6
2679	8
2680	5
2681	19
2682	10
2683	9
2684	9
2685	8
2686	16
2687	10
2688	6
2689	12
2690	7
2691	15
2692	5
2693	14
2694	9
2695	9
2696	5
2697	7
2698	7
2699	5
2700	10
2701	10
2702	7
2703	19
2704	12
2705	12
2706	6
2707	3
2708	10
2709	10
2710	8
2711	8
2712	13
2713	11
2714	13
2715	4
2716	11
2717	6
2718	10
2719	9
2720	12
2721	14
2722	7
2723	11
2724	9
2725	11
2726	11
2727	6
2728	11
2729	6
2730	6
2731	11
2732	6
2733	10
2734	14
2735	5
2736	15
2737	7
2738	3
2739	7
2740	10
2741	10
2742	10
2743	5
2744	9
2745	10
2746	9
2747	16
2748	8
2749	11
2750	10
2751	9
2752	8
2753	14
2754	10
2755	11
2756	8
2757	8
2758	5
2759	9
2760	10
2761	10
2762	12
2763	8
2764	7
2765	17
2766	12
2767	11
2768	7
2769	9
2770	10
2771	3
2772	7
2773	13
2774	8
2775	11
2776	16
2777	9
2778	10
2779	11
2780	10
2781	8
2782	10
2783	8
2784	11
2785	5
2786	5
2787	9
2788	8
2789	9
2790	6
2791	7
2792	6
2793	14
2794	10
2795	5
2796	8
2797	10
2798	13
2799	4
2800	4
2801	8
2802	6
2803	12
2804	6
2805	7
2806	12
2807	7
2808	7
2809	11
2810	8
2811	9
2812	11
2813	6
2814	6
2815	11
2816	10
2817	9
2818	10
2819	14
2820	7
2821	7
2822	4
2823	9
2824	8
2825	10
2826	5
2827	16
2828	8
2829	10
2830	6
2831	9
2832	9
2833	8
2834	6
2835	12
2836	9
2837	8
2838	10
2839	6
2840	6
2841	5
2842	14
2843	11
2844	8
2845	6
2846	8
2847	10
2848	10
2849	12
2850	12
2851	10
2852	8
2853	13
2854	9
2855	6
2856	7
2857	8
2858	7
2859	8
2860	4
2861	6
2862	4
2863	13
2864	12
2865	10
2866	11
2867	5
2868	6
2869	5
2870	9
2871	11
2872	6
2873	8
2874	6
2875	5
2876	15
2877	6
2878	5
2879	5
2880	2
2881	9
2882	12
2883	4
2884	7
2885	5
2886	8
2887	8
2888	9
2889	11
2890	9
2891	10
2892	8
2893	8
2894	7
2895	3
2896	8
2897	7
2898	5
2899	6
2900	4
2901	15
2902	8
2903	4
2904	10
2905	8
2906	9
2907	10
2908	11
2909	10
2910	13
2911	7
2912	4
2913	4
2914	4
2915	9
2916	7
2917	6
2918	10
2919	12
2920	7
2921	12
2922	7
2923	11
2924	8
2925	5
2926	7
2927	8
2928	6
2929	4
2930	3
2931	8
2932	12
2933	12
2934	9
2935	8
2936	11
2937	11
2938	8
2939	5
2940	8
2941	5
2942	10
2943	7
2944	7
2945	6
2946	9
2947	4
2948	15
2949	14
2950	6
2951	4
2952	10
2953	9
2954	4
2955	4
2956	12
2957	12
2958	8
2959	6
2960	8
2961	6
2962	7
2963	6
2964	10
2965	7
2966	7
2967	8
2968	5
2969	7
2970	10
2971	14
2972	5
2973	9
2974	8
2975	10
2976	9
2977	5
2978	11
2979	9
2980	5
2981	12
2982	11
2983	7
2984	6
2985	12
2986	6
2987	10
2988	11
2989	13
2990	10
2991	8
2992	8
2993	6
2994	8
2995	8
2996	9
2997	6
2998	4
2999	8
3000	7
3001	14
3002	9
3003	8
3004	6
3005	6
3006	8
3007	8
3008	6
3009	5
3010	8
3011	7
3012	12
3013	6
3014	12
3015	9
3016	15
3017	9
3018	13
3019	10
3020	8
3021	8
3022	15
3023	9
3024	11
3025	7
3026	10
3027	9
3028	9
3029	10
3030	8
3031	3
3032	3
3033	6
3034	8
3035	8
3036	6
3037	8
3038	7
3039	9
3040	7
3041	6
3042	10
3043	9
3044	7
3045	13
3046	4
3047	6
3048	9
3049	6
3050	7
3051	3
3052	7
3053	6
3054	12
3055	10
3056	8
3057	13
3058	3
3059	12
3060	12
3061	4
3062	11
3063	7
3064	6
3065	3
3066	4
3067	5
3068	8
3069	8
3070	3
3071	11
3072	4
3073	7
3074	4
3075	7
3076	8
3077	8
3078	6
3079	6
3080	8
3081	5
3082	8
3083	6
3084	6
3085	11
3086	8
3087	7
3088	3
3089	3
3090	11
3091	5
3092	5
3093	8
3094	7
3095	9
3096	5
3097	7
3098	5
3099	6
3100	9
3101	4
3102	9
3103	8
3104	7
3105	9
3106	11
3107	11
3108	8
3109	7
3110	8
3111	11
3112	4
3113	4
3114	6
3115	7
3116	7
3117	4
3118	4
3119	9
3120	10
3121	6
3122	15
3123	11
3124	4
3125	8
3126	5
3127	6
3128	9
3129	2
3130	3
3131	4
3132	8
3133	7
3134	5
3135	5
3136	8
3137	7
3138	4
3139	11
3140	8
3141	8
3142	10
3143	8
3144	8
3145	8
3146	6
3147	7
3148	9
3149	14
3150	2
3151	13
3152	8
3153	8
3154	7
3155	7
3156	6
3157	5
3158	8
3159	10
3160	13
3161	8
3162	5
3163	14
3164	13
3165	7
3166	5
3167	10
3168	4
3169	7
3170	10
3171	7
3172	11
3173	10
3174	4
3175	5
3176	9
3177	5
3178	8
3179	7
3180	9
3181	7
3182	7
3183	6
3184	6
3185	11
3186	2
3187	1
3188	5
3189	10
3190	5
3191	7
3192	8
3193	8
3194	3
3195	6
3196	3
3197	10
3198	9
3199	9
3200	12
3201	15
3202	11
3203	5
3204	6
3205	6
3206	8
3207	10
3208	12
3209	5
3210	5
3211	9
3212	15
3213	8
3214	5
3215	6
3216	9
3217	13
3218	5
3219	5
3220	4
3221	7
3222	9
3223	12
3224	9
3225	3
3226	6
3227	9
3228	8
3229	4
3230	7
3231	7
3232	4
3233	10
3234	6
3235	9
3236	9
3237	4
3238	5
3239	3
3240	11
3241	10
3242	5
3243	7
3244	7
3245	13
3246	10
3247	6
3248	3
3249	8
3250	12
3251	5
3252	10
3253	4
3254	5
3255	6
3256	7
3257	6
3258	6
3259	8
3260	7
3261	8
3262	3
3263	5
3264	6
3265	4
3266	10
3267	6
3268	8
3269	8
3270	12
3271	11
3272	5
3273	8
3274	7
3275	6
3276	5
3277	5
3278	4
3279	6
3280	10
3281	6
3282	9
3283	11
3284	4
3285	9
3286	5
3287	4
3288	12
3289	2
3290	12
3291	5
3292	7
3293	8
3294	7
3295	3
3296	9
3297	7
3298	11
3299	7
3300	3
3301	8
3302	11
3303	7
3304	8
3305	6
3306	6
3307	5
3308	7
3309	11
3310	6
3311	9
3312	11
3313	5
3314	6
3315	5
3316	4
3317	6
3318	5
3319	6
3320	4
3321	8
3322	8
3323	7
3324	3
3325	6
3326	5
3327	7
3328	10
3329	10
3330	8
3331	6
3332	2
3333	8
3334	6
3335	8
3336	10
3337	6
3338	4
3339	13
3340	8
3341	6
3342	7
3343	7
3344	5
3345	4
3346	10
3347	7
3348	12
3349	5
3350	7
3351	3
3352	3
3353	7
3354	3
3355	5
3356	8
3357	9
3358	7
3359	5
3360	5
3361	4
3362	10
3363	6
3364	8
3365	3
3366	8
3367	11
3368	5
3369	7
3370	9
3371	6
3372	7
3373	5
3374	8
3375	6
3376	4
3377	8
3378	8
3379	7
3380	6
3381	6
3382	12
3383	5
3384	4
3385	7
3386	5
3387	5
3388	8
3389	6
3390	6
3391	5
3392	12
3393	5
3394	7
3395	7
3396	8
3397	10
3398	12
3399	4
3400	4
3401	4
3402	6
3403	6
3404	5
3405	8
3406	6
3407	8
3408	6
3409	6
3410	10
3411	13
3412	6
3413	2
3414	5
3415	4
3416	8
3417	6
3418	2
3419	5
3420	8
3421	9
3422	10
3423	5
3424	6
3425	10
3426	4
3427	2
3428	8
3429	7
3430	5
3431	9
3432	9
3433	3
3434	6
3435	9
3436	6
3437	6
3438	4
3439	7
3440	3
3441	7
3442	8
3443	8
3444	4
3445	7
3446	14
3447	6
3448	8
3449	8
3450	7
3451	7
3452	7
3453	1
3454	8
3455	3
3456	8
3457	8
3458	11
3459	6
3460	8
3461	5
3462	5
3463	9
3464	5
3465	4
3466	11
3467	5
3468	4
3469	7
3470	10
3471	4
3472	7
3473	6
3474	7
3475	6
3476	9
3477	8
3478	10
3479	4
3480	6
3481	10
3482	3
3483	11
3484	5
3485	6
3486	12
3487	5
3488	11
3489	2
3490	7
3491	8
3492	2
3493	4
3494	4
3495	4
3496	9
3497	10
3498	8
3499	7
3500	4
3501	9
3502	4
3503	4
3504	7
3505	6
3506	6
3507	5
3508	5
3509	13
3510	4
3511	11
3512	7
3513	4
3514	4
3515	8
3516	4
3517	9
3518	7
3519	5
3520	8
3521	7
3522	15
3523	5
3524	12
3525	6
3526	5
3527	3
3528	3
3529	10
3530	14
3531	8
3532	5
3533	6
3534	6
3535	10
3536	6
3537	8
3538	7
3539	4
3540	7
3541	9
3542	5
3543	8
3544	7
3545	10
3546	9
3547	8
3548	6
3549	5
3550	8
3551	8
3552	4
3553	5
3554	12
3555	4
3556	8
3557	13
3558	6
3559	7
3560	7
3561	7
3562	6
3563	5
3564	11
3565	3
3566	4
3567	9
3568	5
3569	6
3570	2
3571	5
3572	4
3573	10
3574	4
3575	3
3576	5
3577	15
3578	8
3579	6
3580	5
3581	10
3582	6
3583	6
3584	1
3585	3
3586	11
3587	7
3588	3
3589	9
3590	6
3591	5
3592	8
3593	6
3594	5
3595	9
3596	6
3597	4
3598	6
3599	9
3600	8
3601	3
3602	4
3603	7
3604	3
3605	9
3606	1
3607	3
3608	3
3609	7
3610	8
3611	2
3612	6
3613	10
3614	4
3615	4
3616	6
3617	4
3618	3
3619	6
3620	5
3621	6
3622	8
3623	4
3624	7
3625	13
3626	5
3627	5
3628	5
3629	12
3630	12
3631	10
3632	1
3633	6
3634	10
3635	8
3636	4
3637	11
3638	5
3639	15
3640	6
3641	9
3642	4
3643	5
3644	3
3645	5
3646	3
3647	7
3648	7
3649	8
3650	8
3651	5
3652	7
3653	4
3654	3
3655	6
3656	5
3657	4
3658	2
3659	3
3660	2
3661	4
3662	7
3663	7
3664	6
3665	7
3666	8
3667	7
3668	7
3669	6
3670	8
3671	1
3672	8
3673	4
3674	8
3675	6
3676	8
3677	9
3678	1
3679	10
3680	7
3681	5
3682	6
3683	7
3684	11
3685	7
3686	6
3687	3
3688	6
3689	11
3690	5
3691	9
3692	5
3693	6
3694	3
3695	9
3696	9
3697	12
3698	4
3699	10
3700	5
3701	8
3702	4
3703	4
3704	5
3705	2
3706	8
3707	3
3708	3
3709	6
3710	5
3711	7
3712	5
3713	6
3714	7
3715	5
3716	6
3717	10
3718	10
3719	3
3720	8
3721	10
3722	2
3723	11
3724	6
3725	4
3726	4
3727	3
3728	5
3729	9
3730	7
3731	9
3732	6
3733	11
3734	8
3735	5
3736	5
3737	11
3738	8
3739	7
3740	4
3741	6
3742	9
3743	6
3744	4
3745	4
3746	6
3747	4
3748	3
3749	4
3750	7
3751	3
3752	3
3753	6
3754	7
3755	5
3756	6
3757	5
3758	7
3759	4
3760	12
3761	6
3762	11
3763	12
3764	10
3765	4
3766	9
3767	10
3768	1
3769	8
3770	3
3771	8
3772	8
3773	6
3774	7
3775	8
3776	3
3777	5
3778	7
3779	5
3780	11
3781	6
3782	4
3783	1
3784	3
3785	3
3786	6
3787	1
3788	6
3789	2
3790	6
3791	0
3792	6
3793	6
3794	7
3795	2
3796	10
3797	4
3798	7
3799	4
3800	6
3801	6
3802	9
3803	13
3804	7
3805	7
3806	11
3807	2
3808	6
3809	5
3810	7
3811	3
3812	7
3813	5
3814	9
3815	5
3816	3
3817	5
3818	5
3819	4
3820	7
3821	7
3822	9
3823	9
3824	9
3825	4
3826	5
3827	4
3828	4
3829	5
3830	5
3831	8
3832	5
3833	7
3834	5
3835	3
3836	8
3837	3
3838	8
3839	8
3840	6
3841	5
3842	6
3843	7
3844	6
3845	10
3846	4
3847	11
3848	10
3849	9
3850	8
3851	5
3852	5
3853	4
3854	9
3855	5
3856	8
3857	5
3858	5
3859	11
3860	8
3861	5
3862	7
3863	4
3864	7
3865	7
3866	12
3867	6
3868	7
3869	4
3870	3
3871	6
3872	4
3873	5
3874	5
3875	8
3876	8
3877	11
3878	10
3879	6
3880	2
3881	6
3882	6
3883	3
3884	11
3885	7
3886	10
3887	10
3888	5
3889	7
3890	9
3891	6
3892	4
3893	5
3894	1
3895	8
3896	7
3897	6
3898	5
3899	4
3900	3
3901	4
3902	5
3903	4
3904	5
3905	9
3906	5
3907	12
3908	4
3909	6
3910	8
3911	12
3912	4
3913	4
3914	7
3915	12
3916	2
3917	9
3918	4
3919	6
3920	1
3921	9
3922	6
3923	7
3924	6
3925	11
3926	13
3927	7
3928	6
3929	7
3930	4
3931	8
3932	6
3933	7
3934	6
3935	7
3936	6
3937	4
3938	5
3939	8
3940	6
3941	8
3942	5
3943	4
3944	7
3945	6
3946	8
3947	11
3948	6
3949	5
3950	11
3951	10
3952	8
3953	10
3954	6
3955	8
3956	7
3957	6
3958	5
3959	8
3960	6
3961	3
3962	5
3963	6
3964	7
3965	6
3966	7
3967	7
3968	7
3969	7
3970	8
3971	5
3972	4
3973	7
3974	10
3975	6
3976	10
3977	4
3978	5
3979	11
3980	5
3981	12
3982	3
3983	5
3984	7
3985	7
3986	5
3987	13
3988	7
3989	7
3990	7
3991	9
3992	8
3993	5
3994	9
3995	10
3996	3
3997	7
3998	6
3999	5
4000	10
4001	9
4002	8
4003	15
4004	9
4005	6
4006	7
4007	8
4008	7
4009	14
4010	11
4011	10
4012	4
4013	12
4014	5
4015	9
4016	4
4017	7
4018	11
4019	12
4020	4
4021	4
4022	9
4023	8
4024	6
4025	17
4026	9
4027	7
4028	3
4029	7
4030	5
4031	6
4032	7
4033	7
4034	6
4035	8
4036	18
4037	8
4038	11
4039	7
4040	9
4041	5
4042	3
4043	6
4044	10
4045	12
4046	9
4047	8
4048	14
4049	8
4050	9
4051	7
4052	8
4053	6
4054	5
4055	6
4056	5
4057	9
4058	10
4059	11
4060	5
4061	6
4062	9
4063	8
4064	10
4065	6
4066	13
4067	8
4068	10
4069	8
4070	11
4071	8
4072	5
4073	6
4074	7
4075	12
4076	10
4077	8
4078	4
4079	6
4080	5
4081	13
4082	7
4083	8
4084	12
4085	10
4086	6
4087	6
4088	9
4089	8
4090	8
4091	6
4092	14
4093	8
4094	3
4095	9
4096	8
4097	4
4098	12
4099	8
4100	13
4101	13
4102	6
4103	5
4104	7
4105	10
4106	9
4107	9
4108	10
4109	7
4110	7
4111	10
4112	9
4113	8
4114	14
4115	10
4116	7
4117	9
4118	3
4119	7
4120	8
4121	11
4122	5
4123	6
4124	8
4125	6
4126	10
4127	8
4128	10
4129	7
4130	6
4131	9
4132	6
4133	9
4134	11
4135	3
4136	12
4137	7
4138	3
4139	5
4140	8
4141	9
4142	7
4143	8
4144	3
4145	6
4146	6
4147	7
4148	11
4149	9
4150	3
4151	6
4152	8
4153	7
4154	6
4155	7
4156	7
4157	8
4158	6
4159	4
4160	8
4161	7
4162	9
4163	6
4164	4
4165	6
4166	6
4167	6
4168	7
4169	5
4170	10
4171	3
4172	5
4173	4
4174	9
4175	4
4176	5
4177	2
4178	5
4179	6
4180	5
4181	4
4182	5
4183	2
4184	3
4185	4
4186	2
4187	8
4188	3
4189	11
4190	4
4191	11
4192	6
4193	2
4194	11
4195	4
4196	11
4197	7
4198	7
4199	6
4200	5
4201	3
4202	7
4203	2
4204	5
4205	5
4206	4
4207	6
4208	5
4209	3
4210	7
4211	2
4212	7
4213	5
4214	1
4215	2
4216	8
4217	8
4218	3
4219	5
4220	3
4221	8
4222	5
4223	7
4224	2
4225	5
4226	8
4227	1
4228	3
4229	5
4230	4
4231	3
4232	4
4233	3
4234	6
4235	2
4236	3
4237	3
4238	6
4239	5
4240	3
4241	2
4242	5
4243	3
4244	9
4245	1
4246	3
4247	7
4248	4
4249	4
4250	3
4251	5
4252	7
4253	4
4254	3
4255	5
4256	1
4257	0
4258	5
4259	5
4260	4
4261	4
4262	5
4263	4
4264	3
4265	4
4266	2
4267	1
4268	2
4269	0
4270	4
4271	4
4272	4
4273	6
4274	3
4275	7
4276	4
4277	3
4278	3
4279	8
4280	3
4281	1
4282	2
4283	3
4284	4
4285	3
4286	2
4287	3
4288	7
4289	3
4290	2
4291	4
4292	2
4293	5
4294	3
4295	1
4296	4
4297	2
4298	1
4299	3
4300	2
4301	0
4302	4
4303	1
4304	2
4305	0
4306	2
4307	2
4308	1
4309	4
4310	3
4311	4
4312	2
4313	2
4314	4
4315	0
4316	3
4317	5
4318	3
4319	4
4320	2
4321	3
4322	7
4323	2
4324	0
4325	1
4326	4
4327	5
4328	3
4329	3
4330	4
4331	2
4332	1
4333	2
4334	5
4335	0
4336	0
4337	2
4338	6
4339	2
4340	0
4341	2
4342	0
4343	3
4344	4
4345	1
4346	6
4347	1
4348	0
4349	0
4350	2
4351	5
4352	2
4353	1
4354	3
4355	1
4356	0
4357	1
4358	0
4359	2
4360	1
4361	1
4362	1
4363	0
4364	2
4365	3
4366	4
4367	4
4368	4
4369	1
4370	0
4371	0
4372	3
4373	2
4374	1
4375	1
4376	3
4377	0
4378	2
4379	3
4380	1
4381	1
4382	0
4383	1
4384	1
4385	0
4386	0
4387	0
4388	2
4389	1
4390	1
4391	2
4392	1
4393	0
4394	0
4395	2
4396	3
4397	0
4398	1
4399	2
4400	2
4401	0
4402	1
4403	0
4404	1
4405	1
4406	0
4407	0
4408	0
4409	0
4410	3
4411	0
4412	1
4413	1
4414	2
4415	1
4416	1
4417	1
4418	1
4419	0
4420	0
4421	0
4422	0
4423	1
4424	1
4425	2
4426	0
4427	1
4428	2
4429	0
4430	3
4431	0
4432	0
4433	0
4434	0
4435	2
4436	0
4437	1
4438	1
4439	1
4440	0
4441	0
4442	1
4443	1
4444	1
4445	1
4446	0
4447	1
4448	0
4449	0
4450	1
4451	0
4452	1
4453	2
4454	0
4455	0
4456	0
4457	1
4458	0
4459	1
4460	0
4461	1
4462	2
4463	1
4464	0
4465	0
4466	0
4467	0
4468	2
4469	1
4470	0
4471	0
4472	1
4473	1
4474	2
4475	0
4476	1
4477	2
4478	0
4479	0
4480	0
4481	1
4482	0
4483	0
4484	0
4485	0
4486	1
4487	1
4488	1
4489	0
4490	0
4491	2
4492	1
4493	0
4494	0
4495	1
4496	0
4497	1
4498	0
4499	0
4500	1
4501	1
4502	2
4503	1
4504	0
4505	1
4506	0
4507	1
4508	2
4509	0
4510	1
4511	0
4512	1
4513	0
4514	0
4515	2
4516	1
4517	1
4518	1
4519	0
4520	0
4521	1
4522	0
4523	0
4524	0
4525	1
4526	1
4527	0
4528	0
4529	1
4530	0
4531	1
4532	0
4533	0
4534	0
4535	0
4536	1
4537	0
4538	0
4539	0
4540	2
4541	0
4542	3
4543	0
4544	0
4545	1
4546	0
4547	0
4548	0
4549	0
4550	0
4551	0
4552	1
4553	0
4554	2
4555	0
4556	0
4557	1
4558	1
4559	3
4560	0
4561	0
4562	1
4563	0
4564	2
4565	0
4566	0
4567	1
4568	0
4569	1
4570	1
4571	1
4572	1
4573	0
4574	0
4575	0
4576	2
4577	0
4578	1
4579	0
4580	0
4581	1
4582	0
4583	2
4584	0
4585	0
4586	0
4587	0
4588	1
4589	2
4590	0
4591	0
4592	1
4593	1
4594	1
4595	1
4596	0
4597	0
4598	1
4599	1
4600	0
4601	0
4602	0
4603	0
4604	1
4605	0
4606	1
4607	0
4608	0
4609	0
4610	0
4611	0
4612	0
4613	0
4614	2
4615	0
4616	1
4617	0
4618	1
4619	1
4620	0
4621	0
4622	0
4623	0
4624	0
4625	1
4626	0
4627	1
4628	0
4629	1
4630	0
4631	1
4632	1
4633	1
4634	0
4635	3
4636	0
4637	0
4638	2
4639	0
4640	0
4641	2
4642	1
4643	2
4644	0
4645	2
4646	0
4647	1
4648	1
4649	0
4650	2
4651	0
4652	2
4653	0
4654	0
4655	0
4656	0
4657	0
4658	0
4659	0
4660	1
4661	0
4662	0
4663	1
4664	0
4665	1
4666	0
4667	0
4668	0
4669	0
4670	1
4671	0
4672	0
4673	0
4674	1
4675	0
4676	1
4677	2
4678	1
4679	2
4680	1
4681	0
4682	0
4683	0
4684	0
4685	0
4686	0
4687	1
4688	0
4689	0
4690	0
4691	0
4692	0
4693	0
4694	1
4695	0
4696	1
4697	0
4698	1
4699	1
4700	0
4701	0
4702	0
4703	1
4704	0
4705	1
4706	0
4707	0
4708	1
4709	0
4710	0
4711	1
4712	0
4713	2
4714	0
4715	1
4716	0
4717	0
4718	1
4719	1
4720	2
4721	0
4722	2
4723	1
4724	0
4725	0
4726	1
4727	0
4728	1
4729	1
4730	1
4731	1
4732	1
4733	0
4734	1
4735	0
4736	3
4737	0
4738	0
4739	2
4740	0
4741	1
4742	0
4743	0
4744	0
4745	0
4746	2
4747	0
4748	0
4749	1
4750	2
4751	0
4752	1
4753	1
4754	1
4755	2
4756	1
4757	0
4758	2
4759	1
4760	1
4761	0
4762	0
4763	2
4764	2
4765	1
4766	0
4767	1
4768	0
4769	0
4770	1
4771	2
4772	0
4773	1
4774	0
4775	1
4776	2
4777	0
4778	1
4779	0
4780	2
4781	0
4782	1
4783	0
4784	0
4785	1
4786	1
4787	1
4788	0
4789	0
4790	0
4791	0
4792	1
4793	0
4794	0
4795	0
4796	3
4797	0
4798	0
4799	0
4800	0
4801	0
4802	1
4803	4
4804	1
4805	1
4806	0
4807	0
4808	0
4809	0
4810	2
4811	2
4812	0
4813	0
4814	1
4815	1
4816	0
4817	0
4818	2
4819	2
4820	1
4821	0
4822	1
4823	0
4824	0
4825	0
4826	0
4827	0
4828	0
4829	1
4830	1
4831	0
4832	1
4833	0
4834	1
4835	0
4836	2
4837	0
4838	2
4839	1
4840	0
4841	1
4842	0
4843	2
4844	0
4845	0
4846	2
4847	0
4848	0
4849	2
4850	0
4851	1
4852	1
4853	4
4854	0
4855	1
4856	0
4857	0
4858	0
4859	0
4860	0
4861	0
4862	0
4863	0
4864	0
4865	0
4866	1
4867	2
4868	0
4869	0
4870	0
4871	2
4872	0
4873	1
4874	0
4875	1
4876	1
4877	1
4878	1
4879	0
4880	2
4881	0
4882	1
4883	1
4884	1
4885	1
4886	2
4887	0
4888	1
4889	1
4890	2
4891	0
4892	0
4893	0
4894	0
4895	1
4896	0
4897	0
4898	0
4899	0
4900	0
4901	0
4902	0
4903	0
4904	1
4905	1
4906	0
4907	2
4908	0
4909	0
4910	0
4911	0
4912	1
4913	1
4914	0
4915	0
4916	0
4917	0
4918	2
4919	0
4920	0
4921	2
4922	0
4923	0
4924	0
4925	0
4926	0
4927	0
4928	2
4929	1
4930	1
4931	1
4932	0
4933	3
4934	0
4935	0
4936	0
4937	2
4938	1
4939	1
4940	1
4941	1
4942	1
4943	1
4944	0
4945	1
4946	0
4947	0
4948	0
4949	1
4950	0
4951	1
4952	1
4953	0
4954	2
4955	0
4956	0
4957	1
4958	1
4959	1
4960	0
4961	0
4962	0
4963	1
4964	0
4965	0
4966	1
4967	0
4968	1
4969	0
4970	0
4971	0
4972	1
4973	1
4974	1
4975	0
4976	0
4977	1
4978	0
4979	0
4980	0
4981	0
4982	0
4983	0
4984	1
4985	0
4986	0
4987	1
4988	0
4989	1
4990	0
4991	1
4992	0
4993	1
4994	0
4995	2
4996	0
4997	1
4998	0
4999	2
5000	1
5001	0
5002	0
5003	3
5004	2
5005	1
5006	0
5007	1
5008	1
5009	0
5010	1
5011	0
5012	0
5013	0
5014	1
5015	0
5016	0
5017	2
5018	0
5019	1
5020	1
5021	0
5022	0
5023	0
5024	1
5025	0
5026	0
5027	0
5028	0
5029	3
5030	0
5031	1
5032	1
5033	0
5034	0
5035	1
5036	1
5037	1
5038	2
5039	1
5040	0
5041	0
5042	0
5043	2
5044	0
5045	0
5046	1
5047	0
5048	0
5049	0
5050	2
5051	0
5052	0
5053	1
5054	2
5055	1
5056	0
5057	3
5058	1
5059	1
5060	1
5061	1
5062	2
5063	1
5064	2
5065	1
5066	1
5067	1
5068	1
5069	0
5070	2
5071	1
5072	3
5073	0
5074	2
5075	0
5076	0
5077	1
5078	1
5079	0
5080	0
5081	1
5082	1
5083	1
5084	0
5085	0
5086	1
5087	1
5088	0
5089	0
5090	0
5091	0
5092	2
5093	1
5094	0
5095	0
5096	0
5097	0
5098	1
5099	0
5100	0
5101	1
5102	0
5103	0
5104	0
5105	1
5106	1
5107	0
5108	1
5109	1
5110	1
5111	0
5112	0
5113	1
5114	0
5115	0
5116	1
5117	1
5118	1
5119	0
5120	0
5121	0
5122	0
5123	1
5124	0
5125	1
5126	0
5127	0
5128	0
5129	0
5130	0
5131	0
5132	1
5133	0
5134	0
5135	0
5136	0
5137	2
5138	0
5139	0
5140	1
5141	0
5142	0
5143	1
5144	0
5145	2
5146	2
5147	1
5148	0
5149	0
5150	0
5151	1
5152	1
5153	0
5154	1
5155	1
5156	0
5157	0
5158	0
5159	0
5160	0
5161	1
5162	0
5163	0
5164	0
5165	3
5166	0
5167	1
5168	0
5169	0
5170	2
5171	1
5172	0
5173	0
5174	2
5175	2
5176	1
5177	0
5178	1
5179	0
5180	1
5181	0
5182	0
5183	0
5184	0
5185	1
5186	1
5187	0
5188	1
5189	0
5190	0
5191	1
5192	1
5193	0
5194	0
5195	0
5196	1
5197	1
5198	2
5199	0
5200	1
5201	0
5202	1
5203	0
5204	0
5205	0
5206	1
5207	0
5208	1
5209	0
5210	1
5211	0
5212	1
5213	0
5214	1
5215	1
5216	1
5217	1
5218	1
5219	2
5220	0
5221	2
5222	0
5223	0
5224	2
5225	0
5226	0
5227	0
5228	0
5229	1
5230	0
5231	0
5232	1
5233	0
5234	0
5235	1
5236	0
5237	0
5238	0
5239	0
5240	0
5241	0
5242	0
5243	0
5244	1
5245	1
5246	0
5247	2
5248	2
5249	0
5250	0
5251	0
5252	2
5253	2
5254	0
5255	1
5256	0
5257	0
5258	0
5259	0
5260	1
5261	1
5262	0
5263	1
5264	0
5265	3
5266	0
5267	2
5268	0
5269	0
5270	0
5271	0
5272	1
5273	0
5274	1
5275	0
5276	1
5277	0
5278	0
5279	0
5280	1
5281	1
5282	2
5283	0
5284	0
5285	0
5286	0
5287	0
5288	1
5289	2
5290	1
5291	0
5292	2
5293	0
5294	0
5295	0
5296	1
5297	3
5298	0
5299	1
5300	0
5301	0
5302	1
5303	2
5304	0
5305	1
5306	2
5307	0
5308	2
5309	0
5310	0
5311	1
5312	2
5313	0
5314	1
5315	1
5316	1
5317	2
5318	0
5319	1
5320	0
5321	0
5322	0
5323	0
5324	0
5325	0
5326	0
5327	0
5328	1
5329	0
5330	1
5331	0
5332	0
5333	0
5334	0
5335	1
5336	1
5337	0
5338	0
5339	0
5340	0
5341	0
5342	0
5343	0
5344	1
5345	0
5346	0
5347	0
5348	0
5349	0
5350	0
5351	1
5352	0
5353	0
5354	0
5355	0
5356	0
5357	0
5358	1
5359	1
5360	1
5361	1
5362	3
5363	0
5364	0
5365	0
5366	3
5367	0
5368	0
5369	0
5370	3
5371	0
5372	0
5373	0
5374	1
5375	0
5376	1
5377	0
5378	0
5379	0
5380	1
5381	0
5382	0
5383	1
5384	2
5385	0
5386	1
5387	0
5388	0
5389	0
5390	0
5391	1
5392	0
5393	0
5394	0
5395	0
5396	1
5397	0
5398	1
5399	3
5400	0
5401	0
5402	1
5403	0
5404	1
5405	0
5406	0
5407	1
5408	0
5409	1
5410	0
5411	1
5412	0
5413	0
5414	1
5415	0
5416	1
5417	1
5418	0
5419	1
5420	0
5421	1
5422	0
5423	0
5424	1
5425	1
5426	1
5427	1
5428	0
5429	0
5430	0
5431	1
5432	0
5433	0
5434	0
5435	1
5436	1
5437	0
5438	0
5439	1
5440	0
5441	0
5442	0
5443	0
5444	1
5445	0
5446	0
5447	0
5448	0
5449	0
5450	3
5451	0
5452	1
5453	1
5454	1
5455	0
5456	1
5457	0
5458	1
5459	0
5460	0
5461	0
5462	0
5463	0
5464	0
5465	0
5466	0
5467	0
5468	0
5469	0
5470	0
5471	2
5472	1
5473	1
5474	1
5475	0
5476	0
5477	0
5478	0
5479	1
5480	0
5481	0
5482	0
5483	2
5484	0
5485	1
5486	1
5487	0
5488	1
5489	0
5490	0
5491	0
5492	0
5493	0
5494	1
5495	0
5496	1
5497	0
5498	0
5499	0
5500	0
5501	1
5502	0
5503	1
5504	1
5505	1
5506	0
5507	2
5508	0
5509	0
5510	0
5511	0
5512	0
5513	0
5514	0
5515	0
5516	0
5517	0
5518	0
5519	0
5520	0
5521	2
5522	0
5523	1
5524	0
5525	1
5526	0
5527	2
5528	0
5529	0
5530	0
5531	2
5532	0
5533	0
5534	1
5535	0
5536	1
5537	0
5538	1
5539	0
5540	0
5541	2
5542	0
5543	0
5544	0
5545	0
5546	1
5547	0
5548	0
5549	0
5550	0
5551	0
5552	1
5553	2
5554	0
5555	0
5556	0
5557	0
5558	1
5559	0
5560	0
5561	0
5562	0
5563	2
5564	1
5565	0
5566	0
5567	0
5568	0
5569	1
5570	0
5571	0
5572	1
5573	0
5574	0
5575	1
5576	0
5577	0
5578	0
5579	1
5580	0
5581	0
5582	1
5583	0
5584	0
5585	0
5586	1
5587	1
5588	1
5589	0
5590	1
5591	2
5592	0
5593	2
5594	1
5595	0
5596	0
5597	0
5598	1
5599	0
5600	1
5601	1
5602	0
5603	0
5604	1
5605	0
5606	0
5607	0
5608	0
5609	0
5610	0
5611	0
5612	1
5613	3
5614	1
5615	1
5616	1
5617	0
5618	1
5619	1
5620	0
5621	1
5622	0
5623	0
5624	0
5625	1
5626	0
5627	0
5628	0
5629	0
5630	1
5631	0
5632	1
5633	0
5634	0
5635	0
5636	1
5637	0
5638	1
5639	0
5640	0
5641	2
5642	1
5643	0
5644	0
5645	0
5646	0
5647	0
5648	1
5649	1
5650	1
5651	1
5652	0
5653	0
5654	1
5655	0
5656	2
5657	0
5658	0
5659	1
5660	0
5661	1
5662	2
5663	1
5664	2
5665	1
5666	2
5667	0
5668	1
5669	2
5670	0
5671	3
5672	0
5673	0
5674	0
5675	0
5676	0
5677	1
5678	2
5679	0
5680	0
5681	0
5682	0
5683	0
5684	0
5685	1
5686	0
5687	0
5688	2
5689	0
5690	0
5691	0
5692	0
5693	0
5694	1
5695	2
5696	1
5697	0
5698	1
5699	1
5700	1
5701	1
5702	0
5703	0
5704	0
5705	1
5706	0
5707	0
5708	0
5709	0
5710	0
5711	0
5712	0
5713	0
5714	0
5715	2
5716	1
5717	0
5718	0
5719	0
5720	1
5721	0
5722	0
5723	0
5724	1
5725	1
5726	0
5727	1
5728	0
5729	0
5730	0
5731	2
5732	1
5733	0
5734	1
5735	0
5736	2
5737	1
5738	0
5739	0
5740	2
5741	1
5742	0
5743	1
5744	0
5745	0
5746	0
5747	0
5748	2
5749	1
5750	0
5751	0
5752	1
5753	1
5754	1
5755	2
5756	0
5757	1
5758	0
5759	2
5760	1
5761	1
5762	0
5763	0
5764	1
5765	1
5766	0
5767	0
5768	1
5769	1
5770	1
5771	0
5772	0
5773	0
5774	0
5775	0
5776	1
5777	0
5778	2
5779	0
5780	1
5781	0
5782	0
5783	1
5784	0
5785	2
5786	0
5787	0
5788	0
5789	0
5790	1
5791	1
5792	0
5793	1
5794	1
5795	0
5796	0
5797	0
5798	2
5799	0
5800	1
5801	0
5802	1
5803	2
5804	1
5805	0
5806	0
5807	2
5808	0
5809	0
5810	0
5811	1
5812	0
5813	2
5814	1
5815	1
5816	0
5817	1
5818	3
5819	0
5820	0
5821	0
5822	1
5823	1
5824	0
5825	0
5826	1
5827	2
5828	0
5829	1
5830	0
5831	0
5832	0
5833	1
5834	0
5835	0
5836	0
5837	0
5838	1
5839	1
5840	2
5841	1
5842	3
5843	0
5844	0
5845	1
5846	1
5847	1
5848	1
5849	1
5850	1
5851	2
5852	0
5853	0
5854	1
5855	0
5856	0
5857	1
5858	0
5859	1
5860	0
5861	1
5862	2
5863	1
5864	1
5865	1
5866	0
5867	4
5868	0
5869	0
5870	1
5871	0
5872	0
5873	0
5874	1
5875	2
5876	0
5877	0
5878	1
5879	1
5880	1
5881	0
5882	0
5883	1
5884	1
5885	1
5886	1
5887	1
5888	0
5889	1
5890	0
5891	0
5892	0
5893	0
5894	0
5895	0
5896	0
5897	1
5898	0
5899	0
5900	1
5901	0
5902	0
5903	1
5904	2
5905	0
5906	1
5907	0
5908	1
5909	0
5910	1
5911	0
5912	1
5913	2
5914	0
5915	1
5916	0
5917	0
5918	0
5919	0
5920	0
5921	2
5922	1
5923	0
5924	1
5925	1
5926	0
5927	0
5928	1
5929	1
5930	0
5931	0
5932	2
5933	0
5934	0
5935	1
5936	0
5937	0
5938	1
5939	0
5940	0
5941	0
5942	1
5943	0
5944	0
5945	1
5946	1
5947	1
5948	0
5949	0
5950	0
5951	0
5952	2
5953	0
5954	1
5955	1
5956	0
5957	0
5958	0
5959	4
5960	0
5961	1
5962	1
5963	2
5964	0
5965	2
5966	1
5967	1
5968	1
5969	0
5970	1
5971	0
5972	0
5973	1
5974	2
5975	2
5976	0
5977	0
5978	1
5979	0
5980	0
5981	0
5982	3
5983	1
5984	0
5985	1
5986	1
5987	0
5988	2
5989	0
5990	1
5991	0
5992	0
5993	0
5994	0
5995	1
5996	0
5997	0
5998	1
5999	1
6000	0
6001	1
6002	1
6003	3
6004	0
6005	3
6006	0
6007	0
6008	1
6009	1
6010	0
6011	0
6012	0
6013	0
6014	0
6015	0
6016	0
6017	0
6018	0
6019	0
6020	1
6021	0
6022	2
6023	0
6024	0
6025	1
6026	1
6027	1
6028	0
6029	0
6030	0
6031	0
6032	1
6033	1
6034	1
6035	0
6036	0
6037	2
6038	0
6039	0
6040	1
6041	0
6042	0
6043	1
6044	0
6045	0
6046	3
6047	0
6048	0
6049	1
6050	0
6051	0
6052	0
6053	2
6054	0
6055	2
6056	1
6057	1
6058	1
6059	1
6060	0
6061	2
6062	0
6063	1
6064	1
6065	0
6066	0
6067	1
6068	2
6069	1
6070	0
6071	0
6072	0
6073	2
6074	1
6075	0
6076	0
6077	0
6078	1
6079	0
6080	0
6081	1
6082	1
6083	1
6084	0
6085	0
6086	0
6087	0
6088	0
6089	0
6090	1
6091	3
6092	1
6093	1
6094	2
6095	0
6096	0
6097	0
6098	1
6099	1
6100	0
6101	1
6102	1
6103	0
6104	0
6105	0
6106	0
6107	0
6108	0
6109	0
6110	0
6111	2
6112	0
6113	0
6114	1
6115	0
6116	0
6117	0
6118	1
6119	0
6120	2
6121	0
6122	2
6123	0
6124	0
6125	1
6126	2
6127	0
6128	0
6129	1
6130	1
6131	0
6132	0
6133	1
6134	0
6135	0
6136	1
6137	1
6138	2
6139	0
6140	0
6141	0
6142	1
6143	0
6144	0
6145	0
6146	0
6147	0
6148	0
6149	1
6150	0
6151	0
6152	0
6153	0
6154	0
6155	0
6156	2
6157	0
6158	1
6159	1
6160	0
6161	0
6162	0
6163	1
6164	0
6165	0
6166	0
6167	0
6168	0
6169	0
6170	1
6171	0
6172	0
6173	1
6174	0
6175	0
6176	0
6177	1
6178	0
6179	0
6180	0
6181	2
6182	2
6183	1
6184	0
6185	1
6186	0
6187	1
6188	0
6189	1
6190	1
6191	0
6192	0
6193	0
6194	0
6195	0
6196	0
6197	1
6198	0
6199	0
6200	1
6201	0
6202	0
6203	0
6204	0
6205	0
6206	1
6207	2
6208	0
6209	0
6210	0
6211	0
6212	1
6213	0
6214	0
6215	1
6216	0
6217	0
6218	0
6219	0
6220	0
6221	0
6222	0
6223	1
6224	1
6225	0
6226	0
6227	0
6228	0
6229	2
6230	1
6231	1
6232	0
6233	0
6234	0
6235	0
6236	0
6237	0
6238	0
6239	0
6240	0
6241	0
6242	1
6243	0
6244	0
6245	2
6246	1
6247	0
6248	1
6249	0
6250	0
6251	0
6252	0
6253	3
6254	0
6255	0
6256	1
6257	1
6258	0
6259	1
6260	0
6261	1
6262	0
6263	0
6264	0
6265	1
6266	2
6267	1
6268	1
6269	1
6270	2
6271	0
6272	0
6273	0
6274	0
6275	0
6276	2
6277	0
6278	1
6279	1
6280	0
6281	0
6282	0
6283	0
6284	2
6285	1
6286	1
6287	0
6288	0
6289	0
6290	0
6291	0
6292	0
6293	0
6294	0
6295	0
6296	0
6297	1
6298	1
6299	0
6300	0
6301	0
6302	0
6303	0
6304	1
6305	0
6306	0
6307	0
6308	0
6309	0
6310	0
6311	0
6312	0
6313	1
6314	0
6315	1
6316	0
6317	0
6318	0
6319	1
6320	0
6321	1
6322	1
6323	0
6324	0
6325	0
6326	0
6327	0
6328	0
6329	0
6330	0
6331	1
6332	1
6333	1
6334	1
6335	0
6336	0
6337	0
6338	1
6339	0
6340	0
6341	1
6342	0
6343	0
6344	1
6345	0
6346	1
6347	4
6348	1
6349	0
6350	0
6351	0
6352	0
6353	0
6354	0
6355	0
6356	1
6357	0
6358	1
6359	1
6360	0
6361	1
6362	0
6363	0
6364	0
6365	0
6366	0
6367	0
6368	0
6369	1
6370	0
6371	1
6372	1
6373	0
6374	0
6375	1
6376	1
6377	0
6378	0
6379	1
6380	0
6381	0
6382	0
6383	0
6384	0
6385	1
6386	0
6387	0
6388	0
6389	0
6390	0
6391	0
6392	0
6393	0
6394	0
6395	1
6396	1
6397	0
6398	0
6399	0
6400	1
6401	0
6402	0
6403	1
6404	1
6405	0
6406	0
6407	0
6408	1
6409	1
6410	0
6411	0
6412	1
6413	1
6414	0
6415	1
6416	0
6417	0
6418	1
6419	0
6420	0
6421	0
6422	1
6423	0
6424	0
6425	1
6426	0
6427	0
6428	0
6429	0
6430	0
6431	0
6432	1
6433	0
6434	0
6435	1
6436	1
6437	1
6438	0
6439	1
6440	0
6441	1
6442	0
6443	0
6444	0
6445	1
6446	0
6447	1
6448	0
6449	0
6450	0
6451	1
6452	1
6453	0
6454	0
6455	0
6456	0
6457	1
6458	0
6459	0
6460	0
6461	0
6462	0
6463	0
6464	0
6465	0
6466	1
6467	0
6468	1
6469	0
6470	0
6471	0
6472	0
6473	0
6474	0
6475	0
6476	0
6477	0
6478	0
6479	0
6480	1
6481	0
6482	0
6483	0
6484	1
6485	1
6486	0
6487	1
6488	0
6489	0
6490	0
6491	0
6492	0
6493	0
6494	0
6495	0
6496	0
6497	0
6498	0
6499	0
6500	1
6501	1
6502	0
6503	0
6504	1
6505	0
6506	0
6507	0
6508	0
6509	0
6510	0
6511	0
6512	0
6513	1
6514	0
6515	0
6516	0
6517	1
6518	0
6519	1
6520	3
6521	0
6522	0
6523	0
6524	0
6525	1
6526	0
6527	0
6528	0
6529	0
6530	1
6531	0
6532	0
6533	2
6534	0
6535	0
6536	0
6537	0
6538	0
6539	1
6540	0
6541	0
6542	0
6543	0
6544	1
6545	1
6546	0
6547	0
6548	0
6549	0
6550	1
6551	0
6552	0
6553	0
6554	0
6555	0
6556	0
6557	0
6558	0
6559	0
6560	0
6561	2
6562	2
6563	0
6564	0
6565	1
6566	0
6567	0
6568	0
6569	0
6570	0
6571	0
6572	0
6573	2
6574	0
6575	0
6576	2
6577	2
6578	0
6579	0
6580	0
6581	1
6582	1
6583	1
6584	0
6585	1
6586	0
6587	0
6588	1
6589	0
6590	1
6591	0
6592	1
6593	0
6594	0
6595	0
6596	0
6597	1
6598	0
6599	1
6600	0
6601	0
6602	0
6603	0
6604	0
6605	0
6606	0
6607	0
6608	0
6609	0
6610	0
6611	0
6612	2
6613	1
6614	0
6615	0
6616	0
6617	0
6618	0
6619	0
6620	2
6621	0
6622	0
6623	0
6624	0
6625	1
6626	1
6627	2
6628	0
6629	0
6630	1
6631	1
6632	1
6633	1
6634	1
6635	1
6636	0
6637	1
6638	0
6639	0
6640	1
6641	0
6642	0
6643	0
6644	0
6645	0
6646	0
6647	0
6648	0
6649	0
6650	0
6651	0
6652	1
6653	2
6654	0
6655	0
6656	0
6657	0
6658	0
6659	0
6660	1
6661	0
6662	0
6663	0
6664	0
6665	2
6666	1
6667	0
6668	0
6669	1
6670	1
6671	0
6672	0
6673	0
6674	1
6675	1
6676	0
6677	1
6678	0
6679	0
6680	0
6681	0
6682	1
6683	1
6684	0
6685	1
6686	1
6687	0
6688	0
6689	0
6690	0
6691	1
6692	0
6693	1
6694	1
6695	0
6696	0
6697	0
6698	0
6699	0
6700	2
6701	1
6702	0
6703	1
6704	1
6705	1
6706	2
6707	0
6708	0
6709	1
6710	0
6711	1
6712	0
6713	0
6714	0
6715	1
6716	0
6717	0
6718	0
6719	1
6720	0
6721	0
6722	0
6723	0
6724	0
6725	0
6726	1
6727	0
6728	0
6729	0
6730	1
6731	1
6732	0
6733	0
6734	0
6735	1
6736	0
6737	0
6738	0
6739	0
6740	0
6741	0
6742	0
6743	1
6744	1
6745	0
6746	1
6747	0
6748	1
6749	0
6750	0
6751	0
6752	0
6753	0
6754	1
6755	0
6756	0
6757	0
6758	0
6759	1
6760	0
6761	0
6762	1
6763	2
6764	0
6765	0
6766	0
6767	0
6768	1
6769	1
6770	2
6771	0
6772	1
6773	0
6774	0
6775	2
6776	0
6777	1
6778	0
6779	2
6780	1
6781	0
6782	0
6783	0
6784	2
6785	0
6786	1
6787	1
6788	0
6789	0
6790	0
6791	0
6792	1
6793	1
6794	0
6795	0
6796	0
6797	0
6798	0
6799	0
6800	2
6801	1
6802	0
6803	0
6804	2
6805	0
6806	0
6807	0
6808	3
6809	0
6810	0
6811	1
6812	1
6813	0
6814	0
6815	1
6816	1
6817	0
6818	0
6819	1
6820	0
6821	0
6822	1
6823	0
6824	1
6825	1
6826	0
6827	0
6828	1
6829	1
6830	0
6831	0
6832	0
6833	0
6834	0
6835	0
6836	0
6837	1
6838	0
6839	0
6840	0
6841	2
6842	1
6843	0
6844	1
6845	0
6846	1
6847	1
6848	0
6849	1
6850	0
6851	1
6852	0
6853	0
6854	0
6855	0
6856	0
6857	0
6858	0
6859	3
6860	1
6861	0
6862	0
6863	0
6864	0
6865	1
6866	0
6867	0
6868	0
6869	0
6870	0
6871	1
6872	0
6873	0
6874	0
6875	0
6876	0
6877	0
6878	0
6879	1
6880	0
6881	0
6882	0
6883	0
6884	0
6885	1
6886	1
6887	0
6888	0
6889	0
6890	0
6891	0
6892	0
6893	0
6894	2
6895	0
6896	0
6897	0
6898	0
6899	2
6900	0
6901	0
6902	2
6903	1
6904	1
6905	0
6906	1
6907	0
6908	2
6909	0
6910	0
6911	1
6912	0
6913	0
6914	0
6915	1
6916	1
6917	0
6918	0
6919	0
6920	0
6921	1
6922	0
6923	1
6924	0
6925	1
6926	0
6927	0
6928	0
6929	0
6930	1
6931	3
6932	0
6933	0
6934	1
6935	0
6936	0
6937	0
6938	0
6939	0
6940	1
6941	1
6942	0
6943	1
6944	0
6945	2
6946	1
6947	1
6948	0
6949	0
6950	0
6951	2
6952	1
6953	0
6954	0
6955	0
6956	0
6957	0
6958	0
6959	0
6960	1
6961	0
6962	0
6963	0
6964	0
6965	0
6966	0
6967	0
6968	0
6969	0
6970	0
6971	0
6972	1
6973	0
6974	0
6975	0
6976	0
6977	1
6978	0
6979	0
6980	1
6981	1
6982	0
6983	0
6984	1
6985	0
6986	0
6987	0
6988	1
6989	0
6990	1
6991	0
6992	0
6993	0
6994	0
6995	1
6996	1
6997	0
6998	0
6999	0
7000	0
7001	0
7002	1
7003	0
7004	0
7005	0
7006	0
7007	0
7008	1
7009	0
7010	0
7011	0
7012	1
7013	1
7014	1
7015	1
7016	1
7017	1
7018	1
7019	0
7020	0
7021	1
7022	0
7023	0
7024	0
7025	0
7026	0
7027	0
7028	0
7029	0
7030	0
7031	0
7032	0
7033	0
7034	1
7035	0
7036	0
7037	0
7038	0
7039	0
7040	0
7041	0
7042	0
7043	0
7044	1
7045	1
7046	0
7047	0
7048	0
7049	0
7050	0
7051	3
7052	0
7053	1
7054	0
7055	0
7056	0
7057	0
7058	0
7059	1
7060	1
7061	1
7062	0
7063	0
7064	1
7065	0
7066	1
7067	1
7068	0
7069	0
7070	0
7071	0
7072	0
7073	0
7074	1
7075	0
7076	0
7077	1
7078	3
7079	0
7080	0
7081	0
7082	0
7083	0
7084	0
7085	0
7086	1
7087	1
7088	1
7089	0
7090	1
7091	0
7092	0
7093	0
7094	0
7095	0
7096	0
7097	1
7098	0
7099	1
7100	0
7101	1
7102	0
7103	0
7104	0
7105	0
7106	0
7107	1
7108	0
7109	0
7110	1
7111	0
7112	0
7113	1
7114	0
7115	0
7116	0
7117	0
7118	0
7119	0
7120	0
7121	0
7122	0
7123	0
7124	0
7125	0
7126	2
7127	0
7128	0
7129	0
7130	0
7131	0
7132	0
7133	1
7134	1
7135	0
7136	0
7137	0
7138	0
7139	0
7140	0
7141	0
7142	0
7143	0
7144	0
7145	1
7146	0
7147	0
7148	0
7149	0
7150	1
7151	0
7152	2
7153	0
7154	0
7155	1
7156	0
7157	0
7158	1
7159	1
7160	1
7161	0
7162	0
7163	1
7164	0
7165	0
7166	1
7167	0
7168	0
7169	0
7170	0
7171	1
7172	0
7173	1
7174	0
7175	0
7176	0
7177	0
7178	0
7179	0
7180	0
7181	0
7182	0
7183	0
7184	0
7185	0
7186	1
7187	1
7188	0
7189	0
7190	0
7191	0
7192	0
7193	0
7194	0
7195	0
7196	2
7197	0
7198	1
7199	0
7200	1
7201	0
7202	0
7203	0
7204	0
7205	1
7206	0
7207	1
7208	1
7209	0
7210	0
7211	0
7212	0
7213	0
7214	0
7215	0
7216	0
7217	0
7218	0
7219	0
7220	1
7221	0
7222	0
7223	0
7224	0
7225	0
7226	1
7227	1
7228	0
7229	0
7230	0
7231	1
7232	0
7233	0
7234	0
7235	0
7236	0
7237	1
7238	0
7239	0
7240	1
7241	0
7242	2
7243	1
7244	1
7245	0
7246	0
7247	0
7248	0
7249	0
7250	2
7251	0
7252	1
7253	0
7254	0
7255	1
7256	0
7257	0
7258	0
7259	0
7260	1
7261	1
7262	0
7263	0
7264	1
7265	0
7266	0
7267	0
7268	0
7269	2
7270	2
7271	0
7272	0
7273	0
7274	0
7275	1
7276	0
7277	0
7278	0
7279	0
7280	0
7281	0
7282	1
7283	0
7284	0
7285	0
7286	1
7287	0
7288	0
7289	0
7290	0
7291	0
7292	0
7293	0
7294	0
7295	0
7296	0
7297	0
7298	0
7299	0
7300	1
7301	1
7302	0
7303	0
7304	0
7305	0
7306	0
7307	0
7308	0
7309	0
7310	0
7311	0
7312	0
7313	1
7314	0
7315	0
7316	0
7317	0
7318	0
7319	0
7320	0
7321	1
7322	0
7323	0
7324	0
7325	0
7326	0
7327	0
7328	0
7329	0
7330	1
7331	0
7332	0
7333	0
7334	0
7335	1
7336	0
7337	0
7338	0
7339	0
7340	0
7341	0
7342	0
7343	0
7344	1
7345	1
7346	0
7347	1
7348	0
7349	1
7350	0
7351	0
7352	0
7353	0
7354	0
7355	0
7356	0
7357	0
7358	1
7359	1
7360	0
7361	0
7362	1
7363	1
7364	0
7365	0
7366	1
7367	0
7368	0
7369	0
7370	0
7371	1
7372	0
7373	1
7374	0
7375	0
7376	0
7377	1
7378	1
7379	1
7380	0
7381	0
7382	0
7383	1
7384	0
7385	0
7386	0
7387	0
7388	0
7389	0
7390	0
7391	1
7392	0
7393	0
7394	1
7395	0
7396	0
7397	0
7398	0
7399	0
7400	0
7401	0
7402	1
7403	0
7404	0
7405	0
7406	0
7407	0
7408	0
7409	0
7410	0
7411	0
7412	0
7413	0
7414	0
7415	0
7416	0
7417	1
7418	0
7419	1
7420	0
7421	0
7422	0
7423	1
7424	0
7425	0
7426	0
7427	0
7428	0
7429	0
7430	1
7431	0
7432	0
7433	1
7434	0
7435	0
7436	0
7437	0
7438	0
7439	0
7440	0
7441	0
7442	0
7443	2
7444	0
7445	1
7446	1
7447	0
7448	0
7449	0
7450	0
7451	0
7452	0
7453	0
7454	0
7455	0
7456	1
7457	0
7458	0
7459	0
7460	0
7461	0
7462	0
7463	0
7464	0
7465	0
7466	0
7467	0
7468	0
7469	1
7470	0
7471	0
7472	0
7473	0
7474	1
7475	0
7476	0
7477	1
7478	0
7479	0
7480	0
7481	2
7482	0
7483	1
7484	1
7485	0
7486	0
7487	0
7488	0
7489	1
7490	0
7491	0
7492	0
7493	0
7494	0
7495	0
7496	0
7497	2
7498	0
7499	0
7500	1
7501	0
7502	0
7503	0
7504	0
7505	0
7506	1
7507	1
7508	0
7509	0
7510	0
7511	2
7512	0
7513	0
7514	1
7515	0
7516	0
7517	0
7518	2
7519	0
7520	0
7521	1
7522	1
7523	0
7524	1
7525	0
7526	0
7527	0
7528	0
7529	0
7530	0
7531	1
7532	0
7533	0
7534	1
7535	1
7536	0
7537	0
7538	0
7539	0
7540	0
7541	0
7542	0
7543	0
7544	0
7545	1
7546	0
7547	0
7548	0
7549	0
7550	0
7551	0
7552	0
7553	0
7554	0
7555	0
7556	0
7557	0
7558	0
7559	1
7560	1
7561	1
7562	0
7563	0
7564	0
7565	1
7566	0
7567	0
7568	1
7569	0
7570	0
7571	0
7572	0
7573	1
7574	0
7575	0
7576	0
7577	1
7578	1
7579	0
7580	1
7581	1
7582	0
7583	0
7584	0
7585	0
7586	0
7587	0
7588	0
7589	2
7590	0
7591	1
7592	0
7593	0
7594	0
7595	0
7596	1
7597	0
7598	0
7599	0
7600	0
7601	0
7602	1
7603	0
7604	1
7605	0
7606	1
7607	1
7608	0
7609	0
7610	0
7611	1
7612	0
7613	0
7614	0
7615	0
7616	0
7617	0
7618	0
7619	0
7620	0
7621	0
7622	0
7623	0
7624	0
7625	1
7626	0
7627	0
7628	0
7629	0
7630	0
7631	0
7632	0
7633	0
7634	0
7635	0
7636	0
7637	1
7638	1
7639	0
7640	0
7641	0
7642	0
7643	0
7644	0
7645	0
7646	0
7647	0
7648	0
7649	0
7650	0
7651	0
7652	0
7653	0
7654	0
7655	0
7656	0
7657	0
7658	0
7659	1
7660	1
7661	0
7662	0
7663	1
7664	0
7665	0
7666	1
7667	0
7668	0
7669	0
7670	0
7671	2
7672	0
7673	0
7674	0
7675	1
7676	0
7677	0
7678	1
7679	0
7680	0
7681	2
7682	0
7683	0
7684	0
7685	0
7686	0
7687	0
7688	0
7689	0
7690	0
7691	1
7692	0
7693	0
7694	0
7695	0
7696	0
7697	0
7698	0
7699	1
7700	0
7701	0
7702	0
7703	0
7704	0
7705	0
7706	0
7707	0
7708	0
7709	0
7710	0
7711	0
7712	0
7713	0
7714	0
7715	1
7716	0
7717	0
7718	0
7719	0
7720	0
7721	0
7722	0
7723	0
7724	0
7725	0
7726	0
7727	0
7728	0
7729	1
7730	0
7731	0
7732	1
7733	1
7734	0
7735	0
7736	0
7737	0
7738	0
7739	0
7740	0
7741	0
7742	0
7743	0
7744	1
7745	0
7746	0
7747	0
7748	0
7749	1
7750	0
7751	0
7752	0
7753	1
7754	0
7755	0
7756	0
7757	0
7758	0
7759	1
7760	0
7761	0
7762	0
7763	0
7764	0
7765	1
7766	0
7767	0
7768	0
7769	0
7770	0
7771	0
7772	0
7773	0
7774	0
7775	0
7776	0
7777	0
7778	1
7779	0
7780	1
7781	0
7782	1
7783	0
7784	1
7785	1
7786	0
7787	0
7788	0
7789	1
7790	0
7791	0
7792	0
7793	0
7794	0
7795	0
7796	0
7797	0
7798	1
7799	0
7800	0
7801	0
7802	0
7803	0
7804	0
7805	0
7806	0
7807	0
7808	1
7809	0
7810	0
7811	0
7812	0
7813	0
7814	1
7815	0
7816	0
7817	0
7818	0
7819	1
7820	0
7821	0
7822	0
7823	0
7824	1
7825	0
7826	0
7827	0
7828	0
7829	0
7830	0
7831	0
7832	0
7833	2
7834	1
7835	0
7836	0
7837	0
7838	0
7839	0
7840	0
7841	0
7842	0
7843	0
7844	0
7845	0
7846	1
7847	2
7848	0
7849	0
7850	0
7851	0
7852	0
7853	0
7854	0
7855	0
7856	0
7857	0
7858	1
7859	0
7860	0
7861	0
7862	0
7863	0
7864	0
7865	0
7866	0
7867	0
7868	0
7869	0
7870	0
7871	0
7872	0
7873	0
7874	1
7875	0
7876	0
7877	0
7878	0
7879	0
7880	1
7881	1
7882	0
7883	0
7884	0
7885	0
7886	0
7887	0
7888	2
7889	1
7890	0
7891	0
7892	0
7893	0
7894	0
7895	0
7896	0
7897	0
7898	1
7899	1
7900	0
7901	1
7902	0
7903	0
7904	1
7905	0
7906	0
7907	0
7908	0
7909	0
7910	0
7911	0
7912	0
7913	0
7914	0
7915	0
7916	0
7917	0
7918	0
7919	0
7920	0
7921	0
7922	0
7923	0
7924	0
7925	0
7926	0
7927	0
7928	0
7929	0
7930	0
7931	0
7932	0
7933	0
7934	0
7935	0
7936	0
7937	0
7938	0
7939	0
7940	0
7941	0
7942	0
7943	0
7944	0
7945	0
7946	0
7947	0
7948	0
7949	0
7950	0
7951	0
7952	0
7953	0
7954	0
7955	0
7956	0
7957	0
7958	0
7959	0
7960	0
7961	0
7962	0
7963	0
7964	0
7965	0
7966	0
7967	0
7968	0
7969	0
7970	0
7971	0
7972	0
7973	0
7974	0
7975	0
7976	0
7977	0
7978	0
7979	0
7980	0
7981	0
7982	0
7983	0
7984	0
7985	0
7986	0
7987	0
7988	0
7989	0
7990	0
7991	0
7992	0
7993	0
7994	0
7995	0
7996	0
7997	0
7998	0
7999	0
8000	0
8001	0
8002	0
8003	0
8004	0
8005	0
8006	0
8007	0
8008	0
8009	0
8010	0
8011	0
8012	0
8013	0
8014	0
8015	0
8016	0
8017	0
8018	0
8019	0
8020	0
8021	0
8022	0
8023	0
8024	0
8025	0
8026	0
8027	0
8028	0
8029	0
8030	0
8031	0
8032	0
8033	0
8034	0
8035	0
8036	0
8037	0
8038	0
8039	0
8040	0
8041	0
8042	0
8043	0
8044	0
8045	0
8046	0
8047	0
8048	0
8049	0
8050	0
8051	0
8052	0
8053	0
8054	0
8055	0
8056	0
8057	0
8058	0
8059	0
8060	0
8061	0
8062	0
8063	0
8064	0
8065	0
8066	0
8067	0
8068	0
8069	0
8070	0
8071	0
8072	0
8073	0
8074	0
8075	0
8076	0
8077	0
8078	0
8079	0
8080	0
8081	0
8082	0
8083	0
8084	0
8085	0
8086	0
8087	0
8088	0
8089	0
8090	0
8091	0
8092	0
8093	0
8094	0
8095	0
8096	0
8097	0
8098	0
8099	0
8100	0
8101	0
8102	0
8103	0
8104	0
8105	0
8106	0
8107	0
8108	0
8109	0
8110	0
8111	0
8112	0
8113	0
8114	0
8115	0
8116	0
8117	0
8118	0
8119	0
8120	0
8121	0
8122	0
8123	0
8124	0
8125	0
8126	0
8127	0
8128	0
8129	0
8130	0
8131	0
8132	0
8133	0
8134	0
8135	0
8136	0
8137	0
8138	0
8139	0
8140	0
8141	0
8142	0
8143	0
8144	0
8145	0
8146	0
8147	0
8148	0
8149	0
8150	0
8151	0
8152	0
8153	0
8154	0
8155	0
8156	0
8157	0
8158	0
8159	0
8160	0
8161	0
8162	0
8163	0
8164	0
8165	0
8166	0
8167	0
8168	0
8169	0
8170	0
8171	0
8172	0
8173	0
8174	0
8175	0
8176	0
8177	0
8178	0
8179	0
8180	0
8181	0
8182	0
8183	0
8184	0
8185	0
8186	0
8187	0
8188	0
8189	0
8190	0
8191	0
