0	0
1	0
2	0
3	0
4	0
5	0
6	0
7	0
8	0
9	0
10	0
11	0
12	0
13	0
14	0
15	0
16	0
17	0
18	0
19	0
20	0
21	0
22	0
23	0
24	0
25	0
26	0
27	0
28	0
29	0
30	0
31	0
32	0
33	0
34	0
35	0
36	0
37	0
38	0
39	0
40	0
41	0
42	0
43	0
44	0
45	0
46	0
47	0
48	0
49	0
50	0
51	0
52	0
53	0
54	0
55	0
56	0
57	0
58	0
59	0
60	0
61	0
62	0
63	0
64	0
65	0
66	0
67	0
68	0
69	0
70	0
71	0
72	0
73	0
74	0
75	0
76	0
77	0
78	0
79	1
80	0
81	1
82	0
83	1
84	10
85	16
86	19
87	11
88	7
89	16
90	12
91	14
92	16
93	12
94	10
95	13
96	17
97	16
98	12
99	15
100	15
101	10
102	9
103	17
104	16
105	12
106	17
107	7
108	13
109	21
110	9
111	12
112	13
113	13
114	15
115	11
116	8
117	13
118	9
119	15
120	13
121	11
122	17
123	12
124	25
125	17
126	12
127	14
128	15
129	18
130	14
131	11
132	15
133	13
134	15
135	5
136	8
137	16
138	15
139	14
140	8
141	14
142	18
143	14
144	10
145	8
146	13
147	13
148	13
149	8
150	14
151	12
152	12
153	19
154	26
155	17
156	20
157	9
158	8
159	14
160	12
161	9
162	6
163	12
164	8
165	19
166	18
167	9
168	18
169	6
170	13
171	9
172	14
173	16
174	14
175	12
176	15
177	15
178	18
179	12
180	18
181	12
182	8
183	16
184	14
185	10
186	11
187	10
188	13
189	9
190	13
191	10
192	12
193	9
194	11
195	10
196	12
197	14
198	15
199	17
200	16
201	17
202	13
203	15
204	15
205	9
206	15
207	11
208	16
209	16
210	12
211	17
212	18
213	21
214	14
215	16
216	13
217	20
218	11
219	11
220	10
221	24
222	17
223	13
224	15
225	15
226	18
227	17
228	9
229	16
230	12
231	16
232	15
233	11
234	10
235	16
236	11
237	15
238	16
239	17
240	8
241	13
242	12
243	18
244	10
245	13
246	18
247	15
248	14
249	14
250	17
251	9
252	15
253	16
254	15
255	10
256	16
257	9
258	15
259	7
260	10
261	11
262	10
263	14
264	11
265	19
266	18
267	10
268	13
269	13
270	7
271	21
272	9
273	16
274	19
275	15
276	19
277	13
278	21
279	15
280	13
281	13
282	16
283	22
284	15
285	20
286	17
287	16
288	14
289	12
290	21
291	17
292	15
293	16
294	10
295	13
296	20
297	10
298	20
299	10
300	17
301	16
302	14
303	16
304	17
305	19
306	25
307	11
308	22
309	16
310	17
311	11
312	12
313	19
314	10
315	17
316	20
317	16
318	17
319	12
320	10
321	15
322	9
323	13
324	13
325	9
326	16
327	21
328	19
329	10
330	15
331	16
332	18
333	12
334	16
335	7
336	16
337	11
338	15
339	18
340	17
341	16
342	24
343	14
344	20
345	14
346	14
347	19
348	14
349	12
350	21
351	12
352	23
353	8
354	17
355	11
356	17
357	18
358	23
359	21
360	15
361	14
362	19
363	12
364	13
365	14
366	9
367	12
368	18
369	21
370	13
371	17
372	10
373	13
374	15
375	13
376	10
377	19
378	20
379	16
380	21
381	10
382	16
383	15
384	14
385	11
386	18
387	21
388	21
389	20
390	15
391	13
392	13
393	25
394	13
395	12
396	22
397	11
398	18
399	23
400	22
401	17
402	24
403	15
404	21
405	11
406	7
407	14
408	16
409	9
410	18
411	18
412	17
413	21
414	18
415	13
416	19
417	19
418	15
419	26
420	11
421	19
422	23
423	15
424	23
425	18
426	8
427	17
428	19
429	19
430	15
431	12
432	21
433	14
434	17
435	21
436	21
437	16
438	21
439	21
440	19
441	16
442	16
443	19
444	17
445	12
446	20
447	19
448	16
449	22
450	20
451	21
452	20
453	22
454	23
455	23
456	17
457	20
458	14
459	20
460	30
461	17
462	25
463	26
464	17
465	31
466	24
467	29
468	42
469	18
470	23
471	19
472	28
473	27
474	28
475	16
476	20
477	26
478	24
479	32
480	26
481	22
482	26
483	23
484	18
485	25
486	28
487	30
488	32
489	27
490	25
491	31
492	28
493	33
494	24
495	34
496	39
497	33
498	28
499	21
500	39
501	40
502	30
503	38
504	36
505	32
506	28
507	38
508	31
509	27
510	39
511	33
512	28
513	26
514	21
515	29
516	32
517	32
518	32
519	32
520	25
521	36
522	23
523	36
524	22
525	31
526	31
527	26
528	31
529	35
530	32
531	31
532	24
533	35
534	34
535	32
536	28
537	30
538	33
539	26
540	24
541	26
542	18
543	25
544	36
545	25
546	37
547	27
548	31
549	28
550	23
551	18
552	15
553	38
554	29
555	29
556	19
557	19
558	24
559	34
560	28
561	27
562	25
563	22
564	30
565	32
566	29
567	28
568	26
569	31
570	27
571	28
572	22
573	24
574	22
575	18
576	29
577	23
578	21
579	29
580	17
581	20
582	28
583	25
584	31
585	27
586	28
587	21
588	29
589	22
590	28
591	20
592	29
593	27
594	28
595	23
596	18
597	27
598	25
599	28
600	25
601	24
602	23
603	19
604	25
605	27
606	32
607	23
608	34
609	30
610	21
611	24
612	24
613	18
614	32
615	23
616	23
617	27
618	17
619	24
620	22
621	27
622	18
623	27
624	15
625	19
626	17
627	12
628	20
629	22
630	24
631	21
632	23
633	18
634	17
635	18
636	22
637	20
638	24
639	20
640	17
641	19
642	24
643	21
644	17
645	24
646	15
647	19
648	17
649	28
650	19
651	22
652	25
653	28
654	16
655	26
656	24
657	14
658	25
659	18
660	20
661	31
662	23
663	22
664	22
665	22
666	20
667	27
668	21
669	16
670	32
671	17
672	22
673	24
674	16
675	20
676	19
677	21
678	27
679	18
680	23
681	16
682	27
683	23
684	23
685	17
686	20
687	20
688	27
689	23
690	31
691	23
692	15
693	21
694	20
695	18
696	18
697	22
698	25
699	28
700	20
701	30
702	24
703	30
704	21
705	16
706	27
707	24
708	18
709	28
710	27
711	25
712	22
713	19
714	15
715	22
716	24
717	16
718	28
719	24
720	25
721	22
722	22
723	29
724	26
725	25
726	18
727	15
728	21
729	29
730	29
731	21
732	21
733	25
734	21
735	27
736	22
737	22
738	21
739	28
740	16
741	19
742	34
743	24
744	28
745	33
746	30
747	14
748	30
749	24
750	25
751	15
752	22
753	21
754	27
755	26
756	29
757	17
758	22
759	29
760	33
761	22
762	23
763	25
764	24
765	18
766	27
767	17
768	28
769	32
770	24
771	26
772	28
773	20
774	30
775	34
776	23
777	19
778	32
779	25
780	23
781	28
782	34
783	23
784	22
785	25
786	30
787	31
788	26
789	35
790	26
791	28
792	24
793	30
794	19
795	24
796	17
797	29
798	23
799	23
800	26
801	33
802	30
803	22
804	24
805	29
806	30
807	29
808	19
809	34
810	29
811	19
812	30
813	22
814	16
815	35
816	25
817	24
818	22
819	21
820	21
821	27
822	28
823	24
824	27
825	23
826	23
827	28
828	29
829	31
830	27
831	22
832	31
833	20
834	24
835	27
836	22
837	30
838	25
839	22
840	33
841	26
842	36
843	23
844	27
845	28
846	34
847	32
848	28
849	28
850	33
851	36
852	20
853	27
854	36
855	23
856	31
857	33
858	22
859	32
860	32
861	24
862	30
863	39
864	37
865	26
866	25
867	35
868	22
869	31
870	30
871	30
872	31
873	23
874	28
875	26
876	37
877	32
878	31
879	36
880	26
881	38
882	29
883	32
884	18
885	29
886	35
887	37
888	37
889	41
890	31
891	30
892	32
893	24
894	34
895	28
896	32
897	37
898	41
899	27
900	32
901	31
902	27
903	28
904	31
905	26
906	34
907	29
908	22
909	27
910	32
911	34
912	27
913	38
914	26
915	30
916	37
917	29
918	27
919	28
920	33
921	35
922	19
923	40
924	30
925	30
926	26
927	34
928	31
929	39
930	23
931	32
932	35
933	40
934	35
935	39
936	34
937	31
938	28
939	29
940	40
941	26
942	36
943	31
944	38
945	36
946	32
947	26
948	37
949	24
950	26
951	25
952	20
953	41
954	41
955	31
956	30
957	39
958	28
959	29
960	37
961	47
962	36
963	29
964	35
965	26
966	42
967	27
968	40
969	33
970	25
971	29
972	28
973	41
974	36
975	32
976	34
977	29
978	33
979	32
980	30
981	27
982	39
983	31
984	40
985	25
986	45
987	41
988	31
989	29
990	30
991	33
992	31
993	40
994	37
995	34
996	35
997	25
998	38
999	32
1000	29
1001	35
1002	36
1003	31
1004	28
1005	27
1006	37
1007	37
1008	29
1009	34
1010	37
1011	32
1012	29
1013	26
1014	34
1015	43
1016	34
1017	34
1018	38
1019	27
1020	35
1021	44
1022	28
1023	33
1024	25
1025	42
1026	50
1027	33
1028	35
1029	34
1030	41
1031	36
1032	32
1033	37
1034	40
1035	44
1036	32
1037	31
1038	33
1039	37
1040	41
1041	20
1042	23
1043	43
1044	36
1045	30
1046	37
1047	34
1048	38
1049	33
1050	27
1051	35
1052	33
1053	47
1054	32
1055	27
1056	39
1057	34
1058	28
1059	33
1060	39
1061	36
1062	25
1063	43
1064	29
1065	35
1066	45
1067	43
1068	37
1069	36
1070	40
1071	25
1072	39
1073	21
1074	29
1075	33
1076	31
1077	43
1078	44
1079	43
1080	38
1081	37
1082	47
1083	40
1084	39
1085	42
1086	42
1087	37
1088	33
1089	41
1090	37
1091	49
1092	39
1093	39
1094	29
1095	42
1096	39
1097	43
1098	27
1099	42
1100	44
1101	34
1102	39
1103	36
1104	43
1105	42
1106	23
1107	47
1108	47
1109	46
1110	27
1111	30
1112	38
1113	34
1114	34
1115	33
1116	25
1117	34
1118	27
1119	44
1120	27
1121	44
1122	45
1123	39
1124	35
1125	39
1126	34
1127	40
1128	24
1129	49
1130	37
1131	40
1132	32
1133	30
1134	41
1135	41
1136	35
1137	42
1138	37
1139	22
1140	37
1141	33
1142	30
1143	40
1144	42
1145	47
1146	43
1147	25
1148	43
1149	40
1150	32
1151	39
1152	53
1153	36
1154	32
1155	33
1156	35
1157	27
1158	38
1159	40
1160	40
1161	38
1162	37
1163	38
1164	40
1165	45
1166	29
1167	40
1168	51
1169	41
1170	35
1171	40
1172	37
1173	41
1174	42
1175	43
1176	37
1177	36
1178	34
1179	37
1180	39
1181	35
1182	29
1183	42
1184	27
1185	45
1186	34
1187	43
1188	45
1189	29
1190	47
1191	36
1192	48
1193	38
1194	48
1195	42
1196	36
1197	34
1198	40
1199	26
1200	39
1201	33
1202	45
1203	39
1204	54
1205	47
1206	41
1207	37
1208	38
1209	37
1210	47
1211	38
1212	32
1213	26
1214	53
1215	38
1216	36
1217	34
1218	35
1219	33
1220	33
1221	37
1222	40
1223	46
1224	44
1225	39
1226	28
1227	48
1228	42
1229	34
1230	40
1231	44
1232	39
1233	44
1234	35
1235	49
1236	35
1237	29
1238	42
1239	42
1240	44
1241	39
1242	42
1243	31
1244	40
1245	37
1246	32
1247	41
1248	47
1249	39
1250	34
1251	41
1252	36
1253	45
1254	33
1255	34
1256	36
1257	31
1258	32
1259	46
1260	28
1261	37
1262	47
1263	40
1264	42
1265	51
1266	48
1267	51
1268	32
1269	39
1270	40
1271	43
1272	46
1273	35
1274	43
1275	46
1276	40
1277	48
1278	35
1279	34
1280	49
1281	50
1282	35
1283	34
1284	44
1285	46
1286	39
1287	41
1288	40
1289	39
1290	54
1291	33
1292	40
1293	48
1294	46
1295	39
1296	33
1297	33
1298	45
1299	54
1300	34
1301	45
1302	37
1303	58
1304	46
1305	36
1306	40
1307	42
1308	43
1309	34
1310	40
1311	38
1312	50
1313	42
1314	37
1315	44
1316	52
1317	32
1318	50
1319	36
1320	46
1321	49
1322	40
1323	46
1324	37
1325	67
1326	37
1327	38
1328	38
1329	45
1330	38
1331	45
1332	54
1333	33
1334	47
1335	41
1336	52
1337	31
1338	40
1339	39
1340	41
1341	49
1342	45
1343	40
1344	53
1345	43
1346	49
1347	46
1348	34
1349	40
1350	40
1351	52
1352	51
1353	52
1354	53
1355	49
1356	39
1357	40
1358	46
1359	49
1360	38
1361	45
1362	41
1363	44
1364	55
1365	36
1366	43
1367	40
1368	41
1369	49
1370	49
1371	45
1372	45
1373	58
1374	47
1375	59
1376	48
1377	41
1378	42
1379	47
1380	36
1381	40
1382	56
1383	54
1384	53
1385	52
1386	46
1387	49
1388	55
1389	42
1390	39
1391	52
1392	42
1393	44
1394	47
1395	51
1396	47
1397	56
1398	49
1399	43
1400	49
1401	48
1402	49
1403	48
1404	49
1405	36
1406	53
1407	51
1408	50
1409	61
1410	54
1411	49
1412	55
1413	56
1414	58
1415	54
1416	59
1417	56
1418	52
1419	53
1420	59
1421	47
1422	45
1423	48
1424	60
1425	59
1426	49
1427	50
1428	44
1429	57
1430	49
1431	61
1432	65
1433	56
1434	39
1435	48
1436	42
1437	52
1438	48
1439	50
1440	43
1441	42
1442	59
1443	45
1444	59
1445	50
1446	37
1447	57
1448	72
1449	53
1450	52
1451	45
1452	55
1453	57
1454	55
1455	53
1456	61
1457	56
1458	41
1459	53
1460	64
1461	48
1462	47
1463	49
1464	56
1465	45
1466	55
1467	56
1468	33
1469	50
1470	49
1471	40
1472	56
1473	56
1474	40
1475	56
1476	44
1477	39
1478	59
1479	45
1480	35
1481	44
1482	47
1483	37
1484	47
1485	42
1486	45
1487	47
1488	48
1489	50
1490	49
1491	47
1492	47
1493	72
1494	47
1495	39
1496	44
1497	38
1498	46
1499	43
1500	48
1501	50
1502	40
1503	43
1504	52
1505	47
1506	46
1507	46
1508	37
1509	32
1510	42
1511	47
1512	47
1513	39
1514	57
1515	37
1516	47
1517	44
1518	34
1519	38
1520	46
1521	38
1522	36
1523	49
1524	42
1525	35
1526	55
1527	42
1528	47
1529	34
1530	46
1531	38
1532	37
1533	45
1534	41
1535	34
1536	39
1537	40
1538	39
1539	43
1540	50
1541	47
1542	41
1543	43
1544	36
1545	30
1546	44
1547	34
1548	41
1549	41
1550	38
1551	42
1552	46
1553	37
1554	29
1555	38
1556	30
1557	41
1558	35
1559	41
1560	31
1561	38
1562	42
1563	27
1564	39
1565	35
1566	29
1567	42
1568	33
1569	42
1570	32
1571	47
1572	29
1573	39
1574	32
1575	31
1576	29
1577	35
1578	39
1579	25
1580	35
1581	33
1582	29
1583	38
1584	31
1585	34
1586	33
1587	37
1588	36
1589	25
1590	34
1591	32
1592	30
1593	45
1594	34
1595	31
1596	32
1597	31
1598	32
1599	22
1600	35
1601	32
1602	23
1603	24
1604	26
1605	30
1606	30
1607	41
1608	37
1609	34
1610	29
1611	28
1612	26
1613	24
1614	27
1615	23
1616	40
1617	27
1618	29
1619	33
1620	27
1621	33
1622	37
1623	20
1624	30
1625	33
1626	29
1627	30
1628	37
1629	30
1630	33
1631	28
1632	25
1633	36
1634	26
1635	38
1636	39
1637	20
1638	22
1639	26
1640	23
1641	21
1642	22
1643	27
1644	38
1645	38
1646	25
1647	36
1648	23
1649	25
1650	17
1651	28
1652	15
1653	37
1654	19
1655	24
1656	32
1657	19
1658	22
1659	35
1660	25
1661	24
1662	27
1663	21
1664	23
1665	19
1666	35
1667	22
1668	24
1669	31
1670	36
1671	19
1672	13
1673	35
1674	20
1675	35
1676	34
1677	19
1678	32
1679	20
1680	21
1681	25
1682	22
1683	26
1684	18
1685	20
1686	20
1687	14
1688	26
1689	29
1690	23
1691	26
1692	30
1693	26
1694	18
1695	18
1696	31
1697	29
1698	22
1699	28
1700	24
1701	18
1702	28
1703	24
1704	24
1705	25
1706	24
1707	25
1708	24
1709	31
1710	25
1711	27
1712	24
1713	23
1714	20
1715	24
1716	21
1717	21
1718	19
1719	24
1720	32
1721	30
1722	22
1723	25
1724	17
1725	20
1726	18
1727	13
1728	19
1729	17
1730	27
1731	21
1732	24
1733	35
1734	29
1735	25
1736	24
1737	32
1738	27
1739	18
1740	17
1741	29
1742	16
1743	32
1744	27
1745	29
1746	26
1747	24
1748	21
1749	27
1750	22
1751	25
1752	21
1753	29
1754	27
1755	17
1756	18
1757	28
1758	28
1759	26
1760	26
1761	25
1762	22
1763	20
1764	24
1765	22
1766	24
1767	26
1768	22
1769	23
1770	20
1771	16
1772	29
1773	18
1774	26
1775	18
1776	23
1777	21
1778	20
1779	21
1780	15
1781	24
1782	21
1783	26
1784	17
1785	30
1786	32
1787	31
1788	21
1789	18
1790	24
1791	24
1792	20
1793	23
1794	23
1795	19
1796	20
1797	19
1798	20
1799	19
1800	15
1801	24
1802	22
1803	31
1804	14
1805	33
1806	20
1807	21
1808	18
1809	20
1810	12
1811	21
1812	22
1813	17
1814	15
1815	22
1816	25
1817	21
1818	23
1819	21
1820	22
1821	18
1822	21
1823	20
1824	18
1825	20
1826	22
1827	23
1828	15
1829	9
1830	18
1831	15
1832	23
1833	17
1834	16
1835	21
1836	13
1837	28
1838	16
1839	20
1840	26
1841	20
1842	21
1843	26
1844	19
1845	22
1846	16
1847	19
1848	14
1849	21
1850	24
1851	15
1852	16
1853	22
1854	26
1855	23
1856	16
1857	24
1858	20
1859	18
1860	26
1861	32
1862	21
1863	26
1864	32
1865	20
1866	20
1867	25
1868	27
1869	22
1870	21
1871	18
1872	14
1873	19
1874	16
1875	14
1876	16
1877	24
1878	18
1879	16
1880	21
1881	17
1882	23
1883	18
1884	16
1885	23
1886	29
1887	19
1888	22
1889	20
1890	16
1891	21
1892	19
1893	21
1894	19
1895	17
1896	19
1897	17
1898	15
1899	27
1900	25
1901	16
1902	17
1903	24
1904	25
1905	15
1906	30
1907	15
1908	19
1909	19
1910	29
1911	19
1912	20
1913	23
1914	15
1915	17
1916	16
1917	25
1918	26
1919	19
1920	21
1921	19
1922	26
1923	19
1924	18
1925	21
1926	19
1927	27
1928	15
1929	30
1930	23
1931	28
1932	18
1933	20
1934	21
1935	18
1936	18
1937	18
1938	21
1939	23
1940	22
1941	17
1942	16
1943	17
1944	23
1945	22
1946	20
1947	16
1948	25
1949	18
1950	19
1951	19
1952	25
1953	18
1954	12
1955	28
1956	19
1957	17
1958	25
1959	22
1960	10
1961	16
1962	13
1963	22
1964	18
1965	25
1966	18
1967	16
1968	12
1969	17
1970	23
1971	17
1972	16
1973	21
1974	15
1975	22
1976	20
1977	10
1978	13
1979	16
1980	14
1981	41
1982	18
1983	28
1984	16
1985	17
1986	12
1987	14
1988	18
1989	16
1990	14
1991	13
1992	21
1993	18
1994	21
1995	13
1996	18
1997	18
1998	26
1999	20
2000	20
2001	23
2002	19
2003	21
2004	17
2005	23
2006	20
2007	21
2008	18
2009	16
2010	18
2011	17
2012	23
2013	15
2014	14
2015	14
2016	27
2017	19
2018	14
2019	12
2020	26
2021	17
2022	23
2023	21
2024	19
2025	22
2026	18
2027	13
2028	20
2029	18
2030	21
2031	15
2032	21
2033	20
2034	22
2035	25
2036	20
2037	26
2038	16
2039	12
2040	17
2041	23
2042	18
2043	25
2044	18
2045	16
2046	33
2047	17
2048	22
2049	11
2050	27
2051	21
2052	22
2053	18
2054	14
2055	16
2056	23
2057	15
2058	21
2059	28
2060	15
2061	12
2062	14
2063	22
2064	21
2065	23
2066	17
2067	21
2068	26
2069	23
2070	17
2071	23
2072	17
2073	17
2074	8
2075	27
2076	20
2077	25
2078	20
2079	20
2080	22
2081	20
2082	19
2083	25
2084	16
2085	18
2086	21
2087	28
2088	15
2089	23
2090	23
2091	13
2092	22
2093	25
2094	18
2095	25
2096	22
2097	19
2098	27
2099	30
2100	22
2101	19
2102	20
2103	23
2104	25
2105	20
2106	27
2107	27
2108	29
2109	32
2110	19
2111	24
2112	15
2113	29
2114	28
2115	29
2116	15
2117	26
2118	21
2119	24
2120	14
2121	17
2122	24
2123	17
2124	21
2125	19
2126	19
2127	26
2128	28
2129	27
2130	19
2131	20
2132	21
2133	26
2134	17
2135	18
2136	23
2137	27
2138	22
2139	23
2140	15
2141	37
2142	24
2143	27
2144	23
2145	23
2146	26
2147	22
2148	20
2149	16
2150	34
2151	26
2152	28
2153	24
2154	18
2155	24
2156	23
2157	16
2158	32
2159	24
2160	17
2161	29
2162	22
2163	10
2164	29
2165	25
2166	33
2167	20
2168	29
2169	31
2170	23
2171	24
2172	28
2173	31
2174	21
2175	29
2176	29
2177	22
2178	35
2179	23
2180	29
2181	17
2182	28
2183	24
2184	23
2185	15
2186	29
2187	27
2188	31
2189	29
2190	33
2191	24
2192	35
2193	28
2194	37
2195	24
2196	42
2197	32
2198	38
2199	19
2200	24
2201	23
2202	27
2203	25
2204	26
2205	31
2206	25
2207	23
2208	37
2209	29
2210	25
2211	34
2212	27
2213	42
2214	28
2215	19
2216	28
2217	33
2218	39
2219	29
2220	29
2221	24
2222	26
2223	39
2224	29
2225	21
2226	32
2227	40
2228	33
2229	35
2230	30
2231	26
2232	39
2233	42
2234	28
2235	21
2236	31
2237	28
2238	28
2239	23
2240	30
2241	27
2242	25
2243	35
2244	36
2245	22
2246	28
2247	32
2248	36
2249	30
2250	36
2251	33
2252	34
2253	34
2254	33
2255	35
2256	33
2257	22
2258	29
2259	27
2260	21
2261	29
2262	21
2263	33
2264	34
2265	38
2266	25
2267	28
2268	35
2269	34
2270	31
2271	30
2272	41
2273	31
2274	32
2275	43
2276	28
2277	30
2278	15
2279	31
2280	32
2281	28
2282	38
2283	38
2284	26
2285	34
2286	39
2287	40
2288	22
2289	37
2290	18
2291	36
2292	39
2293	30
2294	30
2295	35
2296	35
2297	34
2298	40
2299	27
2300	33
2301	37
2302	43
2303	37
2304	41
2305	25
2306	37
2307	43
2308	30
2309	44
2310	35
2311	44
2312	36
2313	46
2314	33
2315	33
2316	31
2317	42
2318	26
2319	35
2320	37
2321	35
2322	50
2323	44
2324	41
2325	42
2326	31
2327	46
2328	49
2329	41
2330	35
2331	46
2332	34
2333	37
2334	33
2335	40
2336	37
2337	37
2338	38
2339	32
2340	37
2341	39
2342	38
2343	40
2344	36
2345	50
2346	42
2347	32
2348	27
2349	37
2350	40
2351	35
2352	26
2353	54
2354	36
2355	22
2356	39
2357	33
2358	40
2359	29
2360	34
2361	38
2362	25
2363	45
2364	51
2365	27
2366	45
2367	41
2368	29
2369	34
2370	36
2371	37
2372	36
2373	47
2374	44
2375	37
2376	43
2377	41
2378	34
2379	35
2380	37
2381	38
2382	43
2383	38
2384	33
2385	43
2386	44
2387	36
2388	36
2389	29
2390	41
2391	37
2392	32
2393	36
2394	33
2395	40
2396	35
2397	32
2398	43
2399	26
2400	33
2401	37
2402	46
2403	33
2404	40
2405	39
2406	27
2407	31
2408	34
2409	28
2410	33
2411	33
2412	37
2413	41
2414	26
2415	34
2416	34
2417	33
2418	36
2419	36
2420	32
2421	31
2422	33
2423	42
2424	30
2425	26
2426	35
2427	37
2428	32
2429	29
2430	38
2431	39
2432	31
2433	30
2434	34
2435	32
2436	37
2437	37
2438	36
2439	33
2440	36
2441	32
2442	21
2443	43
2444	35
2445	26
2446	31
2447	39
2448	30
2449	31
2450	35
2451	32
2452	36
2453	34
2454	40
2455	30
2456	22
2457	37
2458	33
2459	33
2460	28
2461	28
2462	33
2463	45
2464	33
2465	28
2466	30
2467	23
2468	38
2469	30
2470	48
2471	38
2472	24
2473	35
2474	26
2475	38
2476	38
2477	29
2478	37
2479	34
2480	26
2481	33
2482	34
2483	25
2484	26
2485	32
2486	30
2487	29
2488	35
2489	31
2490	27
2491	26
2492	25
2493	35
2494	24
2495	30
2496	41
2497	35
2498	29
2499	26
2500	35
2501	39
2502	26
2503	31
2504	29
2505	31
2506	17
2507	33
2508	27
2509	23
2510	30
2511	35
2512	32
2513	30
2514	28
2515	26
2516	22
2517	25
2518	38
2519	27
2520	30
2521	34
2522	24
2523	21
2524	31
2525	23
2526	25
2527	25
2528	27
2529	30
2530	28
2531	25
2532	25
2533	32
2534	27
2535	18
2536	24
2537	26
2538	21
2539	25
2540	28
2541	25
2542	26
2543	23
2544	24
2545	17
2546	22
2547	28
2548	37
2549	22
2550	33
2551	25
2552	19
2553	22
2554	24
2555	22
2556	28
2557	23
2558	23
2559	19
2560	26
2561	30
2562	16
2563	28
2564	21
2565	28
2566	30
2567	22
2568	17
2569	23
2570	23
2571	28
2572	26
2573	27
2574	20
2575	13
2576	16
2577	27
2578	19
2579	19
2580	31
2581	18
2582	31
2583	21
2584	24
2585	29
2586	18
2587	23
2588	15
2589	15
2590	21
2591	16
2592	25
2593	26
2594	24
2595	20
2596	24
2597	22
2598	26
2599	19
2600	11
2601	16
2602	16
2603	22
2604	19
2605	18
2606	19
2607	19
2608	13
2609	13
2610	18
2611	11
2612	9
2613	18
2614	17
2615	12
2616	23
2617	18
2618	18
2619	19
2620	20
2621	20
2622	12
2623	17
2624	12
2625	16
2626	15
2627	21
2628	24
2629	11
2630	19
2631	15
2632	12
2633	12
2634	24
2635	15
2636	25
2637	19
2638	19
2639	22
2640	17
2641	17
2642	17
2643	23
2644	17
2645	17
2646	21
2647	16
2648	19
2649	15
2650	18
2651	19
2652	23
2653	18
2654	20
2655	15
2656	11
2657	7
2658	16
2659	20
2660	16
2661	21
2662	15
2663	19
2664	4
2665	23
2666	8
2667	26
2668	15
2669	16
2670	16
2671	12
2672	16
2673	16
2674	8
2675	17
2676	8
2677	18
2678	16
2679	11
2680	14
2681	13
2682	13
2683	14
2684	14
2685	16
2686	13
2687	15
2688	15
2689	10
2690	14
2691	17
2692	9
2693	11
2694	11
2695	13
2696	13
2697	14
2698	15
2699	8
2700	13
2701	14
2702	10
2703	12
2704	16
2705	18
2706	12
2707	15
2708	15
2709	10
2710	18
2711	9
2712	13
2713	13
2714	13
2715	9
2716	15
2717	11
2718	11
2719	15
2720	9
2721	14
2722	14
2723	11
2724	13
2725	17
2726	11
2727	11
2728	9
2729	15
2730	14
2731	13
2732	11
2733	14
2734	19
2735	12
2736	10
2737	10
2738	9
2739	15
2740	13
2741	7
2742	12
2743	14
2744	15
2745	11
2746	13
2747	8
2748	12
2749	13
2750	13
2751	5
2752	11
2753	17
2754	9
2755	20
2756	13
2757	10
2758	7
2759	15
2760	10
2761	9
2762	10
2763	10
2764	15
2765	13
2766	4
2767	13
2768	14
2769	15
2770	7
2771	15
2772	12
2773	6
2774	8
2775	12
2776	10
2777	13
2778	15
2779	5
2780	15
2781	5
2782	9
2783	9
2784	11
2785	14
2786	11
2787	8
2788	10
2789	10
2790	14
2791	8
2792	10
2793	13
2794	13
2795	6
2796	6
2797	10
2798	14
2799	10
2800	7
2801	10
2802	10
2803	11
2804	12
2805	11
2806	17
2807	7
2808	8
2809	7
2810	8
2811	11
2812	17
2813	7
2814	9
2815	12
2816	8
2817	11
2818	5
2819	8
2820	4
2821	6
2822	9
2823	7
2824	12
2825	8
2826	16
2827	8
2828	8
2829	12
2830	10
2831	10
2832	9
2833	10
2834	13
2835	11
2836	16
2837	6
2838	12
2839	13
2840	11
2841	10
2842	7
2843	7
2844	7
2845	7
2846	17
2847	4
2848	18
2849	9
2850	14
2851	5
2852	11
2853	11
2854	9
2855	7
2856	4
2857	13
2858	8
2859	11
2860	8
2861	7
2862	15
2863	11
2864	14
2865	8
2866	11
2867	7
2868	9
2869	9
2870	9
2871	9
2872	7
2873	9
2874	14
2875	12
2876	12
2877	17
2878	10
2879	13
2880	7
2881	7
2882	8
2883	7
2884	8
2885	5
2886	15
2887	14
2888	14
2889	7
2890	5
2891	12
2892	10
2893	6
2894	13
2895	7
2896	7
2897	7
2898	10
2899	13
2900	10
2901	16
2902	9
2903	8
2904	8
2905	10
2906	10
2907	11
2908	6
2909	8
2910	10
2911	5
2912	9
2913	5
2914	12
2915	9
2916	9
2917	10
2918	10
2919	2
2920	8
2921	7
2922	4
2923	12
2924	9
2925	9
2926	3
2927	3
2928	9
2929	16
2930	10
2931	6
2932	7
2933	7
2934	8
2935	10
2936	7
2937	11
2938	7
2939	8
2940	7
2941	3
2942	6
2943	10
2944	7
2945	10
2946	8
2947	5
2948	12
2949	8
2950	15
2951	9
2952	7
2953	9
2954	6
2955	15
2956	11
2957	8
2958	9
2959	13
2960	11
2961	11
2962	7
2963	7
2964	8
2965	11
2966	6
2967	6
2968	7
2969	5
2970	9
2971	6
2972	5
2973	6
2974	6
2975	7
2976	9
2977	7
2978	6
2979	7
2980	13
2981	9
2982	8
2983	9
2984	9
2985	12
2986	9
2987	11
2988	8
2989	6
2990	7
2991	4
2992	7
2993	6
2994	7
2995	12
2996	4
2997	7
2998	8
2999	9
3000	5
3001	6
3002	11
3003	4
3004	15
3005	8
3006	10
3007	7
3008	8
3009	5
3010	6
3011	5
3012	8
3013	10
3014	9
3015	9
3016	5
3017	4
3018	12
3019	12
3020	10
3021	11
3022	11
3023	9
3024	7
3025	5
3026	11
3027	8
3028	8
3029	13
3030	7
3031	10
3032	7
3033	11
3034	10
3035	11
3036	8
3037	8
3038	6
3039	13
3040	2
3041	11
3042	14
3043	7
3044	13
3045	6
3046	7
3047	13
3048	5
3049	6
3050	3
3051	12
3052	8
3053	9
3054	12
3055	10
3056	12
3057	10
3058	8
3059	5
3060	10
3061	9
3062	11
3063	10
3064	7
3065	10
3066	7
3067	8
3068	3
3069	11
3070	12
3071	5
3072	6
3073	8
3074	10
3075	4
3076	6
3077	5
3078	11
3079	15
3080	7
3081	4
3082	9
3083	7
3084	3
3085	10
3086	9
3087	4
3088	8
3089	11
3090	8
3091	7
3092	8
3093	9
3094	5
3095	9
3096	8
3097	7
3098	10
3099	5
3100	5
3101	8
3102	12
3103	13
3104	10
3105	9
3106	5
3107	8
3108	4
3109	8
3110	8
3111	12
3112	7
3113	7
3114	12
3115	5
3116	6
3117	11
3118	5
3119	9
3120	3
3121	16
3122	7
3123	10
3124	4
3125	6
3126	9
3127	5
3128	13
3129	9
3130	7
3131	9
3132	6
3133	6
3134	7
3135	8
3136	10
3137	13
3138	5
3139	7
3140	3
3141	8
3142	9
3143	8
3144	11
3145	10
3146	5
3147	6
3148	10
3149	7
3150	9
3151	13
3152	13
3153	8
3154	6
3155	6
3156	11
3157	4
3158	7
3159	4
3160	5
3161	5
3162	6
3163	11
3164	9
3165	13
3166	11
3167	6
3168	9
3169	7
3170	9
3171	14
3172	11
3173	7
3174	13
3175	12
3176	9
3177	4
3178	6
3179	5
3180	5
3181	5
3182	10
3183	10
3184	12
3185	7
3186	5
3187	10
3188	9
3189	8
3190	5
3191	5
3192	9
3193	9
3194	6
3195	15
3196	7
3197	12
3198	9
3199	9
3200	7
3201	8
3202	9
3203	5
3204	7
3205	11
3206	10
3207	6
3208	7
3209	9
3210	9
3211	9
3212	9
3213	4
3214	11
3215	10
3216	7
3217	10
3218	5
3219	8
3220	4
3221	9
3222	10
3223	11
3224	4
3225	10
3226	4
3227	6
3228	6
3229	7
3230	8
3231	13
3232	8
3233	7
3234	8
3235	7
3236	9
3237	6
3238	7
3239	4
3240	5
3241	9
3242	7
3243	7
3244	8
3245	4
3246	5
3247	8
3248	8
3249	9
3250	10
3251	6
3252	4
3253	8
3254	5
3255	9
3256	8
3257	7
3258	9
3259	6
3260	4
3261	8
3262	6
3263	8
3264	7
3265	6
3266	9
3267	1
3268	7
3269	4
3270	6
3271	8
3272	10
3273	5
3274	8
3275	9
3276	2
3277	13
3278	9
3279	7
3280	6
3281	11
3282	5
3283	7
3284	10
3285	5
3286	13
3287	8
3288	8
3289	14
3290	7
3291	5
3292	7
3293	5
3294	7
3295	13
3296	5
3297	6
3298	5
3299	8
3300	13
3301	4
3302	12
3303	6
3304	11
3305	7
3306	12
3307	5
3308	9
3309	4
3310	5
3311	3
3312	10
3313	9
3314	10
3315	6
3316	7
3317	12
3318	5
3319	7
3320	6
3321	13
3322	7
3323	5
3324	9
3325	11
3326	9
3327	14
3328	10
3329	9
3330	10
3331	13
3332	6
3333	7
3334	5
3335	8
3336	12
3337	7
3338	6
3339	9
3340	13
3341	5
3342	6
3343	15
3344	5
3345	6
3346	5
3347	5
3348	5
3349	8
3350	6
3351	6
3352	7
3353	13
3354	6
3355	6
3356	4
3357	6
3358	12
3359	8
3360	7
3361	11
3362	8
3363	7
3364	9
3365	9
3366	5
3367	5
3368	6
3369	8
3370	9
3371	6
3372	8
3373	9
3374	10
3375	11
3376	5
3377	7
3378	5
3379	16
3380	11
3381	8
3382	3
3383	6
3384	6
3385	7
3386	13
3387	5
3388	9
3389	14
3390	14
3391	8
3392	7
3393	8
3394	7
3395	4
3396	8
3397	7
3398	9
3399	5
3400	6
3401	5
3402	13
3403	9
3404	14
3405	9
3406	5
3407	8
3408	6
3409	6
3410	4
3411	7
3412	9
3413	6
3414	5
3415	6
3416	6
3417	10
3418	6
3419	6
3420	4
3421	9
3422	6
3423	5
3424	7
3425	13
3426	9
3427	7
3428	4
3429	9
3430	9
3431	8
3432	6
3433	9
3434	6
3435	9
3436	7
3437	8
3438	5
3439	6
3440	6
3441	9
3442	10
3443	11
3444	9
3445	6
3446	6
3447	7
3448	12
3449	9
3450	8
3451	7
3452	9
3453	7
3454	6
3455	10
3456	7
3457	12
3458	13
3459	7
3460	5
3461	9
3462	8
3463	11
3464	11
3465	5
3466	3
3467	9
3468	4
3469	3
3470	7
3471	6
3472	10
3473	13
3474	8
3475	9
3476	12
3477	6
3478	10
3479	2
3480	6
3481	4
3482	8
3483	5
3484	15
3485	13
3486	5
3487	7
3488	4
3489	4
3490	2
3491	7
3492	3
3493	5
3494	8
3495	9
3496	7
3497	7
3498	4
3499	8
3500	7
3501	8
3502	5
3503	9
3504	11
3505	10
3506	4
3507	9
3508	9
3509	9
3510	13
3511	5
3512	3
3513	6
3514	8
3515	9
3516	7
3517	8
3518	5
3519	7
3520	11
3521	7
3522	7
3523	13
3524	7
3525	7
3526	9
3527	9
3528	6
3529	3
3530	11
3531	8
3532	5
3533	9
3534	6
3535	11
3536	5
3537	6
3538	5
3539	8
3540	6
3541	10
3542	7
3543	5
3544	6
3545	5
3546	5
3547	9
3548	2
3549	3
3550	10
3551	2
3552	9
3553	7
3554	11
3555	4
3556	6
3557	9
3558	7
3559	12
3560	8
3561	7
3562	5
3563	8
3564	15
3565	1
3566	7
3567	8
3568	7
3569	5
3570	13
3571	7
3572	9
3573	7
3574	16
3575	10
3576	5
3577	6
3578	6
3579	7
3580	11
3581	8
3582	8
3583	15
3584	3
3585	7
3586	8
3587	7
3588	8
3589	10
3590	6
3591	7
3592	7
3593	6
3594	11
3595	5
3596	10
3597	4
3598	5
3599	5
3600	11
3601	7
3602	7
3603	6
3604	8
3605	7
3606	8
3607	7
3608	3
3609	9
3610	4
3611	14
3612	10
3613	9
3614	7
3615	15
3616	5
3617	10
3618	7
3619	6
3620	7
3621	5
3622	6
3623	8
3624	7
3625	4
3626	6
3627	4
3628	10
3629	9
3630	4
3631	8
3632	5
3633	13
3634	7
3635	6
3636	7
3637	5
3638	7
3639	5
3640	8
3641	10
3642	12
3643	7
3644	6
3645	6
3646	3
3647	8
3648	7
3649	7
3650	3
3651	5
3652	4
3653	8
3654	11
3655	7
3656	3
3657	9
3658	5
3659	5
3660	6
3661	7
3662	9
3663	8
3664	8
3665	4
3666	3
3667	11
3668	11
3669	7
3670	7
3671	7
3672	10
3673	5
3674	11
3675	10
3676	3
3677	6
3678	4
3679	5
3680	9
3681	6
3682	7
3683	12
3684	6
3685	8
3686	6
3687	5
3688	5
3689	9
3690	9
3691	4
3692	4
3693	8
3694	11
3695	3
3696	9
3697	6
3698	5
3699	6
3700	4
3701	8
3702	7
3703	8
3704	10
3705	5
3706	8
3707	9
3708	12
3709	9
3710	3
3711	7
3712	2
3713	4
3714	5
3715	4
3716	12
3717	8
3718	10
3719	9
3720	12
3721	10
3722	6
3723	6
3724	9
3725	3
3726	5
3727	11
3728	12
3729	4
3730	6
3731	5
3732	8
3733	9
3734	6
3735	14
3736	4
3737	11
3738	4
3739	2
3740	4
3741	7
3742	7
3743	7
3744	10
3745	4
3746	6
3747	10
3748	4
3749	9
3750	4
3751	5
3752	7
3753	10
3754	9
3755	8
3756	9
3757	8
3758	2
3759	8
3760	11
3761	7
3762	11
3763	7
3764	9
3765	7
3766	9
3767	4
3768	9
3769	2
3770	6
3771	7
3772	10
3773	9
3774	1
3775	8
3776	9
3777	5
3778	6
3779	8
3780	10
3781	9
3782	9
3783	6
3784	6
3785	4
3786	7
3787	9
3788	6
3789	5
3790	5
3791	4
3792	9
3793	12
3794	10
3795	3
3796	10
3797	7
3798	6
3799	10
3800	8
3801	10
3802	4
3803	9
3804	3
3805	4
3806	11
3807	15
3808	9
3809	6
3810	7
3811	7
3812	8
3813	8
3814	11
3815	6
3816	5
3817	16
3818	3
3819	5
3820	3
3821	9
3822	10
3823	6
3824	5
3825	9
3826	4
3827	4
3828	10
3829	7
3830	15
3831	12
3832	5
3833	13
3834	8
3835	6
3836	11
3837	11
3838	5
3839	8
3840	8
3841	6
3842	7
3843	10
3844	8
3845	9
3846	5
3847	9
3848	7
3849	11
3850	7
3851	7
3852	6
3853	7
3854	4
3855	12
3856	7
3857	7
3858	7
3859	7
3860	5
3861	3
3862	9
3863	6
3864	7
3865	5
3866	8
3867	6
3868	8
3869	10
3870	11
3871	13
3872	9
3873	9
3874	12
3875	6
3876	10
3877	8
3878	9
3879	11
3880	7
3881	4
3882	5
3883	5
3884	8
3885	10
3886	7
3887	9
3888	10
3889	13
3890	14
3891	9
3892	7
3893	6
3894	5
3895	9
3896	8
3897	9
3898	5
3899	10
3900	10
3901	9
3902	7
3903	3
3904	9
3905	10
3906	8
3907	7
3908	8
3909	6
3910	4
3911	9
3912	6
3913	9
3914	7
3915	12
3916	8
3917	6
3918	8
3919	11
3920	13
3921	11
3922	12
3923	6
3924	10
3925	12
3926	10
3927	8
3928	9
3929	7
3930	7
3931	9
3932	12
3933	8
3934	7
3935	12
3936	11
3937	10
3938	9
3939	9
3940	12
3941	7
3942	10
3943	10
3944	8
3945	9
3946	3
3947	6
3948	13
3949	13
3950	9
3951	7
3952	11
3953	7
3954	7
3955	4
3956	5
3957	15
3958	5
3959	7
3960	9
3961	6
3962	12
3963	15
3964	11
3965	13
3966	11
3967	11
3968	6
3969	8
3970	9
3971	14
3972	16
3973	7
3974	13
3975	5
3976	8
3977	9
3978	13
3979	9
3980	6
3981	7
3982	11
3983	10
3984	9
3985	12
3986	9
3987	10
3988	11
3989	8
3990	5
3991	14
3992	9
3993	12
3994	11
3995	13
3996	9
3997	12
3998	9
3999	13
4000	9
4001	11
4002	15
4003	11
4004	8
4005	12
4006	10
4007	9
4008	10
4009	11
4010	18
4011	11
4012	10
4013	11
4014	10
4015	10
4016	8
4017	10
4018	6
4019	8
4020	7
4021	10
4022	14
4023	13
4024	10
4025	12
4026	17
4027	15
4028	10
4029	17
4030	5
4031	15
4032	10
4033	11
4034	12
4035	17
4036	8
4037	13
4038	11
4039	7
4040	8
4041	10
4042	17
4043	16
4044	15
4045	11
4046	14
4047	9
4048	12
4049	13
4050	10
4051	9
4052	10
4053	16
4054	11
4055	7
4056	9
4057	13
4058	10
4059	13
4060	11
4061	11
4062	11
4063	11
4064	14
4065	8
4066	6
4067	9
4068	9
4069	7
4070	9
4071	10
4072	8
4073	13
4074	12
4075	15
4076	16
4077	8
4078	9
4079	11
4080	11
4081	15
4082	15
4083	16
4084	12
4085	14
4086	12
4087	9
4088	16
4089	7
4090	9
4091	14
4092	15
4093	13
4094	4
4095	21
4096	9
4097	8
4098	14
4099	12
4100	11
4101	7
4102	14
4103	9
4104	13
4105	15
4106	10
4107	12
4108	12
4109	13
4110	15
4111	10
4112	10
4113	7
4114	10
4115	12
4116	13
4117	12
4118	6
4119	6
4120	9
4121	8
4122	11
4123	5
4124	17
4125	6
4126	10
4127	12
4128	6
4129	5
4130	15
4131	8
4132	8
4133	7
4134	8
4135	10
4136	15
4137	6
4138	14
4139	7
4140	8
4141	15
4142	8
4143	4
4144	13
4145	11
4146	7
4147	7
4148	13
4149	13
4150	11
4151	10
4152	9
4153	18
4154	13
4155	12
4156	9
4157	5
4158	8
4159	10
4160	7
4161	4
4162	12
4163	12
4164	8
4165	12
4166	10
4167	8
4168	6
4169	10
4170	9
4171	8
4172	8
4173	9
4174	3
4175	4
4176	11
4177	9
4178	6
4179	9
4180	10
4181	10
4182	4
4183	8
4184	6
4185	11
4186	10
4187	8
4188	8
4189	7
4190	11
4191	2
4192	7
4193	8
4194	11
4195	8
4196	7
4197	10
4198	5
4199	9
4200	9
4201	10
4202	5
4203	10
4204	9
4205	16
4206	7
4207	10
4208	3
4209	7
4210	6
4211	8
4212	7
4213	6
4214	6
4215	7
4216	10
4217	3
4218	7
4219	6
4220	2
4221	10
4222	7
4223	8
4224	7
4225	8
4226	8
4227	7
4228	5
4229	4
4230	4
4231	6
4232	12
4233	4
4234	2
4235	5
4236	5
4237	6
4238	6
4239	2
4240	6
4241	5
4242	14
4243	6
4244	2
4245	3
4246	8
4247	3
4248	2
4249	4
4250	4
4251	8
4252	7
4253	6
4254	6
4255	9
4256	10
4257	5
4258	6
4259	4
4260	4
4261	7
4262	6
4263	4
4264	4
4265	5
4266	4
4267	8
4268	5
4269	5
4270	6
4271	4
4272	8
4273	6
4274	6
4275	2
4276	6
4277	3
4278	4
4279	2
4280	3
4281	2
4282	3
4283	1
4284	4
4285	6
4286	4
4287	2
4288	4
4289	6
4290	6
4291	4
4292	4
4293	6
4294	6
4295	4
4296	1
4297	1
4298	4
4299	2
4300	0
4301	4
4302	1
4303	4
4304	6
4305	4
4306	9
4307	4
4308	3
4309	2
4310	5
4311	0
4312	2
4313	6
4314	3
4315	1
4316	4
4317	6
4318	3
4319	1
4320	3
4321	2
4322	6
4323	3
4324	3
4325	2
4326	4
4327	3
4328	3
4329	1
4330	2
4331	3
4332	0
4333	2
4334	1
4335	2
4336	1
4337	2
4338	5
4339	1
4340	2
4341	1
4342	4
4343	2
4344	2
4345	4
4346	0
4347	2
4348	1
4349	2
4350	2
4351	5
4352	0
4353	3
4354	3
4355	1
4356	0
4357	1
4358	2
4359	2
4360	1
4361	3
4362	2
4363	2
4364	0
4365	2
4366	0
4367	4
4368	1
4369	1
4370	2
4371	1
4372	1
4373	4
4374	3
4375	2
4376	3
4377	2
4378	5
4379	3
4380	0
4381	4
4382	2
4383	3
4384	0
4385	2
4386	3
4387	3
4388	2
4389	0
4390	2
4391	0
4392	3
4393	0
4394	0
4395	2
4396	0
4397	1
4398	1
4399	0
4400	2
4401	0
4402	1
4403	1
4404	1
4405	0
4406	2
4407	2
4408	3
4409	1
4410	2
4411	1
4412	3
4413	1
4414	2
4415	2
4416	0
4417	2
4418	2
4419	3
4420	1
4421	0
4422	0
4423	1
4424	0
4425	3
4426	3
4427	0
4428	1
4429	0
4430	1
4431	1
4432	0
4433	1
4434	0
4435	0
4436	1
4437	0
4438	2
4439	0
4440	2
4441	0
4442	1
4443	1
4444	4
4445	1
4446	0
4447	1
4448	1
4449	0
4450	1
4451	2
4452	2
4453	0
4454	1
4455	0
4456	1
4457	0
4458	1
4459	0
4460	2
4461	0
4462	2
4463	1
4464	0
4465	0
4466	0
4467	2
4468	1
4469	1
4470	1
4471	1
4472	2
4473	0
4474	1
4475	2
4476	2
4477	1
4478	0
4479	3
4480	0
4481	1
4482	1
4483	1
4484	0
4485	2
4486	0
4487	0
4488	2
4489	2
4490	0
4491	1
4492	1
4493	0
4494	0
4495	2
4496	2
4497	0
4498	0
4499	2
4500	0
4501	1
4502	2
4503	1
4504	1
4505	0
4506	0
4507	3
4508	0
4509	1
4510	0
4511	1
4512	1
4513	1
4514	0
4515	1
4516	0
4517	0
4518	0
4519	0
4520	0
4521	0
4522	1
4523	1
4524	0
4525	2
4526	0
4527	1
4528	0
4529	1
4530	0
4531	0
4532	1
4533	1
4534	1
4535	1
4536	0
4537	2
4538	2
4539	0
4540	1
4541	3
4542	0
4543	3
4544	0
4545	0
4546	0
4547	0
4548	2
4549	0
4550	0
4551	0
4552	0
4553	1
4554	0
4555	0
4556	1
4557	0
4558	1
4559	3
4560	0
4561	1
4562	1
4563	2
4564	0
4565	0
4566	0
4567	0
4568	2
4569	0
4570	1
4571	0
4572	1
4573	1
4574	1
4575	0
4576	2
4577	0
4578	2
4579	1
4580	1
4581	1
4582	0
4583	0
4584	0
4585	0
4586	1
4587	0
4588	1
4589	0
4590	0
4591	0
4592	0
4593	0
4594	0
4595	1
4596	0
4597	2
4598	0
4599	2
4600	1
4601	0
4602	1
4603	3
4604	2
4605	2
4606	0
4607	0
4608	0
4609	0
4610	0
4611	0
4612	1
4613	1
4614	1
4615	0
4616	1
4617	0
4618	1
4619	1
4620	2
4621	0
4622	1
4623	1
4624	0
4625	0
4626	0
4627	0
4628	0
4629	0
4630	0
4631	0
4632	1
4633	2
4634	2
4635	1
4636	2
4637	1
4638	2
4639	1
4640	4
4641	0
4642	2
4643	0
4644	0
4645	0
4646	0
4647	2
4648	1
4649	3
4650	0
4651	1
4652	1
4653	0
4654	1
4655	1
4656	1
4657	1
4658	0
4659	1
4660	0
4661	1
4662	1
4663	2
4664	1
4665	0
4666	0
4667	1
4668	1
4669	0
4670	1
4671	0
4672	1
4673	0
4674	1
4675	0
4676	1
4677	0
4678	0
4679	1
4680	0
4681	0
4682	0
4683	0
4684	0
4685	2
4686	2
4687	2
4688	0
4689	0
4690	1
4691	3
4692	1
4693	0
4694	1
4695	0
4696	0
4697	1
4698	1
4699	1
4700	1
4701	1
4702	1
4703	2
4704	1
4705	0
4706	0
4707	0
4708	1
4709	0
4710	1
4711	0
4712	0
4713	2
4714	1
4715	0
4716	0
4717	0
4718	0
4719	0
4720	1
4721	0
4722	1
4723	1
4724	1
4725	2
4726	0
4727	0
4728	2
4729	1
4730	1
4731	2
4732	1
4733	1
4734	0
4735	1
4736	1
4737	1
4738	0
4739	2
4740	1
4741	0
4742	0
4743	0
4744	1
4745	2
4746	0
4747	0
4748	1
4749	0
4750	2
4751	0
4752	0
4753	2
4754	1
4755	1
4756	0
4757	0
4758	1
4759	1
4760	1
4761	0
4762	1
4763	2
4764	1
4765	1
4766	1
4767	2
4768	0
4769	1
4770	1
4771	0
4772	0
4773	0
4774	1
4775	1
4776	0
4777	1
4778	0
4779	0
4780	0
4781	0
4782	1
4783	2
4784	1
4785	0
4786	0
4787	2
4788	0
4789	0
4790	0
4791	0
4792	0
4793	3
4794	0
4795	2
4796	1
4797	0
4798	2
4799	2
4800	0
4801	0
4802	0
4803	1
4804	1
4805	0
4806	3
4807	0
4808	1
4809	0
4810	0
4811	0
4812	1
4813	1
4814	0
4815	1
4816	1
4817	1
4818	0
4819	0
4820	1
4821	0
4822	2
4823	1
4824	3
4825	0
4826	0
4827	1
4828	1
4829	2
4830	1
4831	0
4832	1
4833	1
4834	1
4835	1
4836	3
4837	0
4838	2
4839	2
4840	1
4841	1
4842	0
4843	2
4844	0
4845	1
4846	0
4847	2
4848	0
4849	1
4850	1
4851	1
4852	1
4853	0
4854	0
4855	0
4856	1
4857	0
4858	1
4859	1
4860	0
4861	2
4862	0
4863	1
4864	0
4865	0
4866	0
4867	1
4868	3
4869	0
4870	1
4871	0
4872	0
4873	0
4874	0
4875	3
4876	1
4877	2
4878	0
4879	1
4880	0
4881	0
4882	0
4883	2
4884	1
4885	0
4886	0
4887	3
4888	1
4889	1
4890	0
4891	0
4892	0
4893	0
4894	0
4895	0
4896	0
4897	0
4898	0
4899	1
4900	1
4901	0
4902	1
4903	0
4904	0
4905	0
4906	0
4907	2
4908	0
4909	0
4910	0
4911	0
4912	0
4913	0
4914	1
4915	0
4916	0
4917	0
4918	3
4919	0
4920	1
4921	1
4922	0
4923	2
4924	0
4925	0
4926	0
4927	1
4928	1
4929	1
4930	1
4931	0
4932	0
4933	0
4934	0
4935	0
4936	1
4937	1
4938	1
4939	0
4940	1
4941	0
4942	0
4943	0
4944	1
4945	0
4946	1
4947	0
4948	0
4949	1
4950	2
4951	0
4952	0
4953	0
4954	0
4955	0
4956	3
4957	0
4958	0
4959	0
4960	0
4961	0
4962	0
4963	0
4964	0
4965	0
4966	1
4967	2
4968	0
4969	1
4970	1
4971	2
4972	2
4973	1
4974	0
4975	1
4976	0
4977	1
4978	0
4979	1
4980	0
4981	0
4982	2
4983	1
4984	0
4985	1
4986	0
4987	1
4988	2
4989	0
4990	2
4991	1
4992	2
4993	0
4994	0
4995	1
4996	2
4997	0
4998	0
4999	0
5000	0
5001	0
5002	2
5003	1
5004	0
5005	0
5006	1
5007	0
5008	1
5009	0
5010	0
5011	2
5012	0
5013	0
5014	0
5015	1
5016	1
5017	1
5018	1
5019	1
5020	1
5021	0
5022	2
5023	1
5024	0
5025	0
5026	1
5027	1
5028	1
5029	1
5030	3
5031	0
5032	0
5033	1
5034	0
5035	2
5036	1
5037	0
5038	0
5039	0
5040	0
5041	0
5042	0
5043	0
5044	0
5045	0
5046	1
5047	1
5048	1
5049	1
5050	1
5051	0
5052	0
5053	0
5054	1
5055	1
5056	0
5057	1
5058	1
5059	1
5060	1
5061	0
5062	2
5063	0
5064	0
5065	0
5066	0
5067	2
5068	0
5069	1
5070	2
5071	1
5072	0
5073	0
5074	0
5075	0
5076	0
5077	0
5078	0
5079	2
5080	0
5081	0
5082	0
5083	2
5084	1
5085	0
5086	0
5087	0
5088	1
5089	1
5090	1
5091	0
5092	0
5093	0
5094	0
5095	0
5096	0
5097	2
5098	1
5099	1
5100	1
5101	2
5102	2
5103	1
5104	0
5105	0
5106	0
5107	0
5108	0
5109	0
5110	1
5111	1
5112	0
5113	2
5114	0
5115	0
5116	0
5117	1
5118	1
5119	0
5120	0
5121	0
5122	0
5123	0
5124	1
5125	0
5126	1
5127	0
5128	1
5129	3
5130	0
5131	0
5132	0
5133	0
5134	0
5135	2
5136	0
5137	0
5138	1
5139	1
5140	1
5141	1
5142	0
5143	0
5144	1
5145	0
5146	2
5147	0
5148	1
5149	0
5150	0
5151	1
5152	0
5153	1
5154	0
5155	0
5156	1
5157	0
5158	0
5159	0
5160	2
5161	0
5162	2
5163	2
5164	2
5165	0
5166	0
5167	0
5168	0
5169	0
5170	1
5171	2
5172	0
5173	1
5174	0
5175	0
5176	0
5177	0
5178	0
5179	0
5180	1
5181	0
5182	1
5183	1
5184	0
5185	0
5186	0
5187	1
5188	0
5189	0
5190	0
5191	0
5192	1
5193	0
5194	0
5195	1
5196	0
5197	0
5198	1
5199	0
5200	0
5201	0
5202	0
5203	0
5204	1
5205	0
5206	0
5207	0
5208	0
5209	1
5210	0
5211	0
5212	0
5213	0
5214	0
5215	1
5216	0
5217	0
5218	1
5219	0
5220	1
5221	0
5222	0
5223	0
5224	1
5225	0
5226	0
5227	0
5228	0
5229	2
5230	1
5231	2
5232	2
5233	1
5234	1
5235	0
5236	0
5237	1
5238	0
5239	0
5240	2
5241	2
5242	2
5243	0
5244	1
5245	0
5246	1
5247	1
5248	0
5249	1
5250	1
5251	0
5252	0
5253	2
5254	1
5255	0
5256	1
5257	0
5258	1
5259	0
5260	0
5261	0
5262	0
5263	0
5264	0
5265	0
5266	1
5267	0
5268	2
5269	0
5270	0
5271	0
5272	1
5273	0
5274	0
5275	0
5276	0
5277	0
5278	0
5279	0
5280	0
5281	1
5282	0
5283	0
5284	0
5285	2
5286	1
5287	1
5288	0
5289	0
5290	1
5291	0
5292	0
5293	0
5294	1
5295	0
5296	0
5297	0
5298	0
5299	0
5300	0
5301	2
5302	1
5303	0
5304	0
5305	1
5306	0
5307	0
5308	0
5309	0
5310	0
5311	0
5312	0
5313	2
5314	0
5315	1
5316	0
5317	1
5318	0
5319	0
5320	1
5321	0
5322	0
5323	2
5324	0
5325	0
5326	0
5327	0
5328	0
5329	1
5330	0
5331	0
5332	0
5333	1
5334	0
5335	1
5336	0
5337	0
5338	0
5339	1
5340	0
5341	2
5342	0
5343	0
5344	1
5345	0
5346	0
5347	0
5348	1
5349	0
5350	1
5351	0
5352	1
5353	1
5354	0
5355	1
5356	2
5357	0
5358	0
5359	1
5360	1
5361	1
5362	0
5363	1
5364	0
5365	0
5366	0
5367	1
5368	1
5369	0
5370	0
5371	0
5372	0
5373	0
5374	0
5375	2
5376	0
5377	1
5378	1
5379	0
5380	0
5381	0
5382	0
5383	0
5384	0
5385	0
5386	0
5387	0
5388	2
5389	1
5390	0
5391	2
5392	0
5393	0
5394	1
5395	0
5396	0
5397	0
5398	2
5399	0
5400	1
5401	0
5402	0
5403	0
5404	1
5405	0
5406	1
5407	0
5408	0
5409	2
5410	0
5411	2
5412	0
5413	1
5414	1
5415	2
5416	1
5417	2
5418	1
5419	0
5420	0
5421	0
5422	0
5423	0
5424	0
5425	0
5426	0
5427	0
5428	0
5429	0
5430	1
5431	1
5432	0
5433	0
5434	0
5435	1
5436	0
5437	1
5438	0
5439	0
5440	0
5441	0
5442	0
5443	0
5444	0
5445	0
5446	0
5447	1
5448	2
5449	1
5450	1
5451	0
5452	0
5453	2
5454	0
5455	0
5456	1
5457	0
5458	2
5459	0
5460	0
5461	2
5462	0
5463	1
5464	1
5465	1
5466	0
5467	0
5468	0
5469	1
5470	1
5471	0
5472	3
5473	0
5474	2
5475	0
5476	2
5477	0
5478	1
5479	1
5480	0
5481	0
5482	0
5483	1
5484	1
5485	0
5486	1
5487	0
5488	0
5489	0
5490	0
5491	1
5492	0
5493	0
5494	0
5495	0
5496	0
5497	1
5498	0
5499	0
5500	0
5501	0
5502	1
5503	2
5504	1
5505	0
5506	0
5507	1
5508	0
5509	1
5510	0
5511	1
5512	0
5513	0
5514	0
5515	0
5516	0
5517	1
5518	1
5519	1
5520	0
5521	0
5522	3
5523	0
5524	0
5525	0
5526	0
5527	0
5528	0
5529	1
5530	0
5531	1
5532	0
5533	2
5534	1
5535	0
5536	0
5537	1
5538	0
5539	1
5540	0
5541	2
5542	1
5543	0
5544	1
5545	1
5546	0
5547	0
5548	0
5549	1
5550	1
5551	0
5552	0
5553	0
5554	0
5555	1
5556	1
5557	0
5558	1
5559	0
5560	0
5561	1
5562	1
5563	0
5564	1
5565	0
5566	0
5567	2
5568	1
5569	1
5570	1
5571	0
5572	2
5573	1
5574	1
5575	2
5576	1
5577	1
5578	1
5579	0
5580	0
5581	0
5582	0
5583	0
5584	1
5585	2
5586	1
5587	0
5588	1
5589	0
5590	1
5591	1
5592	0
5593	0
5594	0
5595	0
5596	2
5597	1
5598	2
5599	0
5600	1
5601	0
5602	0
5603	0
5604	1
5605	1
5606	0
5607	1
5608	0
5609	0
5610	1
5611	0
5612	1
5613	1
5614	0
5615	1
5616	1
5617	1
5618	0
5619	0
5620	0
5621	0
5622	0
5623	0
5624	1
5625	2
5626	0
5627	0
5628	1
5629	0
5630	0
5631	0
5632	0
5633	3
5634	0
5635	0
5636	0
5637	1
5638	0
5639	0
5640	0
5641	1
5642	0
5643	0
5644	0
5645	0
5646	0
5647	0
5648	1
5649	0
5650	1
5651	2
5652	0
5653	0
5654	1
5655	1
5656	1
5657	1
5658	0
5659	0
5660	0
5661	1
5662	0
5663	0
5664	0
5665	2
5666	1
5667	2
5668	2
5669	2
5670	1
5671	2
5672	0
5673	1
5674	0
5675	0
5676	0
5677	2
5678	0
5679	1
5680	0
5681	0
5682	0
5683	1
5684	1
5685	1
5686	0
5687	1
5688	0
5689	0
5690	0
5691	1
5692	0
5693	0
5694	3
5695	2
5696	0
5697	1
5698	0
5699	0
5700	0
5701	0
5702	0
5703	0
5704	0
5705	1
5706	0
5707	2
5708	1
5709	0
5710	0
5711	0
5712	1
5713	0
5714	1
5715	1
5716	0
5717	0
5718	0
5719	2
5720	0
5721	0
5722	1
5723	0
5724	0
5725	0
5726	0
5727	0
5728	2
5729	2
5730	0
5731	1
5732	0
5733	1
5734	0
5735	0
5736	1
5737	0
5738	0
5739	0
5740	1
5741	0
5742	1
5743	0
5744	0
5745	0
5746	0
5747	1
5748	1
5749	2
5750	1
5751	1
5752	0
5753	2
5754	1
5755	0
5756	2
5757	0
5758	0
5759	0
5760	0
5761	1
5762	2
5763	1
5764	0
5765	1
5766	1
5767	1
5768	1
5769	0
5770	1
5771	1
5772	0
5773	0
5774	0
5775	1
5776	0
5777	1
5778	0
5779	1
5780	0
5781	1
5782	0
5783	1
5784	0
5785	0
5786	0
5787	1
5788	0
5789	0
5790	0
5791	0
5792	0
5793	0
5794	0
5795	1
5796	0
5797	1
5798	0
5799	0
5800	0
5801	1
5802	0
5803	0
5804	0
5805	0
5806	0
5807	0
5808	0
5809	0
5810	0
5811	2
5812	0
5813	0
5814	1
5815	0
5816	0
5817	0
5818	1
5819	0
5820	0
5821	0
5822	1
5823	0
5824	0
5825	0
5826	2
5827	1
5828	0
5829	3
5830	1
5831	0
5832	1
5833	2
5834	1
5835	1
5836	0
5837	0
5838	0
5839	1
5840	0
5841	1
5842	0
5843	0
5844	0
5845	1
5846	0
5847	0
5848	0
5849	1
5850	1
5851	0
5852	1
5853	0
5854	0
5855	1
5856	0
5857	1
5858	1
5859	0
5860	1
5861	0
5862	0
5863	1
5864	1
5865	1
5866	0
5867	0
5868	0
5869	2
5870	1
5871	1
5872	0
5873	1
5874	1
5875	0
5876	0
5877	0
5878	1
5879	0
5880	1
5881	0
5882	1
5883	0
5884	1
5885	0
5886	1
5887	0
5888	1
5889	0
5890	0
5891	0
5892	0
5893	0
5894	0
5895	1
5896	1
5897	0
5898	0
5899	0
5900	0
5901	0
5902	1
5903	1
5904	0
5905	1
5906	0
5907	0
5908	0
5909	0
5910	1
5911	0
5912	1
5913	0
5914	1
5915	0
5916	0
5917	0
5918	1
5919	0
5920	1
5921	1
5922	0
5923	1
5924	0
5925	0
5926	2
5927	1
5928	0
5929	1
5930	2
5931	1
5932	0
5933	0
5934	1
5935	0
5936	0
5937	0
5938	0
5939	0
5940	0
5941	1
5942	1
5943	1
5944	0
5945	0
5946	0
5947	0
5948	1
5949	0
5950	0
5951	0
5952	0
5953	1
5954	0
5955	0
5956	0
5957	0
5958	0
5959	0
5960	0
5961	0
5962	0
5963	0
5964	1
5965	0
5966	2
5967	1
5968	0
5969	0
5970	1
5971	0
5972	0
5973	1
5974	0
5975	0
5976	0
5977	2
5978	0
5979	1
5980	0
5981	0
5982	0
5983	0
5984	2
5985	1
5986	0
5987	1
5988	0
5989	0
5990	0
5991	2
5992	1
5993	0
5994	3
5995	0
5996	0
5997	0
5998	0
5999	1
6000	0
6001	1
6002	0
6003	0
6004	1
6005	0
6006	0
6007	1
6008	0
6009	0
6010	0
6011	1
6012	0
6013	0
6014	1
6015	2
6016	0
6017	1
6018	1
6019	0
6020	1
6021	0
6022	0
6023	0
6024	0
6025	0
6026	0
6027	0
6028	0
6029	0
6030	0
6031	0
6032	0
6033	0
6034	0
6035	4
6036	0
6037	2
6038	1
6039	0
6040	0
6041	0
6042	2
6043	0
6044	0
6045	1
6046	0
6047	1
6048	0
6049	1
6050	0
6051	1
6052	1
6053	0
6054	0
6055	1
6056	0
6057	0
6058	0
6059	0
6060	0
6061	1
6062	1
6063	0
6064	0
6065	0
6066	0
6067	0
6068	2
6069	1
6070	1
6071	0
6072	1
6073	1
6074	1
6075	1
6076	0
6077	0
6078	0
6079	0
6080	0
6081	0
6082	1
6083	1
6084	0
6085	0
6086	0
6087	1
6088	0
6089	1
6090	2
6091	0
6092	3
6093	0
6094	0
6095	0
6096	0
6097	0
6098	0
6099	0
6100	0
6101	0
6102	0
6103	0
6104	0
6105	0
6106	0
6107	0
6108	1
6109	0
6110	0
6111	0
6112	0
6113	0
6114	0
6115	0
6116	0
6117	2
6118	0
6119	1
6120	0
6121	1
6122	0
6123	1
6124	0
6125	0
6126	0
6127	1
6128	0
6129	1
6130	1
6131	1
6132	0
6133	0
6134	2
6135	0
6136	1
6137	0
6138	0
6139	1
6140	0
6141	0
6142	1
6143	0
6144	0
6145	0
6146	1
6147	0
6148	0
6149	0
6150	0
6151	1
6152	1
6153	0
6154	0
6155	0
6156	0
6157	0
6158	1
6159	0
6160	0
6161	1
6162	1
6163	0
6164	0
6165	0
6166	0
6167	1
6168	0
6169	0
6170	0
6171	1
6172	0
6173	1
6174	1
6175	1
6176	2
6177	0
6178	0
6179	0
6180	0
6181	2
6182	1
6183	1
6184	0
6185	2
6186	0
6187	0
6188	0
6189	0
6190	0
6191	2
6192	0
6193	0
6194	0
6195	0
6196	1
6197	0
6198	0
6199	0
6200	1
6201	0
6202	1
6203	1
6204	0
6205	0
6206	0
6207	0
6208	0
6209	0
6210	0
6211	1
6212	1
6213	0
6214	0
6215	0
6216	1
6217	1
6218	0
6219	0
6220	0
6221	1
6222	0
6223	0
6224	0
6225	2
6226	1
6227	0
6228	0
6229	0
6230	0
6231	1
6232	1
6233	1
6234	0
6235	0
6236	1
6237	0
6238	0
6239	0
6240	0
6241	0
6242	0
6243	1
6244	0
6245	1
6246	0
6247	1
6248	0
6249	1
6250	0
6251	0
6252	1
6253	0
6254	0
6255	0
6256	0
6257	0
6258	1
6259	0
6260	0
6261	0
6262	0
6263	1
6264	1
6265	0
6266	0
6267	0
6268	0
6269	0
6270	0
6271	0
6272	0
6273	1
6274	1
6275	0
6276	0
6277	0
6278	0
6279	0
6280	0
6281	0
6282	0
6283	0
6284	0
6285	0
6286	0
6287	2
6288	0
6289	1
6290	0
6291	0
6292	0
6293	0
6294	0
6295	1
6296	0
6297	1
6298	0
6299	0
6300	0
6301	1
6302	0
6303	0
6304	1
6305	0
6306	1
6307	0
6308	0
6309	1
6310	1
6311	0
6312	0
6313	0
6314	0
6315	0
6316	1
6317	1
6318	0
6319	2
6320	0
6321	0
6322	2
6323	0
6324	0
6325	0
6326	0
6327	1
6328	0
6329	0
6330	0
6331	1
6332	1
6333	0
6334	0
6335	0
6336	0
6337	0
6338	0
6339	0
6340	0
6341	0
6342	1
6343	1
6344	0
6345	0
6346	1
6347	1
6348	0
6349	0
6350	0
6351	1
6352	1
6353	0
6354	1
6355	0
6356	2
6357	0
6358	0
6359	0
6360	0
6361	0
6362	0
6363	2
6364	1
6365	1
6366	0
6367	0
6368	0
6369	0
6370	0
6371	1
6372	1
6373	0
6374	0
6375	1
6376	0
6377	0
6378	0
6379	2
6380	0
6381	1
6382	0
6383	0
6384	0
6385	1
6386	0
6387	2
6388	0
6389	1
6390	0
6391	1
6392	0
6393	1
6394	0
6395	1
6396	0
6397	0
6398	1
6399	0
6400	1
6401	0
6402	0
6403	1
6404	0
6405	1
6406	0
6407	1
6408	1
6409	2
6410	0
6411	1
6412	1
6413	0
6414	0
6415	0
6416	0
6417	1
6418	2
6419	1
6420	0
6421	0
6422	1
6423	1
6424	1
6425	0
6426	0
6427	0
6428	0
6429	0
6430	1
6431	0
6432	1
6433	0
6434	0
6435	0
6436	0
6437	1
6438	0
6439	0
6440	2
6441	0
6442	0
6443	0
6444	0
6445	0
6446	0
6447	0
6448	0
6449	0
6450	0
6451	0
6452	0
6453	1
6454	0
6455	0
6456	0
6457	0
6458	0
6459	1
6460	1
6461	0
6462	1
6463	0
6464	0
6465	0
6466	0
6467	1
6468	0
6469	0
6470	0
6471	1
6472	1
6473	0
6474	0
6475	1
6476	0
6477	0
6478	0
6479	0
6480	0
6481	0
6482	1
6483	0
6484	0
6485	0
6486	1
6487	0
6488	0
6489	2
6490	1
6491	0
6492	0
6493	2
6494	0
6495	0
6496	0
6497	0
6498	2
6499	0
6500	1
6501	0
6502	0
6503	0
6504	0
6505	0
6506	1
6507	0
6508	0
6509	0
6510	0
6511	1
6512	1
6513	2
6514	0
6515	1
6516	0
6517	0
6518	1
6519	1
6520	0
6521	0
6522	0
6523	1
6524	0
6525	1
6526	0
6527	0
6528	0
6529	0
6530	1
6531	0
6532	0
6533	0
6534	0
6535	1
6536	0
6537	0
6538	0
6539	0
6540	1
6541	0
6542	1
6543	3
6544	1
6545	0
6546	0
6547	0
6548	1
6549	0
6550	1
6551	0
6552	2
6553	0
6554	0
6555	0
6556	0
6557	0
6558	0
6559	0
6560	1
6561	1
6562	1
6563	0
6564	0
6565	1
6566	1
6567	1
6568	0
6569	0
6570	1
6571	0
6572	0
6573	0
6574	0
6575	0
6576	0
6577	0
6578	0
6579	0
6580	0
6581	0
6582	0
6583	1
6584	0
6585	0
6586	1
6587	0
6588	0
6589	1
6590	1
6591	0
6592	0
6593	0
6594	1
6595	0
6596	0
6597	1
6598	0
6599	0
6600	0
6601	0
6602	0
6603	0
6604	0
6605	0
6606	1
6607	0
6608	0
6609	0
6610	0
6611	0
6612	0
6613	0
6614	1
6615	1
6616	0
6617	0
6618	1
6619	0
6620	1
6621	0
6622	1
6623	0
6624	0
6625	0
6626	0
6627	0
6628	0
6629	1
6630	0
6631	0
6632	0
6633	0
6634	0
6635	2
6636	0
6637	1
6638	0
6639	0
6640	0
6641	1
6642	0
6643	1
6644	0
6645	0
6646	0
6647	2
6648	1
6649	1
6650	0
6651	1
6652	1
6653	1
6654	1
6655	0
6656	0
6657	2
6658	0
6659	0
6660	0
6661	0
6662	0
6663	0
6664	0
6665	0
6666	1
6667	0
6668	0
6669	1
6670	0
6671	0
6672	1
6673	1
6674	1
6675	0
6676	0
6677	0
6678	0
6679	1
6680	2
6681	1
6682	0
6683	1
6684	0
6685	0
6686	0
6687	0
6688	0
6689	0
6690	1
6691	0
6692	0
6693	0
6694	0
6695	1
6696	0
6697	1
6698	1
6699	1
6700	0
6701	0
6702	0
6703	0
6704	0
6705	0
6706	0
6707	1
6708	0
6709	0
6710	0
6711	1
6712	0
6713	0
6714	0
6715	0
6716	1
6717	0
6718	1
6719	0
6720	0
6721	1
6722	1
6723	0
6724	0
6725	0
6726	0
6727	0
6728	1
6729	0
6730	0
6731	1
6732	0
6733	0
6734	0
6735	1
6736	0
6737	0
6738	0
6739	0
6740	2
6741	0
6742	0
6743	0
6744	1
6745	1
6746	0
6747	0
6748	0
6749	0
6750	0
6751	1
6752	0
6753	0
6754	1
6755	0
6756	0
6757	0
6758	1
6759	1
6760	0
6761	0
6762	1
6763	0
6764	0
6765	0
6766	1
6767	0
6768	1
6769	1
6770	1
6771	1
6772	0
6773	1
6774	0
6775	0
6776	0
6777	0
6778	0
6779	0
6780	0
6781	0
6782	1
6783	0
6784	0
6785	0
6786	0
6787	0
6788	1
6789	1
6790	0
6791	0
6792	1
6793	1
6794	0
6795	0
6796	0
6797	0
6798	0
6799	2
6800	1
6801	0
6802	0
6803	0
6804	0
6805	1
6806	0
6807	1
6808	0
6809	1
6810	0
6811	0
6812	0
6813	0
6814	0
6815	0
6816	1
6817	0
6818	1
6819	1
6820	0
6821	1
6822	0
6823	1
6824	0
6825	2
6826	1
6827	0
6828	0
6829	0
6830	0
6831	0
6832	0
6833	0
6834	0
6835	0
6836	0
6837	0
6838	0
6839	0
6840	2
6841	0
6842	1
6843	0
6844	0
6845	0
6846	1
6847	0
6848	1
6849	1
6850	0
6851	0
6852	0
6853	0
6854	2
6855	0
6856	2
6857	0
6858	0
6859	1
6860	0
6861	0
6862	1
6863	0
6864	0
6865	0
6866	0
6867	1
6868	1
6869	1
6870	0
6871	2
6872	1
6873	0
6874	1
6875	0
6876	0
6877	0
6878	0
6879	0
6880	0
6881	1
6882	0
6883	0
6884	0
6885	1
6886	0
6887	1
6888	1
6889	0
6890	0
6891	0
6892	1
6893	0
6894	1
6895	0
6896	0
6897	0
6898	2
6899	0
6900	0
6901	0
6902	1
6903	1
6904	0
6905	0
6906	0
6907	0
6908	0
6909	0
6910	0
6911	0
6912	0
6913	0
6914	0
6915	1
6916	1
6917	2
6918	0
6919	0
6920	0
6921	1
6922	0
6923	0
6924	1
6925	0
6926	0
6927	2
6928	0
6929	1
6930	0
6931	0
6932	1
6933	0
6934	1
6935	0
6936	1
6937	1
6938	0
6939	1
6940	1
6941	1
6942	0
6943	0
6944	1
6945	0
6946	0
6947	0
6948	0
6949	0
6950	0
6951	0
6952	0
6953	1
6954	0
6955	1
6956	1
6957	1
6958	0
6959	1
6960	0
6961	0
6962	0
6963	0
6964	1
6965	0
6966	2
6967	0
6968	1
6969	2
6970	0
6971	0
6972	2
6973	1
6974	0
6975	0
6976	0
6977	1
6978	0
6979	0
6980	0
6981	0
6982	0
6983	1
6984	1
6985	0
6986	0
6987	1
6988	0
6989	0
6990	0
6991	0
6992	1
6993	1
6994	1
6995	0
6996	2
6997	0
6998	0
6999	0
7000	0
7001	1
7002	2
7003	0
7004	0
7005	1
7006	0
7007	0
7008	0
7009	0
7010	0
7011	0
7012	0
7013	0
7014	0
7015	0
7016	1
7017	0
7018	0
7019	1
7020	1
7021	0
7022	0
7023	0
7024	0
7025	0
7026	1
7027	0
7028	0
7029	0
7030	0
7031	0
7032	1
7033	0
7034	0
7035	0
7036	0
7037	0
7038	0
7039	1
7040	1
7041	0
7042	0
7043	0
7044	0
7045	0
7046	0
7047	0
7048	0
7049	0
7050	1
7051	0
7052	0
7053	0
7054	1
7055	0
7056	0
7057	0
7058	0
7059	0
7060	0
7061	0
7062	0
7063	1
7064	1
7065	0
7066	0
7067	0
7068	0
7069	0
7070	0
7071	0
7072	0
7073	0
7074	0
7075	0
7076	0
7077	0
7078	0
7079	0
7080	0
7081	1
7082	1
7083	0
7084	0
7085	1
7086	0
7087	0
7088	0
7089	1
7090	1
7091	1
7092	1
7093	1
7094	0
7095	1
7096	0
7097	0
7098	2
7099	1
7100	0
7101	2
7102	0
7103	0
7104	2
7105	2
7106	0
7107	1
7108	1
7109	1
7110	0
7111	2
7112	0
7113	0
7114	2
7115	0
7116	1
7117	0
7118	1
7119	1
7120	0
7121	0
7122	0
7123	0
7124	1
7125	0
7126	0
7127	0
7128	0
7129	1
7130	0
7131	1
7132	0
7133	1
7134	0
7135	0
7136	0
7137	0
7138	2
7139	0
7140	0
7141	0
7142	1
7143	0
7144	0
7145	0
7146	0
7147	1
7148	0
7149	0
7150	0
7151	0
7152	1
7153	1
7154	0
7155	1
7156	0
7157	1
7158	0
7159	0
7160	0
7161	1
7162	0
7163	0
7164	0
7165	0
7166	0
7167	0
7168	1
7169	0
7170	0
7171	1
7172	0
7173	0
7174	0
7175	1
7176	0
7177	0
7178	0
7179	0
7180	0
7181	0
7182	2
7183	0
7184	0
7185	0
7186	0
7187	0
7188	0
7189	0
7190	2
7191	0
7192	0
7193	3
7194	0
7195	0
7196	1
7197	1
7198	0
7199	0
7200	1
7201	0
7202	0
7203	0
7204	0
7205	0
7206	1
7207	1
7208	0
7209	2
7210	0
7211	0
7212	0
7213	1
7214	0
7215	0
7216	0
7217	0
7218	0
7219	1
7220	1
7221	0
7222	0
7223	0
7224	0
7225	1
7226	1
7227	0
7228	1
7229	0
7230	1
7231	0
7232	0
7233	0
7234	2
7235	0
7236	0
7237	0
7238	2
7239	0
7240	0
7241	1
7242	0
7243	0
7244	0
7245	0
7246	0
7247	0
7248	1
7249	2
7250	0
7251	1
7252	0
7253	0
7254	0
7255	0
7256	0
7257	1
7258	0
7259	0
7260	1
7261	0
7262	0
7263	0
7264	0
7265	0
7266	0
7267	0
7268	0
7269	0
7270	0
7271	0
7272	0
7273	0
7274	0
7275	0
7276	0
7277	0
7278	1
7279	0
7280	0
7281	0
7282	0
7283	0
7284	1
7285	1
7286	0
7287	0
7288	0
7289	0
7290	0
7291	0
7292	0
7293	0
7294	0
7295	0
7296	0
7297	1
7298	0
7299	1
7300	0
7301	0
7302	0
7303	0
7304	0
7305	0
7306	0
7307	0
7308	0
7309	0
7310	0
7311	1
7312	0
7313	0
7314	0
7315	0
7316	0
7317	0
7318	0
7319	0
7320	0
7321	0
7322	1
7323	2
7324	0
7325	0
7326	0
7327	0
7328	0
7329	0
7330	1
7331	1
7332	0
7333	1
7334	0
7335	0
7336	0
7337	0
7338	0
7339	1
7340	1
7341	0
7342	1
7343	2
7344	0
7345	1
7346	0
7347	0
7348	1
7349	1
7350	0
7351	0
7352	0
7353	0
7354	1
7355	0
7356	1
7357	1
7358	0
7359	0
7360	0
7361	0
7362	1
7363	0
7364	0
7365	0
7366	0
7367	0
7368	0
7369	0
7370	0
7371	0
7372	1
7373	0
7374	0
7375	1
7376	1
7377	0
7378	0
7379	1
7380	0
7381	0
7382	0
7383	0
7384	0
7385	0
7386	0
7387	0
7388	0
7389	2
7390	0
7391	0
7392	1
7393	0
7394	0
7395	0
7396	0
7397	1
7398	0
7399	0
7400	1
7401	0
7402	0
7403	1
7404	0
7405	0
7406	0
7407	1
7408	0
7409	0
7410	0
7411	0
7412	1
7413	1
7414	0
7415	0
7416	0
7417	0
7418	0
7419	0
7420	0
7421	0
7422	1
7423	0
7424	1
7425	0
7426	0
7427	2
7428	0
7429	0
7430	0
7431	0
7432	0
7433	1
7434	0
7435	0
7436	0
7437	0
7438	1
7439	0
7440	0
7441	0
7442	1
7443	0
7444	0
7445	1
7446	0
7447	0
7448	0
7449	2
7450	1
7451	0
7452	0
7453	0
7454	0
7455	1
7456	1
7457	0
7458	1
7459	0
7460	1
7461	0
7462	0
7463	0
7464	0
7465	2
7466	0
7467	0
7468	0
7469	0
7470	0
7471	0
7472	0
7473	1
7474	0
7475	0
7476	0
7477	0
7478	1
7479	2
7480	0
7481	0
7482	0
7483	0
7484	0
7485	0
7486	0
7487	1
7488	0
7489	1
7490	0
7491	0
7492	0
7493	1
7494	0
7495	0
7496	1
7497	0
7498	0
7499	0
7500	0
7501	0
7502	0
7503	0
7504	1
7505	0
7506	0
7507	0
7508	0
7509	0
7510	0
7511	0
7512	0
7513	0
7514	0
7515	0
7516	0
7517	0
7518	1
7519	0
7520	0
7521	0
7522	0
7523	0
7524	0
7525	0
7526	0
7527	0
7528	1
7529	0
7530	0
7531	0
7532	1
7533	1
7534	1
7535	1
7536	0
7537	0
7538	0
7539	0
7540	0
7541	0
7542	0
7543	0
7544	0
7545	0
7546	0
7547	0
7548	0
7549	0
7550	0
7551	0
7552	0
7553	0
7554	0
7555	1
7556	2
7557	0
7558	0
7559	0
7560	0
7561	1
7562	1
7563	0
7564	0
7565	1
7566	0
7567	0
7568	0
7569	1
7570	0
7571	0
7572	1
7573	1
7574	0
7575	1
7576	0
7577	1
7578	0
7579	0
7580	0
7581	0
7582	1
7583	0
7584	0
7585	0
7586	0
7587	0
7588	0
7589	0
7590	0
7591	0
7592	0
7593	1
7594	0
7595	0
7596	0
7597	1
7598	0
7599	0
7600	0
7601	1
7602	0
7603	0
7604	0
7605	0
7606	0
7607	0
7608	0
7609	0
7610	1
7611	1
7612	0
7613	0
7614	2
7615	0
7616	0
7617	0
7618	0
7619	0
7620	1
7621	0
7622	0
7623	0
7624	1
7625	1
7626	0
7627	0
7628	0
7629	1
7630	0
7631	0
7632	2
7633	0
7634	1
7635	0
7636	0
7637	1
7638	1
7639	1
7640	0
7641	0
7642	0
7643	0
7644	0
7645	0
7646	0
7647	1
7648	0
7649	0
7650	0
7651	0
7652	0
7653	0
7654	0
7655	1
7656	0
7657	1
7658	0
7659	0
7660	0
7661	3
7662	1
7663	1
7664	1
7665	1
7666	0
7667	0
7668	0
7669	0
7670	0
7671	0
7672	0
7673	1
7674	1
7675	0
7676	0
7677	0
7678	0
7679	0
7680	0
7681	0
7682	0
7683	0
7684	0
7685	1
7686	0
7687	0
7688	1
7689	0
7690	0
7691	1
7692	0
7693	0
7694	1
7695	0
7696	0
7697	2
7698	1
7699	1
7700	0
7701	0
7702	1
7703	1
7704	0
7705	0
7706	0
7707	1
7708	0
7709	0
7710	1
7711	0
7712	0
7713	0
7714	0
7715	1
7716	0
7717	0
7718	0
7719	0
7720	0
7721	0
7722	0
7723	0
7724	0
7725	0
7726	0
7727	0
7728	0
7729	0
7730	0
7731	0
7732	0
7733	0
7734	0
7735	1
7736	0
7737	0
7738	0
7739	0
7740	0
7741	1
7742	0
7743	1
7744	0
7745	0
7746	0
7747	0
7748	0
7749	0
7750	1
7751	0
7752	0
7753	0
7754	0
7755	1
7756	0
7757	0
7758	0
7759	0
7760	0
7761	0
7762	0
7763	0
7764	1
7765	1
7766	0
7767	0
7768	1
7769	0
7770	0
7771	0
7772	1
7773	0
7774	1
7775	1
7776	2
7777	0
7778	0
7779	2
7780	0
7781	1
7782	0
7783	0
7784	0
7785	0
7786	0
7787	0
7788	1
7789	0
7790	0
7791	0
7792	0
7793	0
7794	0
7795	0
7796	1
7797	0
7798	0
7799	0
7800	0
7801	0
7802	0
7803	0
7804	0
7805	1
7806	0
7807	0
7808	0
7809	1
7810	0
7811	0
7812	0
7813	0
7814	0
7815	0
7816	0
7817	1
7818	0
7819	0
7820	0
7821	0
7822	0
7823	0
7824	0
7825	0
7826	0
7827	1
7828	0
7829	0
7830	1
7831	0
7832	2
7833	1
7834	0
7835	0
7836	0
7837	0
7838	0
7839	0
7840	0
7841	0
7842	0
7843	0
7844	1
7845	1
7846	0
7847	0
7848	0
7849	0
7850	0
7851	1
7852	0
7853	0
7854	1
7855	0
7856	0
7857	0
7858	0
7859	1
7860	2
7861	1
7862	0
7863	0
7864	0
7865	0
7866	0
7867	0
7868	0
7869	0
7870	0
7871	0
7872	0
7873	0
7874	0
7875	1
7876	0
7877	1
7878	0
7879	0
7880	0
7881	1
7882	0
7883	0
7884	0
7885	0
7886	0
7887	0
7888	0
7889	0
7890	0
7891	0
7892	0
7893	0
7894	0
7895	0
7896	0
7897	0
7898	0
7899	0
7900	1
7901	0
7902	0
7903	0
7904	0
7905	0
7906	0
7907	0
7908	0
7909	1
7910	0
7911	1
7912	0
7913	0
7914	0
7915	0
7916	0
7917	0
7918	0
7919	0
7920	0
7921	0
7922	0
7923	0
7924	0
7925	0
7926	0
7927	0
7928	0
7929	0
7930	0
7931	0
7932	0
7933	0
7934	0
7935	0
7936	0
7937	0
7938	0
7939	0
7940	0
7941	0
7942	0
7943	0
7944	0
7945	0
7946	0
7947	0
7948	0
7949	0
7950	0
7951	0
7952	0
7953	0
7954	0
7955	0
7956	0
7957	0
7958	0
7959	0
7960	0
7961	0
7962	0
7963	0
7964	0
7965	0
7966	0
7967	0
7968	0
7969	0
7970	0
7971	0
7972	0
7973	0
7974	0
7975	0
7976	0
7977	0
7978	0
7979	0
7980	0
7981	0
7982	0
7983	0
7984	0
7985	0
7986	0
7987	0
7988	0
7989	0
7990	0
7991	0
7992	0
7993	0
7994	0
7995	0
7996	0
7997	0
7998	0
7999	0
8000	0
8001	0
8002	0
8003	0
8004	0
8005	0
8006	0
8007	0
8008	0
8009	0
8010	0
8011	0
8012	0
8013	0
8014	0
8015	0
8016	0
8017	0
8018	0
8019	0
8020	0
8021	0
8022	0
8023	0
8024	0
8025	0
8026	0
8027	0
8028	0
8029	0
8030	0
8031	0
8032	0
8033	0
8034	0
8035	0
8036	0
8037	0
8038	0
8039	0
8040	0
8041	0
8042	0
8043	0
8044	0
8045	0
8046	0
8047	0
8048	0
8049	0
8050	0
8051	0
8052	0
8053	0
8054	0
8055	0
8056	0
8057	0
8058	0
8059	0
8060	0
8061	0
8062	0
8063	0
8064	0
8065	0
8066	0
8067	0
8068	0
8069	0
8070	0
8071	0
8072	0
8073	0
8074	0
8075	0
8076	0
8077	0
8078	0
8079	0
8080	0
8081	0
8082	0
8083	0
8084	0
8085	0
8086	0
8087	0
8088	0
8089	0
8090	0
8091	0
8092	0
8093	0
8094	0
8095	0
8096	0
8097	0
8098	0
8099	0
8100	0
8101	0
8102	0
8103	0
8104	0
8105	0
8106	0
8107	0
8108	0
8109	0
8110	0
8111	0
8112	0
8113	0
8114	0
8115	0
8116	0
8117	0
8118	0
8119	0
8120	0
8121	0
8122	0
8123	0
8124	0
8125	0
8126	0
8127	0
8128	0
8129	0
8130	0
8131	0
8132	0
8133	0
8134	0
8135	0
8136	0
8137	0
8138	0
8139	0
8140	0
8141	0
8142	0
8143	0
8144	0
8145	0
8146	0
8147	0
8148	0
8149	0
8150	0
8151	0
8152	0
8153	0
8154	0
8155	0
8156	0
8157	0
8158	0
8159	0
8160	0
8161	0
8162	0
8163	0
8164	0
8165	0
8166	0
8167	0
8168	0
8169	0
8170	0
8171	0
8172	0
8173	0
8174	0
8175	0
8176	0
8177	0
8178	0
8179	0
8180	0
8181	0
8182	0
8183	0
8184	0
8185	0
8186	0
8187	0
8188	0
8189	0
8190	0
8191	0
