0	0
1	0
2	0
3	0
4	0
5	0
6	0
7	0
8	0
9	0
10	0
11	0
12	0
13	0
14	0
15	0
16	0
17	0
18	0
19	0
20	0
21	0
22	0
23	0
24	0
25	0
26	0
27	0
28	0
29	0
30	0
31	0
32	0
33	0
34	0
35	0
36	0
37	0
38	0
39	0
40	0
41	0
42	0
43	0
44	0
45	0
46	0
47	0
48	0
49	0
50	0
51	0
52	0
53	0
54	0
55	0
56	0
57	0
58	0
59	0
60	0
61	0
62	0
63	0
64	0
65	0
66	0
67	0
68	0
69	0
70	0
71	0
72	0
73	0
74	0
75	0
76	0
77	0
78	0
79	0
80	0
81	0
82	0
83	5
84	6
85	11
86	11
87	7
88	13
89	8
90	8
91	8
92	12
93	8
94	9
95	7
96	12
97	12
98	12
99	10
100	12
101	13
102	14
103	16
104	9
105	11
106	13
107	8
108	16
109	9
110	17
111	12
112	13
113	11
114	12
115	14
116	12
117	12
118	16
119	9
120	6
121	7
122	11
123	8
124	13
125	9
126	8
127	9
128	10
129	10
130	11
131	10
132	14
133	9
134	14
135	17
136	9
137	10
138	10
139	9
140	12
141	6
142	10
143	8
144	9
145	8
146	10
147	14
148	10
149	8
150	12
151	8
152	11
153	15
154	11
155	19
156	11
157	12
158	18
159	9
160	9
161	8
162	10
163	14
164	10
165	4
166	9
167	8
168	16
169	10
170	7
171	10
172	5
173	15
174	11
175	9
176	13
177	8
178	8
179	8
180	11
181	12
182	7
183	10
184	10
185	11
186	16
187	9
188	10
189	11
190	9
191	14
192	14
193	17
194	10
195	13
196	12
197	8
198	15
199	17
200	9
201	11
202	7
203	11
204	12
205	7
206	11
207	9
208	18
209	4
210	9
211	10
212	9
213	16
214	15
215	10
216	12
217	16
218	7
219	10
220	13
221	9
222	12
223	7
224	10
225	9
226	10
227	8
228	10
229	6
230	4
231	16
232	13
233	16
234	13
235	13
236	16
237	8
238	9
239	14
240	10
241	20
242	10
243	21
244	10
245	16
246	18
247	15
248	10
249	15
250	4
251	6
252	7
253	11
254	11
255	10
256	11
257	12
258	10
259	9
260	11
261	6
262	12
263	12
264	15
265	16
266	9
267	8
268	15
269	8
270	15
271	9
272	10
273	11
274	10
275	13
276	12
277	18
278	5
279	7
280	11
281	18
282	11
283	9
284	14
285	17
286	20
287	15
288	12
289	16
290	15
291	15
292	14
293	18
294	9
295	13
296	12
297	16
298	9
299	8
300	18
301	11
302	11
303	16
304	15
305	12
306	17
307	16
308	12
309	11
310	6
311	12
312	11
313	10
314	14
315	18
316	18
317	10
318	11
319	6
320	13
321	15
322	12
323	9
324	12
325	13
326	11
327	16
328	17
329	13
330	8
331	9
332	18
333	22
334	11
335	15
336	17
337	18
338	15
339	6
340	12
341	17
342	19
343	10
344	10
345	11
346	18
347	13
348	14
349	12
350	19
351	15
352	17
353	13
354	12
355	16
356	21
357	11
358	18
359	8
360	14
361	14
362	16
363	18
364	14
365	12
366	13
367	7
368	9
369	11
370	11
371	14
372	17
373	15
374	13
375	10
376	8
377	18
378	9
379	9
380	11
381	12
382	16
383	14
384	16
385	16
386	13
387	10
388	12
389	19
390	18
391	14
392	17
393	16
394	15
395	13
396	13
397	10
398	7
399	7
400	10
401	13
402	14
403	16
404	10
405	8
406	11
407	15
408	12
409	20
410	11
411	8
412	20
413	14
414	12
415	21
416	7
417	14
418	11
419	14
420	18
421	14
422	14
423	19
424	18
425	23
426	15
427	22
428	14
429	23
430	18
431	14
432	15
433	13
434	22
435	16
436	10
437	12
438	19
439	19
440	23
441	12
442	19
443	18
444	18
445	14
446	21
447	11
448	12
449	24
450	17
451	11
452	26
453	19
454	21
455	13
456	19
457	15
458	14
459	17
460	18
461	16
462	19
463	21
464	29
465	14
466	16
467	23
468	18
469	9
470	16
471	15
472	16
473	20
474	17
475	17
476	25
477	22
478	26
479	24
480	18
481	13
482	16
483	22
484	17
485	17
486	29
487	26
488	25
489	33
490	16
491	33
492	21
493	27
494	32
495	24
496	31
497	24
498	15
499	39
500	23
501	19
502	29
503	31
504	17
505	20
506	25
507	25
508	29
509	29
510	37
511	22
512	28
513	21
514	38
515	28
516	19
517	22
518	32
519	21
520	24
521	23
522	24
523	29
524	21
525	30
526	20
527	20
528	33
529	30
530	25
531	32
532	28
533	23
534	19
535	22
536	26
537	23
538	22
539	17
540	22
541	26
542	16
543	32
544	21
545	16
546	28
547	21
548	16
549	17
550	19
551	24
552	25
553	27
554	22
555	18
556	16
557	25
558	18
559	23
560	26
561	18
562	22
563	23
564	17
565	22
566	21
567	18
568	19
569	14
570	12
571	17
572	26
573	14
574	22
575	24
576	16
577	22
578	18
579	17
580	25
581	22
582	21
583	19
584	16
585	30
586	33
587	27
588	22
589	23
590	15
591	17
592	21
593	22
594	15
595	20
596	32
597	16
598	23
599	25
600	25
601	24
602	22
603	15
604	22
605	15
606	22
607	17
608	17
609	19
610	17
611	24
612	20
613	28
614	23
615	21
616	15
617	18
618	28
619	14
620	20
621	27
622	21
623	28
624	16
625	10
626	29
627	18
628	19
629	17
630	12
631	7
632	22
633	19
634	15
635	18
636	14
637	20
638	20
639	18
640	18
641	24
642	15
643	17
644	14
645	27
646	14
647	15
648	20
649	23
650	12
651	16
652	17
653	25
654	22
655	15
656	20
657	22
658	16
659	26
660	18
661	15
662	26
663	24
664	21
665	12
666	12
667	17
668	17
669	31
670	15
671	26
672	21
673	17
674	27
675	18
676	21
677	20
678	17
679	15
680	25
681	24
682	25
683	17
684	16
685	10
686	19
687	26
688	27
689	22
690	24
691	15
692	13
693	20
694	20
695	21
696	16
697	23
698	23
699	20
700	22
701	19
702	13
703	22
704	15
705	22
706	15
707	21
708	23
709	19
710	20
711	16
712	16
713	31
714	25
715	26
716	17
717	23
718	14
719	21
720	23
721	16
722	24
723	24
724	25
725	17
726	24
727	20
728	34
729	26
730	27
731	23
732	16
733	29
734	20
735	23
736	17
737	17
738	27
739	24
740	20
741	25
742	18
743	18
744	23
745	20
746	19
747	14
748	24
749	28
750	30
751	23
752	25
753	27
754	22
755	25
756	28
757	5
758	23
759	18
760	20
761	21
762	25
763	22
764	35
765	30
766	24
767	19
768	17
769	17
770	19
771	23
772	23
773	25
774	23
775	19
776	25
777	29
778	10
779	14
780	18
781	24
782	19
783	20
784	24
785	22
786	14
787	24
788	16
789	20
790	24
791	27
792	17
793	14
794	33
795	27
796	27
797	19
798	24
799	31
800	18
801	24
802	25
803	18
804	30
805	17
806	18
807	22
808	19
809	14
810	17
811	26
812	28
813	25
814	24
815	24
816	25
817	26
818	23
819	17
820	18
821	26
822	19
823	19
824	17
825	18
826	29
827	27
828	29
829	27
830	17
831	23
832	30
833	23
834	33
835	30
836	26
837	26
838	22
839	35
840	32
841	27
842	27
843	23
844	21
845	27
846	26
847	35
848	23
849	18
850	23
851	29
852	22
853	28
854	29
855	21
856	28
857	15
858	34
859	22
860	20
861	21
862	19
863	23
864	20
865	26
866	26
867	19
868	26
869	29
870	23
871	27
872	18
873	23
874	24
875	24
876	24
877	24
878	26
879	27
880	29
881	28
882	30
883	28
884	29
885	35
886	18
887	25
888	24
889	28
890	18
891	32
892	32
893	25
894	17
895	28
896	25
897	26
898	39
899	28
900	23
901	23
902	32
903	16
904	26
905	34
906	31
907	27
908	26
909	28
910	24
911	26
912	35
913	40
914	28
915	30
916	23
917	26
918	16
919	35
920	32
921	30
922	22
923	22
924	27
925	21
926	16
927	32
928	20
929	22
930	22
931	31
932	24
933	34
934	27
935	34
936	32
937	18
938	32
939	26
940	30
941	28
942	30
943	16
944	32
945	28
946	30
947	37
948	23
949	26
950	23
951	22
952	24
953	33
954	16
955	35
956	36
957	37
958	44
959	30
960	45
961	30
962	29
963	44
964	26
965	28
966	31
967	25
968	35
969	40
970	33
971	29
972	31
973	28
974	38
975	28
976	44
977	26
978	44
979	30
980	34
981	28
982	27
983	33
984	20
985	28
986	22
987	35
988	31
989	29
990	32
991	21
992	44
993	36
994	38
995	39
996	33
997	40
998	34
999	30
1000	36
1001	30
1002	37
1003	29
1004	39
1005	27
1006	27
1007	29
1008	28
1009	45
1010	34
1011	32
1012	36
1013	44
1014	22
1015	38
1016	31
1017	28
1018	32
1019	40
1020	29
1021	45
1022	27
1023	33
1024	27
1025	29
1026	36
1027	23
1028	33
1029	38
1030	33
1031	33
1032	30
1033	29
1034	35
1035	36
1036	29
1037	29
1038	37
1039	30
1040	29
1041	35
1042	37
1043	27
1044	25
1045	27
1046	33
1047	37
1048	26
1049	37
1050	36
1051	28
1052	24
1053	36
1054	37
1055	28
1056	30
1057	32
1058	35
1059	30
1060	34
1061	22
1062	28
1063	27
1064	37
1065	33
1066	48
1067	37
1068	36
1069	43
1070	28
1071	27
1072	29
1073	33
1074	27
1075	27
1076	30
1077	45
1078	33
1079	23
1080	45
1081	37
1082	29
1083	37
1084	32
1085	30
1086	28
1087	21
1088	38
1089	36
1090	37
1091	28
1092	28
1093	38
1094	39
1095	32
1096	19
1097	43
1098	36
1099	37
1100	32
1101	33
1102	38
1103	43
1104	36
1105	31
1106	38
1107	26
1108	27
1109	26
1110	34
1111	37
1112	38
1113	35
1114	44
1115	30
1116	25
1117	24
1118	38
1119	23
1120	32
1121	39
1122	31
1123	34
1124	35
1125	46
1126	31
1127	37
1128	32
1129	35
1130	30
1131	23
1132	30
1133	32
1134	28
1135	33
1136	35
1137	22
1138	32
1139	33
1140	27
1141	39
1142	39
1143	33
1144	31
1145	28
1146	26
1147	44
1148	38
1149	30
1150	29
1151	50
1152	25
1153	38
1154	28
1155	36
1156	44
1157	36
1158	41
1159	25
1160	29
1161	34
1162	41
1163	33
1164	31
1165	32
1166	29
1167	21
1168	37
1169	40
1170	41
1171	28
1172	39
1173	30
1174	41
1175	33
1176	32
1177	31
1178	36
1179	36
1180	43
1181	29
1182	43
1183	39
1184	31
1185	33
1186	39
1187	33
1188	40
1189	39
1190	39
1191	35
1192	38
1193	39
1194	43
1195	27
1196	36
1197	32
1198	42
1199	35
1200	35
1201	38
1202	41
1203	26
1204	39
1205	37
1206	39
1207	36
1208	44
1209	33
1210	34
1211	41
1212	30
1213	37
1214	34
1215	32
1216	43
1217	37
1218	29
1219	41
1220	44
1221	40
1222	27
1223	32
1224	42
1225	38
1226	31
1227	27
1228	30
1229	32
1230	28
1231	36
1232	34
1233	29
1234	33
1235	42
1236	39
1237	43
1238	41
1239	46
1240	39
1241	28
1242	27
1243	42
1244	37
1245	41
1246	30
1247	36
1248	24
1249	49
1250	39
1251	40
1252	36
1253	27
1254	43
1255	30
1256	32
1257	40
1258	42
1259	27
1260	31
1261	44
1262	41
1263	44
1264	49
1265	33
1266	33
1267	35
1268	35
1269	33
1270	38
1271	39
1272	47
1273	42
1274	31
1275	31
1276	39
1277	35
1278	40
1279	45
1280	37
1281	40
1282	47
1283	44
1284	53
1285	36
1286	27
1287	38
1288	42
1289	38
1290	39
1291	52
1292	32
1293	39
1294	35
1295	49
1296	40
1297	42
1298	53
1299	34
1300	34
1301	40
1302	40
1303	27
1304	44
1305	42
1306	40
1307	28
1308	33
1309	40
1310	33
1311	48
1312	37
1313	39
1314	31
1315	37
1316	45
1317	42
1318	42
1319	44
1320	52
1321	43
1322	47
1323	48
1324	38
1325	51
1326	28
1327	44
1328	39
1329	53
1330	48
1331	37
1332	40
1333	53
1334	40
1335	39
1336	43
1337	51
1338	49
1339	40
1340	29
1341	41
1342	45
1343	49
1344	40
1345	49
1346	35
1347	36
1348	42
1349	42
1350	39
1351	45
1352	44
1353	45
1354	48
1355	44
1356	41
1357	54
1358	35
1359	55
1360	51
1361	38
1362	31
1363	39
1364	43
1365	38
1366	55
1367	43
1368	49
1369	35
1370	37
1371	48
1372	41
1373	62
1374	56
1375	46
1376	41
1377	30
1378	44
1379	63
1380	43
1381	48
1382	65
1383	39
1384	57
1385	48
1386	41
1387	54
1388	54
1389	44
1390	49
1391	47
1392	60
1393	48
1394	57
1395	55
1396	51
1397	54
1398	38
1399	51
1400	47
1401	43
1402	52
1403	45
1404	53
1405	53
1406	51
1407	47
1408	51
1409	45
1410	53
1411	55
1412	45
1413	42
1414	55
1415	46
1416	43
1417	52
1418	56
1419	56
1420	54
1421	55
1422	46
1423	55
1424	57
1425	49
1426	59
1427	54
1428	68
1429	46
1430	64
1431	49
1432	47
1433	58
1434	37
1435	46
1436	33
1437	42
1438	53
1439	53
1440	49
1441	56
1442	57
1443	49
1444	44
1445	45
1446	54
1447	48
1448	56
1449	54
1450	53
1451	55
1452	55
1453	33
1454	65
1455	56
1456	61
1457	68
1458	58
1459	49
1460	53
1461	56
1462	45
1463	53
1464	57
1465	47
1466	40
1467	32
1468	54
1469	49
1470	55
1471	46
1472	48
1473	47
1474	60
1475	40
1476	52
1477	44
1478	44
1479	35
1480	52
1481	51
1482	44
1483	48
1484	46
1485	39
1486	65
1487	37
1488	49
1489	55
1490	50
1491	52
1492	53
1493	44
1494	38
1495	39
1496	43
1497	40
1498	56
1499	44
1500	41
1501	46
1502	49
1503	40
1504	41
1505	54
1506	49
1507	44
1508	40
1509	50
1510	46
1511	40
1512	41
1513	43
1514	38
1515	42
1516	32
1517	35
1518	34
1519	53
1520	52
1521	36
1522	55
1523	42
1524	39
1525	39
1526	31
1527	38
1528	44
1529	29
1530	39
1531	43
1532	42
1533	47
1534	45
1535	41
1536	36
1537	37
1538	38
1539	34
1540	42
1541	35
1542	32
1543	36
1544	36
1545	31
1546	36
1547	39
1548	46
1549	41
1550	26
1551	44
1552	42
1553	41
1554	35
1555	38
1556	36
1557	26
1558	23
1559	30
1560	51
1561	44
1562	36
1563	33
1564	31
1565	31
1566	36
1567	35
1568	38
1569	31
1570	36
1571	31
1572	27
1573	44
1574	33
1575	24
1576	26
1577	30
1578	32
1579	32
1580	29
1581	33
1582	36
1583	28
1584	27
1585	30
1586	35
1587	33
1588	35
1589	28
1590	33
1591	29
1592	39
1593	31
1594	35
1595	27
1596	29
1597	39
1598	28
1599	31
1600	22
1601	37
1602	23
1603	32
1604	19
1605	29
1606	33
1607	30
1608	32
1609	19
1610	24
1611	31
1612	26
1613	20
1614	22
1615	21
1616	29
1617	25
1618	26
1619	31
1620	28
1621	23
1622	19
1623	27
1624	27
1625	23
1626	18
1627	24
1628	25
1629	28
1630	29
1631	31
1632	36
1633	26
1634	27
1635	22
1636	21
1637	30
1638	29
1639	30
1640	30
1641	31
1642	32
1643	21
1644	17
1645	30
1646	18
1647	25
1648	23
1649	30
1650	30
1651	29
1652	30
1653	21
1654	21
1655	31
1656	27
1657	20
1658	22
1659	33
1660	27
1661	25
1662	33
1663	21
1664	36
1665	27
1666	30
1667	30
1668	25
1669	25
1670	20
1671	17
1672	29
1673	22
1674	24
1675	22
1676	22
1677	24
1678	24
1679	21
1680	19
1681	31
1682	20
1683	23
1684	23
1685	20
1686	16
1687	24
1688	19
1689	24
1690	25
1691	19
1692	29
1693	26
1694	26
1695	21
1696	33
1697	29
1698	21
1699	26
1700	20
1701	25
1702	26
1703	24
1704	21
1705	19
1706	34
1707	25
1708	29
1709	16
1710	12
1711	19
1712	24
1713	22
1714	24
1715	20
1716	21
1717	25
1718	21
1719	23
1720	23
1721	16
1722	19
1723	25
1724	19
1725	23
1726	12
1727	20
1728	16
1729	22
1730	13
1731	23
1732	21
1733	22
1734	24
1735	21
1736	21
1737	25
1738	17
1739	17
1740	27
1741	16
1742	19
1743	26
1744	29
1745	17
1746	27
1747	13
1748	27
1749	22
1750	29
1751	18
1752	21
1753	24
1754	17
1755	18
1756	18
1757	34
1758	22
1759	16
1760	21
1761	15
1762	18
1763	14
1764	19
1765	17
1766	26
1767	18
1768	19
1769	15
1770	19
1771	27
1772	22
1773	13
1774	15
1775	17
1776	32
1777	20
1778	16
1779	19
1780	30
1781	18
1782	20
1783	15
1784	26
1785	16
1786	19
1787	21
1788	27
1789	18
1790	22
1791	12
1792	22
1793	18
1794	21
1795	22
1796	16
1797	22
1798	17
1799	14
1800	22
1801	25
1802	25
1803	16
1804	20
1805	24
1806	22
1807	27
1808	21
1809	17
1810	19
1811	25
1812	12
1813	21
1814	14
1815	10
1816	15
1817	20
1818	26
1819	16
1820	11
1821	33
1822	17
1823	13
1824	27
1825	20
1826	24
1827	19
1828	19
1829	15
1830	17
1831	20
1832	21
1833	19
1834	25
1835	17
1836	14
1837	34
1838	17
1839	22
1840	22
1841	19
1842	14
1843	19
1844	18
1845	14
1846	15
1847	17
1848	19
1849	18
1850	21
1851	19
1852	20
1853	15
1854	17
1855	23
1856	17
1857	15
1858	27
1859	23
1860	17
1861	18
1862	16
1863	23
1864	20
1865	17
1866	24
1867	11
1868	12
1869	25
1870	24
1871	13
1872	18
1873	16
1874	16
1875	16
1876	15
1877	15
1878	19
1879	17
1880	12
1881	22
1882	16
1883	19
1884	16
1885	10
1886	19
1887	23
1888	23
1889	13
1890	17
1891	19
1892	12
1893	19
1894	14
1895	15
1896	19
1897	16
1898	15
1899	21
1900	14
1901	9
1902	17
1903	21
1904	15
1905	15
1906	14
1907	16
1908	20
1909	10
1910	20
1911	14
1912	22
1913	16
1914	18
1915	16
1916	11
1917	19
1918	21
1919	15
1920	14
1921	22
1922	25
1923	14
1924	25
1925	11
1926	18
1927	18
1928	13
1929	19
1930	15
1931	22
1932	24
1933	19
1934	15
1935	14
1936	14
1937	19
1938	15
1939	18
1940	14
1941	25
1942	11
1943	17
1944	16
1945	21
1946	15
1947	17
1948	22
1949	16
1950	17
1951	16
1952	7
1953	12
1954	14
1955	18
1956	11
1957	22
1958	20
1959	18
1960	11
1961	24
1962	14
1963	17
1964	14
1965	16
1966	12
1967	9
1968	18
1969	24
1970	12
1971	15
1972	12
1973	12
1974	13
1975	19
1976	21
1977	19
1978	18
1979	13
1980	17
1981	12
1982	18
1983	12
1984	14
1985	25
1986	18
1987	15
1988	19
1989	22
1990	21
1991	11
1992	10
1993	14
1994	13
1995	11
1996	20
1997	15
1998	12
1999	19
2000	15
2001	17
2002	19
2003	16
2004	10
2005	12
2006	12
2007	18
2008	19
2009	14
2010	28
2011	12
2012	16
2013	21
2014	13
2015	14
2016	7
2017	11
2018	13
2019	15
2020	12
2021	20
2022	12
2023	14
2024	15
2025	15
2026	11
2027	19
2028	15
2029	21
2030	17
2031	21
2032	16
2033	17
2034	10
2035	13
2036	23
2037	15
2038	17
2039	19
2040	14
2041	14
2042	20
2043	20
2044	14
2045	10
2046	14
2047	15
2048	17
2049	19
2050	16
2051	15
2052	17
2053	15
2054	14
2055	16
2056	10
2057	14
2058	18
2059	12
2060	17
2061	13
2062	27
2063	11
2064	18
2065	12
2066	12
2067	15
2068	12
2069	13
2070	18
2071	17
2072	18
2073	14
2074	13
2075	17
2076	13
2077	18
2078	16
2079	12
2080	16
2081	17
2082	6
2083	12
2084	13
2085	18
2086	24
2087	16
2088	13
2089	9
2090	18
2091	14
2092	19
2093	22
2094	20
2095	16
2096	19
2097	20
2098	7
2099	16
2100	17
2101	13
2102	11
2103	18
2104	17
2105	14
2106	15
2107	18
2108	10
2109	15
2110	13
2111	13
2112	14
2113	23
2114	12
2115	14
2116	13
2117	24
2118	21
2119	12
2120	21
2121	12
2122	17
2123	15
2124	16
2125	11
2126	20
2127	20
2128	11
2129	14
2130	10
2131	19
2132	7
2133	6
2134	13
2135	23
2136	17
2137	7
2138	16
2139	12
2140	10
2141	9
2142	12
2143	18
2144	11
2145	11
2146	18
2147	13
2148	14
2149	18
2150	12
2151	15
2152	13
2153	20
2154	8
2155	15
2156	16
2157	28
2158	13
2159	12
2160	10
2161	14
2162	11
2163	18
2164	13
2165	21
2166	18
2167	22
2168	16
2169	13
2170	19
2171	14
2172	11
2173	15
2174	14
2175	19
2176	20
2177	26
2178	15
2179	17
2180	15
2181	11
2182	14
2183	17
2184	13
2185	10
2186	12
2187	15
2188	12
2189	10
2190	14
2191	21
2192	15
2193	13
2194	16
2195	18
2196	10
2197	11
2198	9
2199	9
2200	23
2201	10
2202	12
2203	11
2204	16
2205	18
2206	12
2207	12
2208	11
2209	22
2210	18
2211	9
2212	18
2213	15
2214	15
2215	14
2216	10
2217	14
2218	11
2219	13
2220	19
2221	10
2222	18
2223	22
2224	16
2225	16
2226	11
2227	18
2228	15
2229	15
2230	18
2231	12
2232	14
2233	9
2234	8
2235	9
2236	17
2237	9
2238	18
2239	16
2240	10
2241	6
2242	17
2243	8
2244	20
2245	8
2246	12
2247	15
2248	15
2249	12
2250	12
2251	14
2252	7
2253	14
2254	18
2255	14
2256	17
2257	11
2258	14
2259	15
2260	21
2261	13
2262	12
2263	18
2264	12
2265	18
2266	9
2267	6
2268	8
2269	10
2270	11
2271	20
2272	13
2273	9
2274	16
2275	8
2276	19
2277	16
2278	18
2279	14
2280	18
2281	16
2282	13
2283	8
2284	9
2285	12
2286	11
2287	12
2288	12
2289	17
2290	14
2291	15
2292	13
2293	14
2294	15
2295	7
2296	17
2297	13
2298	10
2299	15
2300	8
2301	14
2302	17
2303	17
2304	14
2305	7
2306	13
2307	19
2308	16
2309	14
2310	13
2311	21
2312	17
2313	9
2314	11
2315	14
2316	13
2317	11
2318	13
2319	8
2320	12
2321	13
2322	13
2323	19
2324	12
2325	20
2326	6
2327	10
2328	13
2329	8
2330	9
2331	15
2332	12
2333	14
2334	12
2335	13
2336	5
2337	13
2338	18
2339	11
2340	6
2341	14
2342	11
2343	15
2344	14
2345	15
2346	14
2347	15
2348	16
2349	10
2350	6
2351	3
2352	19
2353	11
2354	12
2355	7
2356	9
2357	10
2358	9
2359	11
2360	10
2361	12
2362	11
2363	13
2364	11
2365	12
2366	16
2367	11
2368	10
2369	13
2370	15
2371	12
2372	12
2373	15
2374	14
2375	13
2376	10
2377	23
2378	13
2379	8
2380	10
2381	7
2382	13
2383	12
2384	11
2385	13
2386	11
2387	10
2388	14
2389	11
2390	10
2391	12
2392	9
2393	21
2394	13
2395	13
2396	13
2397	15
2398	13
2399	6
2400	13
2401	16
2402	6
2403	15
2404	12
2405	13
2406	11
2407	8
2408	12
2409	10
2410	13
2411	10
2412	14
2413	12
2414	19
2415	8
2416	20
2417	20
2418	15
2419	10
2420	12
2421	9
2422	13
2423	17
2424	16
2425	12
2426	16
2427	14
2428	12
2429	13
2430	11
2431	7
2432	17
2433	12
2434	12
2435	9
2436	10
2437	13
2438	15
2439	7
2440	10
2441	11
2442	14
2443	17
2444	10
2445	9
2446	11
2447	9
2448	10
2449	9
2450	8
2451	16
2452	10
2453	10
2454	11
2455	12
2456	14
2457	11
2458	8
2459	11
2460	12
2461	6
2462	19
2463	11
2464	19
2465	8
2466	12
2467	10
2468	13
2469	10
2470	12
2471	11
2472	9
2473	9
2474	13
2475	13
2476	13
2477	17
2478	5
2479	22
2480	21
2481	14
2482	11
2483	13
2484	19
2485	15
2486	11
2487	11
2488	8
2489	13
2490	12
2491	6
2492	26
2493	11
2494	10
2495	14
2496	19
2497	7
2498	9
2499	7
2500	13
2501	8
2502	12
2503	12
2504	7
2505	7
2506	12
2507	11
2508	11
2509	13
2510	9
2511	13
2512	16
2513	13
2514	8
2515	14
2516	18
2517	11
2518	14
2519	14
2520	11
2521	13
2522	9
2523	10
2524	6
2525	14
2526	8
2527	15
2528	20
2529	9
2530	10
2531	17
2532	14
2533	6
2534	15
2535	10
2536	9
2537	11
2538	12
2539	12
2540	13
2541	9
2542	16
2543	7
2544	12
2545	6
2546	12
2547	12
2548	15
2549	13
2550	10
2551	7
2552	7
2553	18
2554	10
2555	10
2556	18
2557	6
2558	11
2559	9
2560	10
2561	11
2562	16
2563	8
2564	12
2565	17
2566	9
2567	21
2568	9
2569	13
2570	9
2571	5
2572	10
2573	10
2574	7
2575	12
2576	5
2577	16
2578	13
2579	13
2580	6
2581	9
2582	9
2583	6
2584	10
2585	8
2586	8
2587	9
2588	15
2589	7
2590	15
2591	11
2592	18
2593	11
2594	12
2595	10
2596	16
2597	10
2598	15
2599	9
2600	9
2601	11
2602	12
2603	14
2604	8
2605	9
2606	9
2607	9
2608	15
2609	4
2610	14
2611	14
2612	10
2613	13
2614	8
2615	10
2616	16
2617	18
2618	9
2619	9
2620	10
2621	19
2622	10
2623	14
2624	12
2625	11
2626	13
2627	10
2628	9
2629	12
2630	6
2631	10
2632	10
2633	14
2634	5
2635	13
2636	6
2637	13
2638	11
2639	9
2640	13
2641	10
2642	9
2643	11
2644	12
2645	14
2646	11
2647	12
2648	13
2649	9
2650	11
2651	10
2652	15
2653	8
2654	13
2655	7
2656	13
2657	12
2658	14
2659	12
2660	12
2661	11
2662	12
2663	13
2664	15
2665	10
2666	4
2667	14
2668	12
2669	7
2670	8
2671	6
2672	6
2673	10
2674	12
2675	13
2676	17
2677	10
2678	8
2679	10
2680	11
2681	8
2682	9
2683	9
2684	14
2685	17
2686	10
2687	7
2688	13
2689	12
2690	17
2691	10
2692	11
2693	14
2694	6
2695	10
2696	7
2697	11
2698	9
2699	3
2700	12
2701	9
2702	5
2703	7
2704	11
2705	8
2706	16
2707	8
2708	12
2709	10
2710	9
2711	7
2712	11
2713	9
2714	11
2715	10
2716	14
2717	9
2718	15
2719	8
2720	14
2721	9
2722	12
2723	16
2724	4
2725	8
2726	11
2727	9
2728	17
2729	12
2730	9
2731	6
2732	13
2733	10
2734	9
2735	6
2736	12
2737	7
2738	13
2739	3
2740	12
2741	13
2742	11
2743	13
2744	15
2745	10
2746	11
2747	9
2748	6
2749	13
2750	13
2751	14
2752	8
2753	15
2754	6
2755	6
2756	13
2757	13
2758	10
2759	9
2760	9
2761	12
2762	9
2763	11
2764	8
2765	15
2766	5
2767	4
2768	9
2769	14
2770	15
2771	7
2772	8
2773	16
2774	13
2775	8
2776	6
2777	8
2778	14
2779	14
2780	12
2781	9
2782	13
2783	4
2784	5
2785	1
2786	3
2787	17
2788	10
2789	7
2790	12
2791	7
2792	11
2793	10
2794	10
2795	13
2796	6
2797	6
2798	10
2799	10
2800	10
2801	8
2802	13
2803	9
2804	9
2805	7
2806	9
2807	11
2808	5
2809	5
2810	7
2811	7
2812	10
2813	11
2814	3
2815	8
2816	13
2817	6
2818	11
2819	9
2820	12
2821	12
2822	9
2823	9
2824	9
2825	6
2826	7
2827	4
2828	11
2829	9
2830	8
2831	9
2832	13
2833	9
2834	8
2835	6
2836	18
2837	8
2838	8
2839	10
2840	4
2841	12
2842	7
2843	15
2844	1
2845	8
2846	14
2847	8
2848	13
2849	5
2850	11
2851	13
2852	6
2853	9
2854	10
2855	5
2856	9
2857	8
2858	6
2859	9
2860	17
2861	13
2862	12
2863	10
2864	6
2865	17
2866	9
2867	7
2868	13
2869	7
2870	12
2871	9
2872	6
2873	3
2874	12
2875	8
2876	13
2877	11
2878	12
2879	13
2880	7
2881	6
2882	11
2883	10
2884	8
2885	10
2886	7
2887	12
2888	9
2889	10
2890	12
2891	6
2892	7
2893	6
2894	10
2895	12
2896	12
2897	8
2898	8
2899	7
2900	10
2901	11
2902	10
2903	12
2904	11
2905	10
2906	7
2907	9
2908	12
2909	11
2910	10
2911	8
2912	8
2913	7
2914	9
2915	6
2916	11
2917	6
2918	10
2919	12
2920	11
2921	8
2922	8
2923	7
2924	10
2925	8
2926	9
2927	5
2928	11
2929	12
2930	9
2931	11
2932	12
2933	14
2934	7
2935	8
2936	8
2937	10
2938	16
2939	3
2940	8
2941	9
2942	6
2943	13
2944	10
2945	8
2946	11
2947	14
2948	9
2949	8
2950	9
2951	4
2952	10
2953	7
2954	9
2955	4
2956	9
2957	11
2958	6
2959	6
2960	6
2961	6
2962	17
2963	6
2964	10
2965	11
2966	8
2967	6
2968	11
2969	3
2970	12
2971	10
2972	6
2973	8
2974	5
2975	4
2976	4
2977	12
2978	8
2979	4
2980	11
2981	11
2982	6
2983	11
2984	13
2985	14
2986	11
2987	5
2988	9
2989	11
2990	9
2991	12
2992	9
2993	7
2994	12
2995	13
2996	12
2997	15
2998	8
2999	10
3000	10
3001	4
3002	11
3003	11
3004	13
3005	7
3006	8
3007	11
3008	5
3009	10
3010	9
3011	9
3012	12
3013	7
3014	9
3015	9
3016	15
3017	8
3018	9
3019	8
3020	8
3021	8
3022	7
3023	9
3024	5
3025	6
3026	13
3027	3
3028	8
3029	14
3030	7
3031	10
3032	13
3033	6
3034	11
3035	7
3036	8
3037	8
3038	9
3039	8
3040	10
3041	8
3042	11
3043	8
3044	12
3045	6
3046	2
3047	12
3048	7
3049	10
3050	5
3051	8
3052	9
3053	11
3054	9
3055	5
3056	7
3057	8
3058	5
3059	12
3060	6
3061	6
3062	17
3063	6
3064	7
3065	6
3066	7
3067	9
3068	12
3069	9
3070	6
3071	7
3072	11
3073	5
3074	12
3075	7
3076	8
3077	17
3078	9
3079	6
3080	5
3081	4
3082	5
3083	8
3084	7
3085	6
3086	6
3087	9
3088	10
3089	5
3090	13
3091	8
3092	13
3093	11
3094	7
3095	7
3096	11
3097	8
3098	10
3099	6
3100	7
3101	7
3102	7
3103	10
3104	8
3105	9
3106	3
3107	10
3108	11
3109	11
3110	5
3111	7
3112	4
3113	9
3114	6
3115	9
3116	10
3117	5
3118	4
3119	5
3120	11
3121	9
3122	7
3123	6
3124	13
3125	4
3126	10
3127	8
3128	8
3129	11
3130	6
3131	5
3132	7
3133	7
3134	5
3135	9
3136	7
3137	10
3138	6
3139	10
3140	6
3141	6
3142	8
3143	8
3144	3
3145	5
3146	8
3147	12
3148	4
3149	8
3150	5
3151	9
3152	9
3153	10
3154	6
3155	11
3156	5
3157	2
3158	9
3159	8
3160	10
3161	7
3162	5
3163	9
3164	8
3165	5
3166	6
3167	8
3168	8
3169	10
3170	4
3171	9
3172	10
3173	9
3174	17
3175	9
3176	10
3177	8
3178	6
3179	5
3180	6
3181	7
3182	12
3183	4
3184	5
3185	10
3186	7
3187	10
3188	5
3189	5
3190	7
3191	10
3192	7
3193	14
3194	6
3195	8
3196	7
3197	9
3198	14
3199	11
3200	4
3201	8
3202	6
3203	7
3204	4
3205	1
3206	9
3207	10
3208	7
3209	10
3210	6
3211	3
3212	4
3213	10
3214	12
3215	9
3216	9
3217	9
3218	13
3219	7
3220	9
3221	7
3222	10
3223	7
3224	5
3225	9
3226	9
3227	0
3228	7
3229	8
3230	10
3231	7
3232	11
3233	7
3234	5
3235	5
3236	15
3237	10
3238	9
3239	2
3240	8
3241	6
3242	8
3243	9
3244	4
3245	10
3246	14
3247	7
3248	5
3249	8
3250	13
3251	6
3252	6
3253	5
3254	7
3255	11
3256	6
3257	7
3258	8
3259	12
3260	6
3261	14
3262	9
3263	6
3264	5
3265	8
3266	8
3267	13
3268	7
3269	10
3270	7
3271	9
3272	6
3273	6
3274	6
3275	10
3276	9
3277	6
3278	5
3279	5
3280	5
3281	5
3282	10
3283	5
3284	6
3285	5
3286	7
3287	15
3288	4
3289	7
3290	5
3291	4
3292	5
3293	7
3294	4
3295	7
3296	10
3297	2
3298	7
3299	7
3300	7
3301	7
3302	8
3303	8
3304	9
3305	9
3306	7
3307	11
3308	10
3309	12
3310	5
3311	5
3312	12
3313	5
3314	6
3315	11
3316	13
3317	11
3318	9
3319	3
3320	5
3321	11
3322	3
3323	15
3324	4
3325	7
3326	13
3327	9
3328	9
3329	12
3330	8
3331	8
3332	2
3333	5
3334	2
3335	5
3336	6
3337	5
3338	5
3339	7
3340	5
3341	4
3342	8
3343	8
3344	9
3345	5
3346	20
3347	7
3348	9
3349	5
3350	5
3351	13
3352	9
3353	4
3354	9
3355	4
3356	9
3357	6
3358	4
3359	7
3360	10
3361	8
3362	7
3363	11
3364	8
3365	9
3366	7
3367	7
3368	6
3369	5
3370	5
3371	6
3372	11
3373	11
3374	9
3375	8
3376	10
3377	1
3378	12
3379	7
3380	12
3381	10
3382	5
3383	4
3384	9
3385	7
3386	7
3387	10
3388	8
3389	5
3390	5
3391	6
3392	12
3393	4
3394	7
3395	14
3396	6
3397	8
3398	8
3399	6
3400	5
3401	9
3402	8
3403	6
3404	10
3405	11
3406	6
3407	2
3408	3
3409	9
3410	9
3411	6
3412	15
3413	11
3414	8
3415	6
3416	10
3417	7
3418	7
3419	6
3420	9
3421	14
3422	6
3423	6
3424	6
3425	6
3426	7
3427	2
3428	9
3429	10
3430	3
3431	5
3432	6
3433	9
3434	6
3435	8
3436	7
3437	10
3438	14
3439	7
3440	10
3441	9
3442	6
3443	10
3444	2
3445	9
3446	7
3447	7
3448	4
3449	7
3450	8
3451	10
3452	5
3453	9
3454	6
3455	8
3456	7
3457	9
3458	4
3459	9
3460	9
3461	7
3462	12
3463	4
3464	7
3465	4
3466	9
3467	11
3468	12
3469	4
3470	9
3471	7
3472	9
3473	14
3474	8
3475	5
3476	7
3477	6
3478	11
3479	5
3480	10
3481	4
3482	6
3483	7
3484	6
3485	4
3486	7
3487	11
3488	10
3489	10
3490	3
3491	4
3492	7
3493	6
3494	8
3495	9
3496	5
3497	8
3498	6
3499	2
3500	5
3501	5
3502	6
3503	6
3504	7
3505	4
3506	8
3507	5
3508	6
3509	9
3510	8
3511	9
3512	2
3513	10
3514	6
3515	8
3516	11
3517	5
3518	6
3519	14
3520	8
3521	10
3522	8
3523	6
3524	5
3525	3
3526	6
3527	9
3528	7
3529	6
3530	3
3531	11
3532	4
3533	9
3534	10
3535	13
3536	5
3537	9
3538	8
3539	10
3540	11
3541	8
3542	10
3543	13
3544	8
3545	13
3546	8
3547	6
3548	7
3549	6
3550	6
3551	7
3552	7
3553	8
3554	8
3555	5
3556	9
3557	9
3558	10
3559	10
3560	6
3561	10
3562	9
3563	10
3564	6
3565	5
3566	8
3567	4
3568	7
3569	6
3570	7
3571	4
3572	4
3573	9
3574	5
3575	10
3576	4
3577	5
3578	5
3579	6
3580	1
3581	6
3582	8
3583	7
3584	7
3585	6
3586	7
3587	9
3588	9
3589	4
3590	3
3591	6
3592	5
3593	6
3594	10
3595	10
3596	13
3597	6
3598	12
3599	8
3600	5
3601	6
3602	7
3603	8
3604	9
3605	10
3606	3
3607	7
3608	10
3609	8
3610	7
3611	4
3612	7
3613	6
3614	8
3615	4
3616	10
3617	11
3618	11
3619	10
3620	7
3621	7
3622	8
3623	11
3624	9
3625	19
3626	10
3627	9
3628	14
3629	8
3630	9
3631	10
3632	5
3633	9
3634	9
3635	5
3636	6
3637	15
3638	4
3639	9
3640	7
3641	7
3642	8
3643	10
3644	9
3645	5
3646	3
3647	2
3648	10
3649	7
3650	9
3651	11
3652	6
3653	3
3654	6
3655	9
3656	7
3657	9
3658	1
3659	10
3660	6
3661	8
3662	5
3663	5
3664	7
3665	9
3666	2
3667	5
3668	5
3669	10
3670	7
3671	5
3672	8
3673	11
3674	12
3675	9
3676	8
3677	8
3678	5
3679	9
3680	8
3681	8
3682	6
3683	8
3684	4
3685	9
3686	10
3687	4
3688	10
3689	4
3690	7
3691	8
3692	9
3693	5
3694	6
3695	9
3696	12
3697	5
3698	7
3699	9
3700	9
3701	6
3702	7
3703	4
3704	8
3705	11
3706	13
3707	3
3708	6
3709	12
3710	2
3711	4
3712	4
3713	6
3714	13
3715	5
3716	8
3717	3
3718	7
3719	10
3720	10
3721	7
3722	9
3723	10
3724	8
3725	6
3726	6
3727	8
3728	5
3729	6
3730	6
3731	9
3732	9
3733	7
3734	12
3735	9
3736	11
3737	3
3738	3
3739	4
3740	8
3741	6
3742	4
3743	8
3744	8
3745	7
3746	7
3747	9
3748	9
3749	11
3750	8
3751	6
3752	7
3753	8
3754	8
3755	3
3756	8
3757	11
3758	7
3759	5
3760	6
3761	6
3762	8
3763	5
3764	7
3765	11
3766	6
3767	6
3768	6
3769	6
3770	6
3771	6
3772	6
3773	5
3774	14
3775	5
3776	5
3777	7
3778	11
3779	8
3780	7
3781	7
3782	2
3783	8
3784	6
3785	4
3786	7
3787	13
3788	8
3789	5
3790	7
3791	7
3792	3
3793	5
3794	5
3795	7
3796	10
3797	6
3798	6
3799	2
3800	11
3801	2
3802	11
3803	6
3804	6
3805	6
3806	5
3807	5
3808	8
3809	8
3810	7
3811	7
3812	3
3813	10
3814	12
3815	5
3816	6
3817	3
3818	8
3819	13
3820	6
3821	6
3822	11
3823	5
3824	9
3825	6
3826	9
3827	6
3828	7
3829	6
3830	8
3831	7
3832	9
3833	9
3834	12
3835	7
3836	3
3837	5
3838	9
3839	7
3840	3
3841	10
3842	14
3843	3
3844	12
3845	8
3846	6
3847	8
3848	7
3849	6
3850	8
3851	15
3852	3
3853	11
3854	11
3855	11
3856	8
3857	8
3858	5
3859	10
3860	9
3861	6
3862	11
3863	7
3864	6
3865	6
3866	6
3867	8
3868	3
3869	8
3870	12
3871	13
3872	2
3873	12
3874	8
3875	8
3876	5
3877	17
3878	14
3879	4
3880	10
3881	10
3882	10
3883	8
3884	9
3885	4
3886	9
3887	13
3888	7
3889	9
3890	10
3891	7
3892	12
3893	6
3894	12
3895	8
3896	9
3897	8
3898	8
3899	9
3900	6
3901	6
3902	7
3903	8
3904	8
3905	5
3906	8
3907	12
3908	12
3909	7
3910	6
3911	7
3912	8
3913	10
3914	9
3915	9
3916	7
3917	8
3918	9
3919	7
3920	6
3921	17
3922	15
3923	8
3924	9
3925	3
3926	8
3927	14
3928	7
3929	4
3930	8
3931	7
3932	6
3933	5
3934	4
3935	11
3936	4
3937	6
3938	8
3939	7
3940	12
3941	8
3942	8
3943	12
3944	7
3945	6
3946	11
3947	6
3948	14
3949	15
3950	14
3951	9
3952	10
3953	13
3954	11
3955	12
3956	6
3957	15
3958	5
3959	11
3960	8
3961	6
3962	7
3963	9
3964	8
3965	4
3966	10
3967	6
3968	11
3969	13
3970	19
3971	12
3972	8
3973	11
3974	9
3975	9
3976	7
3977	9
3978	11
3979	12
3980	5
3981	6
3982	11
3983	9
3984	14
3985	11
3986	12
3987	15
3988	14
3989	12
3990	9
3991	6
3992	12
3993	8
3994	9
3995	8
3996	5
3997	8
3998	13
3999	14
4000	15
4001	7
4002	13
4003	10
4004	9
4005	7
4006	11
4007	5
4008	12
4009	9
4010	9
4011	17
4012	10
4013	13
4014	6
4015	8
4016	11
4017	10
4018	17
4019	11
4020	3
4021	13
4022	14
4023	11
4024	9
4025	6
4026	11
4027	7
4028	6
4029	12
4030	7
4031	13
4032	11
4033	17
4034	14
4035	7
4036	11
4037	11
4038	11
4039	9
4040	5
4041	7
4042	9
4043	11
4044	8
4045	6
4046	13
4047	12
4048	8
4049	12
4050	9
4051	8
4052	11
4053	10
4054	9
4055	13
4056	8
4057	10
4058	9
4059	14
4060	16
4061	11
4062	15
4063	10
4064	5
4065	7
4066	15
4067	14
4068	9
4069	14
4070	9
4071	6
4072	12
4073	11
4074	6
4075	14
4076	9
4077	18
4078	9
4079	14
4080	17
4081	11
4082	11
4083	12
4084	10
4085	10
4086	13
4087	9
4088	10
4089	11
4090	16
4091	11
4092	7
4093	13
4094	10
4095	11
4096	16
4097	6
4098	15
4099	13
4100	11
4101	10
4102	11
4103	3
4104	11
4105	21
4106	10
4107	11
4108	6
4109	19
4110	11
4111	12
4112	9
4113	9
4114	13
4115	10
4116	8
4117	20
4118	7
4119	13
4120	6
4121	13
4122	8
4123	16
4124	15
4125	16
4126	15
4127	10
4128	17
4129	12
4130	14
4131	9
4132	9
4133	13
4134	7
4135	9
4136	10
4137	14
4138	10
4139	17
4140	7
4141	11
4142	9
4143	7
4144	12
4145	9
4146	11
4147	5
4148	12
4149	15
4150	7
4151	8
4152	7
4153	6
4154	5
4155	10
4156	11
4157	12
4158	14
4159	16
4160	12
4161	8
4162	11
4163	6
4164	8
4165	6
4166	12
4167	6
4168	9
4169	5
4170	5
4171	12
4172	8
4173	15
4174	4
4175	8
4176	8
4177	3
4178	5
4179	6
4180	11
4181	13
4182	13
4183	12
4184	14
4185	6
4186	9
4187	13
4188	4
4189	11
4190	15
4191	5
4192	3
4193	5
4194	3
4195	6
4196	11
4197	13
4198	9
4199	8
4200	5
4201	10
4202	12
4203	9
4204	4
4205	6
4206	8
4207	7
4208	3
4209	10
4210	6
4211	7
4212	6
4213	6
4214	14
4215	6
4216	5
4217	6
4218	6
4219	8
4220	5
4221	9
4222	9
4223	11
4224	5
4225	7
4226	11
4227	8
4228	7
4229	6
4230	9
4231	2
4232	6
4233	7
4234	10
4235	5
4236	1
4237	6
4238	4
4239	10
4240	6
4241	7
4242	6
4243	8
4244	4
4245	3
4246	6
4247	6
4248	5
4249	12
4250	5
4251	4
4252	4
4253	4
4254	6
4255	4
4256	3
4257	4
4258	3
4259	5
4260	4
4261	7
4262	4
4263	5
4264	5
4265	1
4266	6
4267	6
4268	7
4269	3
4270	3
4271	6
4272	2
4273	3
4274	4
4275	3
4276	6
4277	5
4278	6
4279	1
4280	4
4281	5
4282	4
4283	6
4284	2
4285	8
4286	6
4287	2
4288	4
4289	3
4290	3
4291	9
4292	6
4293	5
4294	1
4295	3
4296	4
4297	4
4298	4
4299	4
4300	1
4301	1
4302	4
4303	2
4304	1
4305	2
4306	3
4307	6
4308	2
4309	1
4310	2
4311	1
4312	4
4313	2
4314	1
4315	3
4316	2
4317	3
4318	2
4319	2
4320	3
4321	3
4322	2
4323	1
4324	3
4325	2
4326	2
4327	1
4328	3
4329	2
4330	3
4331	2
4332	2
4333	4
4334	4
4335	1
4336	2
4337	2
4338	2
4339	5
4340	4
4341	2
4342	0
4343	4
4344	2
4345	2
4346	1
4347	3
4348	2
4349	1
4350	2
4351	1
4352	0
4353	1
4354	1
4355	4
4356	2
4357	2
4358	1
4359	1
4360	0
4361	1
4362	3
4363	1
4364	2
4365	1
4366	2
4367	1
4368	3
4369	2
4370	1
4371	4
4372	0
4373	1
4374	3
4375	0
4376	2
4377	0
4378	1
4379	1
4380	1
4381	1
4382	1
4383	2
4384	2
4385	2
4386	2
4387	4
4388	2
4389	4
4390	1
4391	0
4392	1
4393	5
4394	3
4395	0
4396	1
4397	1
4398	1
4399	1
4400	0
4401	3
4402	1
4403	1
4404	4
4405	0
4406	0
4407	1
4408	1
4409	1
4410	0
4411	0
4412	0
4413	1
4414	0
4415	2
4416	3
4417	3
4418	2
4419	1
4420	2
4421	0
4422	0
4423	2
4424	1
4425	0
4426	2
4427	3
4428	1
4429	3
4430	2
4431	1
4432	1
4433	0
4434	0
4435	1
4436	0
4437	0
4438	0
4439	0
4440	0
4441	4
4442	1
4443	1
4444	3
4445	0
4446	0
4447	2
4448	1
4449	0
4450	2
4451	1
4452	0
4453	0
4454	0
4455	1
4456	1
4457	2
4458	0
4459	1
4460	2
4461	1
4462	3
4463	1
4464	0
4465	1
4466	0
4467	1
4468	0
4469	1
4470	1
4471	1
4472	0
4473	1
4474	2
4475	1
4476	2
4477	1
4478	1
4479	0
4480	0
4481	0
4482	1
4483	1
4484	0
4485	0
4486	1
4487	0
4488	0
4489	1
4490	1
4491	0
4492	1
4493	1
4494	0
4495	2
4496	1
4497	0
4498	1
4499	0
4500	2
4501	2
4502	1
4503	1
4504	0
4505	2
4506	1
4507	0
4508	0
4509	0
4510	2
4511	2
4512	1
4513	1
4514	0
4515	0
4516	0
4517	0
4518	3
4519	1
4520	0
4521	0
4522	0
4523	3
4524	0
4525	1
4526	0
4527	1
4528	0
4529	1
4530	0
4531	0
4532	0
4533	1
4534	1
4535	1
4536	0
4537	0
4538	1
4539	2
4540	2
4541	1
4542	1
4543	1
4544	1
4545	2
4546	0
4547	2
4548	0
4549	1
4550	0
4551	1
4552	1
4553	0
4554	0
4555	0
4556	0
4557	0
4558	0
4559	3
4560	1
4561	0
4562	0
4563	3
4564	1
4565	2
4566	0
4567	4
4568	0
4569	1
4570	0
4571	2
4572	1
4573	2
4574	0
4575	0
4576	1
4577	0
4578	1
4579	0
4580	0
4581	1
4582	0
4583	1
4584	0
4585	1
4586	1
4587	1
4588	1
4589	1
4590	1
4591	1
4592	0
4593	0
4594	0
4595	1
4596	0
4597	1
4598	2
4599	2
4600	1
4601	0
4602	0
4603	0
4604	0
4605	0
4606	0
4607	0
4608	0
4609	0
4610	1
4611	0
4612	2
4613	0
4614	0
4615	1
4616	0
4617	1
4618	1
4619	1
4620	1
4621	0
4622	0
4623	0
4624	1
4625	1
4626	1
4627	0
4628	1
4629	0
4630	1
4631	1
4632	2
4633	1
4634	1
4635	0
4636	0
4637	0
4638	0
4639	0
4640	0
4641	0
4642	2
4643	0
4644	0
4645	1
4646	0
4647	0
4648	1
4649	0
4650	1
4651	0
4652	2
4653	0
4654	0
4655	0
4656	1
4657	0
4658	0
4659	3
4660	1
4661	1
4662	1
4663	1
4664	1
4665	0
4666	2
4667	0
4668	2
4669	0
4670	0
4671	1
4672	0
4673	1
4674	1
4675	0
4676	0
4677	1
4678	0
4679	0
4680	0
4681	1
4682	1
4683	1
4684	1
4685	0
4686	0
4687	2
4688	1
4689	1
4690	0
4691	0
4692	0
4693	0
4694	0
4695	0
4696	0
4697	0
4698	1
4699	0
4700	0
4701	0
4702	0
4703	0
4704	1
4705	1
4706	2
4707	1
4708	0
4709	1
4710	0
4711	0
4712	1
4713	0
4714	0
4715	0
4716	0
4717	1
4718	0
4719	0
4720	0
4721	2
4722	1
4723	0
4724	1
4725	0
4726	0
4727	0
4728	1
4729	0
4730	0
4731	1
4732	0
4733	1
4734	0
4735	1
4736	2
4737	1
4738	2
4739	1
4740	1
4741	0
4742	0
4743	1
4744	0
4745	0
4746	0
4747	0
4748	0
4749	2
4750	0
4751	1
4752	1
4753	1
4754	0
4755	0
4756	0
4757	0
4758	0
4759	2
4760	0
4761	1
4762	0
4763	0
4764	0
4765	0
4766	1
4767	0
4768	1
4769	2
4770	1
4771	0
4772	0
4773	1
4774	2
4775	1
4776	0
4777	2
4778	1
4779	1
4780	2
4781	0
4782	1
4783	0
4784	1
4785	2
4786	0
4787	0
4788	1
4789	1
4790	0
4791	1
4792	1
4793	0
4794	2
4795	4
4796	1
4797	1
4798	0
4799	0
4800	0
4801	1
4802	1
4803	0
4804	1
4805	2
4806	0
4807	0
4808	0
4809	3
4810	0
4811	0
4812	2
4813	0
4814	0
4815	1
4816	1
4817	0
4818	1
4819	1
4820	0
4821	2
4822	0
4823	1
4824	0
4825	0
4826	0
4827	0
4828	0
4829	0
4830	0
4831	1
4832	0
4833	0
4834	0
4835	0
4836	2
4837	0
4838	0
4839	1
4840	2
4841	1
4842	1
4843	1
4844	0
4845	1
4846	2
4847	1
4848	4
4849	1
4850	0
4851	0
4852	0
4853	0
4854	1
4855	0
4856	0
4857	1
4858	2
4859	0
4860	0
4861	0
4862	0
4863	1
4864	0
4865	0
4866	0
4867	0
4868	0
4869	1
4870	1
4871	1
4872	1
4873	0
4874	1
4875	0
4876	1
4877	0
4878	0
4879	0
4880	1
4881	1
4882	0
4883	0
4884	0
4885	1
4886	0
4887	0
4888	3
4889	0
4890	0
4891	0
4892	1
4893	0
4894	1
4895	0
4896	0
4897	1
4898	0
4899	1
4900	0
4901	3
4902	0
4903	0
4904	1
4905	0
4906	1
4907	1
4908	1
4909	1
4910	0
4911	0
4912	0
4913	0
4914	0
4915	0
4916	2
4917	0
4918	0
4919	0
4920	0
4921	0
4922	0
4923	0
4924	1
4925	0
4926	0
4927	2
4928	2
4929	2
4930	2
4931	0
4932	0
4933	1
4934	0
4935	1
4936	1
4937	1
4938	0
4939	2
4940	1
4941	1
4942	0
4943	0
4944	0
4945	0
4946	0
4947	0
4948	2
4949	1
4950	0
4951	0
4952	0
4953	1
4954	0
4955	0
4956	1
4957	0
4958	0
4959	0
4960	1
4961	0
4962	0
4963	1
4964	0
4965	0
4966	0
4967	0
4968	0
4969	0
4970	0
4971	1
4972	0
4973	0
4974	2
4975	0
4976	0
4977	1
4978	1
4979	0
4980	1
4981	0
4982	0
4983	0
4984	1
4985	0
4986	1
4987	0
4988	0
4989	1
4990	1
4991	0
4992	1
4993	0
4994	0
4995	0
4996	0
4997	1
4998	0
4999	2
5000	1
5001	0
5002	1
5003	1
5004	0
5005	0
5006	0
5007	0
5008	0
5009	2
5010	0
5011	1
5012	1
5013	0
5014	0
5015	0
5016	0
5017	0
5018	1
5019	0
5020	0
5021	1
5022	0
5023	2
5024	0
5025	0
5026	2
5027	0
5028	1
5029	1
5030	0
5031	1
5032	1
5033	1
5034	0
5035	0
5036	0
5037	0
5038	0
5039	1
5040	1
5041	0
5042	0
5043	0
5044	0
5045	1
5046	0
5047	0
5048	0
5049	0
5050	0
5051	0
5052	0
5053	1
5054	2
5055	1
5056	2
5057	2
5058	1
5059	0
5060	0
5061	0
5062	1
5063	1
5064	1
5065	0
5066	1
5067	0
5068	1
5069	0
5070	0
5071	1
5072	1
5073	0
5074	1
5075	0
5076	0
5077	1
5078	1
5079	1
5080	0
5081	0
5082	2
5083	2
5084	0
5085	0
5086	1
5087	0
5088	0
5089	0
5090	0
5091	1
5092	0
5093	0
5094	0
5095	0
5096	0
5097	0
5098	0
5099	0
5100	1
5101	1
5102	0
5103	0
5104	1
5105	0
5106	0
5107	0
5108	1
5109	0
5110	0
5111	0
5112	0
5113	0
5114	1
5115	3
5116	2
5117	0
5118	0
5119	0
5120	0
5121	0
5122	1
5123	1
5124	0
5125	1
5126	0
5127	0
5128	1
5129	0
5130	2
5131	1
5132	0
5133	0
5134	1
5135	0
5136	1
5137	0
5138	0
5139	1
5140	0
5141	0
5142	1
5143	1
5144	1
5145	2
5146	0
5147	0
5148	0
5149	0
5150	1
5151	1
5152	0
5153	0
5154	2
5155	0
5156	0
5157	0
5158	0
5159	0
5160	2
5161	0
5162	0
5163	1
5164	1
5165	0
5166	0
5167	0
5168	1
5169	0
5170	1
5171	0
5172	1
5173	1
5174	1
5175	0
5176	2
5177	2
5178	1
5179	0
5180	0
5181	0
5182	0
5183	1
5184	0
5185	2
5186	1
5187	0
5188	1
5189	0
5190	1
5191	1
5192	0
5193	2
5194	0
5195	2
5196	0
5197	0
5198	0
5199	1
5200	0
5201	2
5202	1
5203	0
5204	0
5205	1
5206	0
5207	0
5208	1
5209	0
5210	1
5211	2
5212	2
5213	1
5214	0
5215	1
5216	0
5217	0
5218	0
5219	0
5220	0
5221	0
5222	0
5223	0
5224	0
5225	3
5226	1
5227	0
5228	1
5229	0
5230	0
5231	1
5232	1
5233	0
5234	1
5235	1
5236	0
5237	0
5238	0
5239	2
5240	1
5241	0
5242	0
5243	0
5244	0
5245	0
5246	0
5247	1
5248	3
5249	0
5250	0
5251	0
5252	1
5253	1
5254	1
5255	0
5256	1
5257	0
5258	0
5259	0
5260	0
5261	0
5262	0
5263	1
5264	1
5265	1
5266	0
5267	0
5268	1
5269	1
5270	0
5271	2
5272	0
5273	0
5274	0
5275	1
5276	0
5277	0
5278	1
5279	3
5280	1
5281	0
5282	0
5283	0
5284	0
5285	0
5286	1
5287	1
5288	1
5289	1
5290	0
5291	0
5292	0
5293	1
5294	0
5295	0
5296	1
5297	1
5298	0
5299	0
5300	0
5301	1
5302	0
5303	0
5304	1
5305	2
5306	0
5307	2
5308	0
5309	1
5310	0
5311	1
5312	1
5313	1
5314	0
5315	0
5316	2
5317	1
5318	0
5319	1
5320	0
5321	0
5322	0
5323	0
5324	1
5325	0
5326	1
5327	2
5328	1
5329	0
5330	0
5331	2
5332	0
5333	0
5334	0
5335	0
5336	0
5337	0
5338	1
5339	0
5340	2
5341	2
5342	0
5343	0
5344	1
5345	0
5346	0
5347	0
5348	1
5349	0
5350	0
5351	0
5352	0
5353	0
5354	0
5355	0
5356	2
5357	0
5358	1
5359	0
5360	1
5361	2
5362	0
5363	0
5364	0
5365	1
5366	0
5367	0
5368	0
5369	0
5370	0
5371	1
5372	0
5373	0
5374	0
5375	0
5376	1
5377	0
5378	1
5379	0
5380	1
5381	1
5382	1
5383	1
5384	0
5385	0
5386	0
5387	1
5388	1
5389	0
5390	0
5391	0
5392	0
5393	0
5394	0
5395	1
5396	0
5397	0
5398	0
5399	0
5400	0
5401	0
5402	2
5403	0
5404	1
5405	1
5406	0
5407	1
5408	0
5409	0
5410	0
5411	0
5412	0
5413	0
5414	0
5415	0
5416	0
5417	0
5418	0
5419	0
5420	3
5421	1
5422	0
5423	2
5424	0
5425	0
5426	0
5427	2
5428	1
5429	1
5430	0
5431	0
5432	1
5433	1
5434	0
5435	0
5436	1
5437	0
5438	0
5439	1
5440	0
5441	0
5442	0
5443	0
5444	0
5445	2
5446	0
5447	1
5448	0
5449	0
5450	1
5451	2
5452	1
5453	0
5454	0
5455	0
5456	0
5457	0
5458	2
5459	0
5460	2
5461	2
5462	0
5463	0
5464	0
5465	2
5466	0
5467	0
5468	1
5469	1
5470	1
5471	3
5472	1
5473	0
5474	1
5475	0
5476	1
5477	1
5478	1
5479	0
5480	0
5481	0
5482	1
5483	0
5484	2
5485	0
5486	1
5487	1
5488	2
5489	1
5490	1
5491	0
5492	0
5493	0
5494	0
5495	1
5496	1
5497	1
5498	0
5499	0
5500	0
5501	2
5502	0
5503	0
5504	0
5505	2
5506	0
5507	1
5508	1
5509	1
5510	0
5511	0
5512	3
5513	0
5514	0
5515	0
5516	0
5517	1
5518	0
5519	0
5520	0
5521	0
5522	1
5523	0
5524	0
5525	2
5526	0
5527	2
5528	0
5529	0
5530	0
5531	0
5532	2
5533	0
5534	2
5535	1
5536	1
5537	2
5538	0
5539	2
5540	2
5541	0
5542	2
5543	0
5544	0
5545	0
5546	1
5547	0
5548	1
5549	0
5550	0
5551	2
5552	1
5553	0
5554	2
5555	0
5556	0
5557	1
5558	1
5559	0
5560	1
5561	0
5562	1
5563	0
5564	1
5565	2
5566	0
5567	0
5568	3
5569	0
5570	1
5571	0
5572	1
5573	1
5574	0
5575	0
5576	1
5577	0
5578	0
5579	0
5580	0
5581	1
5582	0
5583	2
5584	0
5585	0
5586	0
5587	1
5588	1
5589	1
5590	0
5591	2
5592	1
5593	0
5594	1
5595	1
5596	2
5597	1
5598	0
5599	0
5600	1
5601	0
5602	0
5603	0
5604	0
5605	0
5606	1
5607	0
5608	1
5609	0
5610	0
5611	3
5612	0
5613	0
5614	0
5615	0
5616	0
5617	0
5618	0
5619	0
5620	0
5621	0
5622	0
5623	1
5624	1
5625	1
5626	1
5627	1
5628	0
5629	0
5630	0
5631	0
5632	0
5633	1
5634	1
5635	0
5636	0
5637	0
5638	3
5639	0
5640	0
5641	0
5642	1
5643	0
5644	0
5645	0
5646	0
5647	0
5648	1
5649	1
5650	0
5651	0
5652	0
5653	2
5654	1
5655	0
5656	1
5657	0
5658	1
5659	1
5660	0
5661	1
5662	2
5663	0
5664	0
5665	0
5666	0
5667	0
5668	1
5669	0
5670	1
5671	0
5672	0
5673	1
5674	1
5675	0
5676	1
5677	1
5678	2
5679	2
5680	1
5681	0
5682	0
5683	0
5684	0
5685	0
5686	2
5687	1
5688	0
5689	0
5690	0
5691	1
5692	2
5693	0
5694	0
5695	1
5696	1
5697	1
5698	0
5699	0
5700	0
5701	0
5702	1
5703	2
5704	0
5705	0
5706	0
5707	0
5708	2
5709	2
5710	0
5711	0
5712	0
5713	0
5714	2
5715	1
5716	0
5717	1
5718	0
5719	2
5720	0
5721	0
5722	1
5723	0
5724	1
5725	0
5726	1
5727	0
5728	0
5729	0
5730	2
5731	0
5732	3
5733	0
5734	1
5735	1
5736	1
5737	1
5738	0
5739	0
5740	1
5741	0
5742	0
5743	2
5744	0
5745	0
5746	1
5747	0
5748	0
5749	0
5750	0
5751	0
5752	0
5753	1
5754	1
5755	1
5756	0
5757	1
5758	1
5759	0
5760	1
5761	1
5762	1
5763	1
5764	0
5765	0
5766	0
5767	0
5768	1
5769	0
5770	1
5771	0
5772	1
5773	0
5774	1
5775	0
5776	0
5777	0
5778	1
5779	0
5780	0
5781	0
5782	0
5783	0
5784	1
5785	0
5786	0
5787	1
5788	0
5789	0
5790	0
5791	0
5792	4
5793	1
5794	0
5795	1
5796	0
5797	0
5798	0
5799	0
5800	0
5801	0
5802	0
5803	0
5804	0
5805	0
5806	0
5807	0
5808	0
5809	0
5810	0
5811	0
5812	1
5813	1
5814	0
5815	1
5816	1
5817	1
5818	0
5819	0
5820	0
5821	2
5822	2
5823	1
5824	0
5825	1
5826	1
5827	0
5828	1
5829	0
5830	1
5831	1
5832	0
5833	2
5834	0
5835	0
5836	0
5837	0
5838	0
5839	1
5840	0
5841	1
5842	0
5843	0
5844	1
5845	0
5846	0
5847	1
5848	1
5849	0
5850	0
5851	1
5852	1
5853	0
5854	0
5855	1
5856	1
5857	0
5858	1
5859	0
5860	0
5861	1
5862	0
5863	0
5864	0
5865	0
5866	0
5867	0
5868	0
5869	0
5870	1
5871	0
5872	0
5873	1
5874	1
5875	0
5876	0
5877	0
5878	1
5879	1
5880	0
5881	1
5882	2
5883	0
5884	0
5885	0
5886	1
5887	2
5888	0
5889	0
5890	0
5891	0
5892	0
5893	2
5894	2
5895	0
5896	2
5897	0
5898	0
5899	0
5900	1
5901	0
5902	0
5903	2
5904	0
5905	1
5906	1
5907	1
5908	0
5909	0
5910	2
5911	0
5912	0
5913	0
5914	0
5915	0
5916	0
5917	1
5918	2
5919	1
5920	1
5921	0
5922	0
5923	2
5924	2
5925	2
5926	0
5927	0
5928	2
5929	1
5930	0
5931	0
5932	0
5933	1
5934	0
5935	0
5936	2
5937	0
5938	1
5939	0
5940	1
5941	0
5942	1
5943	0
5944	0
5945	0
5946	0
5947	1
5948	0
5949	0
5950	0
5951	1
5952	1
5953	0
5954	1
5955	0
5956	0
5957	0
5958	0
5959	1
5960	0
5961	0
5962	0
5963	0
5964	0
5965	2
5966	1
5967	0
5968	0
5969	0
5970	0
5971	0
5972	0
5973	0
5974	1
5975	1
5976	0
5977	0
5978	0
5979	0
5980	0
5981	1
5982	1
5983	1
5984	0
5985	0
5986	0
5987	0
5988	0
5989	0
5990	0
5991	1
5992	0
5993	1
5994	2
5995	0
5996	0
5997	0
5998	0
5999	0
6000	1
6001	0
6002	1
6003	1
6004	1
6005	1
6006	0
6007	0
6008	0
6009	0
6010	0
6011	1
6012	0
6013	1
6014	0
6015	1
6016	1
6017	1
6018	0
6019	0
6020	3
6021	1
6022	0
6023	2
6024	2
6025	0
6026	0
6027	1
6028	1
6029	1
6030	0
6031	0
6032	0
6033	0
6034	0
6035	0
6036	0
6037	0
6038	0
6039	2
6040	1
6041	0
6042	0
6043	1
6044	1
6045	0
6046	0
6047	0
6048	1
6049	0
6050	1
6051	0
6052	0
6053	0
6054	0
6055	0
6056	0
6057	0
6058	0
6059	1
6060	0
6061	0
6062	2
6063	0
6064	0
6065	0
6066	1
6067	0
6068	0
6069	0
6070	1
6071	1
6072	0
6073	0
6074	0
6075	0
6076	0
6077	0
6078	0
6079	1
6080	0
6081	2
6082	1
6083	0
6084	1
6085	0
6086	0
6087	0
6088	0
6089	0
6090	0
6091	0
6092	1
6093	0
6094	0
6095	0
6096	1
6097	0
6098	0
6099	0
6100	1
6101	0
6102	0
6103	0
6104	1
6105	1
6106	0
6107	0
6108	0
6109	0
6110	1
6111	1
6112	1
6113	0
6114	0
6115	1
6116	0
6117	1
6118	1
6119	1
6120	1
6121	0
6122	0
6123	0
6124	0
6125	1
6126	0
6127	0
6128	0
6129	0
6130	2
6131	0
6132	0
6133	1
6134	0
6135	1
6136	1
6137	1
6138	2
6139	0
6140	0
6141	0
6142	0
6143	0
6144	0
6145	0
6146	0
6147	0
6148	0
6149	0
6150	0
6151	1
6152	1
6153	0
6154	0
6155	1
6156	0
6157	0
6158	0
6159	0
6160	0
6161	0
6162	0
6163	0
6164	0
6165	0
6166	0
6167	0
6168	1
6169	1
6170	0
6171	0
6172	0
6173	0
6174	1
6175	0
6176	1
6177	0
6178	0
6179	0
6180	0
6181	0
6182	0
6183	0
6184	0
6185	0
6186	0
6187	3
6188	2
6189	0
6190	0
6191	0
6192	0
6193	0
6194	0
6195	0
6196	3
6197	0
6198	0
6199	2
6200	1
6201	1
6202	1
6203	0
6204	0
6205	0
6206	1
6207	0
6208	1
6209	1
6210	1
6211	0
6212	0
6213	0
6214	1
6215	0
6216	1
6217	0
6218	0
6219	0
6220	0
6221	0
6222	0
6223	0
6224	1
6225	0
6226	0
6227	0
6228	1
6229	0
6230	0
6231	2
6232	1
6233	0
6234	0
6235	0
6236	0
6237	1
6238	0
6239	0
6240	0
6241	1
6242	0
6243	1
6244	0
6245	0
6246	0
6247	0
6248	0
6249	0
6250	0
6251	0
6252	1
6253	0
6254	2
6255	0
6256	0
6257	0
6258	0
6259	1
6260	0
6261	0
6262	1
6263	1
6264	1
6265	1
6266	0
6267	0
6268	0
6269	0
6270	1
6271	1
6272	0
6273	0
6274	1
6275	0
6276	2
6277	0
6278	0
6279	0
6280	0
6281	0
6282	0
6283	0
6284	0
6285	1
6286	0
6287	0
6288	0
6289	0
6290	0
6291	1
6292	0
6293	0
6294	0
6295	2
6296	0
6297	0
6298	0
6299	0
6300	0
6301	0
6302	0
6303	1
6304	3
6305	0
6306	0
6307	1
6308	1
6309	0
6310	0
6311	1
6312	0
6313	0
6314	0
6315	0
6316	1
6317	0
6318	0
6319	0
6320	1
6321	1
6322	1
6323	0
6324	1
6325	0
6326	1
6327	0
6328	1
6329	1
6330	1
6331	1
6332	0
6333	0
6334	0
6335	1
6336	0
6337	1
6338	0
6339	0
6340	0
6341	0
6342	0
6343	0
6344	0
6345	1
6346	2
6347	1
6348	1
6349	1
6350	0
6351	0
6352	0
6353	0
6354	0
6355	0
6356	0
6357	2
6358	0
6359	0
6360	0
6361	0
6362	0
6363	0
6364	0
6365	0
6366	1
6367	0
6368	0
6369	0
6370	1
6371	0
6372	0
6373	1
6374	0
6375	2
6376	2
6377	0
6378	0
6379	1
6380	1
6381	0
6382	0
6383	0
6384	0
6385	0
6386	0
6387	1
6388	0
6389	0
6390	0
6391	0
6392	0
6393	0
6394	1
6395	1
6396	0
6397	0
6398	0
6399	0
6400	0
6401	0
6402	0
6403	0
6404	0
6405	1
6406	0
6407	0
6408	0
6409	0
6410	0
6411	0
6412	0
6413	0
6414	1
6415	0
6416	0
6417	0
6418	0
6419	0
6420	1
6421	0
6422	0
6423	0
6424	1
6425	0
6426	1
6427	1
6428	0
6429	0
6430	1
6431	0
6432	0
6433	1
6434	0
6435	0
6436	0
6437	0
6438	0
6439	0
6440	1
6441	0
6442	1
6443	0
6444	0
6445	0
6446	0
6447	0
6448	1
6449	0
6450	0
6451	0
6452	0
6453	0
6454	0
6455	1
6456	1
6457	1
6458	0
6459	1
6460	1
6461	0
6462	0
6463	0
6464	0
6465	0
6466	0
6467	1
6468	0
6469	0
6470	2
6471	0
6472	0
6473	1
6474	1
6475	0
6476	0
6477	0
6478	1
6479	0
6480	0
6481	1
6482	1
6483	0
6484	1
6485	0
6486	1
6487	0
6488	1
6489	0
6490	0
6491	1
6492	1
6493	0
6494	0
6495	0
6496	0
6497	0
6498	0
6499	0
6500	0
6501	1
6502	0
6503	1
6504	0
6505	0
6506	1
6507	0
6508	0
6509	1
6510	0
6511	0
6512	0
6513	0
6514	0
6515	0
6516	1
6517	2
6518	0
6519	1
6520	0
6521	0
6522	0
6523	0
6524	0
6525	1
6526	0
6527	0
6528	0
6529	0
6530	1
6531	2
6532	1
6533	1
6534	0
6535	0
6536	0
6537	0
6538	0
6539	0
6540	0
6541	0
6542	0
6543	0
6544	0
6545	3
6546	0
6547	0
6548	1
6549	1
6550	0
6551	0
6552	1
6553	0
6554	1
6555	0
6556	0
6557	0
6558	2
6559	0
6560	1
6561	0
6562	0
6563	0
6564	0
6565	0
6566	1
6567	2
6568	0
6569	0
6570	1
6571	0
6572	0
6573	1
6574	0
6575	0
6576	0
6577	0
6578	0
6579	1
6580	0
6581	1
6582	1
6583	0
6584	0
6585	0
6586	2
6587	0
6588	0
6589	0
6590	1
6591	0
6592	1
6593	0
6594	0
6595	0
6596	0
6597	0
6598	0
6599	0
6600	0
6601	0
6602	0
6603	0
6604	0
6605	1
6606	1
6607	0
6608	0
6609	0
6610	0
6611	2
6612	1
6613	0
6614	0
6615	1
6616	2
6617	0
6618	0
6619	0
6620	0
6621	0
6622	0
6623	0
6624	1
6625	1
6626	0
6627	1
6628	0
6629	0
6630	0
6631	0
6632	0
6633	0
6634	1
6635	0
6636	0
6637	0
6638	0
6639	1
6640	0
6641	0
6642	0
6643	1
6644	2
6645	1
6646	1
6647	0
6648	1
6649	0
6650	0
6651	1
6652	0
6653	0
6654	0
6655	1
6656	0
6657	1
6658	0
6659	0
6660	0
6661	0
6662	0
6663	0
6664	1
6665	0
6666	0
6667	0
6668	0
6669	0
6670	1
6671	2
6672	0
6673	0
6674	1
6675	1
6676	1
6677	1
6678	1
6679	0
6680	0
6681	0
6682	0
6683	1
6684	1
6685	0
6686	1
6687	0
6688	0
6689	2
6690	1
6691	0
6692	0
6693	0
6694	2
6695	1
6696	0
6697	0
6698	0
6699	3
6700	0
6701	1
6702	0
6703	0
6704	0
6705	1
6706	0
6707	1
6708	1
6709	0
6710	0
6711	0
6712	2
6713	0
6714	0
6715	1
6716	1
6717	0
6718	0
6719	0
6720	1
6721	1
6722	0
6723	1
6724	0
6725	0
6726	1
6727	0
6728	0
6729	0
6730	0
6731	0
6732	1
6733	2
6734	1
6735	0
6736	0
6737	1
6738	0
6739	1
6740	1
6741	1
6742	0
6743	1
6744	0
6745	0
6746	0
6747	0
6748	1
6749	0
6750	0
6751	0
6752	3
6753	0
6754	0
6755	0
6756	0
6757	0
6758	1
6759	0
6760	0
6761	0
6762	1
6763	0
6764	0
6765	1
6766	0
6767	0
6768	1
6769	1
6770	1
6771	0
6772	0
6773	0
6774	0
6775	1
6776	1
6777	1
6778	0
6779	1
6780	1
6781	0
6782	0
6783	1
6784	0
6785	0
6786	0
6787	0
6788	1
6789	0
6790	1
6791	0
6792	1
6793	0
6794	0
6795	1
6796	1
6797	1
6798	0
6799	0
6800	0
6801	1
6802	1
6803	3
6804	1
6805	0
6806	0
6807	1
6808	1
6809	1
6810	0
6811	1
6812	1
6813	0
6814	1
6815	0
6816	1
6817	1
6818	1
6819	0
6820	1
6821	1
6822	0
6823	0
6824	2
6825	1
6826	0
6827	2
6828	0
6829	0
6830	0
6831	0
6832	0
6833	1
6834	1
6835	1
6836	0
6837	1
6838	0
6839	0
6840	0
6841	1
6842	0
6843	1
6844	0
6845	0
6846	1
6847	1
6848	0
6849	1
6850	1
6851	0
6852	4
6853	1
6854	0
6855	0
6856	0
6857	0
6858	1
6859	0
6860	0
6861	1
6862	0
6863	0
6864	1
6865	0
6866	0
6867	0
6868	0
6869	0
6870	1
6871	2
6872	0
6873	0
6874	0
6875	0
6876	2
6877	0
6878	0
6879	2
6880	1
6881	0
6882	0
6883	0
6884	0
6885	0
6886	1
6887	0
6888	0
6889	0
6890	0
6891	1
6892	1
6893	0
6894	1
6895	0
6896	0
6897	0
6898	0
6899	1
6900	1
6901	0
6902	1
6903	1
6904	0
6905	0
6906	0
6907	0
6908	0
6909	1
6910	0
6911	0
6912	1
6913	1
6914	0
6915	0
6916	0
6917	0
6918	1
6919	0
6920	0
6921	0
6922	1
6923	0
6924	0
6925	1
6926	0
6927	0
6928	0
6929	1
6930	1
6931	0
6932	0
6933	0
6934	1
6935	0
6936	1
6937	0
6938	4
6939	0
6940	1
6941	0
6942	1
6943	0
6944	1
6945	1
6946	0
6947	0
6948	0
6949	0
6950	0
6951	0
6952	0
6953	0
6954	1
6955	0
6956	0
6957	1
6958	0
6959	0
6960	0
6961	2
6962	1
6963	0
6964	0
6965	0
6966	0
6967	1
6968	0
6969	0
6970	0
6971	0
6972	0
6973	0
6974	0
6975	0
6976	0
6977	0
6978	0
6979	2
6980	0
6981	1
6982	1
6983	1
6984	0
6985	0
6986	1
6987	0
6988	1
6989	1
6990	0
6991	0
6992	1
6993	1
6994	0
6995	2
6996	0
6997	0
6998	1
6999	0
7000	0
7001	0
7002	0
7003	0
7004	0
7005	3
7006	0
7007	0
7008	0
7009	1
7010	0
7011	0
7012	0
7013	0
7014	1
7015	1
7016	1
7017	0
7018	0
7019	1
7020	1
7021	0
7022	1
7023	0
7024	1
7025	0
7026	1
7027	0
7028	0
7029	0
7030	0
7031	1
7032	0
7033	0
7034	0
7035	0
7036	1
7037	0
7038	0
7039	0
7040	0
7041	0
7042	1
7043	0
7044	0
7045	0
7046	0
7047	1
7048	0
7049	2
7050	0
7051	0
7052	1
7053	0
7054	0
7055	0
7056	1
7057	0
7058	0
7059	0
7060	0
7061	0
7062	0
7063	1
7064	0
7065	0
7066	1
7067	0
7068	0
7069	0
7070	0
7071	1
7072	1
7073	0
7074	0
7075	0
7076	0
7077	0
7078	0
7079	0
7080	0
7081	0
7082	0
7083	1
7084	1
7085	0
7086	0
7087	0
7088	0
7089	0
7090	0
7091	1
7092	0
7093	0
7094	0
7095	0
7096	1
7097	0
7098	0
7099	0
7100	0
7101	1
7102	1
7103	2
7104	0
7105	0
7106	0
7107	0
7108	0
7109	0
7110	0
7111	0
7112	0
7113	1
7114	0
7115	0
7116	1
7117	1
7118	0
7119	0
7120	0
7121	1
7122	0
7123	0
7124	1
7125	0
7126	0
7127	0
7128	0
7129	1
7130	0
7131	0
7132	0
7133	0
7134	1
7135	0
7136	0
7137	0
7138	0
7139	1
7140	0
7141	1
7142	1
7143	0
7144	0
7145	0
7146	1
7147	1
7148	0
7149	0
7150	0
7151	0
7152	0
7153	0
7154	0
7155	1
7156	0
7157	0
7158	1
7159	1
7160	0
7161	0
7162	0
7163	0
7164	0
7165	0
7166	0
7167	0
7168	0
7169	1
7170	0
7171	0
7172	0
7173	0
7174	1
7175	0
7176	0
7177	0
7178	0
7179	1
7180	0
7181	0
7182	0
7183	1
7184	0
7185	0
7186	0
7187	0
7188	0
7189	1
7190	0
7191	0
7192	0
7193	0
7194	0
7195	0
7196	0
7197	0
7198	0
7199	0
7200	1
7201	0
7202	0
7203	0
7204	1
7205	0
7206	0
7207	0
7208	0
7209	0
7210	0
7211	0
7212	1
7213	1
7214	1
7215	0
7216	1
7217	0
7218	0
7219	0
7220	0
7221	0
7222	0
7223	0
7224	2
7225	0
7226	0
7227	0
7228	1
7229	0
7230	2
7231	0
7232	0
7233	0
7234	0
7235	1
7236	0
7237	0
7238	0
7239	1
7240	0
7241	0
7242	0
7243	1
7244	0
7245	0
7246	0
7247	0
7248	1
7249	0
7250	0
7251	0
7252	0
7253	0
7254	1
7255	0
7256	0
7257	0
7258	1
7259	0
7260	0
7261	0
7262	1
7263	0
7264	0
7265	1
7266	0
7267	0
7268	0
7269	0
7270	0
7271	1
7272	0
7273	0
7274	0
7275	0
7276	0
7277	1
7278	0
7279	1
7280	0
7281	0
7282	0
7283	0
7284	0
7285	0
7286	0
7287	0
7288	0
7289	1
7290	0
7291	2
7292	0
7293	0
7294	0
7295	0
7296	0
7297	0
7298	0
7299	0
7300	0
7301	0
7302	1
7303	0
7304	0
7305	0
7306	0
7307	0
7308	1
7309	0
7310	1
7311	0
7312	0
7313	1
7314	0
7315	0
7316	1
7317	0
7318	0
7319	2
7320	0
7321	0
7322	0
7323	0
7324	0
7325	2
7326	0
7327	0
7328	0
7329	1
7330	1
7331	0
7332	0
7333	0
7334	0
7335	0
7336	0
7337	2
7338	0
7339	0
7340	1
7341	1
7342	1
7343	0
7344	0
7345	1
7346	1
7347	2
7348	0
7349	0
7350	1
7351	0
7352	0
7353	0
7354	0
7355	0
7356	0
7357	0
7358	1
7359	0
7360	0
7361	0
7362	1
7363	1
7364	0
7365	1
7366	0
7367	2
7368	1
7369	1
7370	1
7371	0
7372	0
7373	0
7374	0
7375	0
7376	0
7377	0
7378	0
7379	0
7380	0
7381	1
7382	0
7383	0
7384	0
7385	1
7386	0
7387	0
7388	0
7389	0
7390	0
7391	1
7392	0
7393	0
7394	1
7395	0
7396	0
7397	0
7398	0
7399	1
7400	0
7401	0
7402	0
7403	0
7404	0
7405	0
7406	0
7407	0
7408	0
7409	0
7410	0
7411	0
7412	1
7413	0
7414	0
7415	0
7416	0
7417	0
7418	0
7419	0
7420	0
7421	0
7422	0
7423	1
7424	0
7425	0
7426	1
7427	0
7428	0
7429	0
7430	0
7431	0
7432	0
7433	0
7434	0
7435	1
7436	0
7437	0
7438	0
7439	0
7440	0
7441	0
7442	0
7443	0
7444	0
7445	0
7446	0
7447	0
7448	0
7449	0
7450	0
7451	1
7452	0
7453	0
7454	0
7455	0
7456	0
7457	0
7458	1
7459	0
7460	0
7461	0
7462	0
7463	0
7464	0
7465	0
7466	0
7467	0
7468	0
7469	0
7470	0
7471	0
7472	0
7473	0
7474	0
7475	0
7476	0
7477	0
7478	0
7479	0
7480	0
7481	0
7482	0
7483	0
7484	0
7485	1
7486	0
7487	0
7488	1
7489	1
7490	0
7491	0
7492	1
7493	2
7494	0
7495	0
7496	0
7497	0
7498	2
7499	0
7500	0
7501	0
7502	0
7503	0
7504	0
7505	0
7506	0
7507	0
7508	0
7509	0
7510	0
7511	1
7512	0
7513	2
7514	0
7515	0
7516	0
7517	1
7518	1
7519	1
7520	0
7521	0
7522	0
7523	1
7524	1
7525	0
7526	0
7527	1
7528	0
7529	0
7530	0
7531	0
7532	0
7533	0
7534	0
7535	1
7536	0
7537	0
7538	0
7539	0
7540	0
7541	0
7542	1
7543	0
7544	1
7545	0
7546	0
7547	2
7548	1
7549	0
7550	0
7551	0
7552	0
7553	0
7554	0
7555	1
7556	1
7557	0
7558	0
7559	2
7560	0
7561	0
7562	1
7563	0
7564	0
7565	0
7566	0
7567	0
7568	1
7569	0
7570	0
7571	0
7572	0
7573	0
7574	0
7575	1
7576	0
7577	1
7578	0
7579	0
7580	0
7581	0
7582	0
7583	0
7584	0
7585	0
7586	0
7587	0
7588	1
7589	0
7590	0
7591	0
7592	0
7593	0
7594	0
7595	1
7596	0
7597	0
7598	0
7599	1
7600	0
7601	0
7602	0
7603	0
7604	1
7605	1
7606	0
7607	0
7608	0
7609	0
7610	0
7611	0
7612	0
7613	0
7614	0
7615	0
7616	0
7617	0
7618	1
7619	0
7620	0
7621	0
7622	0
7623	0
7624	0
7625	1
7626	0
7627	1
7628	1
7629	0
7630	0
7631	0
7632	0
7633	0
7634	0
7635	2
7636	1
7637	0
7638	1
7639	0
7640	1
7641	0
7642	0
7643	0
7644	1
7645	0
7646	0
7647	0
7648	0
7649	0
7650	1
7651	0
7652	0
7653	0
7654	0
7655	1
7656	0
7657	0
7658	0
7659	0
7660	1
7661	0
7662	0
7663	1
7664	1
7665	1
7666	1
7667	0
7668	0
7669	0
7670	0
7671	0
7672	0
7673	1
7674	0
7675	0
7676	0
7677	1
7678	0
7679	0
7680	0
7681	0
7682	0
7683	0
7684	0
7685	0
7686	0
7687	0
7688	0
7689	0
7690	0
7691	0
7692	0
7693	0
7694	0
7695	0
7696	0
7697	0
7698	1
7699	1
7700	0
7701	0
7702	0
7703	0
7704	0
7705	0
7706	0
7707	1
7708	0
7709	0
7710	0
7711	0
7712	0
7713	1
7714	1
7715	1
7716	0
7717	0
7718	0
7719	1
7720	0
7721	0
7722	0
7723	0
7724	0
7725	0
7726	1
7727	0
7728	0
7729	0
7730	0
7731	0
7732	0
7733	0
7734	1
7735	0
7736	0
7737	0
7738	0
7739	0
7740	1
7741	1
7742	1
7743	0
7744	3
7745	0
7746	0
7747	0
7748	0
7749	0
7750	0
7751	0
7752	1
7753	0
7754	0
7755	0
7756	0
7757	1
7758	1
7759	0
7760	0
7761	1
7762	0
7763	0
7764	1
7765	0
7766	1
7767	1
7768	0
7769	1
7770	0
7771	0
7772	0
7773	0
7774	0
7775	0
7776	0
7777	0
7778	1
7779	1
7780	1
7781	0
7782	0
7783	0
7784	0
7785	0
7786	0
7787	0
7788	0
7789	1
7790	1
7791	0
7792	1
7793	0
7794	1
7795	0
7796	0
7797	1
7798	0
7799	0
7800	1
7801	0
7802	0
7803	1
7804	1
7805	0
7806	0
7807	2
7808	0
7809	0
7810	0
7811	0
7812	0
7813	0
7814	0
7815	0
7816	1
7817	0
7818	0
7819	0
7820	0
7821	0
7822	0
7823	0
7824	0
7825	0
7826	0
7827	0
7828	0
7829	0
7830	0
7831	0
7832	1
7833	0
7834	0
7835	1
7836	0
7837	0
7838	0
7839	0
7840	0
7841	0
7842	1
7843	0
7844	0
7845	0
7846	0
7847	0
7848	0
7849	0
7850	1
7851	0
7852	0
7853	0
7854	2
7855	0
7856	1
7857	0
7858	0
7859	0
7860	0
7861	0
7862	0
7863	0
7864	0
7865	0
7866	1
7867	0
7868	0
7869	0
7870	0
7871	0
7872	0
7873	0
7874	0
7875	0
7876	0
7877	1
7878	1
7879	1
7880	0
7881	0
7882	0
7883	0
7884	1
7885	0
7886	1
7887	1
7888	0
7889	0
7890	0
7891	1
7892	0
7893	0
7894	0
7895	0
7896	1
7897	0
7898	0
7899	0
7900	0
7901	1
7902	0
7903	0
7904	0
7905	1
7906	0
7907	1
7908	0
7909	0
7910	0
7911	0
7912	0
7913	0
7914	0
7915	0
7916	0
7917	0
7918	0
7919	0
7920	0
7921	0
7922	0
7923	0
7924	0
7925	0
7926	0
7927	0
7928	0
7929	0
7930	0
7931	0
7932	0
7933	0
7934	0
7935	0
7936	0
7937	0
7938	0
7939	0
7940	0
7941	0
7942	0
7943	0
7944	0
7945	0
7946	0
7947	0
7948	0
7949	0
7950	0
7951	0
7952	0
7953	0
7954	0
7955	0
7956	0
7957	0
7958	0
7959	0
7960	0
7961	0
7962	0
7963	0
7964	0
7965	0
7966	0
7967	0
7968	0
7969	0
7970	0
7971	0
7972	0
7973	0
7974	0
7975	0
7976	0
7977	0
7978	0
7979	0
7980	0
7981	0
7982	0
7983	0
7984	0
7985	0
7986	0
7987	0
7988	0
7989	0
7990	0
7991	0
7992	0
7993	0
7994	0
7995	0
7996	0
7997	0
7998	0
7999	0
8000	0
8001	0
8002	0
8003	0
8004	0
8005	0
8006	0
8007	0
8008	0
8009	0
8010	0
8011	0
8012	0
8013	0
8014	0
8015	0
8016	0
8017	0
8018	0
8019	0
8020	0
8021	0
8022	0
8023	0
8024	0
8025	0
8026	0
8027	0
8028	0
8029	0
8030	0
8031	0
8032	0
8033	0
8034	0
8035	0
8036	0
8037	0
8038	0
8039	0
8040	0
8041	0
8042	0
8043	0
8044	0
8045	0
8046	0
8047	0
8048	0
8049	0
8050	0
8051	0
8052	0
8053	0
8054	0
8055	0
8056	0
8057	0
8058	0
8059	0
8060	0
8061	0
8062	0
8063	0
8064	0
8065	0
8066	0
8067	0
8068	0
8069	0
8070	0
8071	0
8072	0
8073	0
8074	0
8075	0
8076	0
8077	0
8078	0
8079	0
8080	0
8081	0
8082	0
8083	0
8084	0
8085	0
8086	0
8087	0
8088	0
8089	0
8090	0
8091	0
8092	0
8093	0
8094	0
8095	0
8096	0
8097	0
8098	0
8099	0
8100	0
8101	0
8102	0
8103	0
8104	0
8105	0
8106	0
8107	0
8108	0
8109	0
8110	0
8111	0
8112	0
8113	0
8114	0
8115	0
8116	0
8117	0
8118	0
8119	0
8120	0
8121	0
8122	0
8123	0
8124	0
8125	0
8126	0
8127	0
8128	0
8129	0
8130	0
8131	0
8132	0
8133	0
8134	0
8135	0
8136	0
8137	0
8138	0
8139	0
8140	0
8141	0
8142	0
8143	0
8144	0
8145	0
8146	0
8147	0
8148	0
8149	0
8150	0
8151	0
8152	0
8153	0
8154	0
8155	0
8156	0
8157	0
8158	0
8159	0
8160	0
8161	0
8162	0
8163	0
8164	0
8165	0
8166	0
8167	0
8168	0
8169	0
8170	0
8171	0
8172	0
8173	0
8174	0
8175	0
8176	0
8177	0
8178	0
8179	0
8180	0
8181	0
8182	0
8183	0
8184	0
8185	0
8186	0
8187	0
8188	0
8189	0
8190	0
8191	0
