0	0
1	0
2	0
3	0
4	0
5	0
6	0
7	0
8	0
9	0
10	0
11	0
12	0
13	0
14	0
15	0
16	0
17	0
18	0
19	0
20	0
21	0
22	0
23	0
24	0
25	0
26	0
27	0
28	0
29	0
30	0
31	0
32	0
33	0
34	0
35	0
36	0
37	0
38	0
39	0
40	0
41	0
42	0
43	0
44	0
45	0
46	0
47	0
48	0
49	0
50	0
51	0
52	0
53	0
54	0
55	0
56	0
57	0
58	0
59	0
60	0
61	0
62	0
63	0
64	0
65	0
66	0
67	0
68	0
69	0
70	0
71	0
72	0
73	0
74	0
75	0
76	0
77	0
78	0
79	0
80	0
81	0
82	2
83	6
84	13
85	11
86	19
87	13
88	12
89	15
90	13
91	7
92	11
93	13
94	12
95	18
96	11
97	12
98	15
99	13
100	12
101	16
102	7
103	18
104	9
105	8
106	9
107	13
108	14
109	13
110	13
111	10
112	6
113	18
114	11
115	13
116	13
117	10
118	11
119	15
120	16
121	16
122	13
123	13
124	9
125	15
126	19
127	10
128	14
129	9
130	13
131	13
132	9
133	14
134	14
135	19
136	13
137	13
138	9
139	14
140	17
141	13
142	9
143	7
144	15
145	12
146	17
147	11
148	20
149	13
150	9
151	18
152	8
153	12
154	12
155	12
156	9
157	12
158	15
159	14
160	18
161	13
162	8
163	12
164	20
165	13
166	17
167	10
168	8
169	13
170	17
171	14
172	8
173	15
174	12
175	16
176	15
177	9
178	17
179	13
180	14
181	11
182	13
183	18
184	18
185	15
186	6
187	21
188	13
189	11
190	12
191	13
192	17
193	20
194	18
195	11
196	14
197	19
198	18
199	10
200	15
201	18
202	9
203	19
204	18
205	11
206	16
207	20
208	12
209	18
210	15
211	13
212	10
213	8
214	13
215	13
216	12
217	10
218	10
219	15
220	27
221	17
222	23
223	14
224	13
225	10
226	17
227	11
228	13
229	12
230	18
231	13
232	19
233	17
234	15
235	10
236	16
237	17
238	12
239	16
240	12
241	20
242	12
243	19
244	18
245	13
246	18
247	11
248	18
249	12
250	14
251	11
252	21
253	21
254	15
255	10
256	15
257	12
258	17
259	17
260	14
261	13
262	15
263	20
264	21
265	14
266	15
267	14
268	19
269	23
270	16
271	18
272	14
273	11
274	16
275	11
276	16
277	16
278	13
279	20
280	19
281	12
282	17
283	12
284	17
285	11
286	12
287	20
288	17
289	17
290	19
291	15
292	18
293	16
294	25
295	14
296	17
297	13
298	23
299	20
300	16
301	13
302	9
303	14
304	20
305	13
306	12
307	15
308	20
309	21
310	16
311	16
312	14
313	13
314	19
315	18
316	16
317	18
318	20
319	15
320	16
321	24
322	21
323	23
324	21
325	10
326	16
327	11
328	15
329	22
330	21
331	17
332	19
333	17
334	14
335	14
336	18
337	10
338	19
339	17
340	16
341	17
342	18
343	24
344	11
345	18
346	22
347	16
348	16
349	15
350	24
351	21
352	9
353	18
354	15
355	25
356	15
357	16
358	19
359	12
360	18
361	20
362	13
363	19
364	13
365	12
366	14
367	16
368	14
369	16
370	21
371	20
372	11
373	21
374	18
375	11
376	24
377	15
378	12
379	18
380	19
381	18
382	16
383	22
384	8
385	21
386	14
387	16
388	15
389	18
390	18
391	20
392	19
393	18
394	15
395	20
396	14
397	20
398	22
399	12
400	19
401	16
402	21
403	15
404	15
405	12
406	14
407	14
408	11
409	25
410	14
411	15
412	16
413	16
414	18
415	15
416	21
417	17
418	18
419	21
420	17
421	26
422	11
423	14
424	21
425	13
426	16
427	14
428	23
429	16
430	27
431	7
432	26
433	25
434	22
435	16
436	16
437	20
438	18
439	16
440	17
441	21
442	21
443	19
444	24
445	17
446	24
447	17
448	19
449	19
450	23
451	17
452	11
453	29
454	15
455	23
456	11
457	10
458	24
459	27
460	14
461	21
462	20
463	17
464	26
465	23
466	12
467	24
468	25
469	17
470	22
471	23
472	31
473	24
474	22
475	21
476	25
477	21
478	22
479	28
480	28
481	22
482	23
483	26
484	30
485	32
486	31
487	29
488	28
489	20
490	32
491	20
492	21
493	31
494	31
495	25
496	24
497	34
498	28
499	32
500	33
501	28
502	35
503	23
504	43
505	21
506	29
507	26
508	27
509	27
510	27
511	32
512	18
513	40
514	37
515	27
516	40
517	35
518	28
519	28
520	38
521	43
522	36
523	33
524	34
525	24
526	20
527	44
528	38
529	28
530	30
531	28
532	37
533	32
534	32
535	29
536	38
537	39
538	32
539	27
540	24
541	29
542	42
543	30
544	29
545	26
546	28
547	23
548	27
549	33
550	31
551	29
552	24
553	22
554	29
555	34
556	26
557	29
558	19
559	30
560	30
561	22
562	24
563	18
564	20
565	30
566	37
567	33
568	30
569	34
570	24
571	30
572	26
573	25
574	24
575	28
576	25
577	26
578	27
579	21
580	26
581	24
582	26
583	28
584	26
585	27
586	30
587	39
588	26
589	27
590	19
591	28
592	29
593	37
594	23
595	23
596	26
597	18
598	25
599	39
600	26
601	24
602	23
603	26
604	34
605	23
606	32
607	26
608	23
609	25
610	21
611	27
612	29
613	17
614	20
615	23
616	23
617	22
618	20
619	27
620	20
621	26
622	22
623	25
624	17
625	25
626	22
627	27
628	31
629	22
630	25
631	27
632	16
633	18
634	27
635	23
636	23
637	16
638	30
639	24
640	27
641	28
642	21
643	26
644	29
645	15
646	22
647	22
648	21
649	19
650	20
651	23
652	15
653	26
654	21
655	18
656	20
657	21
658	30
659	15
660	21
661	21
662	31
663	17
664	18
665	23
666	24
667	25
668	32
669	28
670	16
671	24
672	27
673	22
674	29
675	23
676	22
677	18
678	21
679	36
680	24
681	22
682	18
683	24
684	23
685	22
686	26
687	13
688	19
689	28
690	25
691	27
692	22
693	24
694	32
695	20
696	24
697	30
698	26
699	33
700	32
701	22
702	25
703	27
704	18
705	24
706	14
707	25
708	22
709	29
710	23
711	28
712	22
713	27
714	29
715	21
716	18
717	30
718	23
719	21
720	22
721	27
722	18
723	25
724	18
725	20
726	29
727	16
728	21
729	25
730	26
731	27
732	33
733	21
734	26
735	20
736	27
737	32
738	32
739	23
740	21
741	27
742	29
743	25
744	27
745	27
746	17
747	21
748	30
749	18
750	26
751	24
752	27
753	24
754	30
755	27
756	22
757	20
758	22
759	25
760	27
761	13
762	36
763	21
764	28
765	33
766	25
767	26
768	26
769	32
770	24
771	25
772	28
773	27
774	22
775	24
776	25
777	26
778	21
779	26
780	27
781	35
782	25
783	22
784	29
785	19
786	29
787	25
788	24
789	36
790	36
791	21
792	26
793	24
794	20
795	23
796	27
797	24
798	26
799	30
800	27
801	33
802	36
803	26
804	24
805	20
806	30
807	28
808	20
809	32
810	17
811	25
812	27
813	18
814	35
815	28
816	22
817	23
818	26
819	24
820	29
821	30
822	29
823	26
824	33
825	34
826	24
827	31
828	45
829	24
830	28
831	30
832	24
833	34
834	28
835	41
836	29
837	36
838	28
839	36
840	35
841	31
842	32
843	25
844	30
845	20
846	28
847	35
848	33
849	33
850	27
851	34
852	33
853	36
854	33
855	34
856	21
857	35
858	46
859	27
860	25
861	37
862	35
863	33
864	40
865	24
866	34
867	37
868	35
869	16
870	23
871	24
872	29
873	31
874	30
875	37
876	28
877	30
878	39
879	21
880	37
881	36
882	20
883	33
884	28
885	25
886	37
887	34
888	34
889	41
890	43
891	33
892	36
893	29
894	34
895	23
896	45
897	37
898	25
899	20
900	32
901	33
902	31
903	25
904	25
905	33
906	41
907	40
908	33
909	36
910	36
911	34
912	32
913	32
914	37
915	44
916	36
917	27
918	35
919	37
920	43
921	36
922	24
923	34
924	40
925	51
926	21
927	34
928	41
929	44
930	34
931	31
932	28
933	27
934	34
935	42
936	44
937	44
938	35
939	27
940	36
941	32
942	37
943	33
944	33
945	25
946	31
947	40
948	29
949	28
950	20
951	33
952	31
953	30
954	29
955	33
956	40
957	34
958	38
959	26
960	41
961	43
962	41
963	42
964	27
965	40
966	40
967	37
968	36
969	29
970	33
971	37
972	29
973	41
974	43
975	27
976	39
977	24
978	36
979	35
980	53
981	37
982	43
983	50
984	29
985	35
986	46
987	40
988	34
989	37
990	39
991	43
992	29
993	34
994	40
995	32
996	36
997	50
998	40
999	42
1000	28
1001	37
1002	36
1003	33
1004	44
1005	41
1006	33
1007	40
1008	48
1009	42
1010	38
1011	40
1012	34
1013	30
1014	36
1015	27
1016	36
1017	41
1018	28
1019	30
1020	41
1021	51
1022	37
1023	40
1024	35
1025	37
1026	43
1027	36
1028	31
1029	23
1030	37
1031	38
1032	25
1033	27
1034	30
1035	31
1036	39
1037	32
1038	40
1039	31
1040	39
1041	48
1042	42
1043	42
1044	31
1045	42
1046	37
1047	32
1048	28
1049	36
1050	31
1051	40
1052	36
1053	28
1054	49
1055	39
1056	38
1057	30
1058	35
1059	32
1060	38
1061	43
1062	37
1063	39
1064	32
1065	40
1066	32
1067	37
1068	41
1069	31
1070	30
1071	37
1072	41
1073	54
1074	51
1075	29
1076	29
1077	46
1078	28
1079	34
1080	31
1081	54
1082	26
1083	44
1084	34
1085	43
1086	38
1087	33
1088	43
1089	46
1090	28
1091	39
1092	40
1093	32
1094	39
1095	38
1096	47
1097	40
1098	51
1099	47
1100	38
1101	38
1102	54
1103	30
1104	35
1105	41
1106	46
1107	33
1108	37
1109	45
1110	45
1111	35
1112	26
1113	43
1114	34
1115	39
1116	45
1117	45
1118	41
1119	37
1120	42
1121	43
1122	38
1123	41
1124	46
1125	35
1126	41
1127	45
1128	33
1129	49
1130	55
1131	40
1132	37
1133	42
1134	43
1135	38
1136	40
1137	45
1138	42
1139	41
1140	26
1141	41
1142	40
1143	41
1144	31
1145	24
1146	44
1147	47
1148	37
1149	37
1150	42
1151	35
1152	50
1153	34
1154	31
1155	42
1156	46
1157	43
1158	48
1159	39
1160	33
1161	31
1162	39
1163	40
1164	34
1165	37
1166	33
1167	42
1168	46
1169	44
1170	30
1171	38
1172	38
1173	33
1174	43
1175	41
1176	36
1177	39
1178	31
1179	36
1180	26
1181	33
1182	45
1183	49
1184	46
1185	46
1186	45
1187	34
1188	41
1189	37
1190	47
1191	43
1192	32
1193	41
1194	37
1195	36
1196	35
1197	33
1198	37
1199	40
1200	35
1201	42
1202	36
1203	47
1204	33
1205	33
1206	36
1207	45
1208	53
1209	39
1210	43
1211	41
1212	49
1213	43
1214	40
1215	36
1216	41
1217	46
1218	33
1219	37
1220	42
1221	39
1222	44
1223	40
1224	36
1225	39
1226	49
1227	39
1228	46
1229	46
1230	53
1231	45
1232	47
1233	48
1234	41
1235	38
1236	31
1237	50
1238	36
1239	37
1240	38
1241	44
1242	33
1243	47
1244	47
1245	35
1246	42
1247	45
1248	54
1249	32
1250	33
1251	42
1252	32
1253	47
1254	42
1255	26
1256	38
1257	42
1258	32
1259	44
1260	33
1261	30
1262	34
1263	46
1264	29
1265	53
1266	37
1267	45
1268	48
1269	27
1270	42
1271	46
1272	42
1273	47
1274	39
1275	38
1276	46
1277	43
1278	39
1279	35
1280	38
1281	39
1282	47
1283	46
1284	43
1285	32
1286	51
1287	41
1288	47
1289	37
1290	48
1291	54
1292	33
1293	46
1294	49
1295	49
1296	33
1297	45
1298	40
1299	52
1300	50
1301	48
1302	32
1303	38
1304	43
1305	37
1306	39
1307	49
1308	43
1309	48
1310	44
1311	48
1312	40
1313	47
1314	51
1315	43
1316	32
1317	46
1318	40
1319	48
1320	46
1321	45
1322	43
1323	33
1324	50
1325	38
1326	48
1327	35
1328	38
1329	43
1330	47
1331	40
1332	43
1333	46
1334	34
1335	44
1336	41
1337	45
1338	48
1339	46
1340	48
1341	41
1342	41
1343	42
1344	53
1345	55
1346	38
1347	62
1348	59
1349	52
1350	41
1351	41
1352	48
1353	47
1354	47
1355	57
1356	34
1357	51
1358	53
1359	35
1360	39
1361	41
1362	43
1363	34
1364	57
1365	36
1366	56
1367	48
1368	45
1369	53
1370	33
1371	52
1372	62
1373	45
1374	47
1375	41
1376	46
1377	57
1378	40
1379	47
1380	53
1381	52
1382	46
1383	54
1384	42
1385	50
1386	50
1387	45
1388	55
1389	50
1390	51
1391	47
1392	61
1393	60
1394	40
1395	39
1396	51
1397	39
1398	43
1399	58
1400	43
1401	51
1402	51
1403	49
1404	44
1405	53
1406	46
1407	44
1408	37
1409	55
1410	50
1411	46
1412	45
1413	54
1414	49
1415	43
1416	48
1417	60
1418	52
1419	59
1420	53
1421	45
1422	59
1423	35
1424	46
1425	53
1426	49
1427	48
1428	45
1429	49
1430	45
1431	52
1432	48
1433	45
1434	55
1435	47
1436	54
1437	34
1438	40
1439	56
1440	61
1441	41
1442	50
1443	51
1444	51
1445	50
1446	57
1447	56
1448	59
1449	48
1450	46
1451	39
1452	46
1453	44
1454	37
1455	41
1456	47
1457	45
1458	45
1459	50
1460	55
1461	40
1462	36
1463	38
1464	50
1465	43
1466	46
1467	47
1468	53
1469	54
1470	42
1471	45
1472	48
1473	49
1474	41
1475	49
1476	49
1477	48
1478	41
1479	33
1480	33
1481	40
1482	38
1483	35
1484	42
1485	42
1486	53
1487	51
1488	39
1489	40
1490	37
1491	34
1492	37
1493	48
1494	43
1495	48
1496	43
1497	40
1498	42
1499	36
1500	50
1501	35
1502	37
1503	47
1504	33
1505	50
1506	52
1507	52
1508	35
1509	43
1510	52
1511	36
1512	41
1513	45
1514	44
1515	41
1516	48
1517	42
1518	40
1519	51
1520	35
1521	31
1522	44
1523	39
1524	39
1525	37
1526	33
1527	44
1528	43
1529	34
1530	41
1531	35
1532	35
1533	40
1534	38
1535	29
1536	28
1537	38
1538	42
1539	45
1540	34
1541	22
1542	36
1543	39
1544	24
1545	45
1546	36
1547	42
1548	42
1549	21
1550	40
1551	27
1552	28
1553	36
1554	30
1555	33
1556	36
1557	32
1558	46
1559	42
1560	28
1561	38
1562	37
1563	35
1564	43
1565	33
1566	36
1567	36
1568	24
1569	29
1570	35
1571	30
1572	31
1573	43
1574	34
1575	31
1576	37
1577	26
1578	29
1579	37
1580	35
1581	28
1582	39
1583	34
1584	31
1585	31
1586	36
1587	35
1588	30
1589	30
1590	32
1591	37
1592	35
1593	27
1594	32
1595	28
1596	27
1597	39
1598	33
1599	26
1600	33
1601	35
1602	24
1603	23
1604	34
1605	29
1606	37
1607	28
1608	32
1609	26
1610	32
1611	36
1612	23
1613	37
1614	27
1615	23
1616	26
1617	32
1618	27
1619	24
1620	25
1621	42
1622	31
1623	34
1624	30
1625	30
1626	31
1627	27
1628	21
1629	24
1630	24
1631	25
1632	33
1633	22
1634	31
1635	36
1636	26
1637	31
1638	37
1639	21
1640	31
1641	25
1642	29
1643	20
1644	22
1645	28
1646	25
1647	36
1648	31
1649	19
1650	37
1651	24
1652	30
1653	27
1654	17
1655	22
1656	15
1657	28
1658	23
1659	34
1660	22
1661	28
1662	25
1663	19
1664	22
1665	22
1666	25
1667	25
1668	27
1669	31
1670	24
1671	30
1672	30
1673	22
1674	25
1675	31
1676	24
1677	32
1678	32
1679	24
1680	23
1681	29
1682	25
1683	25
1684	20
1685	28
1686	28
1687	27
1688	18
1689	30
1690	33
1691	25
1692	21
1693	20
1694	19
1695	23
1696	30
1697	27
1698	27
1699	22
1700	16
1701	25
1702	26
1703	23
1704	20
1705	28
1706	25
1707	23
1708	32
1709	31
1710	30
1711	14
1712	25
1713	36
1714	21
1715	22
1716	21
1717	24
1718	22
1719	21
1720	30
1721	19
1722	31
1723	23
1724	27
1725	23
1726	18
1727	22
1728	33
1729	18
1730	22
1731	26
1732	26
1733	22
1734	23
1735	27
1736	21
1737	24
1738	18
1739	18
1740	24
1741	22
1742	22
1743	23
1744	15
1745	25
1746	31
1747	19
1748	32
1749	31
1750	30
1751	23
1752	22
1753	25
1754	24
1755	19
1756	24
1757	22
1758	30
1759	24
1760	22
1761	26
1762	25
1763	28
1764	26
1765	24
1766	25
1767	28
1768	22
1769	34
1770	26
1771	18
1772	21
1773	18
1774	21
1775	24
1776	19
1777	24
1778	27
1779	22
1780	25
1781	31
1782	23
1783	24
1784	22
1785	22
1786	18
1787	20
1788	23
1789	21
1790	20
1791	19
1792	18
1793	19
1794	18
1795	24
1796	23
1797	20
1798	28
1799	26
1800	23
1801	25
1802	26
1803	31
1804	26
1805	26
1806	19
1807	18
1808	23
1809	22
1810	26
1811	22
1812	22
1813	27
1814	15
1815	20
1816	27
1817	18
1818	25
1819	18
1820	27
1821	17
1822	23
1823	24
1824	26
1825	18
1826	13
1827	25
1828	25
1829	29
1830	18
1831	15
1832	22
1833	22
1834	14
1835	21
1836	26
1837	31
1838	24
1839	24
1840	25
1841	29
1842	20
1843	23
1844	24
1845	21
1846	17
1847	22
1848	27
1849	33
1850	24
1851	18
1852	27
1853	19
1854	25
1855	20
1856	18
1857	18
1858	21
1859	29
1860	24
1861	22
1862	23
1863	24
1864	30
1865	17
1866	19
1867	16
1868	29
1869	25
1870	23
1871	16
1872	19
1873	18
1874	20
1875	21
1876	13
1877	22
1878	10
1879	19
1880	20
1881	20
1882	25
1883	19
1884	28
1885	16
1886	24
1887	29
1888	26
1889	21
1890	24
1891	23
1892	19
1893	24
1894	16
1895	25
1896	20
1897	22
1898	29
1899	22
1900	34
1901	24
1902	25
1903	34
1904	25
1905	19
1906	23
1907	26
1908	25
1909	15
1910	21
1911	14
1912	19
1913	21
1914	18
1915	26
1916	17
1917	24
1918	15
1919	20
1920	26
1921	19
1922	22
1923	27
1924	24
1925	20
1926	30
1927	20
1928	33
1929	24
1930	23
1931	23
1932	28
1933	24
1934	20
1935	22
1936	26
1937	23
1938	20
1939	27
1940	19
1941	33
1942	19
1943	23
1944	24
1945	21
1946	17
1947	17
1948	20
1949	21
1950	23
1951	17
1952	22
1953	20
1954	20
1955	19
1956	23
1957	20
1958	24
1959	21
1960	13
1961	20
1962	17
1963	27
1964	24
1965	28
1966	24
1967	21
1968	19
1969	27
1970	20
1971	26
1972	27
1973	33
1974	20
1975	16
1976	21
1977	19
1978	27
1979	27
1980	29
1981	20
1982	16
1983	14
1984	19
1985	24
1986	28
1987	36
1988	31
1989	25
1990	24
1991	28
1992	19
1993	21
1994	19
1995	20
1996	23
1997	25
1998	23
1999	35
2000	21
2001	25
2002	23
2003	18
2004	23
2005	33
2006	24
2007	20
2008	27
2009	20
2010	31
2011	23
2012	30
2013	27
2014	24
2015	21
2016	22
2017	23
2018	33
2019	23
2020	26
2021	24
2022	31
2023	38
2024	28
2025	23
2026	32
2027	24
2028	30
2029	38
2030	26
2031	22
2032	33
2033	21
2034	13
2035	23
2036	20
2037	27
2038	28
2039	28
2040	33
2041	29
2042	26
2043	29
2044	26
2045	25
2046	29
2047	34
2048	21
2049	35
2050	31
2051	36
2052	20
2053	36
2054	23
2055	31
2056	33
2057	40
2058	28
2059	31
2060	20
2061	33
2062	33
2063	35
2064	30
2065	37
2066	21
2067	36
2068	19
2069	20
2070	21
2071	29
2072	25
2073	31
2074	30
2075	42
2076	34
2077	31
2078	27
2079	19
2080	32
2081	35
2082	34
2083	29
2084	35
2085	26
2086	30
2087	28
2088	34
2089	32
2090	34
2091	37
2092	35
2093	30
2094	33
2095	28
2096	27
2097	33
2098	37
2099	34
2100	47
2101	34
2102	34
2103	34
2104	37
2105	36
2106	46
2107	34
2108	38
2109	33
2110	31
2111	31
2112	23
2113	35
2114	36
2115	33
2116	32
2117	27
2118	42
2119	23
2120	36
2121	51
2122	37
2123	34
2124	35
2125	26
2126	35
2127	33
2128	32
2129	31
2130	48
2131	23
2132	36
2133	40
2134	33
2135	32
2136	35
2137	27
2138	43
2139	33
2140	31
2141	29
2142	30
2143	36
2144	29
2145	39
2146	36
2147	41
2148	31
2149	37
2150	22
2151	33
2152	34
2153	35
2154	43
2155	31
2156	43
2157	35
2158	29
2159	33
2160	42
2161	30
2162	33
2163	48
2164	38
2165	39
2166	35
2167	39
2168	33
2169	39
2170	36
2171	41
2172	39
2173	33
2174	41
2175	32
2176	32
2177	40
2178	29
2179	42
2180	37
2181	48
2182	31
2183	46
2184	42
2185	33
2186	34
2187	39
2188	31
2189	29
2190	47
2191	25
2192	35
2193	51
2194	44
2195	40
2196	40
2197	35
2198	38
2199	42
2200	32
2201	32
2202	48
2203	37
2204	31
2205	33
2206	54
2207	36
2208	44
2209	49
2210	36
2211	43
2212	44
2213	37
2214	44
2215	38
2216	38
2217	37
2218	33
2219	39
2220	37
2221	33
2222	44
2223	47
2224	24
2225	36
2226	30
2227	31
2228	30
2229	29
2230	41
2231	44
2232	35
2233	41
2234	58
2235	52
2236	39
2237	49
2238	37
2239	48
2240	47
2241	39
2242	35
2243	40
2244	53
2245	39
2246	38
2247	38
2248	31
2249	40
2250	36
2251	40
2252	40
2253	51
2254	43
2255	37
2256	51
2257	25
2258	32
2259	48
2260	39
2261	42
2262	42
2263	26
2264	36
2265	40
2266	45
2267	23
2268	30
2269	36
2270	28
2271	39
2272	41
2273	36
2274	40
2275	34
2276	43
2277	45
2278	55
2279	34
2280	28
2281	39
2282	35
2283	39
2284	32
2285	41
2286	35
2287	40
2288	41
2289	39
2290	40
2291	34
2292	40
2293	36
2294	30
2295	35
2296	52
2297	46
2298	43
2299	36
2300	40
2301	32
2302	32
2303	36
2304	55
2305	40
2306	37
2307	44
2308	40
2309	29
2310	38
2311	35
2312	49
2313	53
2314	41
2315	44
2316	31
2317	51
2318	33
2319	30
2320	34
2321	34
2322	29
2323	37
2324	40
2325	42
2326	37
2327	43
2328	35
2329	29
2330	37
2331	39
2332	33
2333	36
2334	42
2335	41
2336	38
2337	40
2338	33
2339	38
2340	29
2341	34
2342	30
2343	31
2344	35
2345	33
2346	31
2347	34
2348	35
2349	32
2350	29
2351	27
2352	30
2353	30
2354	38
2355	31
2356	31
2357	24
2358	34
2359	28
2360	29
2361	37
2362	30
2363	32
2364	35
2365	28
2366	36
2367	28
2368	37
2369	33
2370	27
2371	32
2372	36
2373	35
2374	25
2375	27
2376	30
2377	30
2378	38
2379	34
2380	37
2381	27
2382	23
2383	33
2384	24
2385	28
2386	24
2387	31
2388	28
2389	33
2390	28
2391	31
2392	21
2393	18
2394	32
2395	33
2396	33
2397	32
2398	28
2399	22
2400	21
2401	28
2402	32
2403	28
2404	23
2405	21
2406	30
2407	27
2408	30
2409	27
2410	29
2411	28
2412	26
2413	27
2414	27
2415	32
2416	27
2417	15
2418	26
2419	27
2420	25
2421	34
2422	34
2423	13
2424	28
2425	23
2426	31
2427	23
2428	23
2429	31
2430	19
2431	20
2432	28
2433	32
2434	19
2435	30
2436	25
2437	25
2438	28
2439	24
2440	31
2441	32
2442	25
2443	25
2444	26
2445	23
2446	20
2447	24
2448	32
2449	20
2450	25
2451	29
2452	26
2453	37
2454	18
2455	28
2456	30
2457	16
2458	25
2459	16
2460	23
2461	20
2462	22
2463	18
2464	17
2465	18
2466	31
2467	21
2468	18
2469	23
2470	14
2471	22
2472	20
2473	10
2474	23
2475	19
2476	22
2477	24
2478	21
2479	31
2480	20
2481	19
2482	16
2483	19
2484	23
2485	21
2486	19
2487	26
2488	15
2489	26
2490	21
2491	27
2492	30
2493	18
2494	26
2495	17
2496	18
2497	20
2498	22
2499	20
2500	21
2501	18
2502	21
2503	17
2504	14
2505	24
2506	25
2507	26
2508	18
2509	15
2510	23
2511	22
2512	20
2513	17
2514	15
2515	21
2516	20
2517	16
2518	11
2519	14
2520	12
2521	27
2522	18
2523	13
2524	14
2525	10
2526	21
2527	14
2528	14
2529	20
2530	20
2531	18
2532	17
2533	24
2534	17
2535	18
2536	20
2537	19
2538	15
2539	20
2540	7
2541	14
2542	14
2543	19
2544	19
2545	13
2546	13
2547	26
2548	14
2549	13
2550	17
2551	10
2552	18
2553	15
2554	13
2555	16
2556	15
2557	13
2558	10
2559	17
2560	21
2561	13
2562	10
2563	9
2564	24
2565	22
2566	11
2567	14
2568	17
2569	12
2570	15
2571	16
2572	7
2573	22
2574	12
2575	16
2576	15
2577	12
2578	11
2579	12
2580	16
2581	17
2582	12
2583	16
2584	21
2585	12
2586	20
2587	20
2588	15
2589	19
2590	19
2591	15
2592	13
2593	20
2594	15
2595	19
2596	13
2597	16
2598	16
2599	13
2600	13
2601	15
2602	12
2603	13
2604	8
2605	14
2606	17
2607	8
2608	14
2609	14
2610	12
2611	11
2612	17
2613	11
2614	20
2615	14
2616	10
2617	12
2618	13
2619	15
2620	13
2621	11
2622	12
2623	20
2624	13
2625	17
2626	10
2627	18
2628	12
2629	16
2630	16
2631	11
2632	17
2633	9
2634	9
2635	7
2636	15
2637	14
2638	8
2639	12
2640	12
2641	12
2642	8
2643	17
2644	22
2645	11
2646	13
2647	8
2648	14
2649	18
2650	11
2651	12
2652	15
2653	11
2654	2
2655	16
2656	12
2657	17
2658	16
2659	13
2660	14
2661	18
2662	14
2663	8
2664	11
2665	12
2666	17
2667	19
2668	6
2669	11
2670	13
2671	12
2672	14
2673	17
2674	19
2675	16
2676	19
2677	10
2678	13
2679	18
2680	13
2681	14
2682	9
2683	15
2684	7
2685	16
2686	14
2687	11
2688	13
2689	15
2690	15
2691	9
2692	5
2693	13
2694	8
2695	5
2696	10
2697	12
2698	18
2699	8
2700	9
2701	17
2702	14
2703	13
2704	11
2705	20
2706	14
2707	13
2708	11
2709	12
2710	11
2711	12
2712	14
2713	4
2714	6
2715	15
2716	9
2717	17
2718	11
2719	8
2720	11
2721	8
2722	6
2723	10
2724	8
2725	14
2726	3
2727	14
2728	14
2729	8
2730	14
2731	13
2732	13
2733	14
2734	12
2735	15
2736	15
2737	13
2738	7
2739	12
2740	20
2741	14
2742	14
2743	10
2744	18
2745	12
2746	12
2747	14
2748	8
2749	7
2750	5
2751	11
2752	14
2753	17
2754	16
2755	8
2756	10
2757	17
2758	12
2759	13
2760	16
2761	15
2762	9
2763	13
2764	8
2765	12
2766	15
2767	13
2768	16
2769	8
2770	5
2771	12
2772	18
2773	10
2774	14
2775	13
2776	8
2777	10
2778	10
2779	10
2780	13
2781	15
2782	15
2783	11
2784	11
2785	11
2786	6
2787	8
2788	6
2789	17
2790	7
2791	12
2792	11
2793	10
2794	9
2795	12
2796	8
2797	12
2798	16
2799	12
2800	8
2801	16
2802	13
2803	11
2804	8
2805	6
2806	9
2807	8
2808	15
2809	11
2810	14
2811	10
2812	10
2813	9
2814	7
2815	14
2816	14
2817	10
2818	11
2819	13
2820	15
2821	10
2822	5
2823	12
2824	11
2825	16
2826	13
2827	15
2828	11
2829	9
2830	7
2831	17
2832	10
2833	14
2834	8
2835	17
2836	14
2837	11
2838	15
2839	8
2840	12
2841	15
2842	9
2843	10
2844	15
2845	9
2846	10
2847	8
2848	18
2849	7
2850	8
2851	10
2852	11
2853	12
2854	10
2855	8
2856	10
2857	13
2858	9
2859	6
2860	16
2861	10
2862	10
2863	9
2864	7
2865	7
2866	12
2867	11
2868	10
2869	10
2870	19
2871	15
2872	14
2873	8
2874	5
2875	12
2876	18
2877	16
2878	7
2879	7
2880	12
2881	15
2882	10
2883	6
2884	8
2885	17
2886	8
2887	8
2888	8
2889	11
2890	12
2891	12
2892	1
2893	9
2894	14
2895	13
2896	11
2897	8
2898	9
2899	11
2900	14
2901	9
2902	9
2903	10
2904	10
2905	12
2906	11
2907	8
2908	9
2909	5
2910	5
2911	9
2912	9
2913	8
2914	8
2915	8
2916	12
2917	10
2918	11
2919	12
2920	6
2921	7
2922	2
2923	6
2924	12
2925	10
2926	14
2927	7
2928	12
2929	6
2930	13
2931	3
2932	9
2933	17
2934	7
2935	12
2936	17
2937	18
2938	6
2939	9
2940	6
2941	9
2942	10
2943	7
2944	8
2945	11
2946	9
2947	12
2948	11
2949	11
2950	6
2951	5
2952	10
2953	13
2954	9
2955	15
2956	12
2957	10
2958	7
2959	10
2960	8
2961	8
2962	8
2963	11
2964	11
2965	15
2966	9
2967	10
2968	16
2969	11
2970	8
2971	11
2972	11
2973	9
2974	13
2975	7
2976	10
2977	8
2978	9
2979	12
2980	15
2981	7
2982	12
2983	8
2984	9
2985	6
2986	10
2987	8
2988	10
2989	10
2990	9
2991	13
2992	13
2993	12
2994	20
2995	8
2996	11
2997	14
2998	9
2999	5
3000	7
3001	6
3002	14
3003	12
3004	7
3005	12
3006	5
3007	8
3008	16
3009	5
3010	11
3011	9
3012	6
3013	18
3014	5
3015	15
3016	10
3017	9
3018	9
3019	8
3020	6
3021	6
3022	11
3023	15
3024	11
3025	8
3026	7
3027	9
3028	9
3029	7
3030	8
3031	7
3032	14
3033	9
3034	9
3035	8
3036	11
3037	4
3038	11
3039	10
3040	9
3041	5
3042	10
3043	12
3044	15
3045	10
3046	9
3047	10
3048	5
3049	8
3050	8
3051	11
3052	11
3053	12
3054	6
3055	9
3056	10
3057	7
3058	10
3059	5
3060	4
3061	8
3062	11
3063	15
3064	10
3065	14
3066	16
3067	13
3068	11
3069	7
3070	8
3071	6
3072	11
3073	6
3074	10
3075	8
3076	15
3077	5
3078	9
3079	10
3080	8
3081	9
3082	10
3083	12
3084	9
3085	10
3086	9
3087	4
3088	12
3089	9
3090	9
3091	9
3092	14
3093	8
3094	16
3095	11
3096	16
3097	7
3098	4
3099	11
3100	9
3101	9
3102	7
3103	3
3104	10
3105	5
3106	11
3107	9
3108	5
3109	5
3110	14
3111	9
3112	11
3113	4
3114	10
3115	10
3116	5
3117	11
3118	4
3119	6
3120	7
3121	11
3122	12
3123	6
3124	14
3125	0
3126	16
3127	7
3128	7
3129	13
3130	9
3131	8
3132	8
3133	9
3134	6
3135	14
3136	10
3137	7
3138	10
3139	10
3140	7
3141	10
3142	6
3143	6
3144	12
3145	7
3146	15
3147	3
3148	6
3149	6
3150	9
3151	8
3152	13
3153	11
3154	9
3155	12
3156	5
3157	4
3158	8
3159	15
3160	15
3161	11
3162	13
3163	13
3164	7
3165	14
3166	12
3167	8
3168	7
3169	4
3170	11
3171	3
3172	6
3173	11
3174	8
3175	9
3176	10
3177	6
3178	8
3179	9
3180	7
3181	10
3182	8
3183	11
3184	9
3185	7
3186	7
3187	7
3188	15
3189	12
3190	10
3191	11
3192	17
3193	15
3194	12
3195	12
3196	9
3197	9
3198	10
3199	12
3200	12
3201	8
3202	4
3203	6
3204	9
3205	6
3206	7
3207	10
3208	11
3209	7
3210	7
3211	5
3212	11
3213	10
3214	7
3215	13
3216	12
3217	3
3218	9
3219	8
3220	7
3221	1
3222	7
3223	9
3224	8
3225	2
3226	9
3227	8
3228	7
3229	7
3230	13
3231	6
3232	10
3233	5
3234	14
3235	12
3236	8
3237	5
3238	7
3239	5
3240	7
3241	10
3242	9
3243	7
3244	6
3245	8
3246	13
3247	9
3248	9
3249	9
3250	8
3251	8
3252	13
3253	9
3254	12
3255	7
3256	8
3257	9
3258	9
3259	12
3260	9
3261	6
3262	6
3263	9
3264	4
3265	7
3266	8
3267	11
3268	10
3269	12
3270	7
3271	5
3272	10
3273	11
3274	12
3275	8
3276	11
3277	7
3278	11
3279	11
3280	14
3281	7
3282	9
3283	15
3284	10
3285	7
3286	10
3287	10
3288	3
3289	13
3290	13
3291	12
3292	8
3293	10
3294	10
3295	12
3296	8
3297	6
3298	10
3299	7
3300	14
3301	14
3302	11
3303	14
3304	6
3305	16
3306	9
3307	8
3308	7
3309	10
3310	7
3311	6
3312	7
3313	6
3314	6
3315	14
3316	10
3317	10
3318	8
3319	11
3320	15
3321	7
3322	13
3323	9
3324	6
3325	14
3326	4
3327	7
3328	7
3329	6
3330	10
3331	9
3332	13
3333	5
3334	5
3335	9
3336	6
3337	8
3338	6
3339	7
3340	6
3341	7
3342	8
3343	12
3344	3
3345	15
3346	6
3347	11
3348	9
3349	14
3350	16
3351	5
3352	9
3353	9
3354	9
3355	10
3356	6
3357	4
3358	12
3359	10
3360	10
3361	9
3362	13
3363	6
3364	4
3365	9
3366	9
3367	11
3368	7
3369	6
3370	9
3371	7
3372	8
3373	11
3374	6
3375	9
3376	8
3377	5
3378	10
3379	11
3380	11
3381	8
3382	11
3383	8
3384	13
3385	14
3386	8
3387	9
3388	11
3389	12
3390	6
3391	9
3392	4
3393	9
3394	10
3395	10
3396	4
3397	9
3398	9
3399	9
3400	8
3401	6
3402	12
3403	10
3404	7
3405	8
3406	9
3407	3
3408	11
3409	6
3410	11
3411	9
3412	9
3413	10
3414	15
3415	7
3416	4
3417	13
3418	3
3419	13
3420	6
3421	9
3422	8
3423	8
3424	11
3425	7
3426	8
3427	8
3428	7
3429	7
3430	4
3431	4
3432	4
3433	5
3434	11
3435	10
3436	3
3437	12
3438	10
3439	6
3440	13
3441	5
3442	5
3443	17
3444	8
3445	10
3446	8
3447	11
3448	7
3449	8
3450	7
3451	7
3452	11
3453	15
3454	6
3455	12
3456	10
3457	11
3458	12
3459	5
3460	9
3461	7
3462	7
3463	8
3464	9
3465	13
3466	5
3467	11
3468	9
3469	9
3470	9
3471	6
3472	10
3473	10
3474	5
3475	12
3476	9
3477	3
3478	16
3479	6
3480	5
3481	9
3482	6
3483	11
3484	9
3485	11
3486	11
3487	11
3488	10
3489	4
3490	14
3491	5
3492	3
3493	9
3494	13
3495	12
3496	8
3497	5
3498	13
3499	11
3500	10
3501	10
3502	5
3503	4
3504	11
3505	14
3506	10
3507	11
3508	12
3509	5
3510	10
3511	5
3512	12
3513	6
3514	5
3515	8
3516	9
3517	11
3518	9
3519	5
3520	8
3521	10
3522	12
3523	6
3524	5
3525	13
3526	6
3527	6
3528	9
3529	7
3530	7
3531	8
3532	7
3533	9
3534	9
3535	10
3536	4
3537	14
3538	13
3539	13
3540	9
3541	7
3542	8
3543	13
3544	7
3545	9
3546	8
3547	7
3548	11
3549	6
3550	10
3551	7
3552	4
3553	4
3554	7
3555	4
3556	4
3557	14
3558	6
3559	6
3560	8
3561	6
3562	8
3563	10
3564	5
3565	7
3566	10
3567	10
3568	10
3569	11
3570	13
3571	10
3572	9
3573	12
3574	10
3575	9
3576	4
3577	13
3578	9
3579	9
3580	12
3581	5
3582	13
3583	8
3584	7
3585	6
3586	11
3587	9
3588	9
3589	10
3590	14
3591	9
3592	9
3593	10
3594	10
3595	9
3596	10
3597	12
3598	11
3599	6
3600	10
3601	8
3602	9
3603	10
3604	11
3605	8
3606	13
3607	9
3608	10
3609	12
3610	9
3611	12
3612	12
3613	6
3614	6
3615	9
3616	10
3617	7
3618	8
3619	9
3620	10
3621	10
3622	8
3623	12
3624	10
3625	13
3626	5
3627	15
3628	11
3629	11
3630	6
3631	7
3632	8
3633	5
3634	4
3635	14
3636	10
3637	6
3638	9
3639	10
3640	11
3641	5
3642	11
3643	7
3644	8
3645	4
3646	9
3647	7
3648	12
3649	11
3650	11
3651	6
3652	9
3653	9
3654	8
3655	5
3656	11
3657	15
3658	10
3659	9
3660	6
3661	7
3662	10
3663	10
3664	12
3665	5
3666	12
3667	8
3668	7
3669	8
3670	10
3671	9
3672	11
3673	10
3674	10
3675	5
3676	10
3677	11
3678	6
3679	7
3680	7
3681	8
3682	5
3683	7
3684	8
3685	11
3686	5
3687	3
3688	10
3689	6
3690	6
3691	14
3692	11
3693	4
3694	7
3695	10
3696	9
3697	6
3698	11
3699	5
3700	7
3701	11
3702	1
3703	8
3704	4
3705	13
3706	8
3707	4
3708	11
3709	7
3710	6
3711	10
3712	7
3713	8
3714	9
3715	5
3716	13
3717	7
3718	6
3719	6
3720	8
3721	7
3722	9
3723	6
3724	16
3725	6
3726	7
3727	9
3728	8
3729	8
3730	8
3731	3
3732	8
3733	9
3734	7
3735	8
3736	14
3737	4
3738	2
3739	7
3740	8
3741	13
3742	8
3743	9
3744	11
3745	12
3746	12
3747	12
3748	7
3749	11
3750	11
3751	9
3752	11
3753	5
3754	11
3755	8
3756	8
3757	9
3758	5
3759	11
3760	10
3761	7
3762	13
3763	11
3764	7
3765	12
3766	12
3767	7
3768	12
3769	9
3770	7
3771	9
3772	9
3773	8
3774	4
3775	7
3776	7
3777	10
3778	8
3779	8
3780	11
3781	7
3782	5
3783	10
3784	5
3785	9
3786	5
3787	5
3788	14
3789	8
3790	8
3791	9
3792	6
3793	9
3794	7
3795	17
3796	9
3797	12
3798	12
3799	7
3800	10
3801	7
3802	7
3803	6
3804	6
3805	11
3806	8
3807	9
3808	10
3809	11
3810	7
3811	7
3812	11
3813	8
3814	6
3815	8
3816	3
3817	6
3818	10
3819	11
3820	5
3821	16
3822	7
3823	8
3824	4
3825	11
3826	7
3827	15
3828	12
3829	12
3830	12
3831	10
3832	12
3833	9
3834	7
3835	9
3836	10
3837	9
3838	7
3839	7
3840	16
3841	8
3842	13
3843	7
3844	7
3845	7
3846	10
3847	9
3848	6
3849	7
3850	13
3851	8
3852	11
3853	11
3854	10
3855	16
3856	11
3857	5
3858	6
3859	10
3860	8
3861	9
3862	7
3863	7
3864	9
3865	7
3866	8
3867	12
3868	12
3869	4
3870	10
3871	11
3872	7
3873	8
3874	10
3875	6
3876	14
3877	5
3878	9
3879	7
3880	9
3881	13
3882	7
3883	7
3884	7
3885	12
3886	9
3887	7
3888	11
3889	5
3890	6
3891	11
3892	12
3893	10
3894	13
3895	9
3896	11
3897	10
3898	8
3899	17
3900	13
3901	15
3902	12
3903	11
3904	8
3905	12
3906	7
3907	5
3908	15
3909	13
3910	13
3911	6
3912	9
3913	9
3914	13
3915	16
3916	14
3917	8
3918	13
3919	10
3920	9
3921	13
3922	15
3923	16
3924	12
3925	12
3926	11
3927	10
3928	7
3929	9
3930	10
3931	17
3932	7
3933	23
3934	13
3935	10
3936	15
3937	13
3938	11
3939	22
3940	9
3941	6
3942	8
3943	14
3944	7
3945	8
3946	12
3947	11
3948	11
3949	12
3950	11
3951	12
3952	8
3953	13
3954	18
3955	10
3956	15
3957	17
3958	10
3959	17
3960	15
3961	16
3962	11
3963	15
3964	11
3965	19
3966	14
3967	11
3968	20
3969	12
3970	6
3971	10
3972	12
3973	16
3974	11
3975	7
3976	10
3977	11
3978	12
3979	10
3980	14
3981	9
3982	19
3983	7
3984	22
3985	9
3986	5
3987	17
3988	10
3989	14
3990	11
3991	14
3992	17
3993	6
3994	14
3995	14
3996	12
3997	11
3998	13
3999	14
4000	9
4001	7
4002	16
4003	20
4004	12
4005	9
4006	16
4007	19
4008	16
4009	14
4010	10
4011	9
4012	17
4013	16
4014	19
4015	9
4016	17
4017	16
4018	19
4019	17
4020	11
4021	16
4022	13
4023	18
4024	13
4025	13
4026	13
4027	14
4028	14
4029	20
4030	19
4031	6
4032	16
4033	8
4034	22
4035	12
4036	15
4037	12
4038	10
4039	13
4040	16
4041	15
4042	17
4043	11
4044	13
4045	13
4046	16
4047	17
4048	16
4049	13
4050	16
4051	12
4052	8
4053	8
4054	9
4055	13
4056	15
4057	10
4058	15
4059	16
4060	13
4061	12
4062	14
4063	14
4064	14
4065	20
4066	16
4067	15
4068	16
4069	6
4070	12
4071	11
4072	14
4073	17
4074	12
4075	20
4076	20
4077	25
4078	22
4079	14
4080	8
4081	16
4082	14
4083	13
4084	12
4085	17
4086	15
4087	14
4088	10
4089	14
4090	14
4091	20
4092	17
4093	14
4094	18
4095	11
4096	12
4097	14
4098	13
4099	10
4100	17
4101	7
4102	19
4103	18
4104	24
4105	12
4106	15
4107	15
4108	17
4109	21
4110	15
4111	9
4112	12
4113	11
4114	14
4115	10
4116	20
4117	14
4118	12
4119	13
4120	15
4121	16
4122	15
4123	18
4124	11
4125	16
4126	18
4127	17
4128	11
4129	13
4130	8
4131	14
4132	12
4133	20
4134	8
4135	11
4136	16
4137	19
4138	13
4139	17
4140	11
4141	15
4142	13
4143	11
4144	8
4145	8
4146	10
4147	12
4148	15
4149	17
4150	10
4151	12
4152	8
4153	19
4154	11
4155	16
4156	8
4157	16
4158	11
4159	12
4160	15
4161	18
4162	10
4163	9
4164	16
4165	5
4166	10
4167	10
4168	13
4169	8
4170	15
4171	13
4172	17
4173	8
4174	12
4175	12
4176	10
4177	8
4178	14
4179	3
4180	10
4181	12
4182	9
4183	10
4184	17
4185	9
4186	9
4187	11
4188	6
4189	6
4190	11
4191	8
4192	8
4193	6
4194	7
4195	11
4196	14
4197	14
4198	8
4199	6
4200	10
4201	12
4202	13
4203	12
4204	7
4205	13
4206	5
4207	7
4208	8
4209	11
4210	10
4211	14
4212	5
4213	10
4214	6
4215	6
4216	7
4217	11
4218	11
4219	6
4220	11
4221	7
4222	5
4223	5
4224	2
4225	9
4226	10
4227	10
4228	10
4229	11
4230	12
4231	15
4232	6
4233	9
4234	11
4235	12
4236	9
4237	7
4238	5
4239	9
4240	10
4241	6
4242	6
4243	7
4244	7
4245	6
4246	5
4247	13
4248	3
4249	10
4250	7
4251	2
4252	6
4253	9
4254	6
4255	7
4256	5
4257	7
4258	4
4259	6
4260	7
4261	8
4262	7
4263	5
4264	7
4265	6
4266	8
4267	5
4268	2
4269	3
4270	11
4271	4
4272	11
4273	9
4274	3
4275	4
4276	6
4277	5
4278	8
4279	8
4280	5
4281	6
4282	2
4283	4
4284	4
4285	7
4286	3
4287	2
4288	7
4289	4
4290	5
4291	5
4292	5
4293	2
4294	7
4295	4
4296	4
4297	3
4298	7
4299	2
4300	4
4301	4
4302	10
4303	7
4304	4
4305	3
4306	3
4307	7
4308	1
4309	1
4310	5
4311	10
4312	5
4313	4
4314	5
4315	4
4316	4
4317	3
4318	2
4319	5
4320	2
4321	5
4322	4
4323	4
4324	5
4325	4
4326	1
4327	7
4328	2
4329	3
4330	1
4331	0
4332	3
4333	3
4334	7
4335	4
4336	3
4337	2
4338	2
4339	5
4340	8
4341	1
4342	0
4343	1
4344	6
4345	5
4346	3
4347	1
4348	3
4349	2
4350	0
4351	5
4352	4
4353	5
4354	1
4355	2
4356	2
4357	6
4358	0
4359	3
4360	1
4361	4
4362	2
4363	1
4364	5
4365	2
4366	1
4367	2
4368	5
4369	1
4370	3
4371	7
4372	1
4373	0
4374	3
4375	0
4376	2
4377	0
4378	1
4379	0
4380	1
4381	2
4382	3
4383	2
4384	1
4385	2
4386	1
4387	2
4388	0
4389	2
4390	2
4391	1
4392	3
4393	4
4394	0
4395	2
4396	0
4397	2
4398	1
4399	2
4400	1
4401	1
4402	2
4403	1
4404	0
4405	1
4406	2
4407	0
4408	2
4409	2
4410	0
4411	0
4412	5
4413	2
4414	0
4415	2
4416	2
4417	0
4418	1
4419	1
4420	1
4421	2
4422	0
4423	2
4424	4
4425	1
4426	0
4427	0
4428	1
4429	4
4430	0
4431	1
4432	0
4433	1
4434	0
4435	0
4436	3
4437	0
4438	0
4439	0
4440	1
4441	0
4442	0
4443	0
4444	3
4445	2
4446	3
4447	1
4448	1
4449	1
4450	0
4451	1
4452	1
4453	2
4454	0
4455	0
4456	1
4457	2
4458	1
4459	1
4460	0
4461	2
4462	3
4463	1
4464	0
4465	1
4466	2
4467	1
4468	3
4469	0
4470	1
4471	2
4472	1
4473	1
4474	1
4475	1
4476	1
4477	0
4478	1
4479	0
4480	0
4481	0
4482	1
4483	1
4484	2
4485	0
4486	0
4487	0
4488	1
4489	0
4490	2
4491	2
4492	0
4493	1
4494	2
4495	1
4496	2
4497	0
4498	0
4499	0
4500	0
4501	3
4502	0
4503	0
4504	1
4505	1
4506	3
4507	0
4508	1
4509	3
4510	1
4511	2
4512	3
4513	0
4514	0
4515	0
4516	2
4517	0
4518	1
4519	3
4520	2
4521	3
4522	1
4523	0
4524	0
4525	0
4526	1
4527	2
4528	1
4529	1
4530	0
4531	0
4532	2
4533	0
4534	0
4535	1
4536	0
4537	2
4538	2
4539	0
4540	0
4541	0
4542	1
4543	2
4544	2
4545	0
4546	1
4547	1
4548	0
4549	0
4550	2
4551	1
4552	0
4553	1
4554	0
4555	1
4556	2
4557	1
4558	0
4559	0
4560	1
4561	1
4562	0
4563	3
4564	1
4565	0
4566	0
4567	2
4568	0
4569	2
4570	1
4571	4
4572	0
4573	1
4574	1
4575	2
4576	0
4577	1
4578	0
4579	1
4580	1
4581	0
4582	0
4583	2
4584	2
4585	0
4586	2
4587	0
4588	0
4589	1
4590	1
4591	0
4592	0
4593	1
4594	1
4595	0
4596	0
4597	0
4598	1
4599	0
4600	2
4601	0
4602	0
4603	1
4604	0
4605	0
4606	1
4607	1
4608	0
4609	1
4610	0
4611	1
4612	0
4613	1
4614	1
4615	0
4616	0
4617	1
4618	0
4619	1
4620	1
4621	0
4622	2
4623	2
4624	2
4625	2
4626	0
4627	1
4628	0
4629	0
4630	2
4631	1
4632	2
4633	0
4634	0
4635	3
4636	0
4637	0
4638	1
4639	1
4640	2
4641	3
4642	1
4643	1
4644	1
4645	2
4646	1
4647	0
4648	1
4649	0
4650	1
4651	0
4652	1
4653	1
4654	0
4655	0
4656	0
4657	0
4658	0
4659	2
4660	0
4661	1
4662	0
4663	2
4664	0
4665	0
4666	0
4667	0
4668	0
4669	1
4670	0
4671	1
4672	2
4673	2
4674	2
4675	0
4676	0
4677	1
4678	0
4679	0
4680	1
4681	0
4682	0
4683	0
4684	1
4685	1
4686	1
4687	1
4688	1
4689	0
4690	0
4691	3
4692	0
4693	3
4694	0
4695	0
4696	1
4697	1
4698	0
4699	2
4700	2
4701	1
4702	1
4703	1
4704	1
4705	0
4706	1
4707	0
4708	1
4709	2
4710	1
4711	1
4712	0
4713	1
4714	0
4715	0
4716	0
4717	2
4718	0
4719	0
4720	2
4721	2
4722	1
4723	0
4724	0
4725	0
4726	3
4727	1
4728	1
4729	0
4730	0
4731	1
4732	0
4733	1
4734	1
4735	2
4736	1
4737	0
4738	0
4739	1
4740	1
4741	0
4742	0
4743	1
4744	1
4745	3
4746	2
4747	2
4748	0
4749	2
4750	0
4751	0
4752	1
4753	0
4754	1
4755	1
4756	1
4757	0
4758	1
4759	0
4760	2
4761	0
4762	2
4763	1
4764	1
4765	2
4766	1
4767	1
4768	0
4769	1
4770	0
4771	0
4772	0
4773	0
4774	1
4775	0
4776	0
4777	0
4778	0
4779	0
4780	0
4781	3
4782	4
4783	0
4784	0
4785	0
4786	1
4787	0
4788	1
4789	0
4790	1
4791	0
4792	0
4793	0
4794	0
4795	1
4796	2
4797	1
4798	0
4799	1
4800	1
4801	0
4802	1
4803	2
4804	0
4805	0
4806	1
4807	2
4808	0
4809	1
4810	0
4811	1
4812	0
4813	1
4814	0
4815	1
4816	1
4817	0
4818	1
4819	0
4820	2
4821	1
4822	0
4823	0
4824	0
4825	0
4826	2
4827	0
4828	0
4829	1
4830	1
4831	2
4832	1
4833	1
4834	0
4835	1
4836	0
4837	0
4838	0
4839	0
4840	3
4841	3
4842	0
4843	2
4844	0
4845	0
4846	2
4847	1
4848	2
4849	0
4850	1
4851	0
4852	1
4853	0
4854	1
4855	1
4856	1
4857	1
4858	2
4859	0
4860	1
4861	1
4862	3
4863	0
4864	1
4865	2
4866	0
4867	2
4868	2
4869	0
4870	1
4871	0
4872	0
4873	0
4874	1
4875	1
4876	1
4877	0
4878	2
4879	1
4880	2
4881	1
4882	3
4883	2
4884	2
4885	0
4886	1
4887	0
4888	0
4889	0
4890	1
4891	1
4892	2
4893	1
4894	0
4895	0
4896	1
4897	0
4898	0
4899	2
4900	1
4901	0
4902	0
4903	0
4904	0
4905	0
4906	0
4907	0
4908	0
4909	1
4910	1
4911	1
4912	1
4913	1
4914	0
4915	0
4916	1
4917	0
4918	1
4919	1
4920	0
4921	2
4922	2
4923	0
4924	0
4925	0
4926	2
4927	1
4928	1
4929	2
4930	0
4931	0
4932	1
4933	2
4934	0
4935	0
4936	1
4937	2
4938	0
4939	1
4940	1
4941	1
4942	0
4943	2
4944	0
4945	2
4946	0
4947	5
4948	1
4949	0
4950	1
4951	2
4952	2
4953	2
4954	2
4955	0
4956	1
4957	1
4958	1
4959	0
4960	0
4961	0
4962	0
4963	2
4964	1
4965	1
4966	3
4967	2
4968	2
4969	1
4970	0
4971	0
4972	0
4973	2
4974	0
4975	0
4976	1
4977	1
4978	0
4979	1
4980	3
4981	1
4982	0
4983	1
4984	1
4985	1
4986	1
4987	1
4988	2
4989	3
4990	0
4991	1
4992	3
4993	0
4994	0
4995	0
4996	0
4997	0
4998	1
4999	2
5000	0
5001	0
5002	0
5003	1
5004	0
5005	1
5006	1
5007	1
5008	1
5009	1
5010	1
5011	0
5012	0
5013	1
5014	0
5015	1
5016	0
5017	0
5018	2
5019	1
5020	2
5021	2
5022	1
5023	2
5024	1
5025	0
5026	0
5027	1
5028	0
5029	2
5030	0
5031	0
5032	0
5033	1
5034	0
5035	0
5036	1
5037	0
5038	0
5039	0
5040	1
5041	0
5042	0
5043	0
5044	1
5045	0
5046	0
5047	0
5048	0
5049	0
5050	0
5051	2
5052	0
5053	1
5054	0
5055	1
5056	1
5057	1
5058	0
5059	0
5060	2
5061	0
5062	1
5063	0
5064	0
5065	0
5066	1
5067	0
5068	0
5069	1
5070	1
5071	1
5072	0
5073	0
5074	0
5075	0
5076	0
5077	0
5078	0
5079	0
5080	1
5081	1
5082	0
5083	1
5084	0
5085	0
5086	1
5087	2
5088	1
5089	2
5090	1
5091	0
5092	0
5093	1
5094	0
5095	1
5096	1
5097	0
5098	0
5099	0
5100	1
5101	0
5102	0
5103	0
5104	0
5105	0
5106	0
5107	1
5108	3
5109	0
5110	1
5111	1
5112	2
5113	0
5114	0
5115	1
5116	0
5117	1
5118	0
5119	0
5120	1
5121	0
5122	2
5123	0
5124	0
5125	1
5126	1
5127	0
5128	0
5129	0
5130	2
5131	2
5132	1
5133	1
5134	0
5135	0
5136	0
5137	0
5138	1
5139	0
5140	1
5141	4
5142	0
5143	0
5144	0
5145	1
5146	0
5147	2
5148	0
5149	1
5150	2
5151	0
5152	3
5153	0
5154	0
5155	1
5156	3
5157	1
5158	1
5159	0
5160	0
5161	0
5162	0
5163	0
5164	0
5165	0
5166	2
5167	2
5168	0
5169	3
5170	2
5171	2
5172	0
5173	0
5174	0
5175	1
5176	0
5177	1
5178	1
5179	0
5180	4
5181	0
5182	0
5183	1
5184	0
5185	0
5186	1
5187	1
5188	1
5189	0
5190	0
5191	1
5192	0
5193	1
5194	0
5195	0
5196	1
5197	1
5198	0
5199	0
5200	1
5201	0
5202	2
5203	1
5204	2
5205	1
5206	0
5207	1
5208	2
5209	1
5210	2
5211	0
5212	1
5213	0
5214	0
5215	1
5216	0
5217	0
5218	1
5219	1
5220	0
5221	1
5222	1
5223	1
5224	0
5225	0
5226	1
5227	2
5228	2
5229	0
5230	1
5231	0
5232	1
5233	1
5234	0
5235	2
5236	0
5237	2
5238	1
5239	0
5240	1
5241	1
5242	0
5243	1
5244	0
5245	0
5246	0
5247	1
5248	1
5249	0
5250	2
5251	1
5252	0
5253	0
5254	2
5255	0
5256	0
5257	0
5258	1
5259	0
5260	1
5261	0
5262	1
5263	1
5264	0
5265	0
5266	1
5267	0
5268	1
5269	1
5270	0
5271	2
5272	0
5273	3
5274	1
5275	1
5276	1
5277	0
5278	0
5279	1
5280	0
5281	1
5282	0
5283	0
5284	0
5285	0
5286	0
5287	0
5288	0
5289	1
5290	1
5291	0
5292	0
5293	1
5294	0
5295	1
5296	1
5297	1
5298	0
5299	1
5300	1
5301	0
5302	0
5303	0
5304	0
5305	0
5306	0
5307	1
5308	0
5309	0
5310	0
5311	1
5312	0
5313	0
5314	0
5315	1
5316	1
5317	1
5318	0
5319	0
5320	0
5321	2
5322	0
5323	1
5324	0
5325	2
5326	0
5327	1
5328	1
5329	0
5330	1
5331	1
5332	0
5333	0
5334	0
5335	0
5336	1
5337	1
5338	1
5339	1
5340	0
5341	0
5342	1
5343	2
5344	0
5345	0
5346	1
5347	2
5348	0
5349	0
5350	0
5351	1
5352	0
5353	1
5354	0
5355	1
5356	1
5357	0
5358	2
5359	2
5360	0
5361	1
5362	0
5363	2
5364	0
5365	1
5366	2
5367	1
5368	0
5369	0
5370	0
5371	1
5372	1
5373	0
5374	0
5375	0
5376	0
5377	0
5378	0
5379	2
5380	1
5381	0
5382	1
5383	0
5384	0
5385	1
5386	0
5387	0
5388	1
5389	2
5390	0
5391	0
5392	0
5393	0
5394	0
5395	1
5396	1
5397	0
5398	1
5399	2
5400	3
5401	1
5402	0
5403	2
5404	1
5405	0
5406	0
5407	0
5408	0
5409	2
5410	2
5411	0
5412	1
5413	1
5414	1
5415	1
5416	1
5417	0
5418	4
5419	2
5420	1
5421	1
5422	0
5423	0
5424	0
5425	1
5426	0
5427	1
5428	1
5429	0
5430	0
5431	0
5432	0
5433	0
5434	2
5435	1
5436	0
5437	0
5438	0
5439	0
5440	0
5441	0
5442	0
5443	1
5444	0
5445	0
5446	2
5447	1
5448	0
5449	0
5450	1
5451	0
5452	0
5453	0
5454	2
5455	0
5456	0
5457	1
5458	1
5459	0
5460	2
5461	0
5462	1
5463	1
5464	0
5465	2
5466	0
5467	0
5468	0
5469	1
5470	0
5471	0
5472	0
5473	0
5474	1
5475	0
5476	0
5477	1
5478	2
5479	1
5480	0
5481	1
5482	1
5483	0
5484	1
5485	1
5486	1
5487	0
5488	0
5489	0
5490	0
5491	2
5492	0
5493	0
5494	1
5495	1
5496	1
5497	1
5498	0
5499	0
5500	1
5501	1
5502	0
5503	0
5504	0
5505	0
5506	0
5507	1
5508	1
5509	1
5510	3
5511	2
5512	0
5513	1
5514	1
5515	0
5516	0
5517	1
5518	0
5519	1
5520	0
5521	0
5522	1
5523	1
5524	2
5525	0
5526	0
5527	0
5528	2
5529	1
5530	2
5531	0
5532	1
5533	2
5534	0
5535	2
5536	3
5537	0
5538	2
5539	0
5540	1
5541	0
5542	0
5543	0
5544	2
5545	1
5546	0
5547	0
5548	1
5549	2
5550	1
5551	1
5552	1
5553	0
5554	2
5555	1
5556	1
5557	0
5558	0
5559	0
5560	0
5561	1
5562	0
5563	0
5564	1
5565	0
5566	0
5567	0
5568	0
5569	0
5570	1
5571	0
5572	0
5573	1
5574	2
5575	0
5576	1
5577	1
5578	0
5579	0
5580	1
5581	1
5582	0
5583	1
5584	1
5585	0
5586	1
5587	0
5588	0
5589	1
5590	0
5591	1
5592	0
5593	0
5594	0
5595	1
5596	0
5597	0
5598	1
5599	0
5600	0
5601	1
5602	2
5603	1
5604	2
5605	1
5606	0
5607	0
5608	0
5609	3
5610	1
5611	1
5612	1
5613	2
5614	0
5615	2
5616	0
5617	2
5618	0
5619	1
5620	0
5621	0
5622	0
5623	2
5624	0
5625	3
5626	1
5627	0
5628	0
5629	1
5630	1
5631	0
5632	2
5633	0
5634	0
5635	0
5636	2
5637	0
5638	0
5639	0
5640	1
5641	1
5642	2
5643	0
5644	1
5645	1
5646	1
5647	1
5648	1
5649	0
5650	1
5651	1
5652	2
5653	1
5654	1
5655	3
5656	2
5657	0
5658	0
5659	0
5660	0
5661	0
5662	1
5663	0
5664	2
5665	0
5666	2
5667	0
5668	1
5669	1
5670	1
5671	0
5672	0
5673	0
5674	0
5675	1
5676	0
5677	1
5678	0
5679	0
5680	0
5681	1
5682	0
5683	1
5684	2
5685	1
5686	0
5687	0
5688	0
5689	2
5690	1
5691	0
5692	1
5693	0
5694	4
5695	1
5696	0
5697	3
5698	0
5699	1
5700	2
5701	0
5702	0
5703	0
5704	0
5705	1
5706	0
5707	1
5708	0
5709	2
5710	2
5711	0
5712	0
5713	1
5714	0
5715	1
5716	0
5717	1
5718	1
5719	0
5720	0
5721	2
5722	0
5723	0
5724	0
5725	1
5726	0
5727	0
5728	1
5729	2
5730	0
5731	0
5732	1
5733	1
5734	0
5735	1
5736	3
5737	0
5738	1
5739	1
5740	2
5741	0
5742	0
5743	0
5744	0
5745	1
5746	1
5747	0
5748	3
5749	0
5750	0
5751	3
5752	2
5753	0
5754	0
5755	0
5756	0
5757	3
5758	0
5759	1
5760	0
5761	2
5762	2
5763	2
5764	0
5765	0
5766	0
5767	2
5768	1
5769	0
5770	2
5771	2
5772	0
5773	2
5774	1
5775	0
5776	0
5777	1
5778	2
5779	0
5780	1
5781	0
5782	1
5783	0
5784	0
5785	2
5786	0
5787	0
5788	0
5789	1
5790	0
5791	2
5792	0
5793	1
5794	0
5795	1
5796	1
5797	2
5798	0
5799	0
5800	2
5801	0
5802	0
5803	1
5804	1
5805	0
5806	0
5807	1
5808	1
5809	0
5810	0
5811	0
5812	0
5813	0
5814	0
5815	2
5816	0
5817	2
5818	1
5819	2
5820	2
5821	0
5822	1
5823	0
5824	1
5825	2
5826	0
5827	2
5828	0
5829	1
5830	1
5831	2
5832	3
5833	0
5834	0
5835	0
5836	1
5837	1
5838	1
5839	0
5840	2
5841	3
5842	0
5843	0
5844	0
5845	0
5846	1
5847	0
5848	0
5849	0
5850	0
5851	1
5852	0
5853	0
5854	2
5855	0
5856	0
5857	0
5858	0
5859	0
5860	0
5861	0
5862	1
5863	1
5864	0
5865	1
5866	0
5867	0
5868	1
5869	0
5870	1
5871	0
5872	0
5873	1
5874	3
5875	1
5876	1
5877	0
5878	0
5879	0
5880	1
5881	2
5882	0
5883	1
5884	0
5885	0
5886	2
5887	0
5888	2
5889	0
5890	4
5891	1
5892	2
5893	0
5894	1
5895	2
5896	0
5897	0
5898	2
5899	2
5900	0
5901	0
5902	0
5903	2
5904	1
5905	0
5906	0
5907	1
5908	2
5909	1
5910	0
5911	0
5912	0
5913	0
5914	0
5915	1
5916	1
5917	1
5918	0
5919	0
5920	0
5921	0
5922	0
5923	2
5924	0
5925	0
5926	0
5927	0
5928	1
5929	2
5930	0
5931	0
5932	0
5933	0
5934	2
5935	0
5936	0
5937	0
5938	0
5939	3
5940	1
5941	0
5942	0
5943	0
5944	0
5945	0
5946	1
5947	0
5948	0
5949	2
5950	1
5951	2
5952	3
5953	1
5954	0
5955	1
5956	0
5957	0
5958	0
5959	0
5960	1
5961	0
5962	0
5963	1
5964	0
5965	0
5966	0
5967	0
5968	0
5969	1
5970	0
5971	1
5972	0
5973	1
5974	2
5975	0
5976	1
5977	1
5978	1
5979	1
5980	1
5981	0
5982	1
5983	2
5984	0
5985	0
5986	1
5987	0
5988	0
5989	1
5990	0
5991	1
5992	0
5993	0
5994	1
5995	0
5996	4
5997	0
5998	0
5999	0
6000	2
6001	0
6002	2
6003	1
6004	1
6005	1
6006	0
6007	3
6008	1
6009	0
6010	0
6011	1
6012	0
6013	1
6014	3
6015	0
6016	2
6017	1
6018	0
6019	1
6020	0
6021	0
6022	0
6023	2
6024	1
6025	0
6026	1
6027	1
6028	0
6029	0
6030	1
6031	1
6032	1
6033	2
6034	1
6035	0
6036	1
6037	1
6038	2
6039	1
6040	0
6041	1
6042	0
6043	1
6044	0
6045	0
6046	1
6047	0
6048	1
6049	0
6050	0
6051	0
6052	0
6053	1
6054	0
6055	1
6056	0
6057	2
6058	2
6059	1
6060	1
6061	1
6062	0
6063	0
6064	0
6065	1
6066	1
6067	0
6068	1
6069	1
6070	0
6071	0
6072	1
6073	1
6074	0
6075	1
6076	1
6077	0
6078	0
6079	0
6080	0
6081	0
6082	1
6083	0
6084	0
6085	1
6086	0
6087	0
6088	0
6089	1
6090	0
6091	0
6092	0
6093	0
6094	0
6095	0
6096	0
6097	1
6098	0
6099	0
6100	0
6101	2
6102	0
6103	0
6104	0
6105	1
6106	0
6107	1
6108	0
6109	0
6110	0
6111	2
6112	0
6113	0
6114	1
6115	0
6116	0
6117	0
6118	1
6119	0
6120	0
6121	0
6122	1
6123	1
6124	1
6125	0
6126	1
6127	1
6128	0
6129	0
6130	0
6131	1
6132	0
6133	0
6134	2
6135	0
6136	0
6137	0
6138	0
6139	0
6140	1
6141	0
6142	1
6143	1
6144	0
6145	1
6146	0
6147	0
6148	0
6149	0
6150	1
6151	1
6152	0
6153	1
6154	0
6155	0
6156	0
6157	0
6158	1
6159	0
6160	1
6161	1
6162	1
6163	1
6164	0
6165	0
6166	2
6167	1
6168	0
6169	0
6170	0
6171	1
6172	1
6173	1
6174	0
6175	0
6176	0
6177	0
6178	3
6179	1
6180	0
6181	1
6182	0
6183	0
6184	0
6185	0
6186	1
6187	0
6188	0
6189	0
6190	0
6191	0
6192	1
6193	0
6194	1
6195	0
6196	1
6197	0
6198	1
6199	0
6200	1
6201	1
6202	0
6203	2
6204	0
6205	1
6206	1
6207	0
6208	0
6209	0
6210	1
6211	0
6212	0
6213	0
6214	0
6215	0
6216	1
6217	0
6218	1
6219	0
6220	0
6221	1
6222	0
6223	0
6224	1
6225	0
6226	0
6227	0
6228	2
6229	2
6230	0
6231	1
6232	2
6233	0
6234	0
6235	0
6236	0
6237	0
6238	1
6239	2
6240	2
6241	1
6242	0
6243	0
6244	0
6245	1
6246	1
6247	0
6248	0
6249	0
6250	0
6251	0
6252	1
6253	0
6254	1
6255	0
6256	1
6257	0
6258	0
6259	0
6260	0
6261	1
6262	2
6263	2
6264	1
6265	1
6266	0
6267	0
6268	1
6269	0
6270	0
6271	1
6272	1
6273	2
6274	0
6275	0
6276	0
6277	2
6278	0
6279	0
6280	0
6281	1
6282	0
6283	0
6284	1
6285	0
6286	0
6287	0
6288	2
6289	2
6290	1
6291	0
6292	0
6293	1
6294	2
6295	1
6296	0
6297	0
6298	0
6299	1
6300	1
6301	1
6302	0
6303	0
6304	0
6305	2
6306	0
6307	0
6308	1
6309	0
6310	0
6311	0
6312	1
6313	1
6314	0
6315	0
6316	0
6317	0
6318	2
6319	1
6320	0
6321	1
6322	0
6323	0
6324	1
6325	1
6326	0
6327	1
6328	0
6329	1
6330	0
6331	1
6332	0
6333	0
6334	1
6335	0
6336	0
6337	0
6338	0
6339	1
6340	0
6341	2
6342	0
6343	0
6344	1
6345	0
6346	0
6347	1
6348	0
6349	1
6350	2
6351	0
6352	0
6353	1
6354	1
6355	1
6356	0
6357	0
6358	1
6359	1
6360	1
6361	0
6362	1
6363	0
6364	1
6365	0
6366	2
6367	0
6368	0
6369	0
6370	0
6371	1
6372	0
6373	0
6374	0
6375	1
6376	0
6377	0
6378	2
6379	0
6380	0
6381	0
6382	1
6383	1
6384	0
6385	0
6386	1
6387	0
6388	1
6389	0
6390	2
6391	0
6392	1
6393	2
6394	0
6395	0
6396	1
6397	0
6398	0
6399	1
6400	2
6401	2
6402	0
6403	0
6404	2
6405	1
6406	0
6407	0
6408	0
6409	0
6410	2
6411	1
6412	0
6413	0
6414	2
6415	1
6416	0
6417	0
6418	1
6419	2
6420	0
6421	0
6422	0
6423	0
6424	0
6425	0
6426	0
6427	1
6428	0
6429	0
6430	0
6431	0
6432	0
6433	1
6434	1
6435	0
6436	0
6437	0
6438	0
6439	0
6440	0
6441	1
6442	1
6443	0
6444	1
6445	2
6446	0
6447	2
6448	1
6449	0
6450	0
6451	0
6452	0
6453	1
6454	1
6455	0
6456	0
6457	2
6458	0
6459	0
6460	0
6461	1
6462	0
6463	0
6464	0
6465	0
6466	0
6467	0
6468	0
6469	0
6470	0
6471	0
6472	0
6473	1
6474	0
6475	0
6476	1
6477	2
6478	1
6479	1
6480	1
6481	0
6482	0
6483	0
6484	0
6485	1
6486	1
6487	0
6488	2
6489	0
6490	0
6491	1
6492	1
6493	0
6494	0
6495	0
6496	0
6497	0
6498	0
6499	0
6500	0
6501	1
6502	0
6503	0
6504	0
6505	0
6506	0
6507	1
6508	0
6509	0
6510	0
6511	0
6512	0
6513	1
6514	1
6515	0
6516	1
6517	0
6518	1
6519	1
6520	0
6521	0
6522	0
6523	1
6524	0
6525	0
6526	3
6527	0
6528	1
6529	0
6530	1
6531	0
6532	0
6533	0
6534	0
6535	1
6536	0
6537	1
6538	0
6539	1
6540	1
6541	0
6542	1
6543	0
6544	0
6545	1
6546	0
6547	1
6548	1
6549	1
6550	0
6551	0
6552	0
6553	0
6554	0
6555	0
6556	0
6557	0
6558	0
6559	1
6560	1
6561	1
6562	1
6563	0
6564	0
6565	1
6566	0
6567	0
6568	0
6569	1
6570	0
6571	0
6572	0
6573	0
6574	0
6575	0
6576	0
6577	0
6578	2
6579	0
6580	0
6581	0
6582	0
6583	0
6584	1
6585	1
6586	0
6587	0
6588	0
6589	0
6590	0
6591	1
6592	0
6593	0
6594	0
6595	1
6596	0
6597	0
6598	1
6599	0
6600	0
6601	0
6602	3
6603	3
6604	0
6605	1
6606	0
6607	1
6608	0
6609	0
6610	1
6611	0
6612	0
6613	0
6614	1
6615	0
6616	0
6617	2
6618	2
6619	3
6620	1
6621	1
6622	1
6623	0
6624	0
6625	1
6626	1
6627	0
6628	0
6629	0
6630	0
6631	1
6632	0
6633	0
6634	0
6635	0
6636	0
6637	1
6638	1
6639	0
6640	0
6641	1
6642	0
6643	0
6644	0
6645	1
6646	0
6647	1
6648	0
6649	1
6650	1
6651	0
6652	0
6653	0
6654	1
6655	0
6656	0
6657	1
6658	0
6659	0
6660	1
6661	0
6662	0
6663	1
6664	0
6665	0
6666	0
6667	0
6668	0
6669	0
6670	1
6671	1
6672	0
6673	1
6674	1
6675	1
6676	0
6677	1
6678	0
6679	1
6680	1
6681	0
6682	0
6683	0
6684	0
6685	0
6686	0
6687	0
6688	0
6689	2
6690	2
6691	0
6692	2
6693	1
6694	1
6695	1
6696	0
6697	1
6698	0
6699	0
6700	0
6701	1
6702	1
6703	0
6704	1
6705	0
6706	0
6707	0
6708	0
6709	0
6710	1
6711	1
6712	1
6713	0
6714	0
6715	0
6716	0
6717	1
6718	1
6719	1
6720	1
6721	0
6722	0
6723	1
6724	0
6725	1
6726	0
6727	0
6728	0
6729	0
6730	0
6731	0
6732	0
6733	0
6734	1
6735	2
6736	0
6737	0
6738	2
6739	2
6740	0
6741	0
6742	1
6743	1
6744	0
6745	0
6746	0
6747	0
6748	0
6749	1
6750	1
6751	1
6752	0
6753	0
6754	0
6755	0
6756	0
6757	0
6758	0
6759	0
6760	0
6761	1
6762	1
6763	0
6764	0
6765	1
6766	0
6767	0
6768	0
6769	0
6770	1
6771	1
6772	0
6773	0
6774	2
6775	1
6776	1
6777	1
6778	0
6779	0
6780	0
6781	0
6782	0
6783	2
6784	1
6785	0
6786	0
6787	0
6788	1
6789	1
6790	1
6791	1
6792	0
6793	0
6794	0
6795	0
6796	0
6797	0
6798	1
6799	1
6800	0
6801	1
6802	0
6803	0
6804	1
6805	2
6806	1
6807	2
6808	1
6809	1
6810	1
6811	0
6812	1
6813	1
6814	0
6815	1
6816	0
6817	1
6818	0
6819	1
6820	1
6821	0
6822	2
6823	0
6824	0
6825	0
6826	1
6827	0
6828	0
6829	0
6830	1
6831	1
6832	0
6833	0
6834	2
6835	1
6836	2
6837	1
6838	0
6839	1
6840	1
6841	1
6842	2
6843	1
6844	0
6845	1
6846	0
6847	0
6848	1
6849	0
6850	0
6851	1
6852	0
6853	1
6854	1
6855	0
6856	0
6857	0
6858	1
6859	3
6860	1
6861	1
6862	0
6863	0
6864	0
6865	0
6866	1
6867	1
6868	1
6869	1
6870	1
6871	0
6872	1
6873	0
6874	0
6875	0
6876	0
6877	0
6878	3
6879	1
6880	0
6881	0
6882	1
6883	0
6884	0
6885	1
6886	1
6887	0
6888	2
6889	0
6890	1
6891	2
6892	1
6893	0
6894	1
6895	0
6896	0
6897	1
6898	0
6899	0
6900	1
6901	0
6902	1
6903	0
6904	0
6905	2
6906	0
6907	0
6908	1
6909	2
6910	1
6911	0
6912	2
6913	0
6914	1
6915	1
6916	0
6917	1
6918	2
6919	0
6920	0
6921	0
6922	2
6923	0
6924	0
6925	0
6926	0
6927	0
6928	1
6929	1
6930	0
6931	1
6932	1
6933	0
6934	0
6935	1
6936	0
6937	0
6938	0
6939	0
6940	2
6941	0
6942	0
6943	0
6944	0
6945	0
6946	1
6947	0
6948	0
6949	1
6950	0
6951	0
6952	1
6953	0
6954	1
6955	2
6956	2
6957	1
6958	1
6959	1
6960	1
6961	1
6962	1
6963	1
6964	3
6965	1
6966	1
6967	0
6968	0
6969	2
6970	0
6971	0
6972	0
6973	0
6974	0
6975	2
6976	1
6977	0
6978	1
6979	0
6980	2
6981	0
6982	1
6983	0
6984	0
6985	0
6986	1
6987	0
6988	2
6989	0
6990	1
6991	0
6992	0
6993	0
6994	0
6995	0
6996	1
6997	0
6998	0
6999	0
7000	1
7001	0
7002	1
7003	0
7004	1
7005	2
7006	1
7007	0
7008	1
7009	1
7010	0
7011	1
7012	1
7013	2
7014	0
7015	0
7016	3
7017	0
7018	0
7019	0
7020	0
7021	0
7022	0
7023	1
7024	0
7025	3
7026	1
7027	0
7028	1
7029	0
7030	1
7031	0
7032	1
7033	0
7034	1
7035	1
7036	0
7037	1
7038	3
7039	1
7040	2
7041	1
7042	1
7043	1
7044	0
7045	0
7046	0
7047	0
7048	1
7049	2
7050	1
7051	1
7052	2
7053	0
7054	1
7055	0
7056	0
7057	0
7058	0
7059	1
7060	1
7061	2
7062	0
7063	0
7064	0
7065	0
7066	1
7067	0
7068	1
7069	2
7070	1
7071	1
7072	0
7073	0
7074	0
7075	1
7076	0
7077	0
7078	1
7079	1
7080	0
7081	0
7082	2
7083	1
7084	0
7085	0
7086	0
7087	0
7088	1
7089	1
7090	0
7091	0
7092	0
7093	1
7094	0
7095	2
7096	1
7097	1
7098	1
7099	0
7100	0
7101	0
7102	0
7103	0
7104	0
7105	2
7106	0
7107	0
7108	1
7109	2
7110	2
7111	1
7112	1
7113	0
7114	0
7115	0
7116	0
7117	0
7118	1
7119	1
7120	2
7121	1
7122	0
7123	3
7124	0
7125	1
7126	0
7127	2
7128	1
7129	2
7130	0
7131	2
7132	0
7133	0
7134	1
7135	1
7136	1
7137	0
7138	1
7139	0
7140	2
7141	0
7142	0
7143	0
7144	1
7145	3
7146	0
7147	0
7148	1
7149	0
7150	1
7151	3
7152	0
7153	1
7154	2
7155	0
7156	1
7157	0
7158	0
7159	0
7160	0
7161	0
7162	2
7163	0
7164	0
7165	1
7166	1
7167	0
7168	1
7169	1
7170	0
7171	0
7172	0
7173	0
7174	1
7175	1
7176	1
7177	0
7178	1
7179	2
7180	2
7181	1
7182	1
7183	0
7184	0
7185	3
7186	0
7187	2
7188	1
7189	2
7190	2
7191	2
7192	0
7193	1
7194	0
7195	0
7196	1
7197	1
7198	1
7199	0
7200	0
7201	1
7202	0
7203	0
7204	0
7205	1
7206	1
7207	1
7208	0
7209	2
7210	0
7211	1
7212	0
7213	0
7214	0
7215	1
7216	0
7217	1
7218	1
7219	0
7220	1
7221	1
7222	0
7223	1
7224	0
7225	0
7226	1
7227	3
7228	0
7229	0
7230	0
7231	1
7232	0
7233	2
7234	0
7235	0
7236	0
7237	0
7238	0
7239	0
7240	0
7241	1
7242	1
7243	0
7244	0
7245	0
7246	1
7247	0
7248	0
7249	0
7250	0
7251	0
7252	1
7253	0
7254	0
7255	0
7256	0
7257	1
7258	1
7259	0
7260	1
7261	1
7262	0
7263	1
7264	1
7265	1
7266	0
7267	0
7268	1
7269	1
7270	0
7271	0
7272	2
7273	0
7274	0
7275	1
7276	2
7277	1
7278	3
7279	0
7280	1
7281	1
7282	1
7283	0
7284	0
7285	0
7286	1
7287	0
7288	0
7289	2
7290	0
7291	3
7292	0
7293	2
7294	0
7295	0
7296	0
7297	0
7298	0
7299	0
7300	0
7301	0
7302	1
7303	1
7304	0
7305	0
7306	0
7307	0
7308	0
7309	2
7310	0
7311	1
7312	1
7313	1
7314	1
7315	0
7316	0
7317	0
7318	0
7319	2
7320	0
7321	0
7322	0
7323	0
7324	0
7325	0
7326	1
7327	0
7328	0
7329	1
7330	1
7331	0
7332	0
7333	0
7334	1
7335	0
7336	1
7337	0
7338	1
7339	0
7340	1
7341	0
7342	0
7343	0
7344	1
7345	0
7346	0
7347	2
7348	0
7349	0
7350	0
7351	0
7352	0
7353	0
7354	0
7355	0
7356	1
7357	0
7358	0
7359	0
7360	1
7361	0
7362	0
7363	1
7364	0
7365	1
7366	0
7367	0
7368	1
7369	0
7370	0
7371	1
7372	1
7373	0
7374	0
7375	1
7376	2
7377	0
7378	0
7379	0
7380	0
7381	1
7382	0
7383	0
7384	1
7385	0
7386	0
7387	0
7388	1
7389	1
7390	0
7391	0
7392	0
7393	0
7394	0
7395	0
7396	1
7397	0
7398	0
7399	0
7400	1
7401	0
7402	0
7403	0
7404	0
7405	1
7406	2
7407	0
7408	0
7409	3
7410	0
7411	0
7412	0
7413	0
7414	2
7415	0
7416	0
7417	0
7418	0
7419	0
7420	0
7421	0
7422	2
7423	0
7424	0
7425	0
7426	0
7427	0
7428	0
7429	2
7430	1
7431	2
7432	0
7433	1
7434	0
7435	1
7436	1
7437	0
7438	1
7439	1
7440	0
7441	1
7442	0
7443	0
7444	1
7445	0
7446	0
7447	1
7448	0
7449	0
7450	0
7451	0
7452	0
7453	0
7454	1
7455	0
7456	3
7457	1
7458	0
7459	0
7460	1
7461	1
7462	0
7463	1
7464	0
7465	0
7466	1
7467	1
7468	0
7469	0
7470	0
7471	1
7472	1
7473	0
7474	0
7475	2
7476	0
7477	0
7478	0
7479	0
7480	0
7481	1
7482	0
7483	0
7484	1
7485	1
7486	0
7487	1
7488	1
7489	1
7490	0
7491	0
7492	0
7493	0
7494	0
7495	0
7496	0
7497	0
7498	0
7499	0
7500	0
7501	0
7502	0
7503	0
7504	1
7505	0
7506	1
7507	0
7508	1
7509	0
7510	0
7511	0
7512	0
7513	0
7514	1
7515	0
7516	0
7517	0
7518	0
7519	2
7520	0
7521	1
7522	0
7523	1
7524	1
7525	0
7526	1
7527	1
7528	0
7529	0
7530	0
7531	1
7532	1
7533	0
7534	1
7535	0
7536	1
7537	0
7538	0
7539	0
7540	0
7541	0
7542	0
7543	0
7544	0
7545	1
7546	0
7547	0
7548	0
7549	0
7550	0
7551	0
7552	0
7553	0
7554	0
7555	0
7556	0
7557	0
7558	0
7559	0
7560	0
7561	1
7562	0
7563	0
7564	0
7565	1
7566	0
7567	1
7568	0
7569	0
7570	0
7571	0
7572	0
7573	0
7574	0
7575	0
7576	0
7577	0
7578	0
7579	0
7580	1
7581	0
7582	0
7583	0
7584	0
7585	0
7586	0
7587	0
7588	0
7589	0
7590	0
7591	1
7592	2
7593	0
7594	1
7595	0
7596	0
7597	0
7598	0
7599	0
7600	0
7601	0
7602	0
7603	1
7604	0
7605	0
7606	1
7607	0
7608	0
7609	1
7610	0
7611	0
7612	0
7613	0
7614	0
7615	0
7616	0
7617	0
7618	1
7619	0
7620	0
7621	0
7622	1
7623	0
7624	0
7625	0
7626	0
7627	0
7628	0
7629	0
7630	0
7631	0
7632	0
7633	0
7634	0
7635	0
7636	0
7637	0
7638	0
7639	0
7640	0
7641	0
7642	0
7643	0
7644	0
7645	0
7646	0
7647	0
7648	0
7649	0
7650	1
7651	1
7652	0
7653	1
7654	0
7655	0
7656	2
7657	0
7658	1
7659	1
7660	0
7661	0
7662	0
7663	1
7664	0
7665	0
7666	0
7667	0
7668	0
7669	0
7670	1
7671	0
7672	0
7673	0
7674	0
7675	1
7676	0
7677	0
7678	0
7679	0
7680	0
7681	0
7682	0
7683	1
7684	1
7685	0
7686	0
7687	0
7688	1
7689	0
7690	0
7691	0
7692	0
7693	0
7694	0
7695	0
7696	0
7697	0
7698	0
7699	0
7700	0
7701	0
7702	0
7703	0
7704	0
7705	0
7706	0
7707	1
7708	0
7709	0
7710	0
7711	0
7712	1
7713	0
7714	0
7715	0
7716	0
7717	1
7718	1
7719	2
7720	0
7721	0
7722	0
7723	0
7724	1
7725	0
7726	0
7727	0
7728	0
7729	0
7730	1
7731	1
7732	0
7733	1
7734	0
7735	0
7736	0
7737	0
7738	0
7739	0
7740	1
7741	0
7742	0
7743	0
7744	0
7745	0
7746	0
7747	1
7748	1
7749	0
7750	0
7751	2
7752	0
7753	0
7754	0
7755	1
7756	2
7757	0
7758	0
7759	0
7760	0
7761	0
7762	0
7763	0
7764	0
7765	0
7766	0
7767	0
7768	0
7769	1
7770	0
7771	0
7772	0
7773	0
7774	0
7775	0
7776	0
7777	0
7778	0
7779	0
7780	1
7781	0
7782	0
7783	0
7784	1
7785	0
7786	0
7787	0
7788	0
7789	2
7790	0
7791	0
7792	0
7793	0
7794	0
7795	1
7796	1
7797	0
7798	0
7799	0
7800	0
7801	1
7802	1
7803	1
7804	0
7805	0
7806	1
7807	0
7808	0
7809	0
7810	0
7811	0
7812	1
7813	0
7814	0
7815	0
7816	0
7817	0
7818	1
7819	0
7820	0
7821	1
7822	1
7823	0
7824	1
7825	0
7826	0
7827	0
7828	0
7829	0
7830	0
7831	1
7832	0
7833	0
7834	0
7835	0
7836	1
7837	1
7838	0
7839	0
7840	0
7841	0
7842	0
7843	0
7844	0
7845	0
7846	0
7847	0
7848	0
7849	0
7850	0
7851	1
7852	0
7853	0
7854	0
7855	0
7856	0
7857	2
7858	0
7859	0
7860	0
7861	0
7862	0
7863	1
7864	0
7865	1
7866	0
7867	0
7868	1
7869	3
7870	1
7871	0
7872	1
7873	0
7874	0
7875	0
7876	0
7877	0
7878	0
7879	1
7880	0
7881	1
7882	0
7883	0
7884	1
7885	0
7886	0
7887	0
7888	1
7889	0
7890	0
7891	1
7892	0
7893	0
7894	0
7895	0
7896	0
7897	1
7898	1
7899	0
7900	0
7901	0
7902	0
7903	0
7904	0
7905	0
7906	1
7907	0
7908	0
7909	0
7910	0
7911	0
7912	0
7913	0
7914	0
7915	0
7916	0
7917	0
7918	0
7919	0
7920	0
7921	0
7922	0
7923	0
7924	0
7925	0
7926	0
7927	0
7928	0
7929	0
7930	0
7931	0
7932	0
7933	0
7934	0
7935	0
7936	0
7937	0
7938	0
7939	0
7940	0
7941	0
7942	0
7943	0
7944	0
7945	0
7946	0
7947	0
7948	0
7949	0
7950	0
7951	0
7952	0
7953	0
7954	0
7955	0
7956	0
7957	0
7958	0
7959	0
7960	0
7961	0
7962	0
7963	0
7964	0
7965	0
7966	0
7967	0
7968	0
7969	0
7970	0
7971	0
7972	0
7973	0
7974	0
7975	0
7976	0
7977	0
7978	0
7979	0
7980	0
7981	0
7982	0
7983	0
7984	0
7985	0
7986	0
7987	0
7988	0
7989	0
7990	0
7991	0
7992	0
7993	0
7994	0
7995	0
7996	0
7997	0
7998	0
7999	0
8000	0
8001	0
8002	0
8003	0
8004	0
8005	0
8006	0
8007	0
8008	0
8009	0
8010	0
8011	0
8012	0
8013	0
8014	0
8015	0
8016	0
8017	0
8018	0
8019	0
8020	0
8021	0
8022	0
8023	0
8024	0
8025	0
8026	0
8027	0
8028	0
8029	0
8030	0
8031	0
8032	0
8033	0
8034	0
8035	0
8036	0
8037	0
8038	0
8039	0
8040	0
8041	0
8042	0
8043	0
8044	0
8045	0
8046	0
8047	0
8048	0
8049	0
8050	0
8051	0
8052	0
8053	0
8054	0
8055	0
8056	0
8057	0
8058	0
8059	0
8060	0
8061	0
8062	0
8063	0
8064	0
8065	0
8066	0
8067	0
8068	0
8069	0
8070	0
8071	0
8072	0
8073	0
8074	0
8075	0
8076	0
8077	0
8078	0
8079	0
8080	0
8081	0
8082	0
8083	0
8084	0
8085	0
8086	0
8087	0
8088	0
8089	0
8090	0
8091	0
8092	0
8093	0
8094	0
8095	0
8096	0
8097	0
8098	0
8099	0
8100	0
8101	0
8102	0
8103	0
8104	0
8105	0
8106	0
8107	0
8108	0
8109	0
8110	0
8111	0
8112	0
8113	0
8114	0
8115	0
8116	0
8117	0
8118	0
8119	0
8120	0
8121	0
8122	0
8123	0
8124	0
8125	0
8126	0
8127	0
8128	0
8129	0
8130	0
8131	0
8132	0
8133	0
8134	0
8135	0
8136	0
8137	0
8138	0
8139	0
8140	0
8141	0
8142	0
8143	0
8144	0
8145	0
8146	0
8147	0
8148	0
8149	0
8150	0
8151	0
8152	0
8153	0
8154	0
8155	0
8156	0
8157	0
8158	0
8159	0
8160	0
8161	0
8162	0
8163	0
8164	0
8165	0
8166	0
8167	0
8168	0
8169	0
8170	0
8171	0
8172	0
8173	0
8174	0
8175	0
8176	0
8177	0
8178	0
8179	0
8180	0
8181	0
8182	0
8183	0
8184	0
8185	0
8186	0
8187	0
8188	0
8189	0
8190	0
8191	0
