0	0
1	0
2	0
3	0
4	0
5	0
6	0
7	0
8	0
9	0
10	0
11	0
12	0
13	0
14	0
15	0
16	0
17	0
18	0
19	0
20	0
21	0
22	0
23	0
24	0
25	0
26	0
27	0
28	0
29	0
30	0
31	0
32	0
33	0
34	0
35	0
36	0
37	0
38	0
39	0
40	0
41	0
42	0
43	0
44	0
45	0
46	0
47	0
48	0
49	0
50	0
51	0
52	0
53	0
54	0
55	0
56	0
57	0
58	0
59	0
60	0
61	0
62	0
63	0
64	0
65	0
66	0
67	0
68	0
69	0
70	0
71	0
72	0
73	0
74	0
75	0
76	0
77	0
78	0
79	0
80	0
81	0
82	0
83	4
84	12
85	10
86	10
87	4
88	14
89	9
90	10
91	8
92	12
93	13
94	15
95	11
96	15
97	14
98	15
99	15
100	14
101	10
102	13
103	14
104	11
105	7
106	14
107	6
108	10
109	7
110	11
111	5
112	19
113	11
114	15
115	10
116	16
117	13
118	18
119	18
120	6
121	7
122	7
123	10
124	12
125	11
126	12
127	11
128	4
129	10
130	9
131	13
132	14
133	13
134	14
135	12
136	11
137	11
138	13
139	10
140	10
141	18
142	9
143	15
144	14
145	14
146	9
147	16
148	10
149	11
150	14
151	10
152	13
153	9
154	15
155	9
156	11
157	14
158	12
159	11
160	17
161	9
162	26
163	8
164	15
165	15
166	10
167	9
168	16
169	8
170	11
171	13
172	9
173	16
174	8
175	5
176	12
177	6
178	12
179	8
180	16
181	10
182	16
183	8
184	6
185	7
186	18
187	16
188	9
189	10
190	13
191	9
192	5
193	11
194	14
195	15
196	11
197	9
198	9
199	11
200	10
201	15
202	10
203	11
204	20
205	8
206	19
207	13
208	7
209	16
210	6
211	12
212	9
213	14
214	8
215	10
216	9
217	11
218	12
219	17
220	12
221	6
222	14
223	13
224	18
225	17
226	13
227	6
228	6
229	13
230	16
231	21
232	13
233	17
234	11
235	15
236	9
237	10
238	9
239	11
240	10
241	13
242	12
243	13
244	11
245	9
246	7
247	13
248	13
249	17
250	9
251	15
252	20
253	10
254	15
255	8
256	11
257	12
258	16
259	17
260	15
261	23
262	14
263	24
264	13
265	18
266	14
267	7
268	21
269	11
270	10
271	8
272	11
273	12
274	16
275	12
276	5
277	18
278	15
279	11
280	15
281	12
282	11
283	16
284	10
285	14
286	15
287	14
288	10
289	15
290	13
291	9
292	11
293	12
294	15
295	12
296	20
297	16
298	18
299	20
300	12
301	14
302	14
303	19
304	15
305	21
306	15
307	8
308	9
309	13
310	8
311	20
312	16
313	16
314	14
315	21
316	17
317	6
318	7
319	13
320	10
321	12
322	16
323	14
324	16
325	14
326	11
327	8
328	21
329	15
330	9
331	15
332	15
333	11
334	11
335	12
336	23
337	10
338	16
339	6
340	15
341	9
342	16
343	7
344	20
345	7
346	17
347	10
348	8
349	13
350	9
351	12
352	11
353	13
354	9
355	11
356	12
357	16
358	13
359	9
360	8
361	15
362	14
363	9
364	14
365	8
366	15
367	14
368	7
369	12
370	9
371	13
372	12
373	17
374	18
375	10
376	17
377	11
378	13
379	19
380	18
381	12
382	11
383	14
384	17
385	8
386	16
387	17
388	6
389	15
390	18
391	10
392	14
393	13
394	17
395	8
396	5
397	21
398	16
399	8
400	19
401	17
402	11
403	14
404	10
405	11
406	11
407	23
408	17
409	19
410	11
411	10
412	15
413	6
414	22
415	9
416	11
417	13
418	22
419	15
420	16
421	12
422	15
423	8
424	8
425	17
426	16
427	14
428	12
429	10
430	19
431	16
432	16
433	17
434	17
435	16
436	8
437	22
438	17
439	13
440	17
441	13
442	17
443	9
444	17
445	11
446	14
447	12
448	18
449	11
450	13
451	19
452	19
453	21
454	21
455	19
456	16
457	14
458	13
459	20
460	20
461	26
462	16
463	23
464	15
465	22
466	30
467	17
468	17
469	31
470	13
471	20
472	16
473	22
474	21
475	19
476	20
477	22
478	18
479	18
480	25
481	16
482	30
483	25
484	28
485	16
486	23
487	20
488	25
489	28
490	20
491	20
492	29
493	32
494	15
495	22
496	25
497	41
498	29
499	21
500	28
501	31
502	32
503	30
504	25
505	30
506	27
507	22
508	37
509	27
510	21
511	27
512	31
513	30
514	30
515	34
516	33
517	30
518	17
519	25
520	23
521	30
522	26
523	30
524	23
525	28
526	21
527	28
528	22
529	25
530	26
531	21
532	23
533	26
534	16
535	26
536	25
537	26
538	30
539	22
540	28
541	34
542	21
543	34
544	31
545	28
546	27
547	26
548	25
549	32
550	26
551	16
552	16
553	13
554	16
555	19
556	29
557	27
558	23
559	26
560	22
561	26
562	19
563	21
564	22
565	22
566	19
567	21
568	28
569	16
570	25
571	23
572	30
573	25
574	27
575	28
576	23
577	20
578	20
579	28
580	31
581	23
582	19
583	26
584	21
585	30
586	31
587	25
588	18
589	19
590	16
591	29
592	15
593	24
594	26
595	23
596	23
597	15
598	17
599	17
600	30
601	31
602	13
603	20
604	18
605	18
606	17
607	20
608	22
609	20
610	25
611	19
612	25
613	27
614	23
615	18
616	25
617	20
618	25
619	15
620	19
621	20
622	22
623	17
624	14
625	18
626	26
627	25
628	21
629	23
630	14
631	23
632	27
633	19
634	22
635	14
636	17
637	20
638	17
639	16
640	19
641	16
642	20
643	29
644	24
645	15
646	23
647	16
648	18
649	22
650	21
651	31
652	21
653	14
654	16
655	25
656	22
657	27
658	23
659	18
660	18
661	18
662	16
663	25
664	23
665	14
666	17
667	23
668	21
669	18
670	16
671	24
672	19
673	19
674	28
675	25
676	16
677	19
678	17
679	24
680	26
681	19
682	27
683	17
684	21
685	17
686	15
687	28
688	18
689	25
690	19
691	17
692	25
693	20
694	26
695	21
696	21
697	19
698	19
699	26
700	16
701	21
702	32
703	26
704	34
705	19
706	19
707	24
708	26
709	26
710	28
711	24
712	20
713	17
714	23
715	30
716	20
717	22
718	16
719	18
720	22
721	17
722	20
723	20
724	13
725	22
726	31
727	31
728	31
729	14
730	20
731	14
732	12
733	23
734	25
735	28
736	26
737	21
738	19
739	20
740	22
741	19
742	20
743	17
744	27
745	17
746	18
747	20
748	21
749	22
750	26
751	24
752	27
753	25
754	31
755	25
756	19
757	21
758	23
759	19
760	34
761	28
762	26
763	16
764	23
765	25
766	24
767	30
768	26
769	21
770	30
771	29
772	21
773	30
774	16
775	25
776	18
777	24
778	21
779	33
780	24
781	24
782	33
783	20
784	29
785	24
786	29
787	28
788	19
789	28
790	30
791	28
792	29
793	33
794	27
795	31
796	20
797	20
798	23
799	22
800	23
801	18
802	30
803	22
804	26
805	28
806	28
807	24
808	30
809	25
810	27
811	24
812	26
813	23
814	30
815	27
816	30
817	30
818	21
819	22
820	25
821	28
822	30
823	32
824	27
825	24
826	37
827	23
828	19
829	26
830	31
831	23
832	28
833	26
834	35
835	28
836	27
837	30
838	32
839	30
840	35
841	25
842	22
843	37
844	40
845	16
846	19
847	33
848	24
849	38
850	32
851	21
852	18
853	27
854	20
855	29
856	31
857	30
858	42
859	44
860	30
861	30
862	34
863	25
864	28
865	29
866	33
867	32
868	39
869	32
870	28
871	37
872	24
873	25
874	24
875	32
876	37
877	20
878	33
879	36
880	22
881	30
882	30
883	25
884	30
885	29
886	18
887	27
888	33
889	32
890	31
891	34
892	32
893	37
894	36
895	27
896	27
897	33
898	21
899	23
900	33
901	25
902	28
903	26
904	34
905	29
906	27
907	24
908	35
909	24
910	26
911	29
912	33
913	30
914	23
915	36
916	24
917	36
918	24
919	30
920	30
921	35
922	24
923	28
924	30
925	29
926	30
927	29
928	33
929	38
930	22
931	31
932	29
933	28
934	34
935	26
936	29
937	26
938	25
939	36
940	32
941	35
942	30
943	30
944	39
945	32
946	21
947	32
948	27
949	22
950	29
951	34
952	28
953	28
954	28
955	34
956	25
957	26
958	26
959	37
960	33
961	35
962	29
963	31
964	32
965	29
966	27
967	34
968	33
969	33
970	33
971	24
972	32
973	24
974	25
975	32
976	32
977	35
978	27
979	29
980	23
981	34
982	40
983	40
984	29
985	25
986	36
987	29
988	26
989	36
990	37
991	34
992	32
993	37
994	26
995	36
996	39
997	32
998	32
999	42
1000	40
1001	36
1002	25
1003	36
1004	26
1005	36
1006	39
1007	29
1008	29
1009	30
1010	41
1011	37
1012	30
1013	31
1014	38
1015	31
1016	31
1017	37
1018	35
1019	27
1020	31
1021	31
1022	24
1023	35
1024	31
1025	30
1026	35
1027	34
1028	40
1029	32
1030	40
1031	30
1032	31
1033	37
1034	41
1035	26
1036	34
1037	27
1038	45
1039	46
1040	29
1041	36
1042	32
1043	32
1044	38
1045	36
1046	43
1047	34
1048	41
1049	40
1050	28
1051	32
1052	36
1053	37
1054	36
1055	26
1056	35
1057	29
1058	42
1059	26
1060	20
1061	32
1062	40
1063	50
1064	37
1065	40
1066	33
1067	38
1068	31
1069	23
1070	36
1071	26
1072	19
1073	33
1074	39
1075	28
1076	36
1077	27
1078	28
1079	33
1080	36
1081	26
1082	41
1083	44
1084	35
1085	33
1086	32
1087	34
1088	50
1089	26
1090	54
1091	33
1092	33
1093	44
1094	37
1095	30
1096	32
1097	38
1098	32
1099	37
1100	25
1101	31
1102	30
1103	33
1104	35
1105	40
1106	37
1107	43
1108	42
1109	34
1110	28
1111	38
1112	28
1113	37
1114	25
1115	29
1116	35
1117	30
1118	32
1119	31
1120	30
1121	37
1122	31
1123	31
1124	28
1125	35
1126	41
1127	29
1128	33
1129	28
1130	39
1131	26
1132	34
1133	37
1134	32
1135	40
1136	38
1137	42
1138	38
1139	41
1140	34
1141	34
1142	35
1143	43
1144	35
1145	36
1146	39
1147	47
1148	30
1149	34
1150	34
1151	29
1152	28
1153	35
1154	26
1155	30
1156	33
1157	48
1158	35
1159	43
1160	32
1161	41
1162	43
1163	29
1164	31
1165	29
1166	40
1167	24
1168	34
1169	38
1170	37
1171	30
1172	44
1173	39
1174	41
1175	32
1176	34
1177	46
1178	41
1179	40
1180	36
1181	44
1182	41
1183	40
1184	37
1185	45
1186	42
1187	40
1188	40
1189	35
1190	42
1191	36
1192	33
1193	45
1194	22
1195	38
1196	47
1197	41
1198	45
1199	39
1200	34
1201	31
1202	37
1203	41
1204	37
1205	44
1206	50
1207	36
1208	30
1209	39
1210	40
1211	34
1212	44
1213	41
1214	36
1215	34
1216	35
1217	39
1218	35
1219	39
1220	41
1221	36
1222	39
1223	34
1224	39
1225	37
1226	36
1227	45
1228	58
1229	36
1230	41
1231	33
1232	49
1233	44
1234	38
1235	27
1236	52
1237	39
1238	25
1239	39
1240	38
1241	38
1242	43
1243	42
1244	45
1245	36
1246	50
1247	43
1248	40
1249	43
1250	33
1251	33
1252	34
1253	36
1254	42
1255	30
1256	34
1257	39
1258	36
1259	37
1260	38
1261	49
1262	37
1263	48
1264	35
1265	37
1266	28
1267	38
1268	45
1269	38
1270	30
1271	40
1272	40
1273	34
1274	46
1275	38
1276	39
1277	37
1278	40
1279	43
1280	35
1281	46
1282	41
1283	43
1284	30
1285	49
1286	36
1287	43
1288	50
1289	45
1290	32
1291	49
1292	41
1293	41
1294	30
1295	45
1296	40
1297	39
1298	23
1299	41
1300	48
1301	40
1302	43
1303	52
1304	37
1305	31
1306	55
1307	35
1308	34
1309	50
1310	33
1311	54
1312	64
1313	36
1314	44
1315	55
1316	41
1317	46
1318	37
1319	45
1320	38
1321	59
1322	44
1323	32
1324	36
1325	40
1326	39
1327	49
1328	44
1329	42
1330	43
1331	45
1332	42
1333	42
1334	45
1335	41
1336	55
1337	50
1338	38
1339	37
1340	45
1341	52
1342	33
1343	46
1344	56
1345	45
1346	52
1347	54
1348	43
1349	41
1350	41
1351	57
1352	55
1353	42
1354	60
1355	41
1356	45
1357	40
1358	39
1359	39
1360	47
1361	46
1362	52
1363	44
1364	44
1365	49
1366	41
1367	47
1368	54
1369	46
1370	51
1371	42
1372	44
1373	42
1374	46
1375	37
1376	37
1377	35
1378	48
1379	55
1380	36
1381	47
1382	42
1383	39
1384	57
1385	41
1386	47
1387	48
1388	49
1389	47
1390	42
1391	48
1392	47
1393	48
1394	49
1395	55
1396	47
1397	40
1398	48
1399	46
1400	50
1401	40
1402	43
1403	42
1404	51
1405	41
1406	45
1407	63
1408	50
1409	53
1410	44
1411	45
1412	59
1413	50
1414	50
1415	52
1416	43
1417	62
1418	43
1419	55
1420	43
1421	44
1422	37
1423	53
1424	51
1425	56
1426	46
1427	37
1428	59
1429	42
1430	40
1431	52
1432	50
1433	43
1434	47
1435	44
1436	59
1437	37
1438	50
1439	47
1440	48
1441	60
1442	53
1443	38
1444	55
1445	49
1446	44
1447	47
1448	45
1449	43
1450	58
1451	38
1452	41
1453	54
1454	47
1455	47
1456	51
1457	60
1458	54
1459	43
1460	44
1461	42
1462	43
1463	54
1464	57
1465	54
1466	44
1467	56
1468	38
1469	45
1470	43
1471	41
1472	38
1473	37
1474	44
1475	39
1476	38
1477	43
1478	38
1479	46
1480	48
1481	39
1482	31
1483	48
1484	51
1485	49
1486	34
1487	53
1488	36
1489	34
1490	39
1491	41
1492	37
1493	44
1494	53
1495	38
1496	34
1497	40
1498	35
1499	44
1500	43
1501	28
1502	40
1503	44
1504	34
1505	37
1506	41
1507	42
1508	38
1509	35
1510	28
1511	40
1512	39
1513	37
1514	38
1515	35
1516	32
1517	40
1518	38
1519	27
1520	29
1521	32
1522	43
1523	29
1524	34
1525	26
1526	28
1527	35
1528	26
1529	46
1530	38
1531	38
1532	38
1533	38
1534	34
1535	29
1536	28
1537	35
1538	28
1539	37
1540	41
1541	35
1542	31
1543	45
1544	36
1545	32
1546	26
1547	42
1548	39
1549	22
1550	28
1551	40
1552	36
1553	24
1554	31
1555	29
1556	32
1557	25
1558	31
1559	30
1560	32
1561	34
1562	34
1563	32
1564	28
1565	35
1566	34
1567	33
1568	33
1569	18
1570	34
1571	29
1572	25
1573	37
1574	40
1575	25
1576	28
1577	30
1578	28
1579	40
1580	36
1581	34
1582	25
1583	40
1584	31
1585	27
1586	28
1587	34
1588	33
1589	25
1590	36
1591	28
1592	24
1593	29
1594	26
1595	31
1596	25
1597	24
1598	17
1599	34
1600	30
1601	29
1602	21
1603	28
1604	27
1605	30
1606	20
1607	33
1608	22
1609	21
1610	28
1611	26
1612	35
1613	31
1614	37
1615	20
1616	22
1617	26
1618	35
1619	23
1620	23
1621	36
1622	18
1623	22
1624	28
1625	28
1626	24
1627	25
1628	26
1629	29
1630	23
1631	25
1632	29
1633	19
1634	29
1635	22
1636	27
1637	20
1638	25
1639	21
1640	28
1641	28
1642	26
1643	27
1644	38
1645	29
1646	20
1647	22
1648	26
1649	23
1650	25
1651	25
1652	21
1653	27
1654	22
1655	24
1656	29
1657	23
1658	25
1659	31
1660	29
1661	30
1662	29
1663	31
1664	17
1665	26
1666	23
1667	22
1668	29
1669	25
1670	21
1671	27
1672	24
1673	21
1674	18
1675	25
1676	22
1677	23
1678	22
1679	25
1680	27
1681	26
1682	30
1683	25
1684	19
1685	38
1686	24
1687	20
1688	20
1689	33
1690	20
1691	27
1692	19
1693	29
1694	30
1695	19
1696	23
1697	18
1698	32
1699	22
1700	28
1701	27
1702	17
1703	14
1704	14
1705	26
1706	34
1707	21
1708	23
1709	23
1710	14
1711	26
1712	23
1713	18
1714	19
1715	25
1716	19
1717	22
1718	19
1719	18
1720	24
1721	26
1722	28
1723	32
1724	32
1725	15
1726	31
1727	27
1728	21
1729	28
1730	11
1731	25
1732	19
1733	29
1734	28
1735	24
1736	21
1737	20
1738	29
1739	16
1740	29
1741	20
1742	28
1743	17
1744	23
1745	27
1746	25
1747	21
1748	19
1749	20
1750	20
1751	27
1752	18
1753	26
1754	26
1755	24
1756	17
1757	22
1758	22
1759	26
1760	23
1761	28
1762	24
1763	25
1764	30
1765	21
1766	33
1767	20
1768	33
1769	21
1770	19
1771	20
1772	15
1773	27
1774	20
1775	26
1776	15
1777	18
1778	24
1779	22
1780	14
1781	28
1782	21
1783	17
1784	26
1785	32
1786	24
1787	19
1788	19
1789	28
1790	25
1791	23
1792	20
1793	19
1794	24
1795	24
1796	13
1797	15
1798	21
1799	22
1800	32
1801	24
1802	23
1803	22
1804	25
1805	17
1806	20
1807	17
1808	16
1809	17
1810	19
1811	22
1812	20
1813	21
1814	17
1815	17
1816	17
1817	17
1818	24
1819	16
1820	23
1821	18
1822	21
1823	28
1824	17
1825	13
1826	25
1827	23
1828	24
1829	19
1830	23
1831	29
1832	30
1833	16
1834	21
1835	21
1836	24
1837	20
1838	25
1839	20
1840	24
1841	16
1842	19
1843	19
1844	16
1845	12
1846	14
1847	15
1848	18
1849	22
1850	23
1851	11
1852	17
1853	18
1854	12
1855	23
1856	17
1857	21
1858	19
1859	19
1860	17
1861	21
1862	11
1863	16
1864	20
1865	25
1866	19
1867	30
1868	19
1869	22
1870	21
1871	14
1872	22
1873	14
1874	12
1875	15
1876	15
1877	21
1878	21
1879	14
1880	22
1881	16
1882	16
1883	13
1884	13
1885	18
1886	21
1887	24
1888	16
1889	19
1890	18
1891	20
1892	28
1893	18
1894	22
1895	15
1896	20
1897	21
1898	26
1899	16
1900	14
1901	16
1902	21
1903	23
1904	20
1905	18
1906	23
1907	15
1908	22
1909	12
1910	19
1911	16
1912	25
1913	20
1914	18
1915	15
1916	13
1917	24
1918	22
1919	13
1920	27
1921	15
1922	12
1923	14
1924	21
1925	21
1926	27
1927	13
1928	21
1929	14
1930	18
1931	23
1932	15
1933	23
1934	18
1935	19
1936	22
1937	22
1938	19
1939	18
1940	17
1941	15
1942	8
1943	19
1944	22
1945	20
1946	22
1947	13
1948	21
1949	22
1950	10
1951	20
1952	15
1953	17
1954	23
1955	27
1956	16
1957	18
1958	13
1959	12
1960	8
1961	23
1962	14
1963	17
1964	16
1965	18
1966	12
1967	18
1968	17
1969	21
1970	26
1971	16
1972	16
1973	24
1974	13
1975	21
1976	17
1977	17
1978	19
1979	22
1980	22
1981	31
1982	23
1983	24
1984	19
1985	17
1986	16
1987	17
1988	20
1989	18
1990	10
1991	17
1992	22
1993	20
1994	19
1995	13
1996	16
1997	16
1998	15
1999	13
2000	18
2001	15
2002	19
2003	14
2004	15
2005	16
2006	13
2007	23
2008	21
2009	19
2010	21
2011	17
2012	18
2013	9
2014	25
2015	18
2016	19
2017	18
2018	17
2019	14
2020	16
2021	15
2022	23
2023	18
2024	17
2025	10
2026	12
2027	11
2028	9
2029	26
2030	18
2031	11
2032	10
2033	13
2034	21
2035	15
2036	25
2037	14
2038	18
2039	28
2040	10
2041	18
2042	13
2043	19
2044	11
2045	17
2046	17
2047	15
2048	16
2049	14
2050	14
2051	20
2052	13
2053	22
2054	13
2055	15
2056	16
2057	8
2058	15
2059	21
2060	15
2061	17
2062	14
2063	19
2064	21
2065	13
2066	10
2067	7
2068	23
2069	18
2070	14
2071	17
2072	11
2073	15
2074	25
2075	16
2076	11
2077	16
2078	11
2079	18
2080	15
2081	18
2082	14
2083	16
2084	11
2085	15
2086	18
2087	14
2088	15
2089	11
2090	23
2091	16
2092	12
2093	13
2094	19
2095	22
2096	14
2097	17
2098	11
2099	17
2100	17
2101	15
2102	20
2103	13
2104	20
2105	16
2106	19
2107	24
2108	15
2109	19
2110	16
2111	13
2112	7
2113	22
2114	14
2115	20
2116	15
2117	17
2118	19
2119	11
2120	20
2121	16
2122	17
2123	15
2124	25
2125	12
2126	27
2127	11
2128	21
2129	18
2130	12
2131	10
2132	21
2133	15
2134	16
2135	18
2136	12
2137	15
2138	15
2139	16
2140	15
2141	23
2142	15
2143	10
2144	16
2145	13
2146	8
2147	15
2148	16
2149	12
2150	16
2151	21
2152	14
2153	16
2154	10
2155	7
2156	19
2157	23
2158	18
2159	18
2160	14
2161	14
2162	19
2163	12
2164	11
2165	17
2166	21
2167	21
2168	17
2169	16
2170	13
2171	11
2172	14
2173	15
2174	19
2175	15
2176	17
2177	11
2178	11
2179	18
2180	12
2181	13
2182	21
2183	8
2184	17
2185	18
2186	18
2187	17
2188	16
2189	11
2190	13
2191	14
2192	25
2193	13
2194	17
2195	14
2196	18
2197	11
2198	16
2199	14
2200	21
2201	12
2202	25
2203	14
2204	24
2205	12
2206	8
2207	11
2208	19
2209	21
2210	16
2211	12
2212	13
2213	16
2214	19
2215	21
2216	18
2217	17
2218	18
2219	14
2220	14
2221	19
2222	19
2223	17
2224	13
2225	13
2226	15
2227	19
2228	18
2229	9
2230	14
2231	16
2232	12
2233	25
2234	16
2235	13
2236	15
2237	14
2238	18
2239	19
2240	17
2241	26
2242	14
2243	10
2244	18
2245	11
2246	10
2247	19
2248	26
2249	17
2250	17
2251	15
2252	28
2253	13
2254	22
2255	17
2256	11
2257	20
2258	20
2259	9
2260	11
2261	13
2262	19
2263	12
2264	19
2265	22
2266	19
2267	11
2268	14
2269	16
2270	19
2271	19
2272	22
2273	15
2274	15
2275	14
2276	15
2277	14
2278	17
2279	11
2280	14
2281	11
2282	11
2283	12
2284	21
2285	15
2286	11
2287	14
2288	14
2289	19
2290	12
2291	16
2292	15
2293	14
2294	16
2295	8
2296	13
2297	12
2298	15
2299	17
2300	12
2301	12
2302	16
2303	18
2304	10
2305	20
2306	21
2307	12
2308	16
2309	15
2310	20
2311	14
2312	8
2313	8
2314	11
2315	15
2316	14
2317	16
2318	12
2319	20
2320	17
2321	11
2322	12
2323	10
2324	17
2325	15
2326	13
2327	13
2328	10
2329	15
2330	19
2331	13
2332	9
2333	10
2334	22
2335	18
2336	18
2337	14
2338	16
2339	10
2340	12
2341	19
2342	8
2343	13
2344	15
2345	14
2346	15
2347	17
2348	10
2349	12
2350	19
2351	18
2352	21
2353	13
2354	14
2355	15
2356	15
2357	16
2358	15
2359	11
2360	11
2361	15
2362	15
2363	16
2364	19
2365	12
2366	9
2367	9
2368	19
2369	12
2370	20
2371	8
2372	17
2373	7
2374	20
2375	11
2376	18
2377	13
2378	10
2379	11
2380	18
2381	15
2382	9
2383	14
2384	23
2385	9
2386	15
2387	14
2388	10
2389	17
2390	14
2391	13
2392	17
2393	16
2394	14
2395	11
2396	21
2397	14
2398	14
2399	15
2400	10
2401	8
2402	13
2403	12
2404	7
2405	16
2406	12
2407	23
2408	14
2409	18
2410	11
2411	11
2412	9
2413	8
2414	17
2415	9
2416	17
2417	10
2418	16
2419	7
2420	15
2421	18
2422	10
2423	13
2424	20
2425	11
2426	20
2427	12
2428	13
2429	12
2430	12
2431	9
2432	12
2433	8
2434	19
2435	13
2436	8
2437	12
2438	16
2439	13
2440	7
2441	10
2442	13
2443	11
2444	9
2445	11
2446	13
2447	17
2448	13
2449	13
2450	16
2451	16
2452	12
2453	8
2454	8
2455	11
2456	11
2457	9
2458	17
2459	10
2460	16
2461	13
2462	8
2463	14
2464	15
2465	19
2466	8
2467	11
2468	15
2469	11
2470	15
2471	13
2472	18
2473	16
2474	13
2475	12
2476	11
2477	15
2478	19
2479	13
2480	11
2481	10
2482	13
2483	11
2484	14
2485	18
2486	12
2487	12
2488	16
2489	13
2490	11
2491	10
2492	8
2493	14
2494	19
2495	9
2496	6
2497	12
2498	7
2499	19
2500	16
2501	12
2502	15
2503	14
2504	15
2505	12
2506	10
2507	14
2508	14
2509	11
2510	4
2511	9
2512	14
2513	23
2514	5
2515	8
2516	9
2517	16
2518	17
2519	13
2520	17
2521	12
2522	12
2523	9
2524	14
2525	8
2526	8
2527	13
2528	13
2529	13
2530	12
2531	8
2532	6
2533	10
2534	8
2535	16
2536	8
2537	10
2538	9
2539	10
2540	9
2541	15
2542	16
2543	22
2544	17
2545	10
2546	14
2547	8
2548	13
2549	13
2550	12
2551	7
2552	14
2553	12
2554	14
2555	12
2556	16
2557	14
2558	10
2559	23
2560	11
2561	11
2562	18
2563	13
2564	12
2565	17
2566	15
2567	8
2568	10
2569	13
2570	11
2571	11
2572	15
2573	14
2574	10
2575	18
2576	14
2577	9
2578	10
2579	13
2580	11
2581	16
2582	11
2583	11
2584	9
2585	14
2586	19
2587	6
2588	14
2589	8
2590	9
2591	8
2592	14
2593	13
2594	10
2595	15
2596	15
2597	7
2598	15
2599	6
2600	12
2601	14
2602	11
2603	6
2604	15
2605	17
2606	14
2607	15
2608	5
2609	12
2610	11
2611	7
2612	11
2613	11
2614	9
2615	8
2616	12
2617	16
2618	8
2619	14
2620	8
2621	11
2622	13
2623	17
2624	10
2625	10
2626	11
2627	14
2628	15
2629	21
2630	7
2631	14
2632	10
2633	21
2634	13
2635	10
2636	8
2637	9
2638	12
2639	12
2640	10
2641	14
2642	12
2643	13
2644	11
2645	7
2646	12
2647	7
2648	11
2649	14
2650	12
2651	13
2652	8
2653	13
2654	14
2655	10
2656	10
2657	12
2658	11
2659	17
2660	6
2661	14
2662	15
2663	11
2664	13
2665	7
2666	16
2667	13
2668	13
2669	14
2670	15
2671	11
2672	9
2673	8
2674	13
2675	10
2676	17
2677	9
2678	14
2679	13
2680	8
2681	11
2682	18
2683	13
2684	11
2685	10
2686	16
2687	15
2688	10
2689	15
2690	3
2691	13
2692	10
2693	16
2694	10
2695	12
2696	13
2697	13
2698	16
2699	12
2700	9
2701	9
2702	10
2703	11
2704	9
2705	4
2706	12
2707	11
2708	11
2709	9
2710	12
2711	5
2712	15
2713	21
2714	12
2715	15
2716	12
2717	12
2718	12
2719	19
2720	15
2721	7
2722	12
2723	14
2724	10
2725	16
2726	13
2727	16
2728	10
2729	8
2730	15
2731	13
2732	12
2733	11
2734	9
2735	17
2736	12
2737	16
2738	17
2739	14
2740	14
2741	12
2742	9
2743	15
2744	7
2745	11
2746	15
2747	9
2748	12
2749	12
2750	6
2751	20
2752	6
2753	13
2754	11
2755	12
2756	11
2757	11
2758	8
2759	11
2760	11
2761	17
2762	14
2763	3
2764	8
2765	9
2766	15
2767	9
2768	10
2769	10
2770	11
2771	13
2772	16
2773	14
2774	11
2775	12
2776	12
2777	9
2778	5
2779	12
2780	11
2781	15
2782	15
2783	7
2784	16
2785	7
2786	8
2787	12
2788	9
2789	10
2790	6
2791	7
2792	11
2793	17
2794	17
2795	17
2796	12
2797	12
2798	20
2799	9
2800	9
2801	14
2802	10
2803	8
2804	12
2805	7
2806	15
2807	12
2808	12
2809	14
2810	11
2811	10
2812	8
2813	5
2814	18
2815	13
2816	11
2817	10
2818	8
2819	8
2820	8
2821	7
2822	9
2823	12
2824	14
2825	11
2826	11
2827	11
2828	7
2829	8
2830	19
2831	11
2832	13
2833	14
2834	14
2835	5
2836	9
2837	10
2838	12
2839	11
2840	15
2841	8
2842	17
2843	7
2844	6
2845	11
2846	12
2847	14
2848	10
2849	7
2850	12
2851	8
2852	8
2853	16
2854	8
2855	8
2856	7
2857	10
2858	4
2859	9
2860	8
2861	14
2862	12
2863	10
2864	7
2865	11
2866	10
2867	9
2868	11
2869	6
2870	13
2871	7
2872	17
2873	12
2874	6
2875	11
2876	11
2877	10
2878	6
2879	6
2880	13
2881	8
2882	10
2883	8
2884	7
2885	10
2886	10
2887	8
2888	18
2889	10
2890	8
2891	10
2892	10
2893	14
2894	8
2895	7
2896	10
2897	7
2898	7
2899	7
2900	11
2901	6
2902	7
2903	14
2904	9
2905	15
2906	8
2907	10
2908	11
2909	15
2910	11
2911	16
2912	13
2913	11
2914	11
2915	13
2916	10
2917	14
2918	10
2919	13
2920	7
2921	9
2922	10
2923	10
2924	11
2925	10
2926	13
2927	11
2928	9
2929	14
2930	4
2931	9
2932	7
2933	8
2934	10
2935	10
2936	10
2937	9
2938	5
2939	6
2940	8
2941	8
2942	11
2943	5
2944	7
2945	16
2946	4
2947	11
2948	9
2949	15
2950	13
2951	7
2952	8
2953	5
2954	12
2955	24
2956	14
2957	5
2958	13
2959	7
2960	13
2961	9
2962	11
2963	12
2964	10
2965	12
2966	9
2967	8
2968	7
2969	9
2970	11
2971	9
2972	13
2973	10
2974	9
2975	11
2976	12
2977	9
2978	9
2979	5
2980	10
2981	7
2982	13
2983	8
2984	13
2985	17
2986	5
2987	13
2988	10
2989	8
2990	12
2991	15
2992	10
2993	8
2994	7
2995	12
2996	8
2997	4
2998	12
2999	9
3000	10
3001	17
3002	10
3003	7
3004	8
3005	5
3006	11
3007	9
3008	12
3009	4
3010	12
3011	5
3012	8
3013	10
3014	16
3015	13
3016	7
3017	14
3018	9
3019	7
3020	12
3021	6
3022	8
3023	12
3024	8
3025	5
3026	11
3027	9
3028	9
3029	12
3030	7
3031	10
3032	6
3033	8
3034	10
3035	6
3036	8
3037	11
3038	9
3039	8
3040	14
3041	7
3042	6
3043	8
3044	16
3045	6
3046	7
3047	5
3048	16
3049	9
3050	8
3051	3
3052	3
3053	11
3054	10
3055	7
3056	12
3057	8
3058	12
3059	10
3060	12
3061	6
3062	14
3063	11
3064	8
3065	6
3066	11
3067	10
3068	8
3069	7
3070	4
3071	15
3072	14
3073	5
3074	7
3075	6
3076	12
3077	12
3078	14
3079	6
3080	9
3081	9
3082	12
3083	7
3084	7
3085	11
3086	10
3087	10
3088	5
3089	9
3090	9
3091	10
3092	12
3093	10
3094	6
3095	12
3096	9
3097	6
3098	14
3099	11
3100	11
3101	13
3102	11
3103	6
3104	11
3105	8
3106	12
3107	5
3108	10
3109	5
3110	9
3111	7
3112	11
3113	10
3114	16
3115	13
3116	9
3117	11
3118	13
3119	12
3120	9
3121	8
3122	14
3123	9
3124	10
3125	16
3126	6
3127	13
3128	7
3129	12
3130	5
3131	1
3132	7
3133	10
3134	9
3135	11
3136	8
3137	11
3138	10
3139	6
3140	7
3141	6
3142	4
3143	7
3144	8
3145	17
3146	7
3147	6
3148	9
3149	13
3150	12
3151	12
3152	9
3153	6
3154	11
3155	9
3156	5
3157	10
3158	5
3159	11
3160	8
3161	7
3162	5
3163	15
3164	8
3165	7
3166	11
3167	19
3168	7
3169	5
3170	7
3171	12
3172	18
3173	10
3174	9
3175	9
3176	13
3177	11
3178	7
3179	12
3180	10
3181	6
3182	7
3183	14
3184	9
3185	5
3186	9
3187	5
3188	12
3189	7
3190	5
3191	11
3192	9
3193	10
3194	11
3195	11
3196	6
3197	10
3198	6
3199	11
3200	9
3201	8
3202	11
3203	10
3204	12
3205	5
3206	13
3207	14
3208	11
3209	7
3210	9
3211	5
3212	6
3213	6
3214	8
3215	12
3216	7
3217	10
3218	7
3219	12
3220	9
3221	4
3222	11
3223	9
3224	7
3225	16
3226	11
3227	9
3228	10
3229	5
3230	8
3231	7
3232	9
3233	10
3234	4
3235	9
3236	8
3237	6
3238	7
3239	6
3240	5
3241	6
3242	13
3243	5
3244	8
3245	10
3246	13
3247	11
3248	7
3249	8
3250	14
3251	5
3252	13
3253	8
3254	6
3255	5
3256	9
3257	11
3258	19
3259	7
3260	8
3261	6
3262	3
3263	4
3264	8
3265	6
3266	11
3267	7
3268	8
3269	11
3270	9
3271	12
3272	4
3273	12
3274	10
3275	8
3276	4
3277	10
3278	13
3279	8
3280	9
3281	10
3282	6
3283	12
3284	5
3285	8
3286	10
3287	9
3288	6
3289	11
3290	9
3291	11
3292	10
3293	10
3294	15
3295	5
3296	11
3297	9
3298	7
3299	5
3300	10
3301	7
3302	13
3303	5
3304	6
3305	6
3306	9
3307	8
3308	11
3309	8
3310	6
3311	12
3312	6
3313	7
3314	13
3315	8
3316	8
3317	11
3318	5
3319	11
3320	12
3321	14
3322	13
3323	9
3324	13
3325	6
3326	10
3327	11
3328	6
3329	4
3330	7
3331	17
3332	13
3333	10
3334	10
3335	5
3336	8
3337	8
3338	6
3339	5
3340	7
3341	10
3342	9
3343	7
3344	10
3345	5
3346	8
3347	14
3348	5
3349	4
3350	6
3351	8
3352	6
3353	10
3354	5
3355	9
3356	9
3357	12
3358	8
3359	4
3360	5
3361	8
3362	12
3363	11
3364	7
3365	7
3366	7
3367	7
3368	6
3369	10
3370	9
3371	7
3372	4
3373	4
3374	3
3375	9
3376	5
3377	6
3378	10
3379	9
3380	9
3381	10
3382	8
3383	9
3384	9
3385	8
3386	5
3387	7
3388	6
3389	8
3390	8
3391	7
3392	8
3393	9
3394	9
3395	7
3396	6
3397	4
3398	8
3399	8
3400	12
3401	10
3402	6
3403	15
3404	3
3405	5
3406	13
3407	13
3408	9
3409	12
3410	3
3411	10
3412	14
3413	4
3414	11
3415	4
3416	7
3417	6
3418	7
3419	10
3420	8
3421	9
3422	8
3423	7
3424	10
3425	11
3426	10
3427	9
3428	16
3429	9
3430	11
3431	14
3432	10
3433	10
3434	6
3435	8
3436	12
3437	9
3438	11
3439	7
3440	8
3441	6
3442	9
3443	12
3444	6
3445	9
3446	8
3447	10
3448	8
3449	7
3450	10
3451	14
3452	5
3453	12
3454	18
3455	12
3456	4
3457	7
3458	12
3459	6
3460	14
3461	11
3462	11
3463	6
3464	5
3465	6
3466	13
3467	8
3468	7
3469	8
3470	7
3471	8
3472	5
3473	11
3474	7
3475	12
3476	7
3477	8
3478	8
3479	9
3480	8
3481	7
3482	6
3483	7
3484	9
3485	7
3486	10
3487	12
3488	9
3489	8
3490	4
3491	8
3492	13
3493	12
3494	14
3495	5
3496	11
3497	12
3498	6
3499	8
3500	6
3501	7
3502	11
3503	7
3504	5
3505	11
3506	12
3507	7
3508	8
3509	9
3510	9
3511	4
3512	8
3513	8
3514	14
3515	11
3516	7
3517	9
3518	14
3519	9
3520	6
3521	15
3522	8
3523	8
3524	7
3525	4
3526	13
3527	3
3528	11
3529	10
3530	13
3531	12
3532	15
3533	9
3534	9
3535	12
3536	7
3537	8
3538	11
3539	7
3540	4
3541	6
3542	4
3543	7
3544	12
3545	10
3546	7
3547	7
3548	7
3549	17
3550	7
3551	12
3552	9
3553	6
3554	9
3555	9
3556	8
3557	5
3558	10
3559	4
3560	14
3561	9
3562	9
3563	9
3564	5
3565	12
3566	15
3567	10
3568	11
3569	6
3570	7
3571	5
3572	12
3573	16
3574	18
3575	10
3576	5
3577	4
3578	3
3579	6
3580	12
3581	10
3582	3
3583	7
3584	12
3585	17
3586	15
3587	8
3588	12
3589	6
3590	9
3591	10
3592	10
3593	5
3594	6
3595	12
3596	8
3597	6
3598	8
3599	9
3600	9
3601	9
3602	12
3603	14
3604	6
3605	5
3606	3
3607	4
3608	11
3609	10
3610	13
3611	5
3612	9
3613	8
3614	7
3615	12
3616	9
3617	9
3618	8
3619	16
3620	8
3621	13
3622	6
3623	5
3624	12
3625	5
3626	10
3627	11
3628	6
3629	12
3630	8
3631	8
3632	8
3633	6
3634	4
3635	6
3636	6
3637	10
3638	8
3639	10
3640	8
3641	3
3642	8
3643	9
3644	8
3645	9
3646	10
3647	16
3648	7
3649	5
3650	10
3651	15
3652	7
3653	10
3654	5
3655	7
3656	6
3657	4
3658	11
3659	7
3660	12
3661	10
3662	7
3663	9
3664	7
3665	6
3666	7
3667	9
3668	4
3669	10
3670	8
3671	10
3672	7
3673	9
3674	9
3675	14
3676	10
3677	14
3678	7
3679	8
3680	7
3681	11
3682	11
3683	8
3684	12
3685	3
3686	5
3687	11
3688	14
3689	11
3690	13
3691	15
3692	9
3693	9
3694	5
3695	3
3696	11
3697	10
3698	9
3699	1
3700	11
3701	10
3702	14
3703	15
3704	6
3705	12
3706	10
3707	8
3708	10
3709	6
3710	7
3711	8
3712	13
3713	9
3714	10
3715	11
3716	5
3717	4
3718	9
3719	7
3720	15
3721	7
3722	6
3723	8
3724	5
3725	13
3726	8
3727	8
3728	9
3729	2
3730	12
3731	8
3732	12
3733	10
3734	9
3735	9
3736	6
3737	8
3738	9
3739	7
3740	7
3741	6
3742	15
3743	11
3744	12
3745	8
3746	8
3747	10
3748	13
3749	14
3750	14
3751	10
3752	8
3753	5
3754	7
3755	13
3756	8
3757	9
3758	11
3759	12
3760	7
3761	5
3762	15
3763	10
3764	10
3765	8
3766	6
3767	9
3768	9
3769	14
3770	5
3771	13
3772	9
3773	9
3774	8
3775	9
3776	10
3777	14
3778	8
3779	17
3780	4
3781	10
3782	7
3783	11
3784	12
3785	12
3786	15
3787	4
3788	7
3789	11
3790	8
3791	14
3792	9
3793	11
3794	7
3795	3
3796	4
3797	10
3798	8
3799	13
3800	10
3801	7
3802	9
3803	7
3804	10
3805	8
3806	7
3807	13
3808	17
3809	12
3810	8
3811	9
3812	13
3813	8
3814	5
3815	4
3816	12
3817	6
3818	15
3819	11
3820	6
3821	7
3822	12
3823	9
3824	7
3825	6
3826	13
3827	9
3828	3
3829	10
3830	11
3831	10
3832	11
3833	10
3834	8
3835	8
3836	13
3837	12
3838	10
3839	12
3840	17
3841	11
3842	5
3843	8
3844	8
3845	6
3846	9
3847	9
3848	15
3849	4
3850	7
3851	12
3852	12
3853	15
3854	7
3855	8
3856	8
3857	12
3858	15
3859	11
3860	8
3861	14
3862	6
3863	11
3864	10
3865	9
3866	8
3867	9
3868	8
3869	7
3870	5
3871	9
3872	7
3873	11
3874	9
3875	11
3876	11
3877	11
3878	11
3879	5
3880	11
3881	10
3882	12
3883	10
3884	9
3885	7
3886	6
3887	9
3888	13
3889	10
3890	6
3891	11
3892	10
3893	10
3894	9
3895	8
3896	11
3897	12
3898	9
3899	11
3900	7
3901	10
3902	9
3903	9
3904	5
3905	12
3906	13
3907	8
3908	16
3909	13
3910	13
3911	7
3912	15
3913	11
3914	13
3915	11
3916	10
3917	6
3918	12
3919	16
3920	13
3921	12
3922	13
3923	5
3924	15
3925	9
3926	8
3927	11
3928	10
3929	9
3930	10
3931	8
3932	15
3933	16
3934	10
3935	8
3936	10
3937	4
3938	9
3939	12
3940	20
3941	14
3942	5
3943	11
3944	12
3945	11
3946	8
3947	9
3948	11
3949	11
3950	16
3951	10
3952	17
3953	15
3954	16
3955	10
3956	9
3957	7
3958	9
3959	10
3960	14
3961	14
3962	4
3963	12
3964	15
3965	12
3966	11
3967	8
3968	10
3969	18
3970	10
3971	10
3972	10
3973	18
3974	7
3975	13
3976	10
3977	15
3978	13
3979	9
3980	6
3981	15
3982	12
3983	15
3984	14
3985	17
3986	9
3987	17
3988	10
3989	9
3990	20
3991	10
3992	14
3993	13
3994	12
3995	14
3996	10
3997	15
3998	12
3999	17
4000	11
4001	13
4002	14
4003	11
4004	14
4005	16
4006	24
4007	10
4008	18
4009	10
4010	17
4011	10
4012	10
4013	13
4014	9
4015	13
4016	17
4017	17
4018	9
4019	6
4020	21
4021	15
4022	8
4023	18
4024	11
4025	18
4026	14
4027	11
4028	17
4029	15
4030	17
4031	24
4032	18
4033	17
4034	15
4035	18
4036	14
4037	15
4038	16
4039	11
4040	19
4041	8
4042	12
4043	14
4044	19
4045	17
4046	16
4047	13
4048	17
4049	20
4050	15
4051	23
4052	18
4053	15
4054	13
4055	14
4056	17
4057	14
4058	16
4059	14
4060	9
4061	11
4062	11
4063	17
4064	11
4065	19
4066	14
4067	13
4068	14
4069	11
4070	16
4071	10
4072	11
4073	16
4074	17
4075	14
4076	9
4077	19
4078	11
4079	15
4080	21
4081	10
4082	11
4083	15
4084	12
4085	10
4086	9
4087	15
4088	13
4089	10
4090	16
4091	15
4092	13
4093	12
4094	19
4095	16
4096	11
4097	14
4098	16
4099	18
4100	11
4101	11
4102	17
4103	10
4104	17
4105	24
4106	20
4107	19
4108	13
4109	13
4110	10
4111	17
4112	13
4113	11
4114	10
4115	14
4116	18
4117	18
4118	14
4119	14
4120	13
4121	13
4122	15
4123	12
4124	12
4125	15
4126	9
4127	14
4128	19
4129	13
4130	21
4131	9
4132	16
4133	13
4134	11
4135	17
4136	12
4137	11
4138	8
4139	19
4140	8
4141	10
4142	12
4143	14
4144	12
4145	13
4146	15
4147	12
4148	16
4149	10
4150	16
4151	13
4152	13
4153	20
4154	17
4155	10
4156	13
4157	13
4158	14
4159	15
4160	19
4161	14
4162	10
4163	13
4164	12
4165	9
4166	12
4167	11
4168	13
4169	15
4170	8
4171	6
4172	11
4173	17
4174	7
4175	13
4176	8
4177	11
4178	11
4179	14
4180	11
4181	7
4182	11
4183	12
4184	6
4185	9
4186	15
4187	12
4188	10
4189	10
4190	14
4191	5
4192	19
4193	15
4194	6
4195	9
4196	7
4197	15
4198	9
4199	7
4200	7
4201	8
4202	8
4203	3
4204	10
4205	10
4206	11
4207	6
4208	8
4209	12
4210	7
4211	8
4212	10
4213	7
4214	6
4215	8
4216	9
4217	7
4218	5
4219	2
4220	5
4221	12
4222	9
4223	8
4224	4
4225	8
4226	9
4227	10
4228	9
4229	3
4230	12
4231	9
4232	6
4233	7
4234	5
4235	16
4236	7
4237	6
4238	5
4239	6
4240	7
4241	8
4242	10
4243	8
4244	10
4245	4
4246	5
4247	2
4248	5
4249	10
4250	5
4251	12
4252	11
4253	10
4254	9
4255	7
4256	9
4257	11
4258	4
4259	6
4260	6
4261	6
4262	3
4263	9
4264	8
4265	6
4266	4
4267	6
4268	8
4269	12
4270	7
4271	8
4272	8
4273	5
4274	6
4275	5
4276	8
4277	6
4278	7
4279	4
4280	8
4281	4
4282	8
4283	8
4284	2
4285	2
4286	7
4287	3
4288	6
4289	5
4290	5
4291	7
4292	6
4293	3
4294	3
4295	6
4296	7
4297	4
4298	5
4299	3
4300	4
4301	3
4302	2
4303	8
4304	5
4305	9
4306	5
4307	4
4308	1
4309	3
4310	3
4311	1
4312	2
4313	9
4314	5
4315	2
4316	6
4317	6
4318	2
4319	3
4320	4
4321	5
4322	1
4323	3
4324	2
4325	0
4326	11
4327	6
4328	6
4329	5
4330	4
4331	5
4332	4
4333	2
4334	6
4335	2
4336	3
4337	0
4338	4
4339	3
4340	6
4341	5
4342	0
4343	1
4344	4
4345	5
4346	2
4347	6
4348	4
4349	1
4350	0
4351	0
4352	3
4353	8
4354	5
4355	2
4356	3
4357	2
4358	2
4359	2
4360	3
4361	3
4362	1
4363	6
4364	5
4365	3
4366	2
4367	3
4368	5
4369	4
4370	1
4371	5
4372	1
4373	3
4374	1
4375	1
4376	3
4377	2
4378	1
4379	2
4380	2
4381	0
4382	2
4383	0
4384	1
4385	2
4386	1
4387	2
4388	3
4389	1
4390	2
4391	0
4392	1
4393	3
4394	4
4395	2
4396	0
4397	1
4398	1
4399	4
4400	1
4401	1
4402	3
4403	1
4404	3
4405	1
4406	4
4407	2
4408	1
4409	2
4410	1
4411	4
4412	0
4413	1
4414	1
4415	2
4416	2
4417	1
4418	2
4419	2
4420	2
4421	0
4422	0
4423	1
4424	0
4425	1
4426	2
4427	0
4428	2
4429	1
4430	0
4431	1
4432	1
4433	0
4434	3
4435	2
4436	2
4437	0
4438	0
4439	0
4440	5
4441	1
4442	3
4443	1
4444	3
4445	3
4446	0
4447	1
4448	0
4449	2
4450	0
4451	1
4452	1
4453	1
4454	0
4455	2
4456	0
4457	2
4458	0
4459	1
4460	1
4461	0
4462	2
4463	2
4464	1
4465	0
4466	1
4467	0
4468	1
4469	1
4470	1
4471	1
4472	0
4473	4
4474	0
4475	1
4476	1
4477	1
4478	0
4479	1
4480	0
4481	1
4482	1
4483	3
4484	2
4485	1
4486	0
4487	1
4488	3
4489	1
4490	0
4491	0
4492	0
4493	2
4494	0
4495	0
4496	0
4497	1
4498	3
4499	1
4500	0
4501	0
4502	0
4503	1
4504	3
4505	1
4506	0
4507	0
4508	3
4509	1
4510	0
4511	1
4512	2
4513	0
4514	4
4515	1
4516	1
4517	0
4518	1
4519	1
4520	0
4521	0
4522	1
4523	0
4524	2
4525	2
4526	1
4527	1
4528	0
4529	0
4530	0
4531	0
4532	0
4533	1
4534	0
4535	2
4536	2
4537	0
4538	1
4539	0
4540	1
4541	0
4542	1
4543	2
4544	0
4545	2
4546	0
4547	1
4548	0
4549	1
4550	0
4551	0
4552	1
4553	1
4554	1
4555	0
4556	1
4557	0
4558	3
4559	0
4560	2
4561	0
4562	1
4563	0
4564	1
4565	0
4566	0
4567	0
4568	2
4569	0
4570	1
4571	1
4572	0
4573	0
4574	0
4575	0
4576	1
4577	2
4578	0
4579	1
4580	0
4581	2
4582	0
4583	0
4584	0
4585	3
4586	1
4587	1
4588	0
4589	2
4590	2
4591	1
4592	0
4593	0
4594	0
4595	0
4596	0
4597	1
4598	0
4599	1
4600	0
4601	1
4602	0
4603	0
4604	1
4605	0
4606	1
4607	0
4608	2
4609	0
4610	0
4611	2
4612	0
4613	1
4614	1
4615	0
4616	0
4617	1
4618	1
4619	0
4620	0
4621	0
4622	0
4623	0
4624	1
4625	3
4626	1
4627	0
4628	2
4629	1
4630	0
4631	0
4632	1
4633	1
4634	2
4635	1
4636	1
4637	0
4638	0
4639	0
4640	1
4641	0
4642	0
4643	1
4644	1
4645	3
4646	1
4647	1
4648	1
4649	1
4650	1
4651	2
4652	1
4653	0
4654	0
4655	1
4656	1
4657	1
4658	0
4659	0
4660	1
4661	3
4662	1
4663	1
4664	0
4665	0
4666	0
4667	0
4668	2
4669	0
4670	1
4671	2
4672	1
4673	0
4674	0
4675	1
4676	1
4677	1
4678	1
4679	2
4680	0
4681	1
4682	1
4683	0
4684	1
4685	0
4686	1
4687	0
4688	1
4689	1
4690	0
4691	2
4692	0
4693	1
4694	0
4695	0
4696	2
4697	0
4698	0
4699	3
4700	1
4701	1
4702	1
4703	1
4704	2
4705	1
4706	0
4707	0
4708	0
4709	2
4710	0
4711	2
4712	0
4713	0
4714	0
4715	0
4716	2
4717	1
4718	0
4719	0
4720	0
4721	0
4722	0
4723	0
4724	1
4725	0
4726	0
4727	1
4728	1
4729	0
4730	2
4731	0
4732	0
4733	0
4734	0
4735	2
4736	0
4737	0
4738	2
4739	0
4740	0
4741	0
4742	1
4743	0
4744	0
4745	2
4746	1
4747	1
4748	0
4749	0
4750	0
4751	2
4752	1
4753	1
4754	1
4755	2
4756	0
4757	0
4758	1
4759	1
4760	0
4761	1
4762	0
4763	0
4764	3
4765	1
4766	1
4767	0
4768	1
4769	1
4770	3
4771	0
4772	0
4773	2
4774	0
4775	1
4776	0
4777	1
4778	1
4779	1
4780	0
4781	3
4782	0
4783	1
4784	0
4785	1
4786	0
4787	0
4788	3
4789	2
4790	3
4791	0
4792	0
4793	1
4794	0
4795	2
4796	0
4797	1
4798	1
4799	1
4800	2
4801	0
4802	0
4803	1
4804	0
4805	0
4806	0
4807	0
4808	0
4809	0
4810	1
4811	4
4812	0
4813	0
4814	1
4815	0
4816	0
4817	0
4818	1
4819	1
4820	0
4821	0
4822	0
4823	0
4824	2
4825	0
4826	3
4827	0
4828	1
4829	1
4830	0
4831	2
4832	0
4833	2
4834	2
4835	1
4836	1
4837	0
4838	2
4839	1
4840	0
4841	2
4842	0
4843	1
4844	0
4845	0
4846	1
4847	0
4848	3
4849	1
4850	1
4851	0
4852	1
4853	2
4854	1
4855	0
4856	2
4857	2
4858	0
4859	0
4860	0
4861	2
4862	1
4863	1
4864	1
4865	1
4866	0
4867	2
4868	1
4869	0
4870	0
4871	1
4872	0
4873	1
4874	0
4875	0
4876	0
4877	1
4878	1
4879	0
4880	0
4881	1
4882	0
4883	3
4884	1
4885	2
4886	0
4887	1
4888	0
4889	0
4890	0
4891	0
4892	0
4893	2
4894	0
4895	0
4896	0
4897	1
4898	1
4899	0
4900	2
4901	0
4902	2
4903	1
4904	1
4905	1
4906	0
4907	1
4908	0
4909	1
4910	0
4911	0
4912	1
4913	0
4914	1
4915	1
4916	0
4917	0
4918	1
4919	0
4920	0
4921	0
4922	0
4923	1
4924	1
4925	0
4926	1
4927	0
4928	0
4929	0
4930	0
4931	0
4932	0
4933	1
4934	0
4935	0
4936	1
4937	2
4938	0
4939	0
4940	1
4941	0
4942	1
4943	0
4944	0
4945	0
4946	1
4947	1
4948	0
4949	2
4950	0
4951	0
4952	0
4953	0
4954	1
4955	2
4956	3
4957	1
4958	0
4959	1
4960	0
4961	0
4962	0
4963	0
4964	1
4965	1
4966	0
4967	0
4968	0
4969	1
4970	0
4971	0
4972	0
4973	0
4974	0
4975	0
4976	0
4977	0
4978	0
4979	0
4980	2
4981	0
4982	0
4983	1
4984	0
4985	1
4986	1
4987	0
4988	0
4989	4
4990	0
4991	1
4992	0
4993	0
4994	1
4995	0
4996	1
4997	0
4998	0
4999	1
5000	1
5001	1
5002	0
5003	2
5004	1
5005	0
5006	0
5007	0
5008	0
5009	1
5010	1
5011	0
5012	1
5013	0
5014	1
5015	0
5016	0
5017	0
5018	2
5019	0
5020	1
5021	0
5022	1
5023	0
5024	1
5025	0
5026	1
5027	0
5028	2
5029	0
5030	0
5031	1
5032	1
5033	0
5034	1
5035	0
5036	1
5037	1
5038	1
5039	1
5040	0
5041	0
5042	1
5043	0
5044	0
5045	0
5046	1
5047	1
5048	1
5049	0
5050	2
5051	2
5052	1
5053	2
5054	1
5055	0
5056	0
5057	0
5058	0
5059	2
5060	1
5061	0
5062	2
5063	1
5064	1
5065	1
5066	0
5067	1
5068	2
5069	1
5070	0
5071	0
5072	1
5073	1
5074	0
5075	0
5076	2
5077	0
5078	0
5079	1
5080	1
5081	1
5082	0
5083	0
5084	0
5085	0
5086	1
5087	0
5088	2
5089	2
5090	0
5091	1
5092	0
5093	0
5094	0
5095	1
5096	1
5097	0
5098	1
5099	0
5100	0
5101	0
5102	0
5103	0
5104	0
5105	1
5106	1
5107	1
5108	3
5109	0
5110	0
5111	0
5112	1
5113	1
5114	0
5115	1
5116	0
5117	0
5118	0
5119	0
5120	1
5121	1
5122	2
5123	0
5124	0
5125	0
5126	0
5127	3
5128	2
5129	0
5130	1
5131	0
5132	1
5133	0
5134	1
5135	2
5136	2
5137	1
5138	1
5139	0
5140	3
5141	0
5142	0
5143	0
5144	2
5145	0
5146	1
5147	0
5148	1
5149	2
5150	0
5151	0
5152	1
5153	1
5154	1
5155	0
5156	1
5157	0
5158	0
5159	0
5160	0
5161	1
5162	0
5163	0
5164	0
5165	1
5166	1
5167	0
5168	1
5169	1
5170	0
5171	2
5172	1
5173	2
5174	1
5175	2
5176	0
5177	0
5178	1
5179	0
5180	0
5181	0
5182	0
5183	0
5184	0
5185	1
5186	0
5187	0
5188	1
5189	0
5190	1
5191	0
5192	0
5193	1
5194	3
5195	1
5196	2
5197	0
5198	1
5199	0
5200	0
5201	0
5202	0
5203	0
5204	0
5205	1
5206	1
5207	1
5208	0
5209	0
5210	0
5211	0
5212	0
5213	2
5214	0
5215	0
5216	0
5217	1
5218	0
5219	1
5220	1
5221	1
5222	1
5223	0
5224	0
5225	2
5226	0
5227	1
5228	0
5229	2
5230	0
5231	2
5232	0
5233	2
5234	0
5235	0
5236	1
5237	1
5238	0
5239	0
5240	1
5241	0
5242	1
5243	0
5244	3
5245	0
5246	1
5247	0
5248	1
5249	4
5250	1
5251	0
5252	0
5253	0
5254	1
5255	0
5256	0
5257	2
5258	1
5259	0
5260	1
5261	1
5262	0
5263	0
5264	0
5265	0
5266	1
5267	2
5268	2
5269	0
5270	1
5271	1
5272	0
5273	1
5274	0
5275	2
5276	1
5277	2
5278	0
5279	1
5280	0
5281	0
5282	0
5283	1
5284	0
5285	0
5286	1
5287	0
5288	0
5289	0
5290	3
5291	1
5292	0
5293	0
5294	0
5295	0
5296	0
5297	0
5298	0
5299	1
5300	0
5301	1
5302	0
5303	1
5304	0
5305	0
5306	1
5307	1
5308	0
5309	0
5310	0
5311	0
5312	0
5313	0
5314	0
5315	1
5316	0
5317	1
5318	1
5319	0
5320	1
5321	0
5322	0
5323	1
5324	1
5325	0
5326	0
5327	0
5328	1
5329	0
5330	0
5331	0
5332	0
5333	2
5334	0
5335	1
5336	0
5337	0
5338	1
5339	0
5340	1
5341	0
5342	0
5343	1
5344	0
5345	0
5346	0
5347	3
5348	0
5349	1
5350	0
5351	1
5352	1
5353	1
5354	0
5355	0
5356	0
5357	0
5358	0
5359	1
5360	0
5361	0
5362	1
5363	0
5364	0
5365	1
5366	2
5367	1
5368	3
5369	1
5370	0
5371	1
5372	0
5373	1
5374	2
5375	0
5376	1
5377	0
5378	0
5379	0
5380	0
5381	1
5382	0
5383	0
5384	0
5385	0
5386	0
5387	0
5388	2
5389	1
5390	0
5391	0
5392	1
5393	1
5394	1
5395	0
5396	2
5397	0
5398	1
5399	0
5400	1
5401	0
5402	0
5403	0
5404	0
5405	0
5406	2
5407	0
5408	0
5409	1
5410	1
5411	1
5412	0
5413	0
5414	0
5415	0
5416	1
5417	2
5418	0
5419	0
5420	2
5421	0
5422	1
5423	0
5424	0
5425	1
5426	0
5427	1
5428	1
5429	1
5430	1
5431	0
5432	1
5433	0
5434	0
5435	0
5436	0
5437	1
5438	0
5439	1
5440	1
5441	1
5442	0
5443	0
5444	0
5445	0
5446	0
5447	2
5448	0
5449	0
5450	1
5451	0
5452	0
5453	1
5454	0
5455	1
5456	1
5457	1
5458	1
5459	1
5460	0
5461	1
5462	0
5463	1
5464	2
5465	0
5466	1
5467	1
5468	2
5469	1
5470	0
5471	2
5472	0
5473	0
5474	1
5475	0
5476	1
5477	0
5478	1
5479	0
5480	2
5481	1
5482	1
5483	2
5484	0
5485	1
5486	1
5487	0
5488	0
5489	0
5490	0
5491	0
5492	1
5493	1
5494	1
5495	1
5496	1
5497	0
5498	2
5499	2
5500	1
5501	2
5502	1
5503	0
5504	0
5505	3
5506	0
5507	0
5508	0
5509	2
5510	0
5511	0
5512	1
5513	0
5514	1
5515	3
5516	1
5517	0
5518	1
5519	2
5520	0
5521	0
5522	0
5523	0
5524	0
5525	0
5526	0
5527	0
5528	0
5529	0
5530	1
5531	1
5532	1
5533	0
5534	0
5535	0
5536	0
5537	1
5538	1
5539	2
5540	0
5541	1
5542	2
5543	0
5544	1
5545	0
5546	0
5547	1
5548	0
5549	1
5550	0
5551	0
5552	0
5553	0
5554	0
5555	1
5556	0
5557	1
5558	0
5559	1
5560	0
5561	0
5562	1
5563	0
5564	0
5565	2
5566	1
5567	1
5568	0
5569	0
5570	1
5571	0
5572	0
5573	0
5574	0
5575	1
5576	0
5577	0
5578	0
5579	0
5580	0
5581	0
5582	0
5583	2
5584	1
5585	3
5586	0
5587	1
5588	1
5589	1
5590	0
5591	1
5592	1
5593	0
5594	0
5595	1
5596	0
5597	3
5598	1
5599	1
5600	2
5601	0
5602	1
5603	1
5604	2
5605	0
5606	1
5607	0
5608	0
5609	0
5610	1
5611	2
5612	1
5613	0
5614	0
5615	0
5616	1
5617	1
5618	1
5619	0
5620	1
5621	1
5622	0
5623	0
5624	0
5625	0
5626	1
5627	1
5628	0
5629	2
5630	0
5631	0
5632	0
5633	0
5634	0
5635	0
5636	1
5637	0
5638	0
5639	1
5640	2
5641	0
5642	0
5643	0
5644	0
5645	0
5646	0
5647	0
5648	1
5649	0
5650	0
5651	3
5652	0
5653	0
5654	0
5655	0
5656	1
5657	1
5658	0
5659	0
5660	0
5661	1
5662	0
5663	1
5664	3
5665	0
5666	0
5667	0
5668	1
5669	0
5670	1
5671	1
5672	0
5673	0
5674	1
5675	0
5676	2
5677	0
5678	1
5679	0
5680	0
5681	1
5682	1
5683	0
5684	1
5685	0
5686	0
5687	0
5688	0
5689	1
5690	0
5691	2
5692	0
5693	0
5694	0
5695	0
5696	1
5697	1
5698	1
5699	1
5700	0
5701	3
5702	0
5703	3
5704	0
5705	0
5706	3
5707	1
5708	2
5709	0
5710	0
5711	0
5712	2
5713	3
5714	1
5715	0
5716	2
5717	1
5718	1
5719	2
5720	0
5721	2
5722	0
5723	0
5724	1
5725	2
5726	2
5727	2
5728	2
5729	0
5730	0
5731	0
5732	0
5733	0
5734	0
5735	0
5736	1
5737	1
5738	0
5739	1
5740	1
5741	0
5742	0
5743	1
5744	0
5745	1
5746	1
5747	1
5748	0
5749	1
5750	1
5751	0
5752	1
5753	0
5754	0
5755	0
5756	0
5757	1
5758	0
5759	1
5760	1
5761	1
5762	0
5763	0
5764	1
5765	0
5766	1
5767	0
5768	1
5769	0
5770	1
5771	1
5772	0
5773	2
5774	0
5775	1
5776	0
5777	0
5778	0
5779	1
5780	0
5781	1
5782	1
5783	0
5784	1
5785	2
5786	0
5787	0
5788	0
5789	0
5790	1
5791	0
5792	0
5793	0
5794	1
5795	0
5796	0
5797	1
5798	0
5799	3
5800	1
5801	0
5802	0
5803	0
5804	0
5805	0
5806	0
5807	1
5808	2
5809	2
5810	1
5811	1
5812	0
5813	1
5814	0
5815	2
5816	0
5817	0
5818	0
5819	0
5820	0
5821	1
5822	1
5823	1
5824	1
5825	0
5826	1
5827	1
5828	0
5829	0
5830	1
5831	0
5832	0
5833	0
5834	1
5835	0
5836	0
5837	1
5838	1
5839	0
5840	0
5841	1
5842	0
5843	0
5844	0
5845	1
5846	0
5847	0
5848	0
5849	1
5850	1
5851	1
5852	0
5853	0
5854	0
5855	1
5856	2
5857	2
5858	1
5859	0
5860	0
5861	1
5862	1
5863	2
5864	1
5865	3
5866	1
5867	1
5868	0
5869	0
5870	0
5871	0
5872	1
5873	0
5874	0
5875	0
5876	1
5877	0
5878	1
5879	1
5880	0
5881	0
5882	1
5883	0
5884	0
5885	0
5886	2
5887	1
5888	1
5889	1
5890	0
5891	0
5892	1
5893	2
5894	0
5895	0
5896	1
5897	0
5898	0
5899	0
5900	0
5901	0
5902	0
5903	1
5904	0
5905	0
5906	0
5907	2
5908	0
5909	0
5910	1
5911	0
5912	1
5913	0
5914	1
5915	1
5916	2
5917	0
5918	1
5919	1
5920	1
5921	0
5922	2
5923	1
5924	1
5925	1
5926	1
5927	1
5928	0
5929	0
5930	0
5931	1
5932	0
5933	0
5934	0
5935	0
5936	0
5937	0
5938	0
5939	1
5940	0
5941	2
5942	1
5943	1
5944	1
5945	0
5946	1
5947	0
5948	0
5949	0
5950	0
5951	0
5952	1
5953	0
5954	0
5955	1
5956	1
5957	0
5958	0
5959	0
5960	0
5961	1
5962	0
5963	0
5964	0
5965	1
5966	0
5967	0
5968	1
5969	1
5970	1
5971	0
5972	0
5973	0
5974	1
5975	0
5976	0
5977	0
5978	2
5979	0
5980	0
5981	0
5982	1
5983	0
5984	0
5985	0
5986	0
5987	0
5988	1
5989	1
5990	0
5991	0
5992	1
5993	0
5994	0
5995	3
5996	1
5997	1
5998	1
5999	0
6000	1
6001	1
6002	0
6003	0
6004	0
6005	2
6006	1
6007	0
6008	0
6009	0
6010	0
6011	2
6012	1
6013	1
6014	0
6015	0
6016	0
6017	0
6018	2
6019	0
6020	1
6021	0
6022	0
6023	0
6024	0
6025	0
6026	3
6027	2
6028	0
6029	1
6030	0
6031	0
6032	0
6033	0
6034	0
6035	0
6036	0
6037	1
6038	1
6039	2
6040	0
6041	0
6042	0
6043	0
6044	1
6045	1
6046	0
6047	0
6048	0
6049	0
6050	0
6051	0
6052	1
6053	3
6054	0
6055	1
6056	0
6057	0
6058	1
6059	0
6060	2
6061	0
6062	0
6063	1
6064	1
6065	0
6066	1
6067	0
6068	1
6069	0
6070	0
6071	0
6072	0
6073	0
6074	2
6075	0
6076	0
6077	1
6078	2
6079	2
6080	2
6081	0
6082	1
6083	0
6084	0
6085	3
6086	1
6087	0
6088	1
6089	1
6090	0
6091	0
6092	0
6093	1
6094	0
6095	0
6096	2
6097	2
6098	0
6099	0
6100	1
6101	1
6102	0
6103	1
6104	0
6105	0
6106	0
6107	0
6108	1
6109	0
6110	0
6111	1
6112	2
6113	0
6114	1
6115	0
6116	2
6117	0
6118	2
6119	0
6120	1
6121	1
6122	0
6123	2
6124	1
6125	0
6126	0
6127	1
6128	2
6129	0
6130	0
6131	1
6132	1
6133	3
6134	1
6135	1
6136	1
6137	1
6138	0
6139	0
6140	0
6141	0
6142	0
6143	1
6144	0
6145	1
6146	0
6147	2
6148	0
6149	1
6150	2
6151	1
6152	0
6153	0
6154	1
6155	0
6156	0
6157	0
6158	1
6159	1
6160	2
6161	0
6162	0
6163	0
6164	0
6165	0
6166	0
6167	0
6168	2
6169	0
6170	1
6171	0
6172	1
6173	1
6174	1
6175	0
6176	1
6177	1
6178	1
6179	0
6180	0
6181	0
6182	1
6183	1
6184	0
6185	1
6186	2
6187	1
6188	1
6189	1
6190	0
6191	0
6192	1
6193	0
6194	0
6195	0
6196	0
6197	1
6198	0
6199	0
6200	0
6201	2
6202	0
6203	1
6204	0
6205	0
6206	0
6207	0
6208	1
6209	0
6210	0
6211	0
6212	1
6213	2
6214	1
6215	1
6216	0
6217	0
6218	0
6219	0
6220	0
6221	0
6222	0
6223	2
6224	2
6225	0
6226	1
6227	0
6228	1
6229	1
6230	0
6231	1
6232	0
6233	1
6234	0
6235	0
6236	0
6237	1
6238	0
6239	1
6240	0
6241	0
6242	0
6243	1
6244	1
6245	0
6246	1
6247	0
6248	2
6249	2
6250	2
6251	1
6252	0
6253	0
6254	0
6255	0
6256	2
6257	0
6258	1
6259	1
6260	1
6261	0
6262	0
6263	1
6264	0
6265	0
6266	1
6267	0
6268	0
6269	3
6270	0
6271	0
6272	0
6273	0
6274	0
6275	0
6276	0
6277	1
6278	0
6279	0
6280	0
6281	0
6282	1
6283	0
6284	0
6285	1
6286	0
6287	3
6288	0
6289	0
6290	0
6291	1
6292	0
6293	0
6294	0
6295	1
6296	0
6297	0
6298	0
6299	1
6300	1
6301	0
6302	0
6303	0
6304	0
6305	1
6306	2
6307	0
6308	0
6309	0
6310	1
6311	0
6312	0
6313	1
6314	1
6315	2
6316	1
6317	0
6318	0
6319	0
6320	0
6321	0
6322	0
6323	1
6324	1
6325	0
6326	1
6327	1
6328	0
6329	0
6330	0
6331	0
6332	1
6333	2
6334	0
6335	2
6336	1
6337	1
6338	0
6339	0
6340	1
6341	0
6342	0
6343	0
6344	1
6345	2
6346	0
6347	2
6348	1
6349	1
6350	0
6351	0
6352	1
6353	0
6354	0
6355	0
6356	0
6357	0
6358	0
6359	0
6360	0
6361	1
6362	0
6363	2
6364	0
6365	0
6366	0
6367	0
6368	3
6369	2
6370	0
6371	0
6372	0
6373	1
6374	2
6375	0
6376	1
6377	0
6378	0
6379	1
6380	0
6381	1
6382	0
6383	1
6384	1
6385	1
6386	0
6387	0
6388	0
6389	0
6390	1
6391	1
6392	1
6393	0
6394	2
6395	0
6396	0
6397	0
6398	1
6399	0
6400	1
6401	0
6402	1
6403	0
6404	0
6405	0
6406	1
6407	1
6408	0
6409	0
6410	0
6411	0
6412	0
6413	1
6414	0
6415	0
6416	2
6417	0
6418	1
6419	1
6420	2
6421	0
6422	0
6423	0
6424	1
6425	2
6426	1
6427	0
6428	0
6429	0
6430	0
6431	0
6432	1
6433	1
6434	0
6435	0
6436	1
6437	1
6438	0
6439	0
6440	0
6441	0
6442	0
6443	1
6444	0
6445	0
6446	0
6447	0
6448	0
6449	0
6450	1
6451	3
6452	0
6453	2
6454	0
6455	1
6456	1
6457	0
6458	0
6459	0
6460	1
6461	1
6462	0
6463	0
6464	0
6465	0
6466	0
6467	1
6468	0
6469	1
6470	0
6471	0
6472	1
6473	0
6474	1
6475	2
6476	0
6477	1
6478	0
6479	0
6480	0
6481	1
6482	1
6483	1
6484	0
6485	0
6486	0
6487	0
6488	0
6489	1
6490	0
6491	0
6492	1
6493	0
6494	1
6495	1
6496	1
6497	0
6498	0
6499	0
6500	0
6501	0
6502	2
6503	0
6504	0
6505	0
6506	0
6507	1
6508	0
6509	0
6510	0
6511	0
6512	1
6513	0
6514	1
6515	0
6516	0
6517	0
6518	0
6519	1
6520	0
6521	1
6522	0
6523	0
6524	0
6525	1
6526	0
6527	2
6528	0
6529	0
6530	1
6531	0
6532	0
6533	1
6534	1
6535	0
6536	0
6537	0
6538	0
6539	0
6540	0
6541	0
6542	0
6543	0
6544	1
6545	0
6546	0
6547	0
6548	0
6549	0
6550	0
6551	0
6552	1
6553	0
6554	0
6555	0
6556	0
6557	0
6558	0
6559	0
6560	0
6561	0
6562	0
6563	0
6564	0
6565	0
6566	1
6567	0
6568	2
6569	0
6570	1
6571	0
6572	2
6573	1
6574	0
6575	0
6576	0
6577	0
6578	0
6579	1
6580	1
6581	0
6582	0
6583	0
6584	2
6585	0
6586	0
6587	0
6588	0
6589	0
6590	0
6591	1
6592	1
6593	1
6594	0
6595	0
6596	1
6597	0
6598	0
6599	1
6600	0
6601	1
6602	0
6603	1
6604	0
6605	0
6606	0
6607	1
6608	0
6609	0
6610	0
6611	0
6612	0
6613	0
6614	0
6615	0
6616	0
6617	0
6618	2
6619	1
6620	1
6621	0
6622	0
6623	0
6624	1
6625	0
6626	0
6627	0
6628	0
6629	0
6630	1
6631	0
6632	0
6633	1
6634	0
6635	0
6636	0
6637	0
6638	0
6639	0
6640	0
6641	1
6642	0
6643	0
6644	0
6645	0
6646	0
6647	0
6648	0
6649	0
6650	0
6651	0
6652	0
6653	1
6654	1
6655	0
6656	0
6657	0
6658	0
6659	0
6660	0
6661	0
6662	1
6663	0
6664	0
6665	0
6666	2
6667	0
6668	0
6669	0
6670	1
6671	1
6672	0
6673	0
6674	0
6675	2
6676	0
6677	1
6678	0
6679	0
6680	0
6681	0
6682	0
6683	1
6684	0
6685	0
6686	0
6687	0
6688	1
6689	2
6690	1
6691	1
6692	2
6693	2
6694	0
6695	0
6696	2
6697	1
6698	0
6699	2
6700	0
6701	2
6702	1
6703	0
6704	2
6705	0
6706	0
6707	0
6708	0
6709	2
6710	1
6711	1
6712	0
6713	1
6714	0
6715	0
6716	1
6717	0
6718	0
6719	0
6720	0
6721	1
6722	1
6723	2
6724	1
6725	0
6726	0
6727	1
6728	2
6729	1
6730	1
6731	1
6732	0
6733	1
6734	0
6735	0
6736	0
6737	0
6738	0
6739	1
6740	0
6741	0
6742	0
6743	1
6744	0
6745	1
6746	0
6747	0
6748	0
6749	0
6750	3
6751	0
6752	0
6753	0
6754	0
6755	0
6756	0
6757	0
6758	0
6759	2
6760	0
6761	0
6762	0
6763	2
6764	0
6765	0
6766	0
6767	0
6768	0
6769	0
6770	1
6771	1
6772	0
6773	0
6774	1
6775	1
6776	0
6777	0
6778	0
6779	0
6780	1
6781	0
6782	0
6783	1
6784	1
6785	0
6786	0
6787	0
6788	0
6789	0
6790	0
6791	0
6792	0
6793	0
6794	0
6795	0
6796	1
6797	1
6798	0
6799	0
6800	1
6801	1
6802	0
6803	0
6804	1
6805	0
6806	0
6807	0
6808	0
6809	0
6810	0
6811	0
6812	0
6813	0
6814	1
6815	2
6816	0
6817	0
6818	1
6819	0
6820	1
6821	0
6822	0
6823	0
6824	0
6825	0
6826	0
6827	1
6828	2
6829	0
6830	0
6831	1
6832	0
6833	2
6834	0
6835	0
6836	0
6837	0
6838	0
6839	0
6840	0
6841	0
6842	0
6843	0
6844	0
6845	0
6846	0
6847	1
6848	0
6849	2
6850	1
6851	0
6852	0
6853	0
6854	1
6855	0
6856	1
6857	0
6858	0
6859	3
6860	1
6861	1
6862	0
6863	0
6864	0
6865	0
6866	1
6867	1
6868	0
6869	1
6870	0
6871	1
6872	1
6873	1
6874	1
6875	0
6876	0
6877	0
6878	1
6879	0
6880	0
6881	1
6882	0
6883	1
6884	0
6885	1
6886	0
6887	1
6888	0
6889	2
6890	0
6891	0
6892	2
6893	2
6894	0
6895	1
6896	0
6897	0
6898	1
6899	0
6900	0
6901	0
6902	0
6903	0
6904	0
6905	0
6906	0
6907	1
6908	0
6909	1
6910	0
6911	1
6912	0
6913	0
6914	1
6915	1
6916	0
6917	0
6918	0
6919	0
6920	0
6921	0
6922	0
6923	0
6924	0
6925	1
6926	0
6927	0
6928	1
6929	1
6930	0
6931	1
6932	1
6933	0
6934	0
6935	0
6936	0
6937	0
6938	2
6939	1
6940	0
6941	0
6942	0
6943	0
6944	0
6945	1
6946	0
6947	1
6948	0
6949	0
6950	0
6951	0
6952	0
6953	2
6954	1
6955	1
6956	0
6957	1
6958	1
6959	0
6960	0
6961	1
6962	1
6963	0
6964	1
6965	3
6966	0
6967	0
6968	1
6969	0
6970	1
6971	0
6972	0
6973	0
6974	0
6975	1
6976	0
6977	0
6978	0
6979	0
6980	1
6981	0
6982	0
6983	0
6984	0
6985	2
6986	2
6987	1
6988	0
6989	1
6990	0
6991	2
6992	0
6993	0
6994	0
6995	0
6996	1
6997	1
6998	0
6999	1
7000	0
7001	0
7002	0
7003	1
7004	0
7005	0
7006	1
7007	0
7008	2
7009	0
7010	0
7011	0
7012	1
7013	1
7014	0
7015	0
7016	0
7017	0
7018	0
7019	0
7020	0
7021	1
7022	1
7023	2
7024	0
7025	0
7026	1
7027	0
7028	1
7029	2
7030	0
7031	0
7032	0
7033	1
7034	0
7035	0
7036	0
7037	0
7038	2
7039	0
7040	0
7041	0
7042	1
7043	0
7044	0
7045	0
7046	1
7047	1
7048	0
7049	0
7050	0
7051	2
7052	1
7053	0
7054	0
7055	0
7056	1
7057	0
7058	0
7059	1
7060	2
7061	1
7062	1
7063	1
7064	1
7065	1
7066	1
7067	0
7068	0
7069	0
7070	0
7071	1
7072	3
7073	1
7074	0
7075	1
7076	2
7077	1
7078	0
7079	0
7080	0
7081	1
7082	1
7083	0
7084	0
7085	0
7086	0
7087	0
7088	1
7089	1
7090	0
7091	1
7092	1
7093	0
7094	0
7095	0
7096	1
7097	0
7098	1
7099	0
7100	0
7101	0
7102	0
7103	0
7104	0
7105	0
7106	0
7107	0
7108	1
7109	0
7110	2
7111	1
7112	1
7113	0
7114	0
7115	0
7116	1
7117	1
7118	1
7119	2
7120	0
7121	0
7122	1
7123	0
7124	2
7125	1
7126	0
7127	1
7128	0
7129	2
7130	0
7131	1
7132	0
7133	0
7134	1
7135	1
7136	1
7137	1
7138	1
7139	0
7140	0
7141	0
7142	3
7143	0
7144	1
7145	1
7146	2
7147	0
7148	2
7149	0
7150	0
7151	0
7152	0
7153	0
7154	1
7155	0
7156	0
7157	0
7158	0
7159	0
7160	2
7161	1
7162	0
7163	0
7164	1
7165	0
7166	1
7167	1
7168	1
7169	0
7170	0
7171	0
7172	1
7173	2
7174	1
7175	0
7176	1
7177	1
7178	0
7179	1
7180	0
7181	1
7182	0
7183	1
7184	0
7185	2
7186	0
7187	1
7188	0
7189	0
7190	0
7191	0
7192	0
7193	0
7194	0
7195	0
7196	0
7197	0
7198	1
7199	0
7200	0
7201	1
7202	1
7203	0
7204	0
7205	0
7206	0
7207	0
7208	0
7209	0
7210	1
7211	0
7212	0
7213	0
7214	0
7215	0
7216	0
7217	2
7218	1
7219	2
7220	0
7221	1
7222	0
7223	0
7224	0
7225	0
7226	0
7227	0
7228	1
7229	1
7230	0
7231	0
7232	0
7233	0
7234	1
7235	0
7236	0
7237	1
7238	0
7239	0
7240	0
7241	0
7242	0
7243	1
7244	0
7245	0
7246	0
7247	0
7248	0
7249	2
7250	1
7251	1
7252	1
7253	0
7254	0
7255	0
7256	0
7257	0
7258	1
7259	1
7260	1
7261	0
7262	0
7263	0
7264	0
7265	0
7266	1
7267	0
7268	0
7269	0
7270	0
7271	2
7272	1
7273	0
7274	0
7275	0
7276	0
7277	0
7278	0
7279	1
7280	2
7281	1
7282	0
7283	0
7284	1
7285	2
7286	0
7287	0
7288	0
7289	0
7290	0
7291	0
7292	1
7293	0
7294	0
7295	1
7296	0
7297	0
7298	0
7299	0
7300	1
7301	0
7302	0
7303	3
7304	0
7305	0
7306	2
7307	0
7308	0
7309	1
7310	0
7311	1
7312	0
7313	0
7314	0
7315	1
7316	0
7317	0
7318	0
7319	0
7320	0
7321	0
7322	0
7323	1
7324	0
7325	0
7326	0
7327	0
7328	0
7329	1
7330	0
7331	3
7332	0
7333	0
7334	0
7335	0
7336	0
7337	0
7338	0
7339	1
7340	1
7341	1
7342	0
7343	0
7344	0
7345	1
7346	1
7347	0
7348	1
7349	0
7350	0
7351	0
7352	0
7353	0
7354	0
7355	0
7356	0
7357	0
7358	0
7359	1
7360	0
7361	0
7362	0
7363	0
7364	0
7365	0
7366	0
7367	0
7368	0
7369	1
7370	0
7371	0
7372	1
7373	3
7374	1
7375	0
7376	1
7377	1
7378	2
7379	0
7380	0
7381	0
7382	0
7383	0
7384	0
7385	0
7386	0
7387	0
7388	0
7389	2
7390	0
7391	0
7392	0
7393	1
7394	0
7395	0
7396	0
7397	0
7398	0
7399	1
7400	0
7401	2
7402	0
7403	1
7404	0
7405	0
7406	0
7407	1
7408	0
7409	1
7410	0
7411	0
7412	0
7413	1
7414	0
7415	0
7416	0
7417	0
7418	0
7419	0
7420	0
7421	0
7422	3
7423	0
7424	0
7425	0
7426	0
7427	1
7428	0
7429	1
7430	0
7431	0
7432	1
7433	0
7434	0
7435	0
7436	0
7437	1
7438	0
7439	0
7440	1
7441	0
7442	1
7443	0
7444	0
7445	1
7446	1
7447	0
7448	0
7449	0
7450	1
7451	0
7452	0
7453	0
7454	0
7455	0
7456	1
7457	0
7458	1
7459	0
7460	1
7461	0
7462	0
7463	0
7464	0
7465	2
7466	0
7467	0
7468	0
7469	0
7470	1
7471	0
7472	1
7473	0
7474	0
7475	0
7476	1
7477	0
7478	0
7479	0
7480	0
7481	1
7482	0
7483	1
7484	0
7485	1
7486	0
7487	0
7488	0
7489	1
7490	0
7491	0
7492	0
7493	0
7494	0
7495	0
7496	0
7497	0
7498	0
7499	0
7500	0
7501	0
7502	1
7503	0
7504	0
7505	0
7506	0
7507	0
7508	0
7509	0
7510	0
7511	0
7512	0
7513	1
7514	0
7515	0
7516	1
7517	0
7518	0
7519	0
7520	0
7521	0
7522	0
7523	0
7524	0
7525	0
7526	2
7527	0
7528	1
7529	0
7530	0
7531	0
7532	0
7533	0
7534	0
7535	0
7536	0
7537	0
7538	0
7539	0
7540	0
7541	0
7542	0
7543	0
7544	0
7545	1
7546	1
7547	0
7548	0
7549	1
7550	0
7551	0
7552	0
7553	0
7554	0
7555	0
7556	0
7557	0
7558	0
7559	0
7560	1
7561	0
7562	0
7563	0
7564	0
7565	0
7566	0
7567	0
7568	0
7569	0
7570	0
7571	0
7572	0
7573	0
7574	0
7575	0
7576	0
7577	0
7578	0
7579	0
7580	0
7581	0
7582	0
7583	0
7584	0
7585	0
7586	0
7587	0
7588	0
7589	0
7590	1
7591	0
7592	0
7593	0
7594	0
7595	0
7596	0
7597	1
7598	1
7599	0
7600	0
7601	0
7602	0
7603	0
7604	0
7605	0
7606	0
7607	1
7608	3
7609	0
7610	0
7611	0
7612	0
7613	0
7614	0
7615	1
7616	0
7617	0
7618	0
7619	2
7620	1
7621	1
7622	1
7623	0
7624	0
7625	0
7626	0
7627	0
7628	0
7629	1
7630	0
7631	1
7632	0
7633	0
7634	0
7635	0
7636	0
7637	1
7638	0
7639	0
7640	0
7641	0
7642	0
7643	0
7644	0
7645	0
7646	0
7647	0
7648	0
7649	0
7650	2
7651	0
7652	0
7653	0
7654	0
7655	0
7656	0
7657	0
7658	0
7659	1
7660	0
7661	1
7662	0
7663	2
7664	1
7665	0
7666	0
7667	0
7668	1
7669	0
7670	1
7671	0
7672	0
7673	0
7674	0
7675	1
7676	0
7677	0
7678	0
7679	0
7680	0
7681	0
7682	0
7683	0
7684	0
7685	0
7686	1
7687	0
7688	0
7689	0
7690	0
7691	0
7692	0
7693	0
7694	0
7695	1
7696	0
7697	1
7698	0
7699	1
7700	0
7701	0
7702	2
7703	0
7704	0
7705	1
7706	0
7707	0
7708	0
7709	0
7710	0
7711	0
7712	0
7713	0
7714	0
7715	0
7716	0
7717	1
7718	1
7719	0
7720	0
7721	0
7722	0
7723	0
7724	1
7725	0
7726	1
7727	1
7728	0
7729	0
7730	0
7731	0
7732	0
7733	0
7734	0
7735	0
7736	0
7737	1
7738	0
7739	0
7740	0
7741	0
7742	1
7743	0
7744	0
7745	1
7746	1
7747	0
7748	0
7749	1
7750	0
7751	0
7752	0
7753	0
7754	0
7755	0
7756	0
7757	0
7758	0
7759	0
7760	1
7761	0
7762	0
7763	0
7764	0
7765	0
7766	2
7767	0
7768	0
7769	0
7770	1
7771	0
7772	0
7773	0
7774	0
7775	1
7776	0
7777	0
7778	0
7779	0
7780	0
7781	0
7782	2
7783	1
7784	1
7785	0
7786	1
7787	0
7788	1
7789	0
7790	0
7791	0
7792	0
7793	0
7794	0
7795	1
7796	1
7797	1
7798	0
7799	0
7800	0
7801	1
7802	0
7803	0
7804	0
7805	0
7806	1
7807	0
7808	1
7809	0
7810	2
7811	1
7812	0
7813	0
7814	0
7815	1
7816	0
7817	0
7818	0
7819	1
7820	0
7821	1
7822	1
7823	1
7824	1
7825	0
7826	0
7827	1
7828	0
7829	1
7830	1
7831	0
7832	0
7833	0
7834	0
7835	0
7836	0
7837	0
7838	0
7839	1
7840	1
7841	1
7842	1
7843	0
7844	0
7845	0
7846	1
7847	0
7848	0
7849	0
7850	0
7851	0
7852	0
7853	0
7854	0
7855	2
7856	0
7857	0
7858	0
7859	1
7860	0
7861	0
7862	1
7863	0
7864	0
7865	0
7866	0
7867	1
7868	0
7869	1
7870	0
7871	0
7872	0
7873	1
7874	2
7875	0
7876	0
7877	0
7878	0
7879	0
7880	0
7881	0
7882	0
7883	1
7884	0
7885	0
7886	1
7887	0
7888	0
7889	0
7890	0
7891	1
7892	0
7893	1
7894	0
7895	0
7896	0
7897	0
7898	0
7899	0
7900	2
7901	0
7902	0
7903	0
7904	0
7905	0
7906	0
7907	0
7908	0
7909	1
7910	0
7911	0
7912	0
7913	0
7914	0
7915	0
7916	0
7917	0
7918	0
7919	0
7920	0
7921	0
7922	0
7923	0
7924	0
7925	0
7926	0
7927	0
7928	0
7929	0
7930	0
7931	0
7932	0
7933	0
7934	0
7935	0
7936	0
7937	0
7938	0
7939	0
7940	0
7941	0
7942	0
7943	0
7944	0
7945	0
7946	0
7947	0
7948	0
7949	0
7950	0
7951	0
7952	0
7953	0
7954	0
7955	0
7956	0
7957	0
7958	0
7959	0
7960	0
7961	0
7962	0
7963	0
7964	0
7965	0
7966	0
7967	0
7968	0
7969	0
7970	0
7971	0
7972	0
7973	0
7974	0
7975	0
7976	0
7977	0
7978	0
7979	0
7980	0
7981	0
7982	0
7983	0
7984	0
7985	0
7986	0
7987	0
7988	0
7989	0
7990	0
7991	0
7992	0
7993	0
7994	0
7995	0
7996	0
7997	0
7998	0
7999	0
8000	0
8001	0
8002	0
8003	0
8004	0
8005	0
8006	0
8007	0
8008	0
8009	0
8010	0
8011	0
8012	0
8013	0
8014	0
8015	0
8016	0
8017	0
8018	0
8019	0
8020	0
8021	0
8022	0
8023	0
8024	0
8025	0
8026	0
8027	0
8028	0
8029	0
8030	0
8031	0
8032	0
8033	0
8034	0
8035	0
8036	0
8037	0
8038	0
8039	0
8040	0
8041	0
8042	0
8043	0
8044	0
8045	0
8046	0
8047	0
8048	0
8049	0
8050	0
8051	0
8052	0
8053	0
8054	0
8055	0
8056	0
8057	0
8058	0
8059	0
8060	0
8061	0
8062	0
8063	0
8064	0
8065	0
8066	0
8067	0
8068	0
8069	0
8070	0
8071	0
8072	0
8073	0
8074	0
8075	0
8076	0
8077	0
8078	0
8079	0
8080	0
8081	0
8082	0
8083	0
8084	0
8085	0
8086	0
8087	0
8088	0
8089	0
8090	0
8091	0
8092	0
8093	0
8094	0
8095	0
8096	0
8097	0
8098	0
8099	0
8100	0
8101	0
8102	0
8103	0
8104	0
8105	0
8106	0
8107	0
8108	0
8109	0
8110	0
8111	0
8112	0
8113	0
8114	0
8115	0
8116	0
8117	0
8118	0
8119	0
8120	0
8121	0
8122	0
8123	0
8124	0
8125	0
8126	0
8127	0
8128	0
8129	0
8130	0
8131	0
8132	0
8133	0
8134	0
8135	0
8136	0
8137	0
8138	0
8139	0
8140	0
8141	0
8142	0
8143	0
8144	0
8145	0
8146	0
8147	0
8148	0
8149	0
8150	0
8151	0
8152	0
8153	0
8154	0
8155	0
8156	0
8157	0
8158	0
8159	0
8160	0
8161	0
8162	0
8163	0
8164	0
8165	0
8166	0
8167	0
8168	0
8169	0
8170	0
8171	0
8172	0
8173	0
8174	0
8175	0
8176	0
8177	0
8178	0
8179	0
8180	0
8181	0
8182	0
8183	0
8184	0
8185	0
8186	0
8187	0
8188	0
8189	0
8190	0
8191	0
