0	0
1	0
2	0
3	0
4	0
5	0
6	0
7	0
8	0
9	0
10	0
11	0
12	0
13	0
14	0
15	0
16	0
17	0
18	0
19	0
20	0
21	0
22	0
23	0
24	0
25	0
26	0
27	0
28	0
29	0
30	0
31	0
32	0
33	0
34	0
35	0
36	0
37	0
38	0
39	0
40	0
41	0
42	0
43	0
44	0
45	0
46	0
47	0
48	0
49	0
50	0
51	0
52	0
53	0
54	0
55	0
56	0
57	0
58	0
59	0
60	0
61	0
62	0
63	0
64	0
65	0
66	0
67	0
68	0
69	0
70	0
71	0
72	0
73	0
74	0
75	0
76	0
77	0
78	0
79	0
80	0
81	0
82	1
83	6
84	8
85	15
86	11
87	20
88	14
89	10
90	15
91	12
92	11
93	10
94	15
95	28
96	12
97	14
98	16
99	12
100	16
101	8
102	9
103	12
104	13
105	13
106	16
107	17
108	10
109	10
110	19
111	13
112	14
113	17
114	13
115	17
116	7
117	11
118	16
119	13
120	7
121	17
122	17
123	13
124	20
125	14
126	15
127	8
128	22
129	16
130	16
131	12
132	12
133	14
134	12
135	18
136	18
137	19
138	5
139	12
140	9
141	23
142	13
143	9
144	18
145	13
146	16
147	18
148	14
149	16
150	9
151	17
152	13
153	13
154	13
155	11
156	11
157	11
158	9
159	8
160	12
161	18
162	14
163	14
164	16
165	15
166	14
167	18
168	16
169	11
170	15
171	14
172	14
173	20
174	22
175	13
176	8
177	22
178	14
179	17
180	14
181	10
182	15
183	21
184	16
185	17
186	24
187	15
188	12
189	19
190	12
191	18
192	14
193	10
194	19
195	11
196	15
197	14
198	25
199	13
200	12
201	22
202	17
203	26
204	15
205	14
206	19
207	23
208	9
209	19
210	18
211	17
212	21
213	16
214	15
215	21
216	16
217	15
218	11
219	19
220	24
221	11
222	9
223	19
224	16
225	17
226	14
227	12
228	24
229	10
230	10
231	20
232	15
233	17
234	11
235	18
236	9
237	14
238	12
239	13
240	7
241	15
242	23
243	16
244	18
245	10
246	17
247	13
248	14
249	15
250	10
251	14
252	21
253	14
254	17
255	17
256	7
257	15
258	20
259	10
260	17
261	17
262	18
263	14
264	25
265	19
266	15
267	18
268	19
269	12
270	22
271	13
272	12
273	16
274	14
275	11
276	12
277	17
278	16
279	17
280	11
281	18
282	13
283	20
284	24
285	13
286	25
287	13
288	13
289	15
290	22
291	12
292	30
293	14
294	13
295	17
296	20
297	20
298	17
299	15
300	18
301	22
302	18
303	15
304	13
305	20
306	14
307	22
308	19
309	13
310	18
311	20
312	18
313	21
314	14
315	14
316	18
317	26
318	16
319	14
320	16
321	19
322	15
323	21
324	19
325	20
326	22
327	16
328	27
329	15
330	20
331	19
332	18
333	21
334	18
335	18
336	10
337	13
338	14
339	15
340	16
341	11
342	16
343	27
344	19
345	10
346	15
347	16
348	13
349	15
350	20
351	18
352	20
353	20
354	15
355	15
356	17
357	12
358	13
359	12
360	14
361	12
362	20
363	17
364	15
365	21
366	18
367	22
368	16
369	14
370	20
371	18
372	11
373	18
374	20
375	13
376	12
377	11
378	21
379	16
380	26
381	22
382	14
383	21
384	25
385	15
386	18
387	11
388	18
389	15
390	18
391	9
392	19
393	24
394	20
395	15
396	21
397	20
398	11
399	15
400	26
401	23
402	14
403	22
404	22
405	19
406	18
407	18
408	18
409	18
410	23
411	22
412	23
413	18
414	15
415	15
416	21
417	13
418	20
419	15
420	27
421	17
422	14
423	16
424	15
425	25
426	23
427	20
428	22
429	18
430	16
431	21
432	21
433	11
434	17
435	18
436	19
437	19
438	25
439	21
440	16
441	29
442	20
443	20
444	26
445	16
446	24
447	14
448	13
449	22
450	20
451	24
452	14
453	22
454	24
455	15
456	22
457	26
458	33
459	27
460	26
461	19
462	17
463	26
464	22
465	23
466	30
467	20
468	31
469	24
470	15
471	24
472	21
473	28
474	21
475	19
476	31
477	31
478	28
479	27
480	25
481	31
482	16
483	26
484	33
485	29
486	34
487	52
488	39
489	19
490	29
491	30
492	28
493	30
494	32
495	27
496	29
497	27
498	25
499	32
500	36
501	37
502	37
503	34
504	36
505	43
506	36
507	30
508	27
509	35
510	39
511	27
512	31
513	36
514	47
515	47
516	32
517	39
518	21
519	33
520	35
521	22
522	33
523	31
524	40
525	34
526	43
527	43
528	37
529	35
530	41
531	28
532	40
533	41
534	30
535	29
536	29
537	32
538	29
539	31
540	27
541	31
542	25
543	32
544	31
545	19
546	43
547	24
548	29
549	22
550	28
551	29
552	24
553	28
554	28
555	29
556	22
557	18
558	35
559	40
560	28
561	24
562	32
563	29
564	17
565	36
566	18
567	34
568	29
569	30
570	30
571	30
572	28
573	20
574	21
575	33
576	21
577	24
578	16
579	37
580	23
581	25
582	19
583	23
584	20
585	30
586	20
587	28
588	18
589	23
590	26
591	25
592	31
593	31
594	22
595	28
596	14
597	10
598	23
599	24
600	34
601	28
602	30
603	32
604	25
605	30
606	25
607	18
608	23
609	24
610	26
611	16
612	31
613	19
614	27
615	36
616	23
617	30
618	20
619	24
620	24
621	26
622	23
623	19
624	13
625	22
626	19
627	15
628	16
629	21
630	28
631	19
632	24
633	26
634	25
635	24
636	19
637	30
638	27
639	21
640	23
641	22
642	23
643	18
644	24
645	20
646	21
647	29
648	16
649	23
650	19
651	25
652	25
653	24
654	21
655	22
656	23
657	28
658	28
659	27
660	29
661	17
662	27
663	15
664	19
665	25
666	24
667	28
668	20
669	19
670	25
671	26
672	17
673	12
674	18
675	27
676	26
677	23
678	15
679	25
680	28
681	25
682	31
683	20
684	24
685	21
686	28
687	16
688	24
689	31
690	21
691	20
692	21
693	37
694	25
695	32
696	34
697	30
698	21
699	28
700	22
701	22
702	21
703	26
704	14
705	27
706	29
707	22
708	34
709	19
710	25
711	18
712	28
713	22
714	33
715	17
716	16
717	30
718	30
719	35
720	30
721	24
722	32
723	25
724	18
725	36
726	25
727	19
728	34
729	21
730	29
731	19
732	25
733	24
734	27
735	34
736	26
737	13
738	24
739	29
740	25
741	24
742	24
743	26
744	32
745	27
746	24
747	23
748	22
749	25
750	19
751	33
752	17
753	28
754	31
755	25
756	22
757	32
758	32
759	21
760	33
761	30
762	41
763	18
764	25
765	41
766	27
767	17
768	24
769	26
770	20
771	21
772	22
773	36
774	30
775	36
776	29
777	30
778	25
779	25
780	17
781	22
782	32
783	29
784	31
785	28
786	22
787	31
788	23
789	33
790	38
791	25
792	30
793	28
794	36
795	25
796	40
797	28
798	32
799	31
800	24
801	27
802	27
803	24
804	24
805	28
806	27
807	26
808	42
809	36
810	26
811	32
812	45
813	29
814	32
815	34
816	22
817	29
818	20
819	32
820	33
821	27
822	40
823	21
824	44
825	28
826	23
827	33
828	25
829	27
830	34
831	34
832	31
833	24
834	33
835	29
836	32
837	37
838	33
839	29
840	28
841	40
842	24
843	35
844	33
845	30
846	27
847	37
848	41
849	38
850	37
851	31
852	24
853	36
854	35
855	27
856	40
857	31
858	32
859	31
860	28
861	32
862	46
863	34
864	35
865	51
866	27
867	38
868	27
869	45
870	28
871	32
872	32
873	34
874	26
875	30
876	33
877	33
878	40
879	42
880	34
881	40
882	45
883	31
884	35
885	27
886	36
887	35
888	41
889	38
890	33
891	37
892	32
893	32
894	38
895	34
896	36
897	35
898	38
899	30
900	43
901	39
902	37
903	28
904	24
905	39
906	37
907	37
908	34
909	33
910	33
911	34
912	37
913	39
914	28
915	27
916	34
917	42
918	33
919	30
920	35
921	35
922	34
923	40
924	27
925	30
926	26
927	35
928	33
929	33
930	38
931	23
932	45
933	44
934	40
935	34
936	39
937	25
938	27
939	51
940	38
941	31
942	37
943	37
944	39
945	39
946	36
947	31
948	31
949	38
950	34
951	35
952	40
953	27
954	44
955	44
956	31
957	23
958	36
959	23
960	36
961	35
962	28
963	46
964	47
965	33
966	36
967	33
968	32
969	39
970	33
971	34
972	37
973	28
974	47
975	36
976	48
977	40
978	31
979	33
980	40
981	26
982	41
983	33
984	35
985	31
986	35
987	32
988	44
989	33
990	40
991	41
992	39
993	38
994	40
995	38
996	39
997	32
998	29
999	26
1000	40
1001	31
1002	43
1003	38
1004	32
1005	35
1006	42
1007	32
1008	35
1009	38
1010	40
1011	36
1012	35
1013	40
1014	30
1015	32
1016	42
1017	31
1018	29
1019	30
1020	48
1021	43
1022	45
1023	42
1024	26
1025	38
1026	32
1027	50
1028	39
1029	34
1030	39
1031	45
1032	27
1033	24
1034	38
1035	39
1036	41
1037	34
1038	36
1039	25
1040	38
1041	37
1042	39
1043	43
1044	32
1045	40
1046	39
1047	32
1048	36
1049	46
1050	42
1051	47
1052	42
1053	49
1054	35
1055	43
1056	44
1057	39
1058	40
1059	44
1060	45
1061	36
1062	45
1063	35
1064	49
1065	36
1066	44
1067	38
1068	39
1069	39
1070	48
1071	31
1072	40
1073	37
1074	45
1075	48
1076	34
1077	34
1078	30
1079	39
1080	45
1081	46
1082	32
1083	40
1084	42
1085	38
1086	40
1087	50
1088	37
1089	41
1090	47
1091	47
1092	42
1093	41
1094	25
1095	47
1096	44
1097	44
1098	31
1099	38
1100	50
1101	35
1102	43
1103	46
1104	40
1105	29
1106	35
1107	31
1108	39
1109	55
1110	45
1111	38
1112	33
1113	35
1114	31
1115	44
1116	39
1117	38
1118	54
1119	47
1120	46
1121	34
1122	26
1123	48
1124	43
1125	40
1126	39
1127	40
1128	44
1129	39
1130	33
1131	36
1132	55
1133	39
1134	23
1135	33
1136	42
1137	43
1138	35
1139	48
1140	39
1141	50
1142	34
1143	53
1144	34
1145	44
1146	38
1147	26
1148	39
1149	30
1150	46
1151	43
1152	40
1153	36
1154	38
1155	40
1156	42
1157	37
1158	47
1159	52
1160	36
1161	42
1162	27
1163	35
1164	39
1165	35
1166	29
1167	48
1168	41
1169	28
1170	39
1171	33
1172	37
1173	43
1174	42
1175	47
1176	46
1177	38
1178	37
1179	47
1180	33
1181	38
1182	45
1183	41
1184	45
1185	37
1186	55
1187	43
1188	47
1189	37
1190	36
1191	46
1192	28
1193	37
1194	41
1195	30
1196	36
1197	33
1198	39
1199	42
1200	42
1201	43
1202	50
1203	38
1204	35
1205	34
1206	48
1207	43
1208	51
1209	59
1210	44
1211	27
1212	39
1213	36
1214	41
1215	44
1216	41
1217	45
1218	41
1219	42
1220	44
1221	39
1222	32
1223	39
1224	33
1225	31
1226	46
1227	50
1228	47
1229	41
1230	43
1231	47
1232	48
1233	36
1234	38
1235	35
1236	41
1237	39
1238	40
1239	38
1240	50
1241	39
1242	42
1243	43
1244	44
1245	43
1246	37
1247	46
1248	38
1249	52
1250	44
1251	52
1252	40
1253	42
1254	42
1255	43
1256	40
1257	37
1258	38
1259	47
1260	49
1261	35
1262	44
1263	38
1264	36
1265	43
1266	39
1267	38
1268	56
1269	42
1270	49
1271	47
1272	47
1273	40
1274	47
1275	46
1276	47
1277	46
1278	35
1279	43
1280	59
1281	44
1282	45
1283	52
1284	53
1285	41
1286	41
1287	37
1288	47
1289	46
1290	55
1291	51
1292	41
1293	53
1294	40
1295	53
1296	35
1297	34
1298	44
1299	48
1300	39
1301	40
1302	40
1303	33
1304	48
1305	25
1306	49
1307	48
1308	32
1309	38
1310	52
1311	56
1312	45
1313	55
1314	43
1315	54
1316	46
1317	49
1318	32
1319	56
1320	54
1321	43
1322	30
1323	41
1324	28
1325	55
1326	46
1327	47
1328	36
1329	34
1330	52
1331	42
1332	40
1333	46
1334	49
1335	39
1336	54
1337	48
1338	48
1339	49
1340	44
1341	52
1342	34
1343	43
1344	47
1345	44
1346	50
1347	49
1348	41
1349	46
1350	42
1351	38
1352	56
1353	47
1354	56
1355	43
1356	47
1357	51
1358	59
1359	54
1360	53
1361	65
1362	48
1363	48
1364	48
1365	53
1366	52
1367	65
1368	41
1369	43
1370	49
1371	52
1372	48
1373	48
1374	33
1375	50
1376	54
1377	58
1378	44
1379	41
1380	30
1381	47
1382	54
1383	48
1384	36
1385	37
1386	48
1387	45
1388	53
1389	49
1390	60
1391	49
1392	47
1393	57
1394	48
1395	56
1396	42
1397	40
1398	39
1399	48
1400	54
1401	60
1402	63
1403	49
1404	39
1405	55
1406	52
1407	48
1408	41
1409	45
1410	52
1411	49
1412	42
1413	56
1414	37
1415	32
1416	44
1417	55
1418	41
1419	48
1420	43
1421	48
1422	56
1423	55
1424	50
1425	38
1426	53
1427	52
1428	35
1429	41
1430	37
1431	56
1432	36
1433	34
1434	46
1435	44
1436	44
1437	39
1438	44
1439	50
1440	58
1441	50
1442	45
1443	54
1444	51
1445	40
1446	47
1447	51
1448	45
1449	50
1450	34
1451	40
1452	38
1453	47
1454	51
1455	52
1456	39
1457	48
1458	56
1459	37
1460	37
1461	43
1462	51
1463	38
1464	36
1465	33
1466	45
1467	47
1468	41
1469	42
1470	43
1471	47
1472	40
1473	41
1474	44
1475	48
1476	46
1477	42
1478	35
1479	43
1480	39
1481	43
1482	40
1483	43
1484	37
1485	50
1486	34
1487	32
1488	35
1489	42
1490	55
1491	32
1492	31
1493	47
1494	45
1495	25
1496	40
1497	34
1498	40
1499	41
1500	42
1501	40
1502	41
1503	34
1504	37
1505	36
1506	41
1507	34
1508	38
1509	52
1510	33
1511	35
1512	34
1513	41
1514	34
1515	32
1516	31
1517	32
1518	39
1519	34
1520	39
1521	32
1522	40
1523	30
1524	41
1525	40
1526	26
1527	31
1528	34
1529	36
1530	32
1531	32
1532	22
1533	38
1534	24
1535	30
1536	40
1537	35
1538	32
1539	29
1540	34
1541	28
1542	38
1543	25
1544	37
1545	33
1546	28
1547	30
1548	27
1549	30
1550	35
1551	35
1552	37
1553	20
1554	35
1555	33
1556	27
1557	44
1558	37
1559	27
1560	33
1561	31
1562	32
1563	27
1564	37
1565	28
1566	29
1567	27
1568	18
1569	28
1570	37
1571	31
1572	28
1573	22
1574	35
1575	37
1576	45
1577	40
1578	26
1579	18
1580	29
1581	30
1582	18
1583	28
1584	30
1585	29
1586	21
1587	35
1588	25
1589	32
1590	30
1591	34
1592	37
1593	35
1594	38
1595	40
1596	25
1597	30
1598	25
1599	22
1600	30
1601	24
1602	36
1603	31
1604	35
1605	29
1606	28
1607	31
1608	32
1609	31
1610	21
1611	31
1612	33
1613	21
1614	30
1615	31
1616	22
1617	24
1618	35
1619	26
1620	27
1621	29
1622	23
1623	37
1624	26
1625	32
1626	31
1627	25
1628	32
1629	30
1630	31
1631	32
1632	25
1633	25
1634	27
1635	35
1636	21
1637	25
1638	28
1639	21
1640	31
1641	29
1642	27
1643	22
1644	30
1645	21
1646	33
1647	21
1648	30
1649	21
1650	25
1651	27
1652	27
1653	25
1654	23
1655	28
1656	28
1657	26
1658	25
1659	32
1660	27
1661	16
1662	29
1663	32
1664	28
1665	36
1666	30
1667	26
1668	29
1669	23
1670	27
1671	29
1672	28
1673	23
1674	31
1675	22
1676	27
1677	27
1678	43
1679	34
1680	17
1681	33
1682	23
1683	35
1684	25
1685	28
1686	26
1687	29
1688	21
1689	28
1690	21
1691	29
1692	34
1693	31
1694	22
1695	40
1696	29
1697	28
1698	24
1699	27
1700	20
1701	20
1702	23
1703	25
1704	33
1705	25
1706	31
1707	28
1708	30
1709	24
1710	28
1711	31
1712	29
1713	30
1714	26
1715	29
1716	36
1717	23
1718	23
1719	31
1720	19
1721	31
1722	28
1723	20
1724	23
1725	26
1726	21
1727	27
1728	36
1729	34
1730	26
1731	34
1732	23
1733	23
1734	30
1735	28
1736	26
1737	22
1738	29
1739	25
1740	33
1741	21
1742	29
1743	21
1744	23
1745	29
1746	26
1747	30
1748	27
1749	27
1750	22
1751	25
1752	32
1753	19
1754	30
1755	26
1756	28
1757	33
1758	19
1759	24
1760	31
1761	25
1762	31
1763	27
1764	27
1765	28
1766	30
1767	34
1768	27
1769	25
1770	28
1771	13
1772	18
1773	16
1774	26
1775	33
1776	27
1777	17
1778	25
1779	29
1780	22
1781	33
1782	27
1783	27
1784	26
1785	34
1786	24
1787	29
1788	21
1789	27
1790	27
1791	32
1792	32
1793	32
1794	29
1795	30
1796	28
1797	26
1798	31
1799	42
1800	24
1801	25
1802	30
1803	22
1804	25
1805	30
1806	26
1807	21
1808	31
1809	27
1810	38
1811	24
1812	27
1813	16
1814	27
1815	30
1816	31
1817	18
1818	28
1819	21
1820	23
1821	26
1822	19
1823	18
1824	28
1825	36
1826	30
1827	17
1828	23
1829	29
1830	23
1831	27
1832	19
1833	30
1834	29
1835	38
1836	24
1837	19
1838	30
1839	26
1840	15
1841	28
1842	24
1843	31
1844	31
1845	27
1846	23
1847	29
1848	19
1849	19
1850	22
1851	29
1852	34
1853	23
1854	23
1855	28
1856	29
1857	24
1858	14
1859	28
1860	29
1861	30
1862	28
1863	31
1864	31
1865	29
1866	24
1867	26
1868	31
1869	27
1870	33
1871	20
1872	32
1873	25
1874	27
1875	20
1876	26
1877	22
1878	28
1879	19
1880	36
1881	15
1882	24
1883	28
1884	23
1885	27
1886	32
1887	29
1888	24
1889	28
1890	24
1891	33
1892	32
1893	27
1894	25
1895	25
1896	14
1897	30
1898	34
1899	20
1900	31
1901	23
1902	24
1903	24
1904	32
1905	40
1906	18
1907	29
1908	30
1909	34
1910	30
1911	34
1912	37
1913	29
1914	34
1915	24
1916	26
1917	30
1918	41
1919	31
1920	33
1921	22
1922	24
1923	20
1924	27
1925	26
1926	24
1927	32
1928	24
1929	29
1930	29
1931	27
1932	32
1933	34
1934	36
1935	26
1936	36
1937	27
1938	32
1939	38
1940	29
1941	19
1942	30
1943	33
1944	27
1945	32
1946	24
1947	30
1948	28
1949	39
1950	32
1951	31
1952	24
1953	37
1954	28
1955	18
1956	26
1957	32
1958	34
1959	30
1960	26
1961	32
1962	28
1963	31
1964	23
1965	39
1966	27
1967	31
1968	32
1969	24
1970	39
1971	29
1972	42
1973	38
1974	26
1975	26
1976	25
1977	35
1978	28
1979	24
1980	27
1981	33
1982	31
1983	40
1984	42
1985	33
1986	44
1987	34
1988	39
1989	29
1990	32
1991	42
1992	36
1993	23
1994	32
1995	31
1996	33
1997	30
1998	35
1999	36
2000	37
2001	37
2002	35
2003	37
2004	35
2005	36
2006	37
2007	39
2008	34
2009	38
2010	35
2011	34
2012	34
2013	48
2014	46
2015	33
2016	46
2017	38
2018	26
2019	32
2020	30
2021	32
2022	31
2023	32
2024	44
2025	35
2026	46
2027	52
2028	36
2029	37
2030	34
2031	36
2032	40
2033	36
2034	40
2035	43
2036	38
2037	38
2038	48
2039	27
2040	37
2041	38
2042	34
2043	33
2044	33
2045	38
2046	34
2047	35
2048	49
2049	40
2050	45
2051	45
2052	31
2053	42
2054	34
2055	45
2056	28
2057	49
2058	48
2059	39
2060	45
2061	40
2062	44
2063	40
2064	29
2065	46
2066	41
2067	38
2068	34
2069	41
2070	44
2071	47
2072	34
2073	36
2074	42
2075	42
2076	30
2077	38
2078	38
2079	37
2080	35
2081	36
2082	44
2083	41
2084	29
2085	33
2086	42
2087	57
2088	47
2089	33
2090	44
2091	38
2092	40
2093	38
2094	28
2095	43
2096	40
2097	45
2098	39
2099	46
2100	32
2101	38
2102	44
2103	40
2104	38
2105	41
2106	40
2107	50
2108	35
2109	37
2110	51
2111	38
2112	51
2113	41
2114	44
2115	48
2116	39
2117	45
2118	44
2119	34
2120	43
2121	51
2122	35
2123	43
2124	38
2125	41
2126	43
2127	51
2128	38
2129	48
2130	52
2131	42
2132	33
2133	37
2134	30
2135	43
2136	43
2137	40
2138	41
2139	34
2140	33
2141	47
2142	47
2143	39
2144	38
2145	45
2146	36
2147	46
2148	37
2149	41
2150	29
2151	39
2152	38
2153	40
2154	23
2155	53
2156	50
2157	49
2158	58
2159	47
2160	32
2161	37
2162	31
2163	43
2164	39
2165	35
2166	48
2167	43
2168	33
2169	42
2170	41
2171	40
2172	42
2173	33
2174	38
2175	28
2176	35
2177	42
2178	50
2179	44
2180	49
2181	56
2182	35
2183	36
2184	35
2185	25
2186	30
2187	37
2188	37
2189	41
2190	39
2191	42
2192	39
2193	42
2194	32
2195	42
2196	40
2197	35
2198	39
2199	36
2200	44
2201	46
2202	32
2203	47
2204	41
2205	39
2206	40
2207	42
2208	31
2209	35
2210	38
2211	36
2212	40
2213	32
2214	46
2215	36
2216	37
2217	46
2218	47
2219	33
2220	45
2221	40
2222	40
2223	35
2224	40
2225	26
2226	31
2227	37
2228	54
2229	35
2230	27
2231	37
2232	33
2233	42
2234	36
2235	31
2236	35
2237	41
2238	36
2239	41
2240	32
2241	29
2242	42
2243	28
2244	33
2245	35
2246	35
2247	41
2248	31
2249	32
2250	30
2251	35
2252	29
2253	35
2254	37
2255	28
2256	40
2257	32
2258	36
2259	37
2260	32
2261	37
2262	39
2263	31
2264	34
2265	29
2266	34
2267	22
2268	17
2269	36
2270	33
2271	27
2272	26
2273	35
2274	29
2275	35
2276	27
2277	30
2278	16
2279	21
2280	26
2281	23
2282	30
2283	30
2284	23
2285	28
2286	28
2287	32
2288	23
2289	22
2290	27
2291	33
2292	26
2293	29
2294	27
2295	34
2296	29
2297	38
2298	30
2299	37
2300	26
2301	17
2302	32
2303	30
2304	27
2305	23
2306	29
2307	36
2308	39
2309	24
2310	32
2311	33
2312	17
2313	20
2314	31
2315	29
2316	30
2317	26
2318	27
2319	26
2320	23
2321	31
2322	25
2323	26
2324	19
2325	18
2326	34
2327	20
2328	19
2329	18
2330	17
2331	19
2332	23
2333	24
2334	25
2335	21
2336	21
2337	32
2338	18
2339	28
2340	20
2341	26
2342	18
2343	20
2344	27
2345	25
2346	24
2347	28
2348	22
2349	21
2350	26
2351	11
2352	34
2353	23
2354	19
2355	28
2356	16
2357	12
2358	18
2359	21
2360	22
2361	16
2362	30
2363	26
2364	23
2365	20
2366	18
2367	27
2368	23
2369	16
2370	19
2371	16
2372	18
2373	25
2374	25
2375	22
2376	18
2377	23
2378	30
2379	27
2380	19
2381	21
2382	21
2383	20
2384	26
2385	19
2386	19
2387	20
2388	18
2389	21
2390	18
2391	31
2392	20
2393	17
2394	18
2395	23
2396	21
2397	16
2398	18
2399	18
2400	16
2401	12
2402	15
2403	16
2404	9
2405	10
2406	18
2407	18
2408	22
2409	15
2410	26
2411	17
2412	23
2413	19
2414	20
2415	16
2416	15
2417	13
2418	21
2419	19
2420	16
2421	28
2422	25
2423	19
2424	13
2425	20
2426	11
2427	21
2428	14
2429	18
2430	19
2431	19
2432	19
2433	15
2434	21
2435	17
2436	18
2437	10
2438	20
2439	21
2440	18
2441	15
2442	19
2443	21
2444	20
2445	23
2446	17
2447	18
2448	21
2449	25
2450	20
2451	13
2452	19
2453	14
2454	22
2455	10
2456	12
2457	18
2458	12
2459	19
2460	15
2461	21
2462	11
2463	17
2464	14
2465	18
2466	12
2467	24
2468	17
2469	15
2470	14
2471	20
2472	14
2473	19
2474	16
2475	21
2476	13
2477	21
2478	12
2479	15
2480	13
2481	23
2482	18
2483	15
2484	17
2485	14
2486	8
2487	12
2488	19
2489	20
2490	19
2491	16
2492	21
2493	8
2494	18
2495	15
2496	14
2497	14
2498	11
2499	13
2500	12
2501	19
2502	14
2503	19
2504	12
2505	22
2506	14
2507	14
2508	15
2509	16
2510	16
2511	8
2512	17
2513	13
2514	16
2515	19
2516	15
2517	13
2518	22
2519	15
2520	19
2521	15
2522	14
2523	18
2524	18
2525	12
2526	13
2527	13
2528	11
2529	23
2530	9
2531	16
2532	13
2533	17
2534	16
2535	13
2536	15
2537	11
2538	12
2539	13
2540	15
2541	9
2542	15
2543	16
2544	16
2545	20
2546	19
2547	15
2548	13
2549	21
2550	14
2551	19
2552	13
2553	14
2554	14
2555	12
2556	16
2557	23
2558	12
2559	13
2560	16
2561	13
2562	15
2563	14
2564	9
2565	18
2566	13
2567	14
2568	20
2569	13
2570	16
2571	14
2572	23
2573	16
2574	11
2575	8
2576	14
2577	20
2578	16
2579	13
2580	13
2581	13
2582	15
2583	13
2584	16
2585	19
2586	14
2587	16
2588	13
2589	20
2590	12
2591	14
2592	8
2593	14
2594	15
2595	15
2596	11
2597	4
2598	12
2599	17
2600	10
2601	8
2602	17
2603	13
2604	20
2605	13
2606	15
2607	17
2608	17
2609	16
2610	13
2611	7
2612	7
2613	14
2614	15
2615	16
2616	17
2617	8
2618	14
2619	18
2620	9
2621	13
2622	16
2623	10
2624	17
2625	16
2626	9
2627	12
2628	14
2629	12
2630	15
2631	10
2632	10
2633	17
2634	14
2635	13
2636	18
2637	17
2638	16
2639	20
2640	22
2641	13
2642	16
2643	17
2644	21
2645	16
2646	17
2647	10
2648	10
2649	10
2650	19
2651	13
2652	14
2653	20
2654	12
2655	16
2656	12
2657	13
2658	18
2659	9
2660	23
2661	9
2662	16
2663	8
2664	7
2665	10
2666	16
2667	13
2668	9
2669	14
2670	11
2671	11
2672	10
2673	7
2674	12
2675	13
2676	16
2677	15
2678	9
2679	10
2680	16
2681	11
2682	17
2683	15
2684	12
2685	9
2686	18
2687	13
2688	8
2689	12
2690	23
2691	19
2692	16
2693	15
2694	20
2695	12
2696	13
2697	12
2698	16
2699	8
2700	13
2701	15
2702	9
2703	20
2704	16
2705	14
2706	16
2707	9
2708	11
2709	11
2710	17
2711	10
2712	16
2713	13
2714	10
2715	15
2716	9
2717	10
2718	15
2719	12
2720	11
2721	12
2722	12
2723	15
2724	8
2725	10
2726	16
2727	15
2728	20
2729	19
2730	12
2731	18
2732	16
2733	15
2734	11
2735	15
2736	9
2737	14
2738	16
2739	16
2740	10
2741	19
2742	20
2743	12
2744	10
2745	14
2746	18
2747	15
2748	11
2749	16
2750	21
2751	18
2752	14
2753	10
2754	10
2755	18
2756	19
2757	12
2758	14
2759	8
2760	15
2761	16
2762	12
2763	12
2764	15
2765	7
2766	11
2767	14
2768	14
2769	9
2770	15
2771	10
2772	16
2773	17
2774	11
2775	13
2776	10
2777	14
2778	7
2779	14
2780	12
2781	8
2782	14
2783	14
2784	12
2785	7
2786	6
2787	12
2788	7
2789	11
2790	17
2791	15
2792	13
2793	12
2794	16
2795	15
2796	7
2797	15
2798	11
2799	17
2800	15
2801	11
2802	10
2803	18
2804	14
2805	12
2806	12
2807	11
2808	9
2809	8
2810	10
2811	6
2812	15
2813	10
2814	5
2815	14
2816	12
2817	11
2818	14
2819	13
2820	13
2821	15
2822	6
2823	13
2824	15
2825	16
2826	17
2827	13
2828	14
2829	7
2830	13
2831	10
2832	7
2833	7
2834	10
2835	9
2836	20
2837	12
2838	11
2839	15
2840	11
2841	14
2842	9
2843	17
2844	19
2845	15
2846	17
2847	8
2848	12
2849	14
2850	9
2851	9
2852	10
2853	11
2854	1
2855	17
2856	13
2857	11
2858	13
2859	10
2860	11
2861	10
2862	13
2863	11
2864	5
2865	11
2866	15
2867	10
2868	17
2869	8
2870	13
2871	12
2872	13
2873	11
2874	11
2875	11
2876	16
2877	12
2878	15
2879	12
2880	12
2881	6
2882	11
2883	20
2884	17
2885	12
2886	8
2887	9
2888	16
2889	8
2890	5
2891	7
2892	8
2893	16
2894	7
2895	13
2896	13
2897	7
2898	17
2899	13
2900	13
2901	8
2902	16
2903	15
2904	13
2905	17
2906	9
2907	12
2908	5
2909	16
2910	11
2911	8
2912	8
2913	11
2914	8
2915	9
2916	13
2917	11
2918	9
2919	17
2920	10
2921	5
2922	11
2923	11
2924	10
2925	8
2926	11
2927	14
2928	12
2929	8
2930	14
2931	10
2932	11
2933	15
2934	8
2935	9
2936	16
2937	7
2938	10
2939	15
2940	8
2941	9
2942	10
2943	9
2944	13
2945	16
2946	16
2947	11
2948	18
2949	8
2950	11
2951	12
2952	12
2953	11
2954	7
2955	11
2956	10
2957	14
2958	12
2959	16
2960	9
2961	14
2962	14
2963	11
2964	13
2965	10
2966	12
2967	8
2968	12
2969	9
2970	12
2971	12
2972	11
2973	14
2974	12
2975	8
2976	7
2977	8
2978	10
2979	5
2980	10
2981	13
2982	11
2983	13
2984	16
2985	9
2986	8
2987	11
2988	12
2989	10
2990	8
2991	10
2992	10
2993	11
2994	13
2995	13
2996	11
2997	9
2998	9
2999	7
3000	12
3001	11
3002	10
3003	12
3004	6
3005	17
3006	16
3007	9
3008	6
3009	10
3010	8
3011	14
3012	8
3013	11
3014	13
3015	10
3016	14
3017	14
3018	15
3019	12
3020	16
3021	13
3022	9
3023	9
3024	11
3025	8
3026	17
3027	15
3028	15
3029	13
3030	10
3031	10
3032	10
3033	8
3034	7
3035	19
3036	6
3037	13
3038	15
3039	13
3040	17
3041	10
3042	10
3043	7
3044	7
3045	12
3046	3
3047	11
3048	8
3049	8
3050	19
3051	16
3052	11
3053	9
3054	13
3055	14
3056	13
3057	10
3058	14
3059	9
3060	7
3061	13
3062	13
3063	9
3064	9
3065	17
3066	13
3067	11
3068	8
3069	8
3070	13
3071	9
3072	13
3073	7
3074	9
3075	10
3076	16
3077	11
3078	13
3079	12
3080	7
3081	6
3082	10
3083	16
3084	15
3085	14
3086	10
3087	13
3088	6
3089	11
3090	9
3091	5
3092	9
3093	11
3094	16
3095	11
3096	8
3097	16
3098	5
3099	12
3100	20
3101	4
3102	13
3103	14
3104	11
3105	10
3106	10
3107	13
3108	5
3109	9
3110	10
3111	9
3112	10
3113	11
3114	9
3115	8
3116	7
3117	5
3118	18
3119	15
3120	15
3121	6
3122	16
3123	13
3124	10
3125	9
3126	10
3127	12
3128	9
3129	7
3130	7
3131	13
3132	7
3133	11
3134	9
3135	14
3136	12
3137	10
3138	9
3139	6
3140	11
3141	10
3142	9
3143	12
3144	11
3145	11
3146	6
3147	6
3148	13
3149	12
3150	9
3151	11
3152	2
3153	8
3154	9
3155	10
3156	12
3157	13
3158	10
3159	9
3160	10
3161	9
3162	7
3163	7
3164	18
3165	9
3166	9
3167	8
3168	7
3169	11
3170	15
3171	12
3172	13
3173	6
3174	7
3175	7
3176	15
3177	20
3178	9
3179	8
3180	14
3181	9
3182	14
3183	11
3184	13
3185	9
3186	12
3187	8
3188	15
3189	9
3190	8
3191	6
3192	11
3193	11
3194	13
3195	15
3196	6
3197	10
3198	6
3199	11
3200	10
3201	20
3202	8
3203	9
3204	8
3205	18
3206	9
3207	13
3208	7
3209	9
3210	9
3211	8
3212	10
3213	13
3214	12
3215	15
3216	9
3217	10
3218	4
3219	13
3220	17
3221	7
3222	7
3223	13
3224	10
3225	16
3226	11
3227	13
3228	16
3229	13
3230	8
3231	17
3232	9
3233	11
3234	13
3235	14
3236	8
3237	8
3238	15
3239	5
3240	12
3241	7
3242	13
3243	9
3244	6
3245	18
3246	7
3247	11
3248	6
3249	17
3250	7
3251	9
3252	14
3253	7
3254	8
3255	14
3256	10
3257	10
3258	14
3259	12
3260	8
3261	9
3262	7
3263	8
3264	19
3265	9
3266	7
3267	9
3268	8
3269	16
3270	17
3271	9
3272	15
3273	11
3274	12
3275	5
3276	11
3277	16
3278	13
3279	16
3280	12
3281	13
3282	5
3283	10
3284	14
3285	11
3286	10
3287	8
3288	12
3289	14
3290	9
3291	10
3292	12
3293	11
3294	10
3295	10
3296	5
3297	9
3298	13
3299	9
3300	14
3301	8
3302	9
3303	8
3304	4
3305	10
3306	10
3307	7
3308	4
3309	8
3310	14
3311	9
3312	12
3313	6
3314	8
3315	5
3316	9
3317	9
3318	9
3319	14
3320	8
3321	13
3322	10
3323	8
3324	4
3325	10
3326	5
3327	8
3328	17
3329	14
3330	9
3331	8
3332	12
3333	9
3334	13
3335	12
3336	13
3337	8
3338	5
3339	9
3340	6
3341	10
3342	12
3343	10
3344	20
3345	7
3346	10
3347	8
3348	13
3349	12
3350	11
3351	9
3352	11
3353	9
3354	7
3355	9
3356	8
3357	7
3358	16
3359	9
3360	11
3361	13
3362	10
3363	10
3364	12
3365	8
3366	11
3367	10
3368	7
3369	9
3370	10
3371	10
3372	9
3373	7
3374	14
3375	16
3376	10
3377	8
3378	8
3379	10
3380	7
3381	12
3382	11
3383	5
3384	11
3385	25
3386	17
3387	10
3388	11
3389	7
3390	10
3391	7
3392	13
3393	9
3394	14
3395	7
3396	12
3397	10
3398	9
3399	8
3400	7
3401	12
3402	10
3403	12
3404	16
3405	7
3406	13
3407	15
3408	13
3409	9
3410	11
3411	14
3412	11
3413	3
3414	9
3415	11
3416	9
3417	6
3418	8
3419	13
3420	9
3421	7
3422	6
3423	11
3424	7
3425	12
3426	13
3427	6
3428	5
3429	12
3430	6
3431	21
3432	9
3433	7
3434	12
3435	7
3436	7
3437	12
3438	7
3439	13
3440	10
3441	14
3442	7
3443	11
3444	13
3445	6
3446	8
3447	12
3448	10
3449	4
3450	10
3451	9
3452	9
3453	7
3454	9
3455	14
3456	11
3457	7
3458	9
3459	10
3460	3
3461	6
3462	10
3463	11
3464	10
3465	9
3466	10
3467	14
3468	13
3469	3
3470	11
3471	8
3472	10
3473	11
3474	6
3475	7
3476	15
3477	7
3478	14
3479	10
3480	12
3481	12
3482	11
3483	9
3484	9
3485	9
3486	11
3487	6
3488	11
3489	9
3490	8
3491	3
3492	17
3493	18
3494	8
3495	8
3496	11
3497	18
3498	10
3499	14
3500	13
3501	13
3502	5
3503	13
3504	10
3505	7
3506	9
3507	17
3508	9
3509	11
3510	12
3511	15
3512	15
3513	2
3514	15
3515	8
3516	5
3517	14
3518	8
3519	12
3520	10
3521	11
3522	11
3523	10
3524	10
3525	9
3526	14
3527	15
3528	8
3529	5
3530	16
3531	7
3532	8
3533	11
3534	10
3535	15
3536	11
3537	13
3538	14
3539	7
3540	11
3541	8
3542	9
3543	11
3544	10
3545	12
3546	11
3547	12
3548	12
3549	10
3550	10
3551	9
3552	7
3553	10
3554	10
3555	14
3556	12
3557	10
3558	10
3559	11
3560	7
3561	8
3562	11
3563	4
3564	12
3565	12
3566	11
3567	13
3568	7
3569	7
3570	10
3571	8
3572	9
3573	10
3574	15
3575	6
3576	10
3577	14
3578	9
3579	8
3580	12
3581	8
3582	7
3583	11
3584	11
3585	9
3586	10
3587	10
3588	6
3589	13
3590	6
3591	13
3592	9
3593	13
3594	9
3595	14
3596	10
3597	7
3598	6
3599	5
3600	9
3601	10
3602	10
3603	13
3604	11
3605	9
3606	9
3607	9
3608	12
3609	14
3610	14
3611	9
3612	10
3613	9
3614	8
3615	7
3616	5
3617	14
3618	16
3619	12
3620	9
3621	6
3622	14
3623	6
3624	9
3625	6
3626	14
3627	16
3628	8
3629	16
3630	10
3631	10
3632	9
3633	9
3634	10
3635	9
3636	16
3637	12
3638	8
3639	11
3640	12
3641	13
3642	14
3643	10
3644	6
3645	10
3646	8
3647	11
3648	11
3649	17
3650	7
3651	8
3652	15
3653	13
3654	5
3655	4
3656	9
3657	12
3658	10
3659	5
3660	14
3661	12
3662	17
3663	9
3664	11
3665	15
3666	8
3667	17
3668	9
3669	13
3670	11
3671	12
3672	11
3673	11
3674	10
3675	4
3676	11
3677	12
3678	7
3679	7
3680	6
3681	12
3682	13
3683	12
3684	11
3685	6
3686	9
3687	6
3688	11
3689	5
3690	8
3691	9
3692	8
3693	8
3694	8
3695	11
3696	8
3697	17
3698	12
3699	13
3700	9
3701	11
3702	16
3703	18
3704	10
3705	17
3706	8
3707	13
3708	10
3709	8
3710	7
3711	10
3712	9
3713	9
3714	11
3715	13
3716	7
3717	12
3718	7
3719	9
3720	9
3721	12
3722	11
3723	6
3724	7
3725	18
3726	8
3727	6
3728	11
3729	13
3730	16
3731	9
3732	14
3733	8
3734	10
3735	8
3736	7
3737	12
3738	15
3739	12
3740	14
3741	12
3742	9
3743	12
3744	12
3745	12
3746	9
3747	11
3748	15
3749	10
3750	15
3751	14
3752	17
3753	8
3754	15
3755	10
3756	10
3757	14
3758	12
3759	19
3760	11
3761	15
3762	14
3763	8
3764	11
3765	15
3766	13
3767	13
3768	11
3769	12
3770	9
3771	6
3772	12
3773	7
3774	18
3775	13
3776	10
3777	7
3778	12
3779	11
3780	11
3781	7
3782	8
3783	12
3784	5
3785	12
3786	10
3787	6
3788	13
3789	11
3790	9
3791	12
3792	11
3793	7
3794	12
3795	12
3796	14
3797	10
3798	7
3799	6
3800	11
3801	9
3802	8
3803	18
3804	12
3805	9
3806	11
3807	9
3808	12
3809	13
3810	11
3811	7
3812	16
3813	11
3814	11
3815	4
3816	15
3817	8
3818	12
3819	13
3820	10
3821	10
3822	14
3823	10
3824	10
3825	11
3826	16
3827	11
3828	19
3829	11
3830	12
3831	19
3832	14
3833	7
3834	11
3835	12
3836	11
3837	14
3838	10
3839	8
3840	9
3841	14
3842	7
3843	16
3844	9
3845	12
3846	12
3847	11
3848	9
3849	6
3850	14
3851	13
3852	15
3853	10
3854	12
3855	18
3856	17
3857	18
3858	16
3859	6
3860	7
3861	10
3862	11
3863	11
3864	13
3865	11
3866	20
3867	19
3868	12
3869	20
3870	10
3871	8
3872	11
3873	9
3874	14
3875	10
3876	12
3877	10
3878	16
3879	17
3880	20
3881	9
3882	7
3883	8
3884	9
3885	18
3886	14
3887	16
3888	17
3889	17
3890	13
3891	10
3892	9
3893	16
3894	14
3895	10
3896	17
3897	13
3898	11
3899	16
3900	6
3901	10
3902	14
3903	15
3904	19
3905	8
3906	17
3907	16
3908	12
3909	13
3910	8
3911	22
3912	16
3913	13
3914	11
3915	14
3916	9
3917	13
3918	17
3919	8
3920	13
3921	9
3922	12
3923	10
3924	16
3925	8
3926	12
3927	15
3928	16
3929	11
3930	18
3931	10
3932	13
3933	11
3934	16
3935	14
3936	20
3937	12
3938	15
3939	18
3940	19
3941	20
3942	16
3943	11
3944	18
3945	12
3946	22
3947	12
3948	21
3949	14
3950	17
3951	16
3952	12
3953	12
3954	14
3955	16
3956	15
3957	13
3958	20
3959	12
3960	14
3961	16
3962	13
3963	18
3964	16
3965	13
3966	11
3967	10
3968	17
3969	24
3970	18
3971	18
3972	14
3973	23
3974	21
3975	21
3976	12
3977	15
3978	17
3979	16
3980	14
3981	25
3982	15
3983	18
3984	14
3985	12
3986	11
3987	12
3988	16
3989	13
3990	16
3991	16
3992	11
3993	16
3994	15
3995	21
3996	17
3997	17
3998	24
3999	17
4000	17
4001	16
4002	26
4003	13
4004	12
4005	12
4006	11
4007	20
4008	18
4009	16
4010	13
4011	23
4012	21
4013	20
4014	13
4015	15
4016	11
4017	19
4018	19
4019	25
4020	26
4021	18
4022	24
4023	22
4024	16
4025	15
4026	7
4027	12
4028	14
4029	13
4030	19
4031	20
4032	14
4033	9
4034	19
4035	14
4036	11
4037	21
4038	15
4039	18
4040	12
4041	23
4042	14
4043	19
4044	10
4045	12
4046	20
4047	11
4048	21
4049	12
4050	27
4051	21
4052	20
4053	23
4054	16
4055	15
4056	17
4057	18
4058	12
4059	20
4060	16
4061	21
4062	11
4063	21
4064	27
4065	23
4066	25
4067	10
4068	20
4069	23
4070	24
4071	19
4072	28
4073	19
4074	23
4075	21
4076	19
4077	20
4078	26
4079	17
4080	24
4081	20
4082	13
4083	20
4084	13
4085	21
4086	26
4087	19
4088	25
4089	14
4090	16
4091	18
4092	24
4093	13
4094	20
4095	11
4096	11
4097	19
4098	20
4099	17
4100	16
4101	17
4102	19
4103	14
4104	17
4105	16
4106	22
4107	21
4108	26
4109	12
4110	17
4111	19
4112	28
4113	19
4114	13
4115	17
4116	16
4117	19
4118	24
4119	16
4120	21
4121	15
4122	15
4123	18
4124	17
4125	19
4126	18
4127	21
4128	14
4129	18
4130	10
4131	13
4132	13
4133	14
4134	16
4135	12
4136	19
4137	13
4138	25
4139	15
4140	20
4141	23
4142	19
4143	20
4144	17
4145	19
4146	19
4147	11
4148	14
4149	26
4150	14
4151	10
4152	13
4153	15
4154	12
4155	15
4156	13
4157	20
4158	18
4159	12
4160	16
4161	15
4162	17
4163	15
4164	19
4165	17
4166	15
4167	7
4168	17
4169	15
4170	19
4171	14
4172	14
4173	22
4174	13
4175	23
4176	9
4177	14
4178	11
4179	12
4180	22
4181	13
4182	11
4183	14
4184	13
4185	12
4186	14
4187	11
4188	18
4189	17
4190	16
4191	19
4192	19
4193	14
4194	19
4195	19
4196	15
4197	13
4198	23
4199	8
4200	8
4201	14
4202	9
4203	8
4204	14
4205	17
4206	10
4207	13
4208	5
4209	14
4210	9
4211	15
4212	19
4213	7
4214	11
4215	11
4216	12
4217	15
4218	12
4219	5
4220	13
4221	12
4222	6
4223	16
4224	14
4225	9
4226	14
4227	14
4228	9
4229	15
4230	12
4231	7
4232	14
4233	10
4234	12
4235	8
4236	10
4237	13
4238	11
4239	12
4240	5
4241	18
4242	6
4243	6
4244	5
4245	14
4246	9
4247	7
4248	12
4249	12
4250	8
4251	5
4252	7
4253	9
4254	10
4255	11
4256	13
4257	6
4258	10
4259	7
4260	11
4261	7
4262	10
4263	10
4264	9
4265	11
4266	9
4267	8
4268	7
4269	8
4270	10
4271	2
4272	5
4273	5
4274	7
4275	7
4276	6
4277	8
4278	9
4279	10
4280	8
4281	5
4282	5
4283	2
4284	8
4285	3
4286	3
4287	8
4288	4
4289	9
4290	5
4291	4
4292	8
4293	5
4294	3
4295	5
4296	3
4297	3
4298	3
4299	8
4300	8
4301	7
4302	10
4303	6
4304	4
4305	6
4306	11
4307	2
4308	6
4309	4
4310	3
4311	2
4312	4
4313	5
4314	6
4315	7
4316	8
4317	5
4318	6
4319	3
4320	4
4321	4
4322	4
4323	3
4324	9
4325	2
4326	2
4327	2
4328	6
4329	4
4330	1
4331	2
4332	3
4333	5
4334	2
4335	7
4336	8
4337	4
4338	2
4339	2
4340	4
4341	1
4342	3
4343	2
4344	1
4345	6
4346	1
4347	4
4348	3
4349	4
4350	2
4351	2
4352	6
4353	3
4354	4
4355	4
4356	4
4357	4
4358	0
4359	5
4360	0
4361	3
4362	5
4363	5
4364	1
4365	4
4366	3
4367	5
4368	0
4369	2
4370	0
4371	4
4372	2
4373	2
4374	3
4375	0
4376	0
4377	2
4378	2
4379	6
4380	2
4381	1
4382	1
4383	2
4384	2
4385	1
4386	2
4387	0
4388	2
4389	2
4390	5
4391	1
4392	0
4393	3
4394	0
4395	4
4396	1
4397	1
4398	1
4399	2
4400	2
4401	0
4402	2
4403	2
4404	0
4405	2
4406	1
4407	0
4408	3
4409	2
4410	3
4411	0
4412	2
4413	3
4414	0
4415	2
4416	4
4417	3
4418	2
4419	2
4420	1
4421	2
4422	4
4423	0
4424	2
4425	0
4426	0
4427	4
4428	1
4429	0
4430	1
4431	2
4432	4
4433	2
4434	3
4435	0
4436	2
4437	0
4438	0
4439	3
4440	2
4441	3
4442	1
4443	0
4444	2
4445	1
4446	3
4447	0
4448	1
4449	1
4450	2
4451	1
4452	2
4453	1
4454	4
4455	0
4456	2
4457	2
4458	0
4459	3
4460	1
4461	2
4462	3
4463	0
4464	1
4465	1
4466	0
4467	2
4468	1
4469	1
4470	0
4471	1
4472	0
4473	0
4474	0
4475	1
4476	0
4477	0
4478	2
4479	1
4480	1
4481	0
4482	0
4483	0
4484	0
4485	3
4486	1
4487	2
4488	0
4489	1
4490	0
4491	0
4492	0
4493	3
4494	2
4495	0
4496	0
4497	0
4498	0
4499	0
4500	0
4501	0
4502	1
4503	2
4504	1
4505	0
4506	0
4507	2
4508	0
4509	0
4510	1
4511	0
4512	1
4513	1
4514	0
4515	0
4516	1
4517	2
4518	3
4519	1
4520	2
4521	1
4522	0
4523	1
4524	3
4525	0
4526	0
4527	0
4528	1
4529	0
4530	0
4531	0
4532	4
4533	0
4534	1
4535	2
4536	0
4537	1
4538	1
4539	2
4540	0
4541	2
4542	0
4543	1
4544	0
4545	0
4546	4
4547	0
4548	0
4549	2
4550	0
4551	1
4552	0
4553	2
4554	0
4555	0
4556	1
4557	1
4558	2
4559	1
4560	0
4561	4
4562	1
4563	0
4564	1
4565	0
4566	0
4567	1
4568	0
4569	0
4570	1
4571	4
4572	1
4573	1
4574	3
4575	1
4576	0
4577	0
4578	0
4579	0
4580	0
4581	2
4582	0
4583	1
4584	2
4585	2
4586	1
4587	1
4588	0
4589	0
4590	3
4591	0
4592	0
4593	1
4594	1
4595	0
4596	0
4597	1
4598	1
4599	0
4600	0
4601	2
4602	1
4603	2
4604	2
4605	1
4606	0
4607	1
4608	1
4609	1
4610	0
4611	0
4612	1
4613	2
4614	0
4615	0
4616	2
4617	1
4618	2
4619	2
4620	2
4621	0
4622	1
4623	0
4624	2
4625	2
4626	0
4627	0
4628	1
4629	1
4630	0
4631	0
4632	1
4633	1
4634	1
4635	2
4636	2
4637	0
4638	1
4639	2
4640	0
4641	1
4642	0
4643	1
4644	0
4645	1
4646	1
4647	1
4648	0
4649	0
4650	0
4651	1
4652	0
4653	2
4654	1
4655	4
4656	3
4657	2
4658	1
4659	3
4660	0
4661	4
4662	0
4663	1
4664	0
4665	1
4666	1
4667	1
4668	1
4669	1
4670	0
4671	2
4672	0
4673	1
4674	0
4675	1
4676	1
4677	1
4678	1
4679	1
4680	0
4681	0
4682	2
4683	0
4684	2
4685	1
4686	2
4687	2
4688	0
4689	1
4690	0
4691	2
4692	0
4693	0
4694	1
4695	2
4696	1
4697	2
4698	1
4699	2
4700	1
4701	2
4702	1
4703	0
4704	1
4705	2
4706	0
4707	0
4708	2
4709	3
4710	3
4711	0
4712	0
4713	2
4714	2
4715	2
4716	1
4717	1
4718	1
4719	0
4720	2
4721	0
4722	0
4723	1
4724	1
4725	1
4726	1
4727	1
4728	1
4729	0
4730	0
4731	2
4732	1
4733	0
4734	1
4735	1
4736	0
4737	2
4738	1
4739	3
4740	1
4741	0
4742	1
4743	2
4744	1
4745	1
4746	0
4747	1
4748	2
4749	0
4750	1
4751	3
4752	0
4753	2
4754	0
4755	0
4756	2
4757	1
4758	2
4759	1
4760	1
4761	1
4762	0
4763	0
4764	2
4765	0
4766	1
4767	0
4768	1
4769	1
4770	0
4771	2
4772	0
4773	1
4774	0
4775	1
4776	0
4777	0
4778	0
4779	3
4780	2
4781	1
4782	3
4783	0
4784	0
4785	0
4786	0
4787	1
4788	3
4789	1
4790	2
4791	3
4792	0
4793	0
4794	1
4795	2
4796	1
4797	2
4798	1
4799	1
4800	0
4801	1
4802	1
4803	1
4804	1
4805	2
4806	0
4807	0
4808	0
4809	1
4810	3
4811	0
4812	1
4813	2
4814	0
4815	2
4816	1
4817	0
4818	0
4819	0
4820	1
4821	4
4822	0
4823	0
4824	2
4825	0
4826	0
4827	0
4828	0
4829	0
4830	1
4831	2
4832	0
4833	2
4834	1
4835	0
4836	1
4837	1
4838	0
4839	0
4840	1
4841	4
4842	1
4843	1
4844	2
4845	0
4846	0
4847	1
4848	3
4849	1
4850	1
4851	2
4852	0
4853	0
4854	1
4855	0
4856	0
4857	1
4858	0
4859	0
4860	0
4861	0
4862	2
4863	0
4864	1
4865	0
4866	2
4867	2
4868	1
4869	1
4870	1
4871	0
4872	1
4873	2
4874	3
4875	1
4876	0
4877	2
4878	1
4879	2
4880	1
4881	0
4882	0
4883	1
4884	0
4885	1
4886	1
4887	0
4888	3
4889	2
4890	0
4891	3
4892	1
4893	2
4894	1
4895	0
4896	2
4897	2
4898	1
4899	0
4900	1
4901	1
4902	0
4903	0
4904	1
4905	0
4906	0
4907	0
4908	4
4909	0
4910	2
4911	2
4912	0
4913	0
4914	0
4915	1
4916	1
4917	0
4918	1
4919	1
4920	0
4921	0
4922	0
4923	0
4924	1
4925	0
4926	0
4927	0
4928	2
4929	1
4930	0
4931	1
4932	1
4933	1
4934	0
4935	0
4936	0
4937	0
4938	0
4939	1
4940	1
4941	1
4942	0
4943	0
4944	1
4945	2
4946	0
4947	0
4948	0
4949	2
4950	1
4951	1
4952	4
4953	1
4954	1
4955	1
4956	0
4957	2
4958	0
4959	0
4960	2
4961	2
4962	1
4963	0
4964	0
4965	0
4966	2
4967	2
4968	1
4969	1
4970	1
4971	1
4972	0
4973	1
4974	1
4975	0
4976	2
4977	0
4978	0
4979	0
4980	0
4981	0
4982	1
4983	0
4984	0
4985	2
4986	0
4987	1
4988	0
4989	0
4990	1
4991	0
4992	0
4993	1
4994	1
4995	3
4996	2
4997	0
4998	1
4999	0
5000	1
5001	0
5002	2
5003	0
5004	4
5005	0
5006	0
5007	1
5008	1
5009	0
5010	2
5011	0
5012	0
5013	3
5014	0
5015	0
5016	0
5017	0
5018	1
5019	3
5020	0
5021	0
5022	1
5023	2
5024	0
5025	1
5026	3
5027	0
5028	1
5029	4
5030	1
5031	2
5032	2
5033	2
5034	0
5035	2
5036	0
5037	0
5038	0
5039	1
5040	2
5041	1
5042	0
5043	0
5044	0
5045	1
5046	0
5047	1
5048	0
5049	0
5050	0
5051	0
5052	1
5053	0
5054	1
5055	1
5056	0
5057	0
5058	2
5059	2
5060	0
5061	0
5062	0
5063	0
5064	0
5065	0
5066	0
5067	0
5068	0
5069	1
5070	1
5071	1
5072	2
5073	2
5074	0
5075	0
5076	0
5077	0
5078	0
5079	0
5080	2
5081	0
5082	0
5083	0
5084	0
5085	1
5086	3
5087	2
5088	2
5089	4
5090	0
5091	1
5092	2
5093	1
5094	1
5095	0
5096	2
5097	2
5098	1
5099	0
5100	3
5101	1
5102	1
5103	1
5104	0
5105	0
5106	1
5107	1
5108	0
5109	1
5110	0
5111	0
5112	0
5113	0
5114	0
5115	0
5116	0
5117	1
5118	0
5119	1
5120	1
5121	1
5122	1
5123	1
5124	2
5125	0
5126	3
5127	3
5128	0
5129	1
5130	1
5131	0
5132	0
5133	1
5134	2
5135	1
5136	1
5137	0
5138	0
5139	0
5140	0
5141	2
5142	0
5143	1
5144	0
5145	1
5146	2
5147	2
5148	0
5149	1
5150	0
5151	2
5152	0
5153	0
5154	2
5155	0
5156	0
5157	0
5158	0
5159	1
5160	0
5161	2
5162	1
5163	0
5164	0
5165	0
5166	1
5167	1
5168	0
5169	2
5170	2
5171	1
5172	2
5173	0
5174	0
5175	1
5176	2
5177	0
5178	0
5179	1
5180	0
5181	1
5182	0
5183	2
5184	1
5185	0
5186	2
5187	0
5188	0
5189	1
5190	2
5191	0
5192	2
5193	1
5194	1
5195	0
5196	2
5197	1
5198	1
5199	0
5200	1
5201	0
5202	1
5203	0
5204	2
5205	0
5206	1
5207	0
5208	0
5209	1
5210	1
5211	1
5212	1
5213	1
5214	0
5215	1
5216	1
5217	0
5218	1
5219	1
5220	0
5221	0
5222	1
5223	0
5224	0
5225	3
5226	0
5227	1
5228	1
5229	0
5230	0
5231	0
5232	0
5233	0
5234	0
5235	1
5236	0
5237	0
5238	0
5239	0
5240	1
5241	0
5242	1
5243	0
5244	0
5245	0
5246	0
5247	0
5248	0
5249	2
5250	1
5251	0
5252	1
5253	1
5254	2
5255	0
5256	1
5257	0
5258	0
5259	1
5260	0
5261	0
5262	0
5263	0
5264	2
5265	0
5266	1
5267	0
5268	0
5269	0
5270	0
5271	2
5272	0
5273	0
5274	0
5275	0
5276	0
5277	0
5278	2
5279	0
5280	2
5281	2
5282	0
5283	1
5284	0
5285	1
5286	3
5287	2
5288	0
5289	2
5290	0
5291	1
5292	0
5293	1
5294	0
5295	0
5296	1
5297	0
5298	0
5299	0
5300	1
5301	1
5302	1
5303	3
5304	2
5305	0
5306	1
5307	0
5308	3
5309	1
5310	1
5311	2
5312	0
5313	0
5314	1
5315	0
5316	0
5317	0
5318	0
5319	2
5320	0
5321	0
5322	2
5323	1
5324	1
5325	0
5326	0
5327	1
5328	0
5329	1
5330	1
5331	0
5332	2
5333	0
5334	1
5335	0
5336	0
5337	0
5338	0
5339	1
5340	3
5341	1
5342	0
5343	0
5344	0
5345	0
5346	2
5347	1
5348	1
5349	2
5350	0
5351	2
5352	0
5353	1
5354	2
5355	1
5356	2
5357	1
5358	0
5359	0
5360	1
5361	0
5362	0
5363	0
5364	1
5365	0
5366	1
5367	1
5368	1
5369	0
5370	1
5371	0
5372	1
5373	0
5374	0
5375	0
5376	1
5377	3
5378	0
5379	0
5380	0
5381	1
5382	1
5383	0
5384	0
5385	0
5386	1
5387	1
5388	3
5389	0
5390	0
5391	1
5392	1
5393	1
5394	1
5395	1
5396	2
5397	0
5398	0
5399	0
5400	1
5401	2
5402	0
5403	1
5404	0
5405	0
5406	0
5407	3
5408	0
5409	2
5410	0
5411	1
5412	0
5413	0
5414	0
5415	2
5416	3
5417	2
5418	0
5419	1
5420	0
5421	0
5422	0
5423	0
5424	0
5425	1
5426	0
5427	2
5428	1
5429	2
5430	0
5431	1
5432	1
5433	3
5434	0
5435	1
5436	0
5437	1
5438	0
5439	0
5440	1
5441	0
5442	2
5443	1
5444	0
5445	1
5446	1
5447	1
5448	0
5449	1
5450	0
5451	1
5452	1
5453	1
5454	2
5455	0
5456	1
5457	1
5458	0
5459	0
5460	0
5461	0
5462	2
5463	0
5464	0
5465	0
5466	0
5467	0
5468	1
5469	1
5470	0
5471	0
5472	0
5473	1
5474	1
5475	1
5476	0
5477	2
5478	1
5479	0
5480	0
5481	1
5482	2
5483	0
5484	0
5485	1
5486	0
5487	0
5488	1
5489	1
5490	0
5491	3
5492	1
5493	1
5494	1
5495	2
5496	3
5497	0
5498	0
5499	0
5500	2
5501	0
5502	0
5503	0
5504	0
5505	1
5506	0
5507	2
5508	3
5509	1
5510	1
5511	2
5512	0
5513	0
5514	0
5515	0
5516	1
5517	0
5518	0
5519	0
5520	2
5521	1
5522	0
5523	1
5524	0
5525	0
5526	0
5527	0
5528	1
5529	0
5530	0
5531	0
5532	2
5533	0
5534	1
5535	2
5536	0
5537	1
5538	0
5539	4
5540	1
5541	0
5542	3
5543	0
5544	2
5545	2
5546	0
5547	0
5548	1
5549	0
5550	1
5551	0
5552	2
5553	0
5554	2
5555	0
5556	1
5557	1
5558	1
5559	1
5560	0
5561	0
5562	2
5563	2
5564	1
5565	0
5566	0
5567	0
5568	0
5569	1
5570	0
5571	0
5572	1
5573	0
5574	1
5575	1
5576	1
5577	1
5578	1
5579	0
5580	0
5581	0
5582	0
5583	1
5584	1
5585	0
5586	0
5587	2
5588	3
5589	2
5590	0
5591	0
5592	1
5593	0
5594	1
5595	0
5596	0
5597	0
5598	1
5599	1
5600	2
5601	1
5602	1
5603	1
5604	0
5605	1
5606	0
5607	0
5608	0
5609	0
5610	0
5611	0
5612	0
5613	0
5614	1
5615	0
5616	3
5617	2
5618	0
5619	3
5620	1
5621	1
5622	2
5623	0
5624	0
5625	1
5626	1
5627	1
5628	1
5629	0
5630	0
5631	1
5632	1
5633	0
5634	1
5635	0
5636	3
5637	0
5638	0
5639	2
5640	1
5641	1
5642	0
5643	0
5644	1
5645	1
5646	0
5647	1
5648	2
5649	0
5650	0
5651	1
5652	1
5653	1
5654	2
5655	3
5656	1
5657	0
5658	1
5659	1
5660	1
5661	1
5662	2
5663	1
5664	2
5665	2
5666	0
5667	0
5668	0
5669	3
5670	1
5671	2
5672	0
5673	0
5674	2
5675	1
5676	0
5677	0
5678	2
5679	0
5680	0
5681	2
5682	1
5683	2
5684	1
5685	1
5686	0
5687	0
5688	1
5689	1
5690	1
5691	0
5692	1
5693	0
5694	2
5695	0
5696	0
5697	1
5698	0
5699	0
5700	0
5701	0
5702	2
5703	0
5704	2
5705	1
5706	1
5707	1
5708	0
5709	0
5710	1
5711	0
5712	2
5713	2
5714	1
5715	0
5716	0
5717	2
5718	1
5719	0
5720	0
5721	3
5722	0
5723	0
5724	2
5725	0
5726	0
5727	0
5728	1
5729	0
5730	1
5731	2
5732	2
5733	2
5734	1
5735	1
5736	0
5737	1
5738	0
5739	0
5740	0
5741	0
5742	0
5743	0
5744	0
5745	0
5746	0
5747	0
5748	0
5749	1
5750	1
5751	0
5752	0
5753	1
5754	0
5755	0
5756	0
5757	1
5758	0
5759	2
5760	2
5761	0
5762	0
5763	0
5764	1
5765	0
5766	0
5767	0
5768	0
5769	1
5770	0
5771	1
5772	0
5773	0
5774	0
5775	1
5776	0
5777	0
5778	1
5779	2
5780	0
5781	0
5782	2
5783	3
5784	0
5785	0
5786	1
5787	2
5788	1
5789	0
5790	1
5791	1
5792	1
5793	1
5794	1
5795	0
5796	0
5797	0
5798	0
5799	1
5800	1
5801	1
5802	1
5803	0
5804	2
5805	1
5806	2
5807	1
5808	0
5809	1
5810	1
5811	1
5812	2
5813	0
5814	0
5815	0
5816	0
5817	1
5818	1
5819	0
5820	2
5821	0
5822	0
5823	1
5824	1
5825	1
5826	1
5827	1
5828	1
5829	0
5830	0
5831	0
5832	0
5833	1
5834	0
5835	0
5836	3
5837	1
5838	0
5839	0
5840	1
5841	0
5842	0
5843	0
5844	0
5845	1
5846	1
5847	1
5848	0
5849	2
5850	0
5851	0
5852	1
5853	0
5854	0
5855	0
5856	0
5857	1
5858	0
5859	1
5860	1
5861	0
5862	0
5863	0
5864	0
5865	0
5866	0
5867	0
5868	0
5869	0
5870	0
5871	1
5872	0
5873	1
5874	1
5875	0
5876	0
5877	0
5878	1
5879	0
5880	0
5881	0
5882	0
5883	0
5884	3
5885	0
5886	1
5887	0
5888	0
5889	2
5890	0
5891	2
5892	1
5893	1
5894	1
5895	0
5896	1
5897	2
5898	0
5899	1
5900	0
5901	1
5902	0
5903	0
5904	0
5905	1
5906	0
5907	0
5908	0
5909	1
5910	3
5911	0
5912	0
5913	0
5914	1
5915	1
5916	0
5917	1
5918	2
5919	0
5920	0
5921	1
5922	1
5923	1
5924	3
5925	0
5926	4
5927	0
5928	0
5929	0
5930	0
5931	0
5932	0
5933	0
5934	0
5935	1
5936	1
5937	1
5938	0
5939	0
5940	0
5941	1
5942	0
5943	1
5944	1
5945	0
5946	1
5947	1
5948	0
5949	1
5950	1
5951	1
5952	0
5953	1
5954	1
5955	1
5956	0
5957	1
5958	1
5959	1
5960	0
5961	0
5962	0
5963	0
5964	2
5965	1
5966	0
5967	3
5968	0
5969	1
5970	0
5971	1
5972	0
5973	0
5974	1
5975	0
5976	1
5977	0
5978	0
5979	0
5980	0
5981	1
5982	1
5983	1
5984	0
5985	0
5986	2
5987	1
5988	0
5989	0
5990	1
5991	0
5992	0
5993	0
5994	0
5995	1
5996	2
5997	0
5998	0
5999	0
6000	0
6001	0
6002	0
6003	1
6004	0
6005	1
6006	1
6007	1
6008	0
6009	0
6010	0
6011	2
6012	1
6013	0
6014	0
6015	1
6016	1
6017	1
6018	1
6019	1
6020	0
6021	0
6022	1
6023	0
6024	1
6025	0
6026	0
6027	0
6028	0
6029	1
6030	0
6031	0
6032	0
6033	0
6034	0
6035	0
6036	1
6037	1
6038	0
6039	0
6040	0
6041	0
6042	0
6043	1
6044	0
6045	0
6046	1
6047	0
6048	0
6049	0
6050	0
6051	0
6052	0
6053	0
6054	1
6055	0
6056	0
6057	0
6058	0
6059	0
6060	1
6061	0
6062	0
6063	1
6064	0
6065	0
6066	1
6067	0
6068	0
6069	0
6070	0
6071	0
6072	1
6073	1
6074	0
6075	0
6076	0
6077	0
6078	0
6079	0
6080	0
6081	0
6082	0
6083	1
6084	0
6085	0
6086	1
6087	0
6088	0
6089	0
6090	0
6091	1
6092	1
6093	0
6094	0
6095	0
6096	0
6097	1
6098	1
6099	0
6100	1
6101	0
6102	0
6103	1
6104	1
6105	0
6106	1
6107	1
6108	0
6109	0
6110	1
6111	1
6112	0
6113	0
6114	2
6115	0
6116	0
6117	0
6118	1
6119	0
6120	1
6121	1
6122	0
6123	2
6124	0
6125	0
6126	1
6127	1
6128	0
6129	0
6130	0
6131	0
6132	1
6133	1
6134	0
6135	0
6136	0
6137	0
6138	1
6139	1
6140	0
6141	0
6142	2
6143	0
6144	0
6145	0
6146	0
6147	0
6148	0
6149	2
6150	0
6151	0
6152	0
6153	0
6154	1
6155	0
6156	0
6157	0
6158	0
6159	0
6160	0
6161	1
6162	0
6163	1
6164	0
6165	0
6166	0
6167	1
6168	1
6169	1
6170	1
6171	1
6172	0
6173	1
6174	0
6175	0
6176	1
6177	1
6178	0
6179	0
6180	0
6181	0
6182	1
6183	0
6184	1
6185	2
6186	0
6187	1
6188	1
6189	0
6190	0
6191	1
6192	0
6193	2
6194	1
6195	1
6196	1
6197	2
6198	0
6199	1
6200	1
6201	0
6202	1
6203	1
6204	1
6205	0
6206	0
6207	0
6208	0
6209	0
6210	1
6211	0
6212	0
6213	0
6214	0
6215	0
6216	0
6217	0
6218	0
6219	1
6220	1
6221	0
6222	0
6223	0
6224	1
6225	1
6226	0
6227	0
6228	0
6229	1
6230	0
6231	0
6232	0
6233	1
6234	1
6235	0
6236	0
6237	1
6238	0
6239	0
6240	0
6241	0
6242	0
6243	0
6244	0
6245	1
6246	0
6247	0
6248	0
6249	0
6250	1
6251	0
6252	0
6253	0
6254	0
6255	1
6256	0
6257	0
6258	0
6259	0
6260	0
6261	1
6262	0
6263	1
6264	0
6265	0
6266	0
6267	0
6268	1
6269	0
6270	1
6271	0
6272	0
6273	0
6274	1
6275	0
6276	1
6277	0
6278	1
6279	0
6280	0
6281	1
6282	0
6283	0
6284	1
6285	0
6286	1
6287	0
6288	0
6289	1
6290	0
6291	1
6292	0
6293	0
6294	3
6295	2
6296	0
6297	0
6298	0
6299	0
6300	0
6301	1
6302	1
6303	1
6304	0
6305	0
6306	0
6307	0
6308	0
6309	2
6310	0
6311	0
6312	0
6313	1
6314	0
6315	1
6316	0
6317	0
6318	2
6319	0
6320	0
6321	1
6322	2
6323	1
6324	0
6325	0
6326	0
6327	1
6328	1
6329	1
6330	1
6331	1
6332	1
6333	1
6334	1
6335	0
6336	0
6337	0
6338	0
6339	0
6340	0
6341	1
6342	0
6343	1
6344	0
6345	0
6346	0
6347	0
6348	1
6349	0
6350	0
6351	1
6352	0
6353	0
6354	0
6355	0
6356	0
6357	0
6358	1
6359	0
6360	1
6361	1
6362	0
6363	0
6364	1
6365	0
6366	0
6367	0
6368	0
6369	1
6370	0
6371	2
6372	0
6373	1
6374	0
6375	0
6376	0
6377	0
6378	1
6379	2
6380	0
6381	0
6382	0
6383	0
6384	0
6385	0
6386	0
6387	2
6388	1
6389	0
6390	1
6391	1
6392	0
6393	0
6394	0
6395	1
6396	1
6397	1
6398	0
6399	0
6400	2
6401	0
6402	0
6403	0
6404	3
6405	1
6406	0
6407	0
6408	1
6409	2
6410	0
6411	1
6412	1
6413	2
6414	1
6415	0
6416	2
6417	2
6418	1
6419	1
6420	0
6421	0
6422	0
6423	0
6424	0
6425	1
6426	0
6427	0
6428	0
6429	0
6430	1
6431	0
6432	0
6433	1
6434	2
6435	0
6436	0
6437	0
6438	1
6439	1
6440	0
6441	2
6442	1
6443	1
6444	0
6445	2
6446	1
6447	2
6448	0
6449	0
6450	0
6451	1
6452	0
6453	0
6454	0
6455	1
6456	2
6457	1
6458	0
6459	0
6460	0
6461	0
6462	0
6463	1
6464	2
6465	0
6466	1
6467	2
6468	0
6469	1
6470	0
6471	2
6472	2
6473	1
6474	1
6475	0
6476	2
6477	0
6478	1
6479	0
6480	0
6481	0
6482	0
6483	0
6484	0
6485	0
6486	0
6487	0
6488	0
6489	1
6490	1
6491	0
6492	0
6493	1
6494	0
6495	0
6496	0
6497	2
6498	0
6499	0
6500	0
6501	2
6502	1
6503	1
6504	0
6505	0
6506	0
6507	1
6508	2
6509	1
6510	1
6511	0
6512	1
6513	1
6514	0
6515	0
6516	0
6517	0
6518	0
6519	0
6520	0
6521	1
6522	1
6523	0
6524	0
6525	2
6526	0
6527	0
6528	0
6529	0
6530	0
6531	0
6532	2
6533	0
6534	0
6535	0
6536	0
6537	1
6538	1
6539	0
6540	1
6541	1
6542	0
6543	0
6544	0
6545	0
6546	0
6547	0
6548	0
6549	0
6550	0
6551	2
6552	0
6553	0
6554	1
6555	1
6556	0
6557	0
6558	0
6559	1
6560	0
6561	0
6562	0
6563	2
6564	0
6565	0
6566	3
6567	0
6568	1
6569	1
6570	0
6571	0
6572	0
6573	0
6574	0
6575	1
6576	0
6577	0
6578	1
6579	0
6580	0
6581	0
6582	2
6583	0
6584	0
6585	0
6586	1
6587	0
6588	0
6589	2
6590	0
6591	1
6592	1
6593	0
6594	3
6595	1
6596	0
6597	0
6598	1
6599	0
6600	1
6601	1
6602	0
6603	0
6604	1
6605	0
6606	1
6607	1
6608	0
6609	0
6610	0
6611	0
6612	1
6613	1
6614	2
6615	0
6616	0
6617	1
6618	0
6619	0
6620	1
6621	1
6622	2
6623	0
6624	0
6625	0
6626	1
6627	0
6628	0
6629	0
6630	0
6631	0
6632	0
6633	0
6634	0
6635	1
6636	0
6637	1
6638	0
6639	0
6640	0
6641	1
6642	0
6643	1
6644	1
6645	0
6646	0
6647	0
6648	1
6649	2
6650	1
6651	2
6652	0
6653	0
6654	0
6655	0
6656	1
6657	0
6658	0
6659	1
6660	0
6661	1
6662	0
6663	0
6664	2
6665	0
6666	1
6667	1
6668	1
6669	1
6670	0
6671	1
6672	0
6673	1
6674	0
6675	0
6676	1
6677	1
6678	1
6679	0
6680	1
6681	3
6682	0
6683	0
6684	0
6685	0
6686	1
6687	0
6688	1
6689	1
6690	1
6691	0
6692	1
6693	1
6694	0
6695	2
6696	0
6697	0
6698	0
6699	1
6700	1
6701	0
6702	1
6703	2
6704	1
6705	0
6706	0
6707	0
6708	0
6709	1
6710	0
6711	1
6712	0
6713	0
6714	0
6715	0
6716	0
6717	0
6718	0
6719	1
6720	1
6721	1
6722	0
6723	0
6724	1
6725	1
6726	0
6727	0
6728	0
6729	0
6730	1
6731	1
6732	0
6733	0
6734	1
6735	2
6736	0
6737	1
6738	0
6739	0
6740	0
6741	1
6742	1
6743	0
6744	0
6745	0
6746	1
6747	2
6748	0
6749	1
6750	1
6751	0
6752	0
6753	1
6754	1
6755	0
6756	0
6757	0
6758	2
6759	1
6760	0
6761	0
6762	2
6763	2
6764	1
6765	0
6766	1
6767	0
6768	2
6769	1
6770	0
6771	0
6772	0
6773	0
6774	1
6775	0
6776	0
6777	1
6778	2
6779	0
6780	1
6781	0
6782	1
6783	1
6784	1
6785	0
6786	1
6787	0
6788	0
6789	1
6790	0
6791	0
6792	0
6793	0
6794	1
6795	0
6796	0
6797	0
6798	0
6799	0
6800	1
6801	0
6802	0
6803	0
6804	1
6805	1
6806	0
6807	1
6808	1
6809	0
6810	0
6811	0
6812	0
6813	0
6814	1
6815	1
6816	0
6817	0
6818	0
6819	0
6820	0
6821	0
6822	1
6823	1
6824	1
6825	0
6826	1
6827	0
6828	2
6829	0
6830	0
6831	0
6832	2
6833	0
6834	0
6835	0
6836	0
6837	0
6838	0
6839	0
6840	2
6841	0
6842	0
6843	2
6844	0
6845	1
6846	0
6847	0
6848	0
6849	1
6850	2
6851	0
6852	0
6853	0
6854	0
6855	1
6856	1
6857	0
6858	0
6859	0
6860	1
6861	1
6862	2
6863	1
6864	1
6865	2
6866	1
6867	2
6868	0
6869	0
6870	0
6871	0
6872	0
6873	0
6874	0
6875	2
6876	0
6877	0
6878	0
6879	1
6880	0
6881	1
6882	2
6883	0
6884	0
6885	2
6886	0
6887	1
6888	0
6889	0
6890	1
6891	0
6892	1
6893	0
6894	0
6895	1
6896	0
6897	0
6898	1
6899	0
6900	0
6901	1
6902	0
6903	1
6904	0
6905	2
6906	0
6907	0
6908	0
6909	0
6910	0
6911	1
6912	0
6913	0
6914	1
6915	1
6916	0
6917	1
6918	0
6919	1
6920	0
6921	2
6922	0
6923	3
6924	1
6925	2
6926	0
6927	1
6928	0
6929	0
6930	0
6931	1
6932	1
6933	1
6934	0
6935	0
6936	2
6937	1
6938	1
6939	1
6940	1
6941	0
6942	0
6943	0
6944	1
6945	1
6946	1
6947	1
6948	0
6949	0
6950	1
6951	0
6952	1
6953	0
6954	0
6955	0
6956	0
6957	0
6958	3
6959	1
6960	0
6961	0
6962	2
6963	0
6964	0
6965	1
6966	1
6967	1
6968	0
6969	1
6970	1
6971	0
6972	0
6973	0
6974	1
6975	0
6976	0
6977	1
6978	0
6979	0
6980	1
6981	1
6982	0
6983	0
6984	0
6985	0
6986	1
6987	1
6988	0
6989	0
6990	1
6991	1
6992	1
6993	1
6994	1
6995	2
6996	0
6997	2
6998	2
6999	0
7000	1
7001	2
7002	1
7003	0
7004	2
7005	0
7006	1
7007	1
7008	0
7009	3
7010	0
7011	0
7012	0
7013	1
7014	0
7015	1
7016	0
7017	0
7018	1
7019	1
7020	1
7021	0
7022	1
7023	2
7024	0
7025	0
7026	0
7027	1
7028	0
7029	0
7030	0
7031	0
7032	0
7033	2
7034	1
7035	0
7036	0
7037	0
7038	1
7039	2
7040	1
7041	2
7042	0
7043	0
7044	1
7045	0
7046	1
7047	0
7048	0
7049	2
7050	0
7051	2
7052	0
7053	2
7054	0
7055	1
7056	1
7057	2
7058	0
7059	0
7060	0
7061	0
7062	1
7063	1
7064	0
7065	1
7066	0
7067	1
7068	0
7069	1
7070	1
7071	1
7072	0
7073	1
7074	0
7075	0
7076	2
7077	0
7078	1
7079	1
7080	1
7081	0
7082	2
7083	0
7084	2
7085	1
7086	0
7087	0
7088	1
7089	0
7090	0
7091	1
7092	0
7093	0
7094	0
7095	1
7096	3
7097	0
7098	0
7099	2
7100	0
7101	0
7102	0
7103	0
7104	0
7105	0
7106	0
7107	1
7108	1
7109	1
7110	1
7111	1
7112	0
7113	0
7114	0
7115	1
7116	0
7117	0
7118	0
7119	1
7120	0
7121	0
7122	0
7123	1
7124	0
7125	0
7126	0
7127	1
7128	0
7129	1
7130	1
7131	1
7132	1
7133	0
7134	0
7135	0
7136	1
7137	1
7138	0
7139	0
7140	1
7141	0
7142	1
7143	1
7144	0
7145	0
7146	1
7147	0
7148	0
7149	2
7150	0
7151	0
7152	0
7153	0
7154	2
7155	1
7156	0
7157	1
7158	1
7159	1
7160	0
7161	0
7162	0
7163	0
7164	1
7165	1
7166	0
7167	0
7168	1
7169	0
7170	0
7171	1
7172	1
7173	0
7174	1
7175	1
7176	0
7177	0
7178	0
7179	0
7180	0
7181	0
7182	1
7183	0
7184	1
7185	0
7186	1
7187	1
7188	1
7189	0
7190	0
7191	1
7192	0
7193	0
7194	0
7195	2
7196	1
7197	1
7198	0
7199	0
7200	1
7201	0
7202	0
7203	1
7204	1
7205	1
7206	0
7207	1
7208	0
7209	0
7210	1
7211	0
7212	1
7213	1
7214	0
7215	1
7216	1
7217	0
7218	0
7219	1
7220	0
7221	0
7222	1
7223	0
7224	0
7225	1
7226	2
7227	0
7228	0
7229	1
7230	0
7231	0
7232	2
7233	1
7234	0
7235	0
7236	0
7237	0
7238	1
7239	0
7240	0
7241	1
7242	0
7243	0
7244	0
7245	1
7246	2
7247	0
7248	0
7249	0
7250	0
7251	2
7252	0
7253	0
7254	2
7255	0
7256	0
7257	1
7258	0
7259	0
7260	0
7261	0
7262	0
7263	0
7264	1
7265	0
7266	1
7267	0
7268	0
7269	2
7270	0
7271	0
7272	0
7273	1
7274	0
7275	0
7276	1
7277	0
7278	1
7279	0
7280	0
7281	0
7282	0
7283	1
7284	0
7285	0
7286	0
7287	0
7288	0
7289	2
7290	0
7291	1
7292	0
7293	0
7294	1
7295	1
7296	0
7297	0
7298	0
7299	0
7300	0
7301	0
7302	0
7303	1
7304	1
7305	1
7306	1
7307	1
7308	0
7309	0
7310	1
7311	0
7312	2
7313	0
7314	0
7315	0
7316	1
7317	0
7318	1
7319	1
7320	0
7321	0
7322	0
7323	0
7324	0
7325	1
7326	0
7327	0
7328	0
7329	0
7330	0
7331	1
7332	0
7333	1
7334	1
7335	0
7336	1
7337	0
7338	0
7339	1
7340	0
7341	0
7342	2
7343	0
7344	0
7345	0
7346	0
7347	0
7348	0
7349	0
7350	0
7351	2
7352	0
7353	1
7354	0
7355	0
7356	0
7357	0
7358	2
7359	0
7360	1
7361	0
7362	1
7363	1
7364	0
7365	0
7366	0
7367	0
7368	0
7369	0
7370	0
7371	0
7372	0
7373	1
7374	0
7375	0
7376	0
7377	1
7378	3
7379	1
7380	2
7381	0
7382	0
7383	0
7384	0
7385	0
7386	0
7387	0
7388	1
7389	2
7390	0
7391	2
7392	0
7393	0
7394	0
7395	0
7396	0
7397	1
7398	0
7399	0
7400	1
7401	0
7402	0
7403	1
7404	1
7405	2
7406	2
7407	1
7408	1
7409	0
7410	0
7411	0
7412	0
7413	0
7414	0
7415	0
7416	1
7417	1
7418	2
7419	0
7420	0
7421	1
7422	0
7423	0
7424	0
7425	0
7426	1
7427	1
7428	0
7429	1
7430	0
7431	0
7432	1
7433	0
7434	0
7435	1
7436	1
7437	0
7438	0
7439	0
7440	0
7441	0
7442	0
7443	1
7444	1
7445	1
7446	1
7447	0
7448	0
7449	0
7450	0
7451	0
7452	0
7453	0
7454	0
7455	1
7456	1
7457	0
7458	0
7459	1
7460	0
7461	1
7462	0
7463	0
7464	0
7465	1
7466	1
7467	0
7468	2
7469	0
7470	1
7471	0
7472	0
7473	0
7474	0
7475	0
7476	1
7477	0
7478	1
7479	1
7480	0
7481	0
7482	0
7483	1
7484	2
7485	0
7486	0
7487	0
7488	0
7489	0
7490	1
7491	0
7492	1
7493	0
7494	0
7495	1
7496	0
7497	0
7498	1
7499	0
7500	0
7501	0
7502	0
7503	0
7504	0
7505	0
7506	0
7507	0
7508	0
7509	1
7510	0
7511	0
7512	0
7513	0
7514	0
7515	0
7516	0
7517	0
7518	0
7519	0
7520	0
7521	0
7522	0
7523	0
7524	0
7525	0
7526	0
7527	1
7528	0
7529	0
7530	0
7531	1
7532	0
7533	1
7534	1
7535	0
7536	0
7537	0
7538	1
7539	0
7540	0
7541	0
7542	1
7543	1
7544	0
7545	0
7546	0
7547	0
7548	0
7549	0
7550	1
7551	0
7552	0
7553	0
7554	0
7555	1
7556	0
7557	0
7558	0
7559	0
7560	0
7561	0
7562	0
7563	0
7564	0
7565	0
7566	0
7567	0
7568	0
7569	1
7570	0
7571	0
7572	0
7573	2
7574	0
7575	0
7576	0
7577	1
7578	0
7579	1
7580	0
7581	0
7582	0
7583	0
7584	0
7585	0
7586	0
7587	0
7588	0
7589	0
7590	0
7591	1
7592	0
7593	0
7594	1
7595	0
7596	0
7597	0
7598	1
7599	1
7600	0
7601	0
7602	0
7603	0
7604	0
7605	0
7606	0
7607	0
7608	0
7609	0
7610	1
7611	0
7612	0
7613	1
7614	0
7615	0
7616	1
7617	0
7618	0
7619	0
7620	0
7621	0
7622	0
7623	0
7624	0
7625	0
7626	0
7627	0
7628	0
7629	0
7630	0
7631	0
7632	0
7633	1
7634	1
7635	0
7636	0
7637	0
7638	0
7639	1
7640	1
7641	1
7642	0
7643	1
7644	1
7645	0
7646	0
7647	0
7648	0
7649	0
7650	0
7651	0
7652	0
7653	1
7654	0
7655	0
7656	0
7657	0
7658	0
7659	0
7660	0
7661	0
7662	0
7663	0
7664	1
7665	0
7666	1
7667	0
7668	0
7669	1
7670	0
7671	0
7672	0
7673	0
7674	0
7675	0
7676	0
7677	1
7678	0
7679	1
7680	0
7681	0
7682	0
7683	0
7684	0
7685	0
7686	0
7687	0
7688	1
7689	0
7690	0
7691	1
7692	0
7693	0
7694	0
7695	0
7696	0
7697	0
7698	0
7699	0
7700	0
7701	0
7702	1
7703	0
7704	0
7705	0
7706	0
7707	0
7708	0
7709	0
7710	1
7711	0
7712	0
7713	0
7714	1
7715	0
7716	0
7717	0
7718	1
7719	1
7720	1
7721	0
7722	0
7723	1
7724	1
7725	0
7726	0
7727	0
7728	0
7729	0
7730	0
7731	0
7732	0
7733	0
7734	1
7735	0
7736	0
7737	1
7738	0
7739	2
7740	0
7741	0
7742	0
7743	0
7744	0
7745	0
7746	0
7747	1
7748	0
7749	0
7750	1
7751	0
7752	0
7753	0
7754	0
7755	0
7756	1
7757	0
7758	0
7759	0
7760	0
7761	0
7762	1
7763	0
7764	1
7765	0
7766	0
7767	1
7768	1
7769	0
7770	0
7771	0
7772	1
7773	0
7774	0
7775	0
7776	0
7777	1
7778	0
7779	0
7780	1
7781	0
7782	0
7783	0
7784	1
7785	1
7786	1
7787	0
7788	0
7789	0
7790	0
7791	0
7792	0
7793	0
7794	1
7795	0
7796	3
7797	1
7798	0
7799	1
7800	0
7801	0
7802	0
7803	0
7804	0
7805	0
7806	0
7807	0
7808	0
7809	0
7810	2
7811	0
7812	0
7813	0
7814	0
7815	1
7816	0
7817	0
7818	0
7819	0
7820	0
7821	0
7822	1
7823	0
7824	0
7825	1
7826	0
7827	0
7828	0
7829	1
7830	0
7831	0
7832	0
7833	1
7834	0
7835	1
7836	0
7837	1
7838	0
7839	0
7840	0
7841	1
7842	0
7843	0
7844	0
7845	0
7846	0
7847	0
7848	0
7849	0
7850	1
7851	0
7852	0
7853	1
7854	2
7855	0
7856	0
7857	1
7858	1
7859	1
7860	0
7861	0
7862	0
7863	1
7864	1
7865	1
7866	0
7867	0
7868	0
7869	0
7870	0
7871	0
7872	0
7873	0
7874	1
7875	0
7876	1
7877	0
7878	0
7879	0
7880	0
7881	0
7882	0
7883	1
7884	0
7885	0
7886	0
7887	1
7888	1
7889	0
7890	0
7891	0
7892	0
7893	0
7894	0
7895	0
7896	0
7897	0
7898	0
7899	0
7900	0
7901	0
7902	0
7903	0
7904	0
7905	1
7906	1
7907	0
7908	0
7909	2
7910	0
7911	0
7912	0
7913	0
7914	0
7915	0
7916	0
7917	0
7918	0
7919	0
7920	0
7921	0
7922	0
7923	0
7924	0
7925	0
7926	0
7927	0
7928	0
7929	0
7930	0
7931	0
7932	0
7933	0
7934	0
7935	0
7936	0
7937	0
7938	0
7939	0
7940	0
7941	0
7942	0
7943	0
7944	0
7945	0
7946	0
7947	0
7948	0
7949	0
7950	0
7951	0
7952	0
7953	0
7954	0
7955	0
7956	0
7957	0
7958	0
7959	0
7960	0
7961	0
7962	0
7963	0
7964	0
7965	0
7966	0
7967	0
7968	0
7969	0
7970	0
7971	0
7972	0
7973	0
7974	0
7975	0
7976	0
7977	0
7978	0
7979	0
7980	0
7981	0
7982	0
7983	0
7984	0
7985	0
7986	0
7987	0
7988	0
7989	0
7990	0
7991	0
7992	0
7993	0
7994	0
7995	0
7996	0
7997	0
7998	0
7999	0
8000	0
8001	0
8002	0
8003	0
8004	0
8005	0
8006	0
8007	0
8008	0
8009	0
8010	0
8011	0
8012	0
8013	0
8014	0
8015	0
8016	0
8017	0
8018	0
8019	0
8020	0
8021	0
8022	0
8023	0
8024	0
8025	0
8026	0
8027	0
8028	0
8029	0
8030	0
8031	0
8032	0
8033	0
8034	0
8035	0
8036	0
8037	0
8038	0
8039	0
8040	0
8041	0
8042	0
8043	0
8044	0
8045	0
8046	0
8047	0
8048	0
8049	0
8050	0
8051	0
8052	0
8053	0
8054	0
8055	0
8056	0
8057	0
8058	0
8059	0
8060	0
8061	0
8062	0
8063	0
8064	0
8065	0
8066	0
8067	0
8068	0
8069	0
8070	0
8071	0
8072	0
8073	0
8074	0
8075	0
8076	0
8077	0
8078	0
8079	0
8080	0
8081	0
8082	0
8083	0
8084	0
8085	0
8086	0
8087	0
8088	0
8089	0
8090	0
8091	0
8092	0
8093	0
8094	0
8095	0
8096	0
8097	0
8098	0
8099	0
8100	0
8101	0
8102	0
8103	0
8104	0
8105	0
8106	0
8107	0
8108	0
8109	0
8110	0
8111	0
8112	0
8113	0
8114	0
8115	0
8116	0
8117	0
8118	0
8119	0
8120	0
8121	0
8122	0
8123	0
8124	0
8125	0
8126	0
8127	0
8128	0
8129	0
8130	0
8131	0
8132	0
8133	0
8134	0
8135	0
8136	0
8137	0
8138	0
8139	0
8140	0
8141	0
8142	0
8143	0
8144	0
8145	0
8146	0
8147	0
8148	0
8149	0
8150	0
8151	0
8152	0
8153	0
8154	0
8155	0
8156	0
8157	0
8158	0
8159	0
8160	0
8161	0
8162	0
8163	0
8164	0
8165	0
8166	0
8167	0
8168	0
8169	0
8170	0
8171	0
8172	0
8173	0
8174	0
8175	0
8176	0
8177	0
8178	0
8179	0
8180	0
8181	0
8182	0
8183	0
8184	0
8185	0
8186	0
8187	0
8188	0
8189	0
8190	0
8191	0
