0	0
1	0
2	0
3	0
4	0
5	0
6	0
7	0
8	0
9	0
10	0
11	0
12	0
13	0
14	0
15	0
16	0
17	0
18	0
19	0
20	0
21	0
22	0
23	0
24	0
25	0
26	0
27	0
28	0
29	0
30	0
31	0
32	0
33	0
34	0
35	0
36	0
37	0
38	0
39	0
40	0
41	0
42	0
43	0
44	0
45	0
46	0
47	0
48	0
49	0
50	0
51	0
52	0
53	0
54	0
55	0
56	0
57	0
58	0
59	0
60	0
61	0
62	0
63	0
64	0
65	0
66	0
67	0
68	0
69	0
70	0
71	0
72	0
73	0
74	0
75	0
76	0
77	0
78	0
79	1
80	0
81	0
82	0
83	1
84	11
85	15
86	9
87	15
88	5
89	10
90	9
91	14
92	8
93	8
94	9
95	12
96	10
97	17
98	13
99	13
100	12
101	9
102	18
103	17
104	15
105	11
106	18
107	11
108	13
109	12
110	12
111	13
112	12
113	14
114	8
115	13
116	11
117	5
118	13
119	10
120	7
121	18
122	14
123	16
124	11
125	15
126	10
127	8
128	12
129	16
130	19
131	7
132	15
133	15
134	12
135	15
136	11
137	13
138	12
139	11
140	7
141	14
142	11
143	14
144	12
145	12
146	11
147	14
148	13
149	20
150	7
151	9
152	14
153	12
154	14
155	7
156	8
157	6
158	8
159	8
160	14
161	11
162	9
163	8
164	10
165	12
166	10
167	11
168	5
169	17
170	14
171	11
172	9
173	15
174	11
175	10
176	7
177	5
178	16
179	4
180	8
181	12
182	10
183	17
184	15
185	18
186	11
187	15
188	20
189	13
190	14
191	14
192	11
193	14
194	16
195	9
196	17
197	6
198	16
199	6
200	12
201	14
202	9
203	11
204	9
205	11
206	18
207	14
208	10
209	10
210	16
211	15
212	11
213	7
214	16
215	7
216	14
217	17
218	11
219	15
220	15
221	13
222	17
223	9
224	9
225	10
226	16
227	10
228	21
229	18
230	11
231	17
232	15
233	20
234	13
235	13
236	10
237	17
238	15
239	12
240	15
241	12
242	18
243	11
244	19
245	12
246	14
247	22
248	10
249	9
250	13
251	14
252	12
253	16
254	13
255	9
256	11
257	13
258	10
259	14
260	17
261	22
262	16
263	13
264	13
265	19
266	6
267	20
268	18
269	11
270	16
271	14
272	18
273	15
274	15
275	20
276	14
277	16
278	11
279	16
280	19
281	11
282	24
283	15
284	14
285	13
286	15
287	10
288	22
289	13
290	10
291	14
292	16
293	15
294	23
295	25
296	12
297	16
298	17
299	16
300	16
301	14
302	15
303	19
304	17
305	12
306	11
307	18
308	16
309	17
310	17
311	12
312	14
313	18
314	17
315	12
316	17
317	20
318	16
319	9
320	16
321	17
322	20
323	10
324	14
325	24
326	20
327	17
328	15
329	19
330	19
331	12
332	15
333	15
334	7
335	18
336	14
337	17
338	10
339	13
340	14
341	15
342	11
343	18
344	15
345	18
346	19
347	10
348	23
349	15
350	11
351	10
352	11
353	19
354	19
355	17
356	16
357	13
358	11
359	14
360	26
361	15
362	15
363	17
364	14
365	16
366	17
367	14
368	11
369	14
370	21
371	13
372	11
373	14
374	9
375	18
376	18
377	19
378	17
379	18
380	15
381	14
382	11
383	26
384	8
385	19
386	16
387	15
388	21
389	20
390	20
391	16
392	21
393	9
394	16
395	18
396	15
397	16
398	16
399	21
400	22
401	16
402	11
403	15
404	15
405	19
406	14
407	12
408	19
409	14
410	14
411	19
412	15
413	14
414	10
415	15
416	19
417	18
418	16
419	15
420	15
421	28
422	17
423	15
424	21
425	16
426	14
427	25
428	19
429	19
430	14
431	13
432	15
433	13
434	12
435	19
436	17
437	22
438	14
439	21
440	15
441	22
442	26
443	27
444	17
445	13
446	18
447	24
448	22
449	18
450	20
451	17
452	21
453	16
454	17
455	24
456	27
457	14
458	23
459	20
460	17
461	29
462	24
463	19
464	17
465	19
466	21
467	13
468	15
469	29
470	27
471	17
472	22
473	14
474	25
475	18
476	38
477	26
478	23
479	23
480	22
481	20
482	21
483	29
484	33
485	21
486	22
487	22
488	15
489	20
490	23
491	38
492	24
493	36
494	24
495	24
496	25
497	28
498	26
499	29
500	27
501	31
502	28
503	20
504	26
505	26
506	24
507	23
508	30
509	32
510	33
511	25
512	30
513	28
514	28
515	29
516	30
517	29
518	26
519	35
520	28
521	29
522	33
523	23
524	33
525	25
526	27
527	22
528	26
529	40
530	33
531	27
532	28
533	26
534	25
535	29
536	16
537	34
538	21
539	32
540	42
541	31
542	24
543	32
544	23
545	28
546	16
547	20
548	24
549	20
550	23
551	23
552	24
553	19
554	32
555	32
556	29
557	33
558	34
559	20
560	20
561	24
562	31
563	22
564	24
565	24
566	17
567	30
568	18
569	19
570	20
571	27
572	19
573	27
574	21
575	25
576	34
577	21
578	20
579	29
580	26
581	32
582	31
583	18
584	26
585	29
586	30
587	23
588	24
589	21
590	25
591	22
592	34
593	22
594	16
595	20
596	25
597	26
598	19
599	21
600	22
601	22
602	20
603	25
604	32
605	22
606	21
607	24
608	19
609	17
610	16
611	23
612	18
613	21
614	24
615	23
616	25
617	24
618	21
619	24
620	10
621	30
622	19
623	28
624	22
625	30
626	19
627	18
628	26
629	18
630	19
631	21
632	31
633	21
634	16
635	9
636	26
637	24
638	16
639	18
640	18
641	32
642	20
643	25
644	27
645	16
646	27
647	20
648	31
649	18
650	24
651	16
652	23
653	28
654	17
655	23
656	22
657	13
658	26
659	18
660	32
661	30
662	22
663	25
664	16
665	27
666	31
667	15
668	18
669	28
670	21
671	31
672	16
673	11
674	17
675	15
676	21
677	21
678	19
679	29
680	25
681	28
682	19
683	26
684	24
685	23
686	28
687	26
688	21
689	26
690	21
691	27
692	21
693	23
694	16
695	24
696	20
697	15
698	25
699	28
700	26
701	18
702	27
703	22
704	19
705	30
706	22
707	24
708	23
709	17
710	19
711	22
712	20
713	23
714	18
715	23
716	36
717	23
718	31
719	27
720	23
721	24
722	24
723	30
724	18
725	19
726	25
727	22
728	27
729	26
730	20
731	22
732	24
733	26
734	24
735	26
736	30
737	26
738	24
739	10
740	22
741	31
742	23
743	20
744	36
745	24
746	31
747	26
748	22
749	23
750	28
751	24
752	36
753	26
754	29
755	28
756	27
757	28
758	31
759	15
760	25
761	21
762	22
763	22
764	30
765	24
766	15
767	18
768	30
769	22
770	34
771	24
772	26
773	18
774	34
775	20
776	30
777	22
778	34
779	21
780	35
781	27
782	22
783	21
784	31
785	29
786	22
787	22
788	26
789	24
790	22
791	22
792	27
793	24
794	31
795	36
796	26
797	20
798	22
799	31
800	22
801	31
802	26
803	28
804	22
805	22
806	25
807	23
808	34
809	21
810	18
811	25
812	28
813	23
814	31
815	21
816	26
817	39
818	30
819	30
820	24
821	25
822	33
823	32
824	26
825	25
826	26
827	32
828	24
829	32
830	35
831	32
832	34
833	22
834	26
835	36
836	32
837	25
838	29
839	27
840	30
841	29
842	28
843	33
844	20
845	27
846	31
847	32
848	32
849	28
850	32
851	28
852	26
853	27
854	27
855	25
856	29
857	35
858	33
859	35
860	19
861	23
862	24
863	29
864	25
865	20
866	29
867	28
868	29
869	35
870	24
871	38
872	27
873	39
874	24
875	25
876	29
877	35
878	33
879	38
880	28
881	31
882	36
883	27
884	34
885	31
886	24
887	35
888	45
889	35
890	28
891	35
892	36
893	32
894	23
895	30
896	30
897	36
898	29
899	22
900	27
901	24
902	24
903	32
904	22
905	47
906	24
907	35
908	25
909	35
910	28
911	21
912	31
913	29
914	30
915	36
916	37
917	27
918	30
919	21
920	24
921	33
922	30
923	32
924	29
925	36
926	31
927	29
928	25
929	37
930	33
931	26
932	44
933	35
934	39
935	29
936	32
937	21
938	36
939	30
940	34
941	37
942	38
943	32
944	24
945	31
946	34
947	40
948	33
949	25
950	35
951	33
952	35
953	33
954	30
955	45
956	34
957	28
958	36
959	24
960	33
961	38
962	46
963	34
964	20
965	43
966	30
967	29
968	25
969	37
970	38
971	36
972	41
973	33
974	29
975	33
976	33
977	33
978	27
979	38
980	29
981	45
982	36
983	28
984	42
985	44
986	26
987	34
988	28
989	37
990	29
991	39
992	28
993	34
994	16
995	33
996	29
997	32
998	30
999	29
1000	29
1001	25
1002	45
1003	40
1004	37
1005	40
1006	48
1007	44
1008	40
1009	39
1010	33
1011	39
1012	29
1013	24
1014	43
1015	39
1016	45
1017	44
1018	28
1019	25
1020	31
1021	37
1022	37
1023	39
1024	31
1025	38
1026	31
1027	34
1028	31
1029	46
1030	40
1031	43
1032	34
1033	37
1034	35
1035	24
1036	28
1037	33
1038	31
1039	37
1040	25
1041	24
1042	32
1043	37
1044	23
1045	32
1046	29
1047	34
1048	32
1049	41
1050	37
1051	42
1052	31
1053	35
1054	35
1055	33
1056	31
1057	54
1058	25
1059	38
1060	44
1061	24
1062	36
1063	40
1064	39
1065	38
1066	31
1067	39
1068	27
1069	37
1070	25
1071	37
1072	42
1073	45
1074	37
1075	33
1076	37
1077	24
1078	50
1079	40
1080	45
1081	29
1082	32
1083	40
1084	41
1085	29
1086	35
1087	24
1088	34
1089	46
1090	25
1091	36
1092	27
1093	50
1094	40
1095	31
1096	43
1097	38
1098	29
1099	38
1100	40
1101	46
1102	43
1103	42
1104	37
1105	31
1106	44
1107	30
1108	29
1109	48
1110	44
1111	46
1112	37
1113	34
1114	24
1115	39
1116	42
1117	43
1118	38
1119	37
1120	30
1121	32
1122	41
1123	35
1124	26
1125	37
1126	33
1127	35
1128	31
1129	38
1130	42
1131	42
1132	28
1133	31
1134	36
1135	37
1136	34
1137	45
1138	34
1139	39
1140	48
1141	33
1142	41
1143	44
1144	40
1145	40
1146	28
1147	41
1148	38
1149	26
1150	33
1151	25
1152	36
1153	43
1154	32
1155	28
1156	36
1157	38
1158	31
1159	41
1160	44
1161	39
1162	35
1163	36
1164	31
1165	44
1166	44
1167	41
1168	28
1169	39
1170	43
1171	31
1172	28
1173	41
1174	42
1175	36
1176	39
1177	36
1178	44
1179	32
1180	47
1181	43
1182	35
1183	37
1184	33
1185	42
1186	49
1187	45
1188	46
1189	38
1190	36
1191	35
1192	34
1193	48
1194	56
1195	49
1196	37
1197	40
1198	30
1199	45
1200	45
1201	37
1202	40
1203	31
1204	33
1205	48
1206	44
1207	42
1208	32
1209	28
1210	31
1211	37
1212	40
1213	35
1214	42
1215	38
1216	39
1217	41
1218	49
1219	32
1220	43
1221	37
1222	45
1223	39
1224	41
1225	48
1226	39
1227	36
1228	44
1229	30
1230	40
1231	38
1232	32
1233	51
1234	44
1235	45
1236	28
1237	38
1238	56
1239	31
1240	36
1241	38
1242	42
1243	49
1244	39
1245	38
1246	40
1247	36
1248	33
1249	46
1250	53
1251	49
1252	47
1253	35
1254	36
1255	43
1256	31
1257	36
1258	28
1259	38
1260	45
1261	43
1262	42
1263	40
1264	33
1265	36
1266	43
1267	50
1268	39
1269	41
1270	24
1271	46
1272	39
1273	44
1274	49
1275	44
1276	52
1277	41
1278	42
1279	43
1280	39
1281	34
1282	37
1283	50
1284	39
1285	34
1286	48
1287	43
1288	42
1289	36
1290	38
1291	43
1292	31
1293	55
1294	43
1295	42
1296	34
1297	39
1298	48
1299	38
1300	38
1301	51
1302	61
1303	34
1304	41
1305	42
1306	44
1307	43
1308	44
1309	41
1310	52
1311	43
1312	41
1313	45
1314	39
1315	49
1316	45
1317	46
1318	46
1319	41
1320	41
1321	37
1322	48
1323	52
1324	46
1325	51
1326	43
1327	51
1328	49
1329	38
1330	42
1331	46
1332	53
1333	46
1334	47
1335	43
1336	42
1337	42
1338	46
1339	50
1340	40
1341	44
1342	46
1343	54
1344	64
1345	38
1346	42
1347	47
1348	40
1349	49
1350	37
1351	53
1352	37
1353	46
1354	49
1355	49
1356	31
1357	40
1358	40
1359	32
1360	46
1361	42
1362	38
1363	48
1364	57
1365	52
1366	52
1367	47
1368	48
1369	52
1370	50
1371	37
1372	42
1373	40
1374	59
1375	36
1376	47
1377	44
1378	46
1379	42
1380	51
1381	57
1382	61
1383	50
1384	54
1385	38
1386	53
1387	40
1388	43
1389	50
1390	51
1391	45
1392	43
1393	37
1394	29
1395	51
1396	48
1397	39
1398	53
1399	52
1400	40
1401	46
1402	50
1403	36
1404	54
1405	55
1406	39
1407	48
1408	37
1409	38
1410	49
1411	36
1412	42
1413	44
1414	38
1415	42
1416	41
1417	52
1418	47
1419	40
1420	38
1421	46
1422	43
1423	42
1424	45
1425	48
1426	44
1427	41
1428	52
1429	45
1430	53
1431	57
1432	43
1433	48
1434	37
1435	42
1436	45
1437	48
1438	39
1439	49
1440	48
1441	39
1442	45
1443	42
1444	46
1445	58
1446	52
1447	50
1448	31
1449	33
1450	49
1451	40
1452	35
1453	36
1454	51
1455	43
1456	39
1457	40
1458	32
1459	39
1460	37
1461	48
1462	54
1463	41
1464	35
1465	51
1466	47
1467	40
1468	43
1469	54
1470	40
1471	41
1472	45
1473	37
1474	41
1475	44
1476	48
1477	38
1478	37
1479	42
1480	41
1481	36
1482	35
1483	38
1484	35
1485	36
1486	40
1487	46
1488	36
1489	39
1490	34
1491	30
1492	35
1493	38
1494	38
1495	36
1496	38
1497	31
1498	31
1499	32
1500	43
1501	29
1502	52
1503	24
1504	29
1505	38
1506	41
1507	37
1508	46
1509	25
1510	38
1511	36
1512	38
1513	25
1514	37
1515	47
1516	25
1517	25
1518	39
1519	50
1520	44
1521	37
1522	29
1523	35
1524	29
1525	32
1526	28
1527	35
1528	34
1529	29
1530	29
1531	37
1532	50
1533	35
1534	35
1535	45
1536	42
1537	30
1538	33
1539	29
1540	33
1541	23
1542	35
1543	31
1544	31
1545	34
1546	27
1547	37
1548	32
1549	26
1550	38
1551	31
1552	31
1553	30
1554	34
1555	20
1556	26
1557	36
1558	34
1559	31
1560	22
1561	36
1562	37
1563	41
1564	26
1565	38
1566	27
1567	32
1568	28
1569	25
1570	29
1571	45
1572	28
1573	26
1574	36
1575	24
1576	25
1577	30
1578	34
1579	35
1580	32
1581	26
1582	28
1583	37
1584	25
1585	22
1586	22
1587	30
1588	24
1589	27
1590	38
1591	31
1592	25
1593	21
1594	22
1595	31
1596	31
1597	23
1598	22
1599	35
1600	26
1601	27
1602	24
1603	24
1604	22
1605	29
1606	22
1607	23
1608	22
1609	23
1610	35
1611	23
1612	29
1613	25
1614	28
1615	32
1616	23
1617	24
1618	23
1619	26
1620	20
1621	23
1622	26
1623	28
1624	23
1625	37
1626	34
1627	28
1628	28
1629	21
1630	30
1631	30
1632	21
1633	30
1634	27
1635	30
1636	26
1637	18
1638	19
1639	30
1640	20
1641	22
1642	23
1643	30
1644	24
1645	28
1646	33
1647	29
1648	20
1649	22
1650	25
1651	32
1652	32
1653	27
1654	24
1655	30
1656	28
1657	28
1658	18
1659	26
1660	26
1661	30
1662	23
1663	27
1664	34
1665	37
1666	17
1667	29
1668	21
1669	26
1670	40
1671	29
1672	23
1673	20
1674	20
1675	21
1676	33
1677	26
1678	29
1679	24
1680	19
1681	28
1682	23
1683	24
1684	19
1685	21
1686	23
1687	32
1688	24
1689	28
1690	28
1691	23
1692	20
1693	13
1694	30
1695	27
1696	23
1697	25
1698	23
1699	30
1700	23
1701	30
1702	20
1703	22
1704	36
1705	28
1706	19
1707	32
1708	23
1709	16
1710	18
1711	23
1712	20
1713	28
1714	15
1715	24
1716	12
1717	30
1718	19
1719	22
1720	20
1721	24
1722	20
1723	30
1724	24
1725	16
1726	17
1727	27
1728	23
1729	20
1730	24
1731	26
1732	24
1733	23
1734	18
1735	26
1736	24
1737	20
1738	24
1739	21
1740	20
1741	29
1742	21
1743	18
1744	19
1745	26
1746	19
1747	27
1748	27
1749	26
1750	21
1751	27
1752	14
1753	21
1754	24
1755	19
1756	24
1757	23
1758	25
1759	19
1760	20
1761	27
1762	18
1763	12
1764	23
1765	24
1766	18
1767	28
1768	21
1769	29
1770	29
1771	18
1772	27
1773	20
1774	19
1775	16
1776	12
1777	23
1778	27
1779	29
1780	17
1781	16
1782	27
1783	23
1784	29
1785	24
1786	21
1787	29
1788	23
1789	19
1790	25
1791	19
1792	23
1793	20
1794	28
1795	24
1796	20
1797	21
1798	17
1799	23
1800	19
1801	31
1802	22
1803	23
1804	16
1805	20
1806	21
1807	17
1808	20
1809	24
1810	17
1811	15
1812	27
1813	21
1814	31
1815	29
1816	28
1817	25
1818	20
1819	24
1820	22
1821	23
1822	24
1823	24
1824	18
1825	12
1826	17
1827	18
1828	25
1829	30
1830	15
1831	23
1832	21
1833	21
1834	23
1835	22
1836	22
1837	22
1838	24
1839	24
1840	19
1841	17
1842	23
1843	23
1844	24
1845	28
1846	29
1847	21
1848	20
1849	19
1850	30
1851	18
1852	27
1853	15
1854	25
1855	22
1856	21
1857	20
1858	16
1859	14
1860	20
1861	28
1862	26
1863	23
1864	24
1865	21
1866	21
1867	20
1868	23
1869	24
1870	20
1871	25
1872	21
1873	17
1874	19
1875	27
1876	18
1877	25
1878	21
1879	18
1880	27
1881	28
1882	19
1883	22
1884	29
1885	22
1886	17
1887	22
1888	30
1889	19
1890	25
1891	21
1892	21
1893	19
1894	22
1895	20
1896	22
1897	22
1898	21
1899	20
1900	27
1901	14
1902	28
1903	20
1904	24
1905	23
1906	15
1907	23
1908	27
1909	19
1910	18
1911	22
1912	16
1913	24
1914	25
1915	20
1916	20
1917	18
1918	30
1919	19
1920	18
1921	27
1922	27
1923	19
1924	14
1925	23
1926	16
1927	15
1928	24
1929	16
1930	22
1931	21
1932	25
1933	16
1934	28
1935	18
1936	22
1937	25
1938	13
1939	16
1940	13
1941	17
1942	16
1943	21
1944	23
1945	25
1946	17
1947	11
1948	20
1949	20
1950	18
1951	22
1952	18
1953	19
1954	17
1955	15
1956	19
1957	25
1958	25
1959	25
1960	21
1961	12
1962	19
1963	20
1964	20
1965	19
1966	23
1967	20
1968	27
1969	24
1970	28
1971	28
1972	25
1973	22
1974	21
1975	14
1976	27
1977	14
1978	16
1979	14
1980	18
1981	16
1982	27
1983	21
1984	27
1985	21
1986	22
1987	24
1988	22
1989	19
1990	15
1991	17
1992	25
1993	30
1994	18
1995	17
1996	27
1997	14
1998	17
1999	16
2000	22
2001	19
2002	25
2003	18
2004	17
2005	15
2006	15
2007	16
2008	18
2009	25
2010	14
2011	22
2012	21
2013	19
2014	14
2015	15
2016	16
2017	12
2018	22
2019	20
2020	13
2021	12
2022	12
2023	14
2024	13
2025	24
2026	8
2027	29
2028	15
2029	21
2030	29
2031	17
2032	13
2033	23
2034	16
2035	28
2036	12
2037	17
2038	15
2039	21
2040	19
2041	26
2042	18
2043	18
2044	21
2045	24
2046	25
2047	23
2048	20
2049	23
2050	14
2051	19
2052	23
2053	19
2054	20
2055	14
2056	12
2057	17
2058	16
2059	18
2060	16
2061	18
2062	25
2063	20
2064	17
2065	17
2066	13
2067	28
2068	26
2069	11
2070	21
2071	20
2072	13
2073	25
2074	22
2075	16
2076	17
2077	16
2078	16
2079	16
2080	25
2081	18
2082	14
2083	16
2084	24
2085	17
2086	24
2087	16
2088	20
2089	19
2090	20
2091	16
2092	23
2093	21
2094	17
2095	17
2096	18
2097	13
2098	16
2099	18
2100	23
2101	22
2102	20
2103	22
2104	16
2105	12
2106	19
2107	22
2108	15
2109	19
2110	20
2111	22
2112	15
2113	20
2114	17
2115	23
2116	19
2117	18
2118	12
2119	12
2120	24
2121	15
2122	16
2123	15
2124	18
2125	11
2126	25
2127	9
2128	18
2129	29
2130	11
2131	20
2132	22
2133	19
2134	21
2135	20
2136	14
2137	16
2138	22
2139	25
2140	19
2141	23
2142	12
2143	19
2144	25
2145	17
2146	14
2147	19
2148	17
2149	17
2150	21
2151	14
2152	15
2153	19
2154	16
2155	20
2156	17
2157	25
2158	20
2159	10
2160	13
2161	21
2162	11
2163	20
2164	21
2165	15
2166	12
2167	18
2168	20
2169	18
2170	18
2171	18
2172	14
2173	15
2174	16
2175	17
2176	8
2177	19
2178	7
2179	24
2180	18
2181	14
2182	23
2183	13
2184	17
2185	15
2186	16
2187	22
2188	27
2189	24
2190	15
2191	14
2192	11
2193	17
2194	16
2195	25
2196	22
2197	15
2198	15
2199	16
2200	18
2201	22
2202	18
2203	17
2204	16
2205	16
2206	12
2207	19
2208	17
2209	13
2210	16
2211	27
2212	25
2213	20
2214	12
2215	24
2216	18
2217	20
2218	20
2219	22
2220	22
2221	18
2222	15
2223	20
2224	24
2225	20
2226	17
2227	23
2228	14
2229	15
2230	16
2231	15
2232	13
2233	18
2234	19
2235	17
2236	20
2237	12
2238	10
2239	28
2240	22
2241	10
2242	15
2243	18
2244	20
2245	15
2246	24
2247	13
2248	20
2249	19
2250	11
2251	18
2252	17
2253	13
2254	16
2255	21
2256	17
2257	19
2258	25
2259	11
2260	12
2261	14
2262	20
2263	10
2264	16
2265	17
2266	11
2267	20
2268	9
2269	22
2270	20
2271	15
2272	15
2273	14
2274	19
2275	16
2276	13
2277	14
2278	10
2279	16
2280	13
2281	18
2282	11
2283	19
2284	15
2285	15
2286	19
2287	15
2288	20
2289	18
2290	16
2291	22
2292	12
2293	18
2294	17
2295	16
2296	11
2297	22
2298	19
2299	12
2300	21
2301	17
2302	15
2303	21
2304	13
2305	20
2306	14
2307	9
2308	11
2309	16
2310	19
2311	18
2312	17
2313	16
2314	13
2315	13
2316	14
2317	21
2318	16
2319	14
2320	18
2321	15
2322	12
2323	12
2324	13
2325	14
2326	22
2327	17
2328	24
2329	12
2330	20
2331	15
2332	20
2333	15
2334	18
2335	14
2336	16
2337	7
2338	14
2339	20
2340	17
2341	13
2342	18
2343	16
2344	5
2345	17
2346	19
2347	10
2348	14
2349	17
2350	13
2351	23
2352	14
2353	14
2354	17
2355	20
2356	15
2357	21
2358	13
2359	9
2360	19
2361	14
2362	24
2363	11
2364	17
2365	6
2366	6
2367	23
2368	12
2369	17
2370	20
2371	16
2372	19
2373	13
2374	15
2375	18
2376	14
2377	14
2378	14
2379	11
2380	15
2381	23
2382	15
2383	11
2384	17
2385	14
2386	19
2387	15
2388	14
2389	14
2390	10
2391	9
2392	17
2393	15
2394	11
2395	17
2396	13
2397	15
2398	15
2399	16
2400	11
2401	13
2402	22
2403	18
2404	15
2405	18
2406	12
2407	13
2408	16
2409	11
2410	11
2411	14
2412	16
2413	14
2414	18
2415	17
2416	19
2417	17
2418	14
2419	19
2420	15
2421	10
2422	17
2423	9
2424	10
2425	23
2426	19
2427	13
2428	16
2429	8
2430	12
2431	10
2432	22
2433	17
2434	20
2435	11
2436	12
2437	15
2438	14
2439	12
2440	17
2441	11
2442	25
2443	12
2444	12
2445	9
2446	14
2447	20
2448	16
2449	11
2450	14
2451	18
2452	19
2453	9
2454	12
2455	12
2456	15
2457	14
2458	10
2459	12
2460	13
2461	17
2462	8
2463	16
2464	18
2465	18
2466	17
2467	8
2468	20
2469	14
2470	13
2471	16
2472	23
2473	10
2474	14
2475	9
2476	11
2477	16
2478	16
2479	15
2480	10
2481	15
2482	9
2483	15
2484	14
2485	15
2486	7
2487	12
2488	13
2489	15
2490	16
2491	14
2492	14
2493	14
2494	21
2495	13
2496	19
2497	14
2498	14
2499	16
2500	16
2501	11
2502	14
2503	9
2504	16
2505	15
2506	13
2507	23
2508	19
2509	14
2510	11
2511	20
2512	14
2513	20
2514	17
2515	9
2516	20
2517	14
2518	13
2519	12
2520	17
2521	13
2522	11
2523	7
2524	19
2525	17
2526	18
2527	15
2528	14
2529	13
2530	15
2531	11
2532	17
2533	14
2534	13
2535	15
2536	19
2537	15
2538	22
2539	10
2540	16
2541	13
2542	16
2543	15
2544	13
2545	14
2546	11
2547	16
2548	16
2549	7
2550	18
2551	7
2552	14
2553	10
2554	10
2555	10
2556	16
2557	16
2558	10
2559	18
2560	10
2561	9
2562	18
2563	15
2564	17
2565	17
2566	15
2567	11
2568	11
2569	16
2570	12
2571	17
2572	19
2573	19
2574	12
2575	16
2576	19
2577	20
2578	18
2579	12
2580	13
2581	17
2582	19
2583	11
2584	7
2585	19
2586	17
2587	28
2588	13
2589	16
2590	17
2591	12
2592	6
2593	23
2594	16
2595	8
2596	11
2597	3
2598	14
2599	13
2600	16
2601	16
2602	13
2603	22
2604	10
2605	19
2606	6
2607	18
2608	10
2609	11
2610	10
2611	13
2612	12
2613	11
2614	12
2615	14
2616	11
2617	14
2618	13
2619	16
2620	17
2621	14
2622	15
2623	16
2624	13
2625	14
2626	10
2627	6
2628	21
2629	15
2630	10
2631	14
2632	8
2633	23
2634	13
2635	13
2636	14
2637	18
2638	16
2639	11
2640	19
2641	8
2642	10
2643	10
2644	13
2645	10
2646	15
2647	15
2648	9
2649	12
2650	15
2651	12
2652	14
2653	9
2654	19
2655	14
2656	14
2657	12
2658	13
2659	18
2660	18
2661	11
2662	10
2663	14
2664	20
2665	15
2666	12
2667	10
2668	6
2669	9
2670	15
2671	11
2672	8
2673	19
2674	8
2675	17
2676	14
2677	9
2678	10
2679	14
2680	16
2681	8
2682	12
2683	14
2684	8
2685	15
2686	15
2687	13
2688	14
2689	13
2690	12
2691	16
2692	14
2693	17
2694	10
2695	10
2696	7
2697	14
2698	10
2699	16
2700	13
2701	11
2702	14
2703	12
2704	6
2705	12
2706	14
2707	16
2708	8
2709	16
2710	13
2711	13
2712	9
2713	16
2714	15
2715	13
2716	10
2717	14
2718	16
2719	19
2720	12
2721	12
2722	8
2723	13
2724	11
2725	13
2726	15
2727	12
2728	17
2729	12
2730	12
2731	11
2732	9
2733	20
2734	9
2735	17
2736	10
2737	7
2738	9
2739	10
2740	14
2741	11
2742	9
2743	14
2744	12
2745	16
2746	11
2747	13
2748	18
2749	15
2750	14
2751	14
2752	15
2753	9
2754	16
2755	16
2756	9
2757	12
2758	18
2759	18
2760	12
2761	18
2762	8
2763	11
2764	11
2765	10
2766	8
2767	12
2768	7
2769	8
2770	16
2771	15
2772	14
2773	16
2774	13
2775	13
2776	13
2777	15
2778	9
2779	16
2780	14
2781	14
2782	13
2783	14
2784	12
2785	10
2786	7
2787	8
2788	11
2789	8
2790	20
2791	8
2792	14
2793	11
2794	8
2795	9
2796	17
2797	16
2798	10
2799	8
2800	11
2801	13
2802	10
2803	10
2804	11
2805	18
2806	11
2807	14
2808	14
2809	13
2810	9
2811	13
2812	10
2813	10
2814	9
2815	11
2816	9
2817	8
2818	5
2819	8
2820	13
2821	10
2822	13
2823	12
2824	20
2825	14
2826	22
2827	11
2828	10
2829	7
2830	17
2831	16
2832	12
2833	21
2834	12
2835	16
2836	10
2837	9
2838	11
2839	5
2840	12
2841	17
2842	18
2843	12
2844	13
2845	12
2846	9
2847	15
2848	11
2849	8
2850	7
2851	17
2852	12
2853	9
2854	9
2855	12
2856	6
2857	18
2858	8
2859	13
2860	11
2861	9
2862	7
2863	21
2864	14
2865	12
2866	20
2867	20
2868	13
2869	8
2870	9
2871	16
2872	17
2873	11
2874	12
2875	5
2876	8
2877	8
2878	8
2879	8
2880	14
2881	8
2882	12
2883	3
2884	12
2885	13
2886	13
2887	12
2888	20
2889	15
2890	9
2891	12
2892	11
2893	10
2894	10
2895	14
2896	16
2897	6
2898	11
2899	23
2900	7
2901	10
2902	12
2903	14
2904	14
2905	14
2906	9
2907	7
2908	10
2909	10
2910	5
2911	8
2912	8
2913	13
2914	24
2915	8
2916	13
2917	11
2918	9
2919	9
2920	9
2921	9
2922	14
2923	8
2924	13
2925	10
2926	15
2927	8
2928	13
2929	9
2930	11
2931	10
2932	4
2933	7
2934	11
2935	8
2936	9
2937	4
2938	4
2939	11
2940	17
2941	11
2942	9
2943	8
2944	14
2945	4
2946	9
2947	11
2948	11
2949	8
2950	9
2951	12
2952	17
2953	9
2954	8
2955	7
2956	12
2957	8
2958	10
2959	7
2960	10
2961	16
2962	6
2963	12
2964	13
2965	9
2966	11
2967	9
2968	20
2969	9
2970	8
2971	8
2972	6
2973	12
2974	7
2975	12
2976	10
2977	10
2978	8
2979	7
2980	11
2981	17
2982	11
2983	8
2984	16
2985	9
2986	12
2987	6
2988	13
2989	12
2990	12
2991	3
2992	5
2993	13
2994	7
2995	13
2996	7
2997	8
2998	14
2999	9
3000	18
3001	12
3002	4
3003	14
3004	15
3005	14
3006	14
3007	8
3008	16
3009	11
3010	12
3011	12
3012	8
3013	12
3014	9
3015	8
3016	9
3017	17
3018	14
3019	14
3020	14
3021	15
3022	3
3023	7
3024	11
3025	11
3026	8
3027	9
3028	9
3029	5
3030	9
3031	4
3032	17
3033	10
3034	10
3035	14
3036	15
3037	13
3038	12
3039	14
3040	9
3041	5
3042	9
3043	9
3044	9
3045	13
3046	9
3047	13
3048	9
3049	10
3050	9
3051	9
3052	12
3053	16
3054	14
3055	11
3056	10
3057	11
3058	7
3059	10
3060	12
3061	17
3062	8
3063	9
3064	15
3065	11
3066	10
3067	10
3068	13
3069	13
3070	14
3071	11
3072	7
3073	7
3074	8
3075	3
3076	11
3077	9
3078	7
3079	8
3080	6
3081	9
3082	9
3083	13
3084	18
3085	13
3086	8
3087	14
3088	10
3089	8
3090	20
3091	11
3092	11
3093	5
3094	9
3095	11
3096	6
3097	11
3098	4
3099	7
3100	6
3101	13
3102	10
3103	12
3104	13
3105	16
3106	10
3107	13
3108	10
3109	4
3110	9
3111	7
3112	10
3113	11
3114	8
3115	10
3116	14
3117	9
3118	8
3119	7
3120	14
3121	5
3122	3
3123	11
3124	8
3125	8
3126	12
3127	14
3128	7
3129	8
3130	15
3131	13
3132	11
3133	11
3134	9
3135	17
3136	18
3137	16
3138	6
3139	7
3140	15
3141	10
3142	7
3143	8
3144	12
3145	10
3146	17
3147	8
3148	9
3149	17
3150	7
3151	7
3152	16
3153	11
3154	10
3155	21
3156	6
3157	12
3158	7
3159	9
3160	14
3161	11
3162	11
3163	12
3164	11
3165	11
3166	8
3167	8
3168	11
3169	10
3170	10
3171	8
3172	11
3173	12
3174	10
3175	7
3176	9
3177	10
3178	12
3179	11
3180	9
3181	13
3182	10
3183	17
3184	12
3185	10
3186	15
3187	13
3188	13
3189	14
3190	8
3191	7
3192	11
3193	12
3194	14
3195	10
3196	14
3197	12
3198	10
3199	13
3200	10
3201	12
3202	9
3203	9
3204	10
3205	9
3206	14
3207	16
3208	11
3209	10
3210	5
3211	7
3212	9
3213	12
3214	11
3215	8
3216	3
3217	18
3218	12
3219	8
3220	15
3221	6
3222	12
3223	10
3224	12
3225	5
3226	13
3227	18
3228	10
3229	6
3230	16
3231	10
3232	12
3233	11
3234	10
3235	17
3236	7
3237	11
3238	15
3239	10
3240	9
3241	8
3242	12
3243	8
3244	11
3245	4
3246	8
3247	8
3248	13
3249	16
3250	11
3251	7
3252	11
3253	12
3254	5
3255	12
3256	15
3257	11
3258	11
3259	13
3260	11
3261	16
3262	17
3263	10
3264	13
3265	9
3266	14
3267	8
3268	8
3269	10
3270	9
3271	11
3272	14
3273	11
3274	11
3275	13
3276	4
3277	10
3278	6
3279	7
3280	15
3281	11
3282	8
3283	9
3284	14
3285	11
3286	8
3287	9
3288	8
3289	10
3290	10
3291	11
3292	9
3293	10
3294	14
3295	10
3296	1
3297	8
3298	15
3299	6
3300	12
3301	7
3302	8
3303	10
3304	8
3305	17
3306	13
3307	5
3308	11
3309	10
3310	14
3311	11
3312	8
3313	9
3314	6
3315	9
3316	9
3317	8
3318	15
3319	8
3320	10
3321	9
3322	11
3323	9
3324	9
3325	10
3326	16
3327	12
3328	16
3329	12
3330	14
3331	10
3332	13
3333	12
3334	9
3335	9
3336	8
3337	6
3338	12
3339	5
3340	11
3341	19
3342	9
3343	7
3344	12
3345	10
3346	20
3347	14
3348	5
3349	13
3350	11
3351	7
3352	6
3353	11
3354	9
3355	6
3356	11
3357	12
3358	10
3359	11
3360	20
3361	10
3362	9
3363	12
3364	7
3365	9
3366	11
3367	14
3368	6
3369	10
3370	14
3371	14
3372	12
3373	13
3374	9
3375	9
3376	8
3377	15
3378	12
3379	14
3380	11
3381	10
3382	12
3383	7
3384	6
3385	5
3386	9
3387	10
3388	13
3389	7
3390	14
3391	9
3392	11
3393	8
3394	6
3395	9
3396	13
3397	6
3398	15
3399	6
3400	11
3401	11
3402	13
3403	7
3404	11
3405	9
3406	10
3407	14
3408	14
3409	13
3410	6
3411	11
3412	7
3413	8
3414	15
3415	14
3416	11
3417	12
3418	11
3419	10
3420	6
3421	10
3422	6
3423	10
3424	9
3425	5
3426	17
3427	12
3428	8
3429	12
3430	13
3431	9
3432	19
3433	11
3434	10
3435	6
3436	5
3437	10
3438	5
3439	14
3440	6
3441	13
3442	10
3443	10
3444	9
3445	15
3446	18
3447	2
3448	11
3449	10
3450	9
3451	15
3452	11
3453	19
3454	11
3455	9
3456	7
3457	13
3458	8
3459	7
3460	11
3461	14
3462	12
3463	6
3464	7
3465	11
3466	7
3467	8
3468	10
3469	9
3470	6
3471	6
3472	13
3473	13
3474	13
3475	8
3476	16
3477	15
3478	9
3479	7
3480	7
3481	6
3482	5
3483	7
3484	8
3485	8
3486	12
3487	4
3488	12
3489	8
3490	8
3491	6
3492	11
3493	12
3494	12
3495	8
3496	9
3497	16
3498	12
3499	10
3500	14
3501	14
3502	11
3503	8
3504	9
3505	9
3506	9
3507	9
3508	4
3509	6
3510	11
3511	11
3512	12
3513	15
3514	12
3515	19
3516	12
3517	9
3518	6
3519	7
3520	7
3521	13
3522	9
3523	6
3524	8
3525	12
3526	9
3527	8
3528	8
3529	13
3530	13
3531	8
3532	6
3533	7
3534	9
3535	14
3536	8
3537	7
3538	8
3539	8
3540	8
3541	10
3542	14
3543	11
3544	10
3545	9
3546	10
3547	8
3548	9
3549	9
3550	9
3551	7
3552	11
3553	9
3554	10
3555	7
3556	4
3557	3
3558	7
3559	11
3560	14
3561	11
3562	13
3563	13
3564	7
3565	8
3566	8
3567	13
3568	10
3569	13
3570	7
3571	15
3572	10
3573	10
3574	15
3575	7
3576	9
3577	12
3578	13
3579	10
3580	14
3581	14
3582	6
3583	14
3584	15
3585	8
3586	14
3587	7
3588	8
3589	11
3590	9
3591	9
3592	10
3593	9
3594	10
3595	7
3596	14
3597	16
3598	10
3599	9
3600	11
3601	9
3602	11
3603	11
3604	11
3605	15
3606	7
3607	15
3608	10
3609	6
3610	16
3611	10
3612	12
3613	14
3614	9
3615	10
3616	11
3617	9
3618	11
3619	11
3620	14
3621	15
3622	12
3623	20
3624	7
3625	9
3626	9
3627	7
3628	9
3629	7
3630	10
3631	7
3632	7
3633	10
3634	10
3635	14
3636	12
3637	11
3638	11
3639	14
3640	6
3641	9
3642	5
3643	14
3644	14
3645	16
3646	9
3647	10
3648	8
3649	12
3650	9
3651	8
3652	12
3653	7
3654	4
3655	13
3656	11
3657	10
3658	12
3659	8
3660	16
3661	13
3662	13
3663	13
3664	7
3665	10
3666	12
3667	9
3668	13
3669	9
3670	13
3671	4
3672	6
3673	7
3674	7
3675	13
3676	12
3677	13
3678	8
3679	14
3680	15
3681	12
3682	4
3683	20
3684	13
3685	11
3686	14
3687	6
3688	11
3689	11
3690	9
3691	8
3692	10
3693	9
3694	12
3695	12
3696	14
3697	13
3698	10
3699	5
3700	8
3701	14
3702	8
3703	13
3704	9
3705	11
3706	11
3707	10
3708	12
3709	9
3710	15
3711	8
3712	8
3713	7
3714	7
3715	7
3716	9
3717	10
3718	5
3719	7
3720	9
3721	10
3722	17
3723	9
3724	8
3725	10
3726	5
3727	9
3728	11
3729	11
3730	10
3731	13
3732	9
3733	12
3734	13
3735	13
3736	14
3737	12
3738	8
3739	7
3740	8
3741	7
3742	5
3743	14
3744	11
3745	15
3746	7
3747	6
3748	11
3749	5
3750	7
3751	20
3752	9
3753	8
3754	8
3755	16
3756	9
3757	15
3758	9
3759	5
3760	11
3761	10
3762	10
3763	14
3764	9
3765	17
3766	18
3767	20
3768	15
3769	13
3770	6
3771	7
3772	14
3773	25
3774	9
3775	10
3776	12
3777	8
3778	9
3779	6
3780	15
3781	8
3782	11
3783	15
3784	12
3785	8
3786	11
3787	12
3788	7
3789	9
3790	9
3791	10
3792	10
3793	13
3794	14
3795	15
3796	12
3797	6
3798	5
3799	9
3800	8
3801	14
3802	12
3803	8
3804	12
3805	13
3806	17
3807	9
3808	9
3809	16
3810	15
3811	15
3812	12
3813	8
3814	11
3815	9
3816	10
3817	13
3818	12
3819	13
3820	16
3821	11
3822	14
3823	11
3824	8
3825	12
3826	19
3827	9
3828	18
3829	11
3830	9
3831	11
3832	10
3833	10
3834	12
3835	11
3836	13
3837	7
3838	12
3839	17
3840	13
3841	18
3842	17
3843	14
3844	2
3845	10
3846	14
3847	13
3848	15
3849	9
3850	14
3851	13
3852	9
3853	14
3854	21
3855	10
3856	9
3857	10
3858	20
3859	15
3860	13
3861	14
3862	10
3863	12
3864	10
3865	6
3866	14
3867	8
3868	10
3869	15
3870	7
3871	12
3872	10
3873	12
3874	8
3875	14
3876	10
3877	17
3878	18
3879	11
3880	14
3881	14
3882	14
3883	10
3884	12
3885	11
3886	16
3887	11
3888	12
3889	10
3890	19
3891	13
3892	11
3893	22
3894	14
3895	14
3896	21
3897	15
3898	12
3899	13
3900	22
3901	13
3902	17
3903	10
3904	11
3905	15
3906	13
3907	15
3908	18
3909	12
3910	9
3911	20
3912	15
3913	14
3914	17
3915	10
3916	12
3917	13
3918	11
3919	16
3920	8
3921	14
3922	11
3923	11
3924	13
3925	16
3926	9
3927	15
3928	20
3929	18
3930	8
3931	14
3932	8
3933	11
3934	20
3935	11
3936	10
3937	11
3938	13
3939	17
3940	17
3941	14
3942	14
3943	21
3944	15
3945	14
3946	16
3947	20
3948	12
3949	15
3950	14
3951	8
3952	17
3953	16
3954	13
3955	14
3956	18
3957	15
3958	15
3959	14
3960	21
3961	10
3962	12
3963	12
3964	19
3965	27
3966	12
3967	13
3968	21
3969	22
3970	12
3971	10
3972	20
3973	17
3974	15
3975	22
3976	13
3977	15
3978	16
3979	16
3980	22
3981	22
3982	23
3983	15
3984	14
3985	10
3986	17
3987	10
3988	18
3989	16
3990	19
3991	17
3992	25
3993	10
3994	15
3995	19
3996	13
3997	19
3998	21
3999	17
4000	14
4001	18
4002	27
4003	15
4004	16
4005	20
4006	18
4007	19
4008	16
4009	20
4010	16
4011	15
4012	19
4013	14
4014	20
4015	14
4016	10
4017	14
4018	17
4019	14
4020	19
4021	20
4022	12
4023	28
4024	22
4025	22
4026	18
4027	21
4028	20
4029	14
4030	25
4031	20
4032	14
4033	21
4034	17
4035	11
4036	6
4037	14
4038	26
4039	16
4040	15
4041	20
4042	23
4043	20
4044	15
4045	17
4046	23
4047	15
4048	16
4049	22
4050	20
4051	14
4052	15
4053	19
4054	23
4055	25
4056	26
4057	23
4058	33
4059	13
4060	17
4061	29
4062	18
4063	19
4064	19
4065	20
4066	27
4067	29
4068	18
4069	19
4070	24
4071	26
4072	16
4073	14
4074	16
4075	18
4076	18
4077	16
4078	22
4079	32
4080	16
4081	15
4082	15
4083	21
4084	16
4085	22
4086	18
4087	15
4088	16
4089	17
4090	6
4091	24
4092	21
4093	15
4094	26
4095	23
4096	15
4097	12
4098	8
4099	25
4100	18
4101	10
4102	15
4103	18
4104	21
4105	23
4106	14
4107	11
4108	15
4109	28
4110	21
4111	22
4112	17
4113	19
4114	20
4115	20
4116	22
4117	16
4118	24
4119	12
4120	31
4121	25
4122	15
4123	14
4124	21
4125	17
4126	16
4127	21
4128	21
4129	12
4130	28
4131	18
4132	19
4133	15
4134	24
4135	17
4136	14
4137	20
4138	18
4139	13
4140	12
4141	15
4142	11
4143	20
4144	15
4145	27
4146	18
4147	21
4148	10
4149	17
4150	16
4151	21
4152	15
4153	21
4154	10
4155	20
4156	14
4157	17
4158	17
4159	10
4160	16
4161	14
4162	17
4163	16
4164	14
4165	12
4166	24
4167	14
4168	18
4169	10
4170	20
4171	14
4172	13
4173	8
4174	12
4175	16
4176	28
4177	11
4178	20
4179	20
4180	10
4181	13
4182	25
4183	17
4184	14
4185	22
4186	25
4187	9
4188	20
4189	19
4190	14
4191	14
4192	15
4193	10
4194	11
4195	6
4196	12
4197	12
4198	9
4199	11
4200	12
4201	12
4202	7
4203	11
4204	12
4205	11
4206	18
4207	16
4208	17
4209	9
4210	12
4211	13
4212	11
4213	13
4214	15
4215	13
4216	16
4217	13
4218	14
4219	11
4220	6
4221	15
4222	8
4223	13
4224	6
4225	11
4226	13
4227	8
4228	14
4229	8
4230	16
4231	7
4232	9
4233	15
4234	19
4235	12
4236	15
4237	7
4238	7
4239	11
4240	16
4241	11
4242	10
4243	9
4244	6
4245	12
4246	9
4247	9
4248	7
4249	12
4250	12
4251	11
4252	8
4253	8
4254	5
4255	9
4256	13
4257	6
4258	8
4259	15
4260	3
4261	14
4262	18
4263	8
4264	7
4265	7
4266	15
4267	7
4268	10
4269	10
4270	2
4271	7
4272	11
4273	3
4274	5
4275	10
4276	7
4277	5
4278	4
4279	6
4280	10
4281	4
4282	5
4283	7
4284	7
4285	8
4286	5
4287	4
4288	6
4289	7
4290	8
4291	9
4292	3
4293	3
4294	8
4295	9
4296	6
4297	5
4298	0
4299	4
4300	5
4301	2
4302	2
4303	2
4304	4
4305	7
4306	7
4307	7
4308	2
4309	5
4310	6
4311	3
4312	2
4313	5
4314	7
4315	5
4316	4
4317	3
4318	2
4319	4
4320	5
4321	6
4322	4
4323	4
4324	4
4325	3
4326	1
4327	5
4328	9
4329	5
4330	5
4331	2
4332	5
4333	5
4334	1
4335	1
4336	1
4337	7
4338	5
4339	4
4340	5
4341	6
4342	7
4343	3
4344	6
4345	6
4346	1
4347	4
4348	4
4349	4
4350	3
4351	0
4352	6
4353	1
4354	2
4355	2
4356	5
4357	6
4358	2
4359	2
4360	4
4361	1
4362	2
4363	3
4364	2
4365	0
4366	1
4367	1
4368	2
4369	3
4370	1
4371	0
4372	2
4373	1
4374	3
4375	1
4376	3
4377	1
4378	1
4379	0
4380	3
4381	2
4382	0
4383	2
4384	2
4385	2
4386	1
4387	2
4388	1
4389	2
4390	1
4391	2
4392	4
4393	2
4394	5
4395	1
4396	3
4397	2
4398	2
4399	2
4400	2
4401	3
4402	2
4403	4
4404	0
4405	0
4406	1
4407	1
4408	3
4409	0
4410	1
4411	0
4412	4
4413	3
4414	2
4415	2
4416	2
4417	1
4418	3
4419	1
4420	1
4421	0
4422	1
4423	2
4424	1
4425	1
4426	2
4427	1
4428	3
4429	1
4430	0
4431	0
4432	3
4433	1
4434	3
4435	1
4436	0
4437	2
4438	1
4439	0
4440	0
4441	0
4442	2
4443	1
4444	1
4445	2
4446	1
4447	3
4448	0
4449	1
4450	1
4451	3
4452	0
4453	1
4454	1
4455	0
4456	2
4457	0
4458	1
4459	0
4460	1
4461	2
4462	0
4463	0
4464	0
4465	1
4466	0
4467	1
4468	1
4469	2
4470	2
4471	1
4472	1
4473	1
4474	0
4475	3
4476	2
4477	3
4478	1
4479	0
4480	2
4481	2
4482	1
4483	3
4484	1
4485	1
4486	2
4487	3
4488	0
4489	2
4490	3
4491	1
4492	1
4493	4
4494	5
4495	1
4496	0
4497	1
4498	0
4499	1
4500	0
4501	0
4502	0
4503	2
4504	0
4505	0
4506	0
4507	0
4508	1
4509	1
4510	1
4511	2
4512	0
4513	0
4514	1
4515	1
4516	1
4517	0
4518	1
4519	0
4520	1
4521	1
4522	2
4523	0
4524	1
4525	3
4526	1
4527	1
4528	1
4529	0
4530	1
4531	2
4532	0
4533	1
4534	0
4535	0
4536	0
4537	1
4538	2
4539	1
4540	1
4541	0
4542	1
4543	0
4544	1
4545	0
4546	0
4547	1
4548	2
4549	1
4550	0
4551	0
4552	2
4553	0
4554	2
4555	0
4556	2
4557	2
4558	1
4559	1
4560	1
4561	0
4562	0
4563	1
4564	0
4565	1
4566	0
4567	2
4568	1
4569	1
4570	0
4571	0
4572	1
4573	1
4574	2
4575	2
4576	1
4577	1
4578	1
4579	0
4580	0
4581	1
4582	1
4583	0
4584	1
4585	1
4586	0
4587	0
4588	2
4589	0
4590	1
4591	0
4592	2
4593	0
4594	0
4595	1
4596	1
4597	0
4598	0
4599	0
4600	0
4601	0
4602	1
4603	0
4604	2
4605	0
4606	0
4607	0
4608	1
4609	0
4610	1
4611	0
4612	1
4613	0
4614	0
4615	1
4616	1
4617	0
4618	0
4619	1
4620	0
4621	0
4622	2
4623	2
4624	0
4625	0
4626	2
4627	2
4628	0
4629	2
4630	0
4631	4
4632	0
4633	1
4634	0
4635	0
4636	1
4637	0
4638	0
4639	2
4640	2
4641	2
4642	1
4643	1
4644	0
4645	1
4646	0
4647	1
4648	1
4649	3
4650	1
4651	0
4652	0
4653	1
4654	0
4655	2
4656	1
4657	0
4658	1
4659	1
4660	0
4661	1
4662	0
4663	1
4664	0
4665	1
4666	0
4667	1
4668	1
4669	1
4670	0
4671	1
4672	0
4673	0
4674	2
4675	1
4676	0
4677	0
4678	1
4679	1
4680	4
4681	1
4682	1
4683	0
4684	0
4685	1
4686	0
4687	0
4688	1
4689	0
4690	3
4691	1
4692	1
4693	2
4694	0
4695	1
4696	0
4697	2
4698	0
4699	0
4700	2
4701	1
4702	1
4703	1
4704	0
4705	0
4706	1
4707	0
4708	0
4709	1
4710	2
4711	2
4712	0
4713	3
4714	3
4715	2
4716	2
4717	0
4718	0
4719	1
4720	1
4721	0
4722	1
4723	0
4724	0
4725	3
4726	0
4727	0
4728	1
4729	0
4730	2
4731	2
4732	1
4733	1
4734	0
4735	0
4736	0
4737	4
4738	0
4739	0
4740	1
4741	0
4742	0
4743	0
4744	0
4745	3
4746	0
4747	1
4748	0
4749	0
4750	0
4751	1
4752	1
4753	1
4754	0
4755	1
4756	0
4757	2
4758	0
4759	0
4760	0
4761	0
4762	1
4763	1
4764	0
4765	1
4766	1
4767	0
4768	0
4769	0
4770	0
4771	1
4772	1
4773	0
4774	1
4775	0
4776	1
4777	2
4778	0
4779	0
4780	0
4781	0
4782	1
4783	0
4784	1
4785	0
4786	1
4787	1
4788	0
4789	1
4790	0
4791	1
4792	2
4793	1
4794	1
4795	0
4796	0
4797	0
4798	2
4799	2
4800	0
4801	0
4802	3
4803	2
4804	1
4805	2
4806	0
4807	1
4808	0
4809	0
4810	2
4811	1
4812	0
4813	1
4814	0
4815	1
4816	0
4817	0
4818	2
4819	1
4820	1
4821	0
4822	1
4823	0
4824	0
4825	0
4826	0
4827	1
4828	2
4829	1
4830	1
4831	0
4832	0
4833	0
4834	1
4835	1
4836	0
4837	1
4838	0
4839	3
4840	0
4841	1
4842	3
4843	0
4844	1
4845	0
4846	1
4847	2
4848	3
4849	0
4850	2
4851	0
4852	1
4853	0
4854	2
4855	0
4856	4
4857	1
4858	1
4859	0
4860	0
4861	0
4862	1
4863	1
4864	0
4865	1
4866	3
4867	0
4868	1
4869	1
4870	1
4871	1
4872	1
4873	0
4874	0
4875	2
4876	1
4877	2
4878	2
4879	1
4880	1
4881	0
4882	0
4883	0
4884	1
4885	0
4886	0
4887	1
4888	0
4889	0
4890	1
4891	0
4892	1
4893	2
4894	0
4895	0
4896	0
4897	0
4898	1
4899	0
4900	1
4901	1
4902	1
4903	1
4904	0
4905	1
4906	1
4907	0
4908	1
4909	2
4910	2
4911	2
4912	1
4913	0
4914	1
4915	0
4916	1
4917	0
4918	0
4919	1
4920	0
4921	0
4922	0
4923	0
4924	2
4925	2
4926	0
4927	0
4928	0
4929	0
4930	0
4931	0
4932	0
4933	0
4934	1
4935	0
4936	1
4937	1
4938	0
4939	1
4940	0
4941	1
4942	1
4943	0
4944	0
4945	5
4946	2
4947	1
4948	2
4949	0
4950	2
4951	0
4952	1
4953	0
4954	1
4955	1
4956	2
4957	1
4958	1
4959	1
4960	3
4961	0
4962	0
4963	1
4964	1
4965	1
4966	0
4967	2
4968	0
4969	0
4970	0
4971	1
4972	2
4973	1
4974	2
4975	3
4976	0
4977	1
4978	0
4979	1
4980	0
4981	1
4982	1
4983	0
4984	1
4985	0
4986	1
4987	1
4988	1
4989	0
4990	1
4991	0
4992	1
4993	0
4994	0
4995	0
4996	0
4997	0
4998	1
4999	1
5000	0
5001	1
5002	2
5003	0
5004	1
5005	0
5006	1
5007	1
5008	1
5009	1
5010	2
5011	2
5012	0
5013	2
5014	1
5015	0
5016	0
5017	0
5018	0
5019	1
5020	1
5021	1
5022	1
5023	1
5024	0
5025	0
5026	1
5027	0
5028	1
5029	1
5030	2
5031	1
5032	0
5033	1
5034	1
5035	0
5036	0
5037	0
5038	1
5039	1
5040	0
5041	1
5042	1
5043	0
5044	0
5045	0
5046	1
5047	1
5048	0
5049	1
5050	1
5051	1
5052	0
5053	0
5054	1
5055	0
5056	3
5057	1
5058	0
5059	1
5060	1
5061	1
5062	1
5063	0
5064	1
5065	0
5066	2
5067	0
5068	2
5069	1
5070	2
5071	0
5072	1
5073	0
5074	0
5075	1
5076	1
5077	1
5078	0
5079	2
5080	1
5081	0
5082	2
5083	2
5084	2
5085	0
5086	1
5087	2
5088	0
5089	0
5090	0
5091	0
5092	1
5093	1
5094	2
5095	0
5096	0
5097	0
5098	0
5099	0
5100	0
5101	2
5102	1
5103	2
5104	1
5105	0
5106	1
5107	2
5108	0
5109	2
5110	0
5111	1
5112	0
5113	1
5114	2
5115	0
5116	0
5117	0
5118	0
5119	2
5120	1
5121	1
5122	0
5123	0
5124	1
5125	1
5126	0
5127	0
5128	0
5129	0
5130	1
5131	0
5132	1
5133	0
5134	0
5135	1
5136	0
5137	1
5138	1
5139	0
5140	4
5141	2
5142	1
5143	0
5144	0
5145	1
5146	2
5147	1
5148	0
5149	1
5150	0
5151	0
5152	1
5153	0
5154	1
5155	0
5156	1
5157	0
5158	3
5159	1
5160	1
5161	1
5162	1
5163	2
5164	0
5165	0
5166	1
5167	0
5168	0
5169	1
5170	1
5171	0
5172	1
5173	0
5174	1
5175	0
5176	2
5177	1
5178	2
5179	1
5180	0
5181	0
5182	1
5183	0
5184	4
5185	0
5186	0
5187	0
5188	2
5189	1
5190	0
5191	1
5192	0
5193	1
5194	0
5195	0
5196	1
5197	0
5198	2
5199	0
5200	0
5201	4
5202	0
5203	0
5204	2
5205	1
5206	0
5207	0
5208	0
5209	1
5210	0
5211	1
5212	1
5213	0
5214	0
5215	2
5216	0
5217	1
5218	0
5219	0
5220	1
5221	1
5222	0
5223	1
5224	0
5225	0
5226	0
5227	0
5228	0
5229	1
5230	1
5231	0
5232	0
5233	0
5234	0
5235	1
5236	0
5237	1
5238	1
5239	0
5240	1
5241	3
5242	2
5243	0
5244	0
5245	0
5246	0
5247	1
5248	0
5249	1
5250	1
5251	0
5252	0
5253	0
5254	1
5255	0
5256	1
5257	0
5258	0
5259	0
5260	1
5261	0
5262	1
5263	0
5264	1
5265	1
5266	1
5267	1
5268	1
5269	1
5270	0
5271	0
5272	0
5273	0
5274	1
5275	1
5276	1
5277	1
5278	1
5279	1
5280	0
5281	0
5282	0
5283	1
5284	0
5285	0
5286	0
5287	1
5288	2
5289	1
5290	0
5291	0
5292	0
5293	1
5294	0
5295	1
5296	0
5297	1
5298	1
5299	0
5300	0
5301	1
5302	1
5303	0
5304	0
5305	1
5306	0
5307	1
5308	1
5309	1
5310	0
5311	2
5312	0
5313	0
5314	0
5315	0
5316	2
5317	0
5318	0
5319	0
5320	2
5321	0
5322	1
5323	0
5324	2
5325	0
5326	1
5327	0
5328	1
5329	1
5330	0
5331	1
5332	0
5333	1
5334	2
5335	0
5336	0
5337	0
5338	0
5339	0
5340	2
5341	3
5342	0
5343	0
5344	0
5345	0
5346	1
5347	1
5348	1
5349	1
5350	1
5351	0
5352	3
5353	0
5354	0
5355	1
5356	1
5357	3
5358	0
5359	1
5360	1
5361	2
5362	0
5363	0
5364	1
5365	0
5366	0
5367	1
5368	1
5369	0
5370	1
5371	1
5372	1
5373	0
5374	1
5375	2
5376	2
5377	2
5378	0
5379	0
5380	0
5381	1
5382	0
5383	1
5384	1
5385	0
5386	1
5387	0
5388	0
5389	2
5390	0
5391	2
5392	2
5393	1
5394	1
5395	0
5396	0
5397	2
5398	2
5399	0
5400	2
5401	0
5402	2
5403	1
5404	1
5405	0
5406	0
5407	1
5408	1
5409	1
5410	0
5411	0
5412	0
5413	1
5414	0
5415	0
5416	0
5417	2
5418	0
5419	1
5420	0
5421	1
5422	1
5423	1
5424	0
5425	2
5426	1
5427	1
5428	3
5429	2
5430	0
5431	0
5432	1
5433	0
5434	1
5435	1
5436	4
5437	0
5438	1
5439	0
5440	1
5441	2
5442	0
5443	0
5444	1
5445	0
5446	0
5447	1
5448	0
5449	2
5450	0
5451	2
5452	1
5453	0
5454	0
5455	0
5456	0
5457	2
5458	0
5459	1
5460	2
5461	1
5462	1
5463	0
5464	0
5465	0
5466	2
5467	1
5468	2
5469	0
5470	0
5471	1
5472	1
5473	1
5474	1
5475	0
5476	0
5477	0
5478	1
5479	2
5480	1
5481	2
5482	1
5483	0
5484	0
5485	1
5486	0
5487	3
5488	2
5489	2
5490	0
5491	0
5492	0
5493	0
5494	0
5495	0
5496	0
5497	0
5498	0
5499	0
5500	0
5501	0
5502	0
5503	0
5504	0
5505	1
5506	1
5507	0
5508	1
5509	2
5510	1
5511	0
5512	0
5513	1
5514	1
5515	1
5516	1
5517	1
5518	0
5519	0
5520	0
5521	0
5522	0
5523	1
5524	1
5525	2
5526	0
5527	1
5528	1
5529	2
5530	0
5531	3
5532	2
5533	0
5534	1
5535	2
5536	0
5537	0
5538	0
5539	0
5540	1
5541	1
5542	1
5543	2
5544	2
5545	0
5546	2
5547	3
5548	0
5549	1
5550	1
5551	0
5552	1
5553	0
5554	1
5555	0
5556	1
5557	0
5558	1
5559	0
5560	2
5561	0
5562	0
5563	1
5564	2
5565	1
5566	1
5567	0
5568	0
5569	1
5570	0
5571	1
5572	0
5573	1
5574	0
5575	1
5576	1
5577	0
5578	0
5579	1
5580	0
5581	0
5582	2
5583	1
5584	1
5585	1
5586	0
5587	0
5588	2
5589	0
5590	1
5591	0
5592	0
5593	0
5594	1
5595	2
5596	1
5597	2
5598	0
5599	2
5600	0
5601	0
5602	1
5603	0
5604	0
5605	0
5606	0
5607	0
5608	0
5609	1
5610	2
5611	2
5612	0
5613	1
5614	0
5615	0
5616	1
5617	1
5618	0
5619	0
5620	0
5621	1
5622	1
5623	3
5624	0
5625	1
5626	3
5627	0
5628	1
5629	0
5630	2
5631	2
5632	2
5633	0
5634	1
5635	0
5636	1
5637	1
5638	3
5639	0
5640	0
5641	2
5642	0
5643	0
5644	0
5645	1
5646	1
5647	0
5648	1
5649	1
5650	0
5651	1
5652	0
5653	0
5654	2
5655	0
5656	1
5657	2
5658	0
5659	1
5660	1
5661	0
5662	1
5663	0
5664	2
5665	0
5666	0
5667	0
5668	1
5669	1
5670	0
5671	1
5672	2
5673	1
5674	2
5675	2
5676	1
5677	0
5678	1
5679	0
5680	1
5681	2
5682	2
5683	0
5684	0
5685	0
5686	0
5687	2
5688	1
5689	0
5690	0
5691	1
5692	1
5693	1
5694	0
5695	1
5696	1
5697	2
5698	0
5699	1
5700	0
5701	1
5702	2
5703	2
5704	0
5705	1
5706	1
5707	1
5708	1
5709	0
5710	0
5711	1
5712	0
5713	0
5714	0
5715	1
5716	4
5717	0
5718	1
5719	2
5720	0
5721	0
5722	0
5723	1
5724	0
5725	0
5726	0
5727	0
5728	1
5729	0
5730	1
5731	1
5732	1
5733	2
5734	0
5735	0
5736	3
5737	1
5738	2
5739	1
5740	0
5741	0
5742	2
5743	1
5744	2
5745	0
5746	0
5747	0
5748	0
5749	1
5750	0
5751	1
5752	0
5753	0
5754	0
5755	2
5756	1
5757	1
5758	0
5759	1
5760	0
5761	0
5762	0
5763	0
5764	0
5765	2
5766	0
5767	1
5768	2
5769	1
5770	2
5771	2
5772	5
5773	0
5774	0
5775	1
5776	1
5777	1
5778	1
5779	1
5780	1
5781	0
5782	2
5783	0
5784	1
5785	1
5786	0
5787	1
5788	1
5789	1
5790	0
5791	2
5792	4
5793	0
5794	4
5795	0
5796	1
5797	3
5798	0
5799	2
5800	0
5801	2
5802	0
5803	0
5804	0
5805	2
5806	2
5807	1
5808	2
5809	1
5810	0
5811	1
5812	0
5813	0
5814	0
5815	2
5816	1
5817	0
5818	1
5819	1
5820	1
5821	0
5822	0
5823	2
5824	0
5825	0
5826	0
5827	0
5828	0
5829	1
5830	1
5831	1
5832	0
5833	1
5834	2
5835	1
5836	0
5837	0
5838	1
5839	0
5840	0
5841	0
5842	0
5843	0
5844	2
5845	0
5846	0
5847	0
5848	1
5849	2
5850	1
5851	2
5852	2
5853	0
5854	0
5855	0
5856	0
5857	1
5858	0
5859	0
5860	1
5861	1
5862	0
5863	0
5864	0
5865	1
5866	0
5867	1
5868	0
5869	2
5870	0
5871	2
5872	1
5873	2
5874	1
5875	1
5876	1
5877	1
5878	1
5879	1
5880	0
5881	1
5882	0
5883	0
5884	1
5885	1
5886	0
5887	1
5888	0
5889	0
5890	0
5891	0
5892	0
5893	0
5894	0
5895	0
5896	0
5897	0
5898	1
5899	0
5900	0
5901	0
5902	2
5903	1
5904	0
5905	1
5906	0
5907	3
5908	1
5909	0
5910	0
5911	1
5912	2
5913	1
5914	0
5915	1
5916	1
5917	1
5918	1
5919	0
5920	2
5921	1
5922	1
5923	0
5924	1
5925	0
5926	1
5927	0
5928	1
5929	0
5930	0
5931	0
5932	1
5933	1
5934	0
5935	0
5936	1
5937	0
5938	0
5939	0
5940	1
5941	1
5942	0
5943	0
5944	1
5945	0
5946	0
5947	2
5948	1
5949	0
5950	0
5951	0
5952	0
5953	1
5954	1
5955	4
5956	1
5957	0
5958	1
5959	0
5960	0
5961	0
5962	0
5963	0
5964	0
5965	0
5966	1
5967	1
5968	1
5969	0
5970	1
5971	0
5972	0
5973	0
5974	1
5975	1
5976	1
5977	1
5978	0
5979	1
5980	0
5981	0
5982	0
5983	1
5984	1
5985	1
5986	1
5987	0
5988	0
5989	2
5990	1
5991	0
5992	1
5993	0
5994	2
5995	2
5996	1
5997	0
5998	1
5999	1
6000	0
6001	1
6002	2
6003	2
6004	0
6005	0
6006	2
6007	1
6008	0
6009	0
6010	0
6011	1
6012	0
6013	0
6014	0
6015	1
6016	0
6017	0
6018	0
6019	0
6020	2
6021	0
6022	0
6023	0
6024	2
6025	0
6026	1
6027	0
6028	0
6029	1
6030	0
6031	2
6032	1
6033	2
6034	0
6035	0
6036	0
6037	0
6038	0
6039	0
6040	1
6041	1
6042	2
6043	0
6044	0
6045	0
6046	1
6047	0
6048	0
6049	1
6050	1
6051	0
6052	0
6053	1
6054	0
6055	1
6056	2
6057	0
6058	1
6059	0
6060	0
6061	1
6062	2
6063	1
6064	0
6065	2
6066	1
6067	1
6068	0
6069	0
6070	0
6071	0
6072	1
6073	0
6074	1
6075	1
6076	0
6077	0
6078	0
6079	0
6080	1
6081	1
6082	0
6083	2
6084	0
6085	1
6086	0
6087	0
6088	1
6089	0
6090	1
6091	0
6092	0
6093	0
6094	0
6095	0
6096	0
6097	1
6098	1
6099	0
6100	0
6101	0
6102	1
6103	0
6104	0
6105	0
6106	2
6107	0
6108	0
6109	0
6110	0
6111	0
6112	0
6113	1
6114	0
6115	1
6116	0
6117	0
6118	2
6119	1
6120	2
6121	1
6122	0
6123	0
6124	1
6125	2
6126	2
6127	1
6128	0
6129	2
6130	0
6131	1
6132	0
6133	0
6134	0
6135	2
6136	0
6137	1
6138	0
6139	1
6140	0
6141	0
6142	1
6143	0
6144	0
6145	1
6146	0
6147	1
6148	2
6149	0
6150	0
6151	2
6152	0
6153	0
6154	1
6155	0
6156	0
6157	2
6158	0
6159	0
6160	0
6161	0
6162	2
6163	0
6164	0
6165	0
6166	1
6167	0
6168	0
6169	2
6170	0
6171	1
6172	1
6173	1
6174	0
6175	0
6176	1
6177	0
6178	1
6179	1
6180	0
6181	0
6182	0
6183	1
6184	0
6185	0
6186	1
6187	0
6188	1
6189	1
6190	0
6191	0
6192	1
6193	0
6194	1
6195	0
6196	1
6197	0
6198	0
6199	1
6200	0
6201	0
6202	0
6203	0
6204	0
6205	1
6206	0
6207	0
6208	1
6209	0
6210	0
6211	1
6212	1
6213	0
6214	0
6215	0
6216	0
6217	0
6218	0
6219	0
6220	0
6221	0
6222	0
6223	1
6224	0
6225	1
6226	0
6227	0
6228	0
6229	0
6230	0
6231	1
6232	0
6233	0
6234	0
6235	0
6236	0
6237	0
6238	0
6239	0
6240	0
6241	0
6242	0
6243	0
6244	1
6245	0
6246	0
6247	1
6248	1
6249	1
6250	0
6251	1
6252	1
6253	0
6254	0
6255	1
6256	0
6257	1
6258	0
6259	1
6260	2
6261	3
6262	1
6263	1
6264	0
6265	1
6266	0
6267	0
6268	0
6269	1
6270	1
6271	2
6272	0
6273	1
6274	0
6275	0
6276	0
6277	0
6278	1
6279	0
6280	0
6281	0
6282	0
6283	1
6284	0
6285	1
6286	0
6287	2
6288	0
6289	0
6290	2
6291	0
6292	1
6293	0
6294	0
6295	0
6296	0
6297	1
6298	0
6299	2
6300	1
6301	0
6302	1
6303	0
6304	0
6305	0
6306	3
6307	1
6308	0
6309	0
6310	0
6311	0
6312	1
6313	0
6314	0
6315	2
6316	0
6317	2
6318	0
6319	2
6320	1
6321	0
6322	0
6323	0
6324	1
6325	1
6326	1
6327	1
6328	0
6329	0
6330	1
6331	2
6332	0
6333	0
6334	1
6335	3
6336	0
6337	0
6338	0
6339	0
6340	0
6341	0
6342	2
6343	1
6344	1
6345	0
6346	0
6347	1
6348	0
6349	0
6350	1
6351	0
6352	1
6353	1
6354	2
6355	0
6356	0
6357	0
6358	1
6359	0
6360	0
6361	0
6362	0
6363	1
6364	1
6365	1
6366	2
6367	0
6368	1
6369	0
6370	0
6371	0
6372	0
6373	1
6374	0
6375	0
6376	0
6377	0
6378	0
6379	1
6380	0
6381	1
6382	0
6383	1
6384	0
6385	1
6386	0
6387	0
6388	0
6389	0
6390	0
6391	1
6392	0
6393	0
6394	0
6395	0
6396	0
6397	0
6398	0
6399	0
6400	0
6401	0
6402	0
6403	0
6404	0
6405	0
6406	0
6407	0
6408	1
6409	0
6410	0
6411	1
6412	0
6413	0
6414	0
6415	1
6416	0
6417	0
6418	0
6419	1
6420	0
6421	2
6422	1
6423	2
6424	0
6425	0
6426	0
6427	1
6428	1
6429	0
6430	3
6431	1
6432	1
6433	0
6434	0
6435	0
6436	0
6437	0
6438	0
6439	0
6440	0
6441	1
6442	1
6443	0
6444	0
6445	1
6446	0
6447	1
6448	0
6449	0
6450	0
6451	0
6452	0
6453	0
6454	1
6455	0
6456	0
6457	1
6458	1
6459	0
6460	0
6461	0
6462	0
6463	0
6464	0
6465	1
6466	1
6467	1
6468	1
6469	1
6470	1
6471	0
6472	0
6473	1
6474	0
6475	0
6476	0
6477	0
6478	0
6479	2
6480	0
6481	0
6482	0
6483	0
6484	2
6485	0
6486	0
6487	0
6488	1
6489	0
6490	0
6491	1
6492	0
6493	0
6494	1
6495	0
6496	1
6497	0
6498	0
6499	0
6500	0
6501	0
6502	1
6503	1
6504	1
6505	0
6506	1
6507	0
6508	0
6509	1
6510	1
6511	1
6512	0
6513	0
6514	1
6515	0
6516	0
6517	1
6518	1
6519	0
6520	2
6521	1
6522	1
6523	1
6524	1
6525	0
6526	2
6527	0
6528	0
6529	1
6530	0
6531	1
6532	1
6533	0
6534	2
6535	0
6536	0
6537	0
6538	0
6539	0
6540	1
6541	2
6542	0
6543	0
6544	1
6545	0
6546	0
6547	0
6548	1
6549	1
6550	1
6551	0
6552	4
6553	0
6554	0
6555	0
6556	0
6557	0
6558	0
6559	0
6560	1
6561	0
6562	2
6563	0
6564	0
6565	0
6566	2
6567	0
6568	0
6569	0
6570	0
6571	0
6572	0
6573	2
6574	0
6575	1
6576	0
6577	0
6578	1
6579	0
6580	1
6581	1
6582	0
6583	0
6584	0
6585	0
6586	0
6587	0
6588	0
6589	3
6590	0
6591	2
6592	2
6593	1
6594	2
6595	0
6596	0
6597	1
6598	0
6599	0
6600	0
6601	0
6602	0
6603	1
6604	0
6605	1
6606	0
6607	1
6608	0
6609	1
6610	1
6611	0
6612	0
6613	0
6614	1
6615	1
6616	0
6617	0
6618	0
6619	0
6620	0
6621	0
6622	1
6623	0
6624	0
6625	0
6626	0
6627	0
6628	1
6629	0
6630	0
6631	1
6632	0
6633	1
6634	3
6635	1
6636	0
6637	1
6638	0
6639	0
6640	0
6641	1
6642	0
6643	0
6644	0
6645	0
6646	2
6647	0
6648	0
6649	1
6650	0
6651	0
6652	0
6653	0
6654	2
6655	0
6656	0
6657	0
6658	0
6659	0
6660	1
6661	1
6662	1
6663	2
6664	2
6665	0
6666	0
6667	0
6668	0
6669	0
6670	0
6671	0
6672	0
6673	0
6674	0
6675	0
6676	0
6677	0
6678	0
6679	0
6680	0
6681	0
6682	0
6683	0
6684	0
6685	0
6686	1
6687	0
6688	0
6689	1
6690	0
6691	0
6692	0
6693	0
6694	1
6695	0
6696	1
6697	0
6698	0
6699	0
6700	0
6701	1
6702	1
6703	2
6704	0
6705	1
6706	1
6707	0
6708	0
6709	0
6710	1
6711	0
6712	0
6713	0
6714	0
6715	0
6716	0
6717	0
6718	1
6719	2
6720	1
6721	0
6722	0
6723	1
6724	0
6725	1
6726	0
6727	0
6728	2
6729	0
6730	2
6731	0
6732	1
6733	1
6734	0
6735	0
6736	0
6737	1
6738	0
6739	2
6740	0
6741	0
6742	0
6743	0
6744	0
6745	0
6746	1
6747	2
6748	1
6749	0
6750	0
6751	2
6752	0
6753	0
6754	0
6755	1
6756	1
6757	0
6758	1
6759	1
6760	0
6761	2
6762	0
6763	1
6764	1
6765	1
6766	1
6767	1
6768	0
6769	0
6770	1
6771	1
6772	2
6773	1
6774	1
6775	0
6776	1
6777	0
6778	0
6779	0
6780	0
6781	0
6782	1
6783	0
6784	1
6785	0
6786	0
6787	0
6788	1
6789	0
6790	1
6791	1
6792	0
6793	0
6794	0
6795	0
6796	1
6797	0
6798	0
6799	0
6800	2
6801	1
6802	0
6803	1
6804	0
6805	1
6806	0
6807	0
6808	5
6809	0
6810	0
6811	0
6812	0
6813	1
6814	0
6815	0
6816	2
6817	1
6818	1
6819	0
6820	0
6821	0
6822	0
6823	1
6824	1
6825	0
6826	0
6827	1
6828	1
6829	2
6830	0
6831	0
6832	0
6833	1
6834	0
6835	2
6836	2
6837	0
6838	0
6839	0
6840	0
6841	0
6842	1
6843	2
6844	0
6845	1
6846	0
6847	1
6848	0
6849	0
6850	1
6851	0
6852	0
6853	2
6854	0
6855	1
6856	1
6857	1
6858	0
6859	1
6860	0
6861	0
6862	0
6863	1
6864	0
6865	0
6866	0
6867	0
6868	1
6869	1
6870	1
6871	0
6872	0
6873	0
6874	0
6875	1
6876	0
6877	0
6878	1
6879	0
6880	0
6881	1
6882	0
6883	1
6884	0
6885	0
6886	0
6887	0
6888	2
6889	0
6890	1
6891	1
6892	2
6893	0
6894	1
6895	0
6896	0
6897	1
6898	0
6899	0
6900	0
6901	0
6902	0
6903	0
6904	2
6905	2
6906	3
6907	1
6908	0
6909	2
6910	0
6911	1
6912	2
6913	1
6914	0
6915	0
6916	1
6917	0
6918	0
6919	3
6920	1
6921	2
6922	1
6923	1
6924	1
6925	1
6926	0
6927	1
6928	1
6929	0
6930	0
6931	0
6932	1
6933	2
6934	1
6935	0
6936	0
6937	0
6938	0
6939	0
6940	0
6941	2
6942	0
6943	0
6944	0
6945	0
6946	1
6947	0
6948	0
6949	1
6950	2
6951	1
6952	1
6953	0
6954	0
6955	1
6956	0
6957	0
6958	2
6959	0
6960	1
6961	2
6962	0
6963	0
6964	1
6965	1
6966	1
6967	1
6968	0
6969	1
6970	0
6971	0
6972	0
6973	0
6974	0
6975	1
6976	0
6977	1
6978	0
6979	0
6980	0
6981	0
6982	0
6983	0
6984	0
6985	1
6986	0
6987	1
6988	0
6989	0
6990	0
6991	0
6992	2
6993	0
6994	0
6995	1
6996	0
6997	0
6998	1
6999	0
7000	0
7001	0
7002	0
7003	0
7004	1
7005	0
7006	1
7007	1
7008	1
7009	1
7010	1
7011	1
7012	1
7013	2
7014	0
7015	1
7016	1
7017	0
7018	3
7019	0
7020	2
7021	1
7022	3
7023	1
7024	0
7025	3
7026	0
7027	0
7028	0
7029	0
7030	1
7031	0
7032	0
7033	1
7034	0
7035	0
7036	0
7037	0
7038	0
7039	0
7040	0
7041	1
7042	0
7043	2
7044	0
7045	1
7046	1
7047	1
7048	0
7049	1
7050	1
7051	1
7052	0
7053	1
7054	0
7055	0
7056	0
7057	1
7058	4
7059	0
7060	0
7061	0
7062	1
7063	0
7064	1
7065	0
7066	0
7067	0
7068	0
7069	2
7070	0
7071	0
7072	1
7073	0
7074	0
7075	0
7076	0
7077	0
7078	0
7079	0
7080	0
7081	1
7082	1
7083	1
7084	0
7085	1
7086	0
7087	0
7088	0
7089	0
7090	0
7091	0
7092	0
7093	1
7094	0
7095	0
7096	1
7097	1
7098	2
7099	1
7100	3
7101	0
7102	0
7103	2
7104	0
7105	1
7106	0
7107	1
7108	1
7109	0
7110	1
7111	1
7112	0
7113	2
7114	2
7115	0
7116	0
7117	0
7118	2
7119	1
7120	0
7121	1
7122	1
7123	1
7124	0
7125	0
7126	0
7127	1
7128	2
7129	0
7130	1
7131	0
7132	2
7133	0
7134	0
7135	0
7136	0
7137	0
7138	0
7139	0
7140	0
7141	1
7142	1
7143	1
7144	0
7145	3
7146	0
7147	1
7148	1
7149	0
7150	2
7151	1
7152	1
7153	0
7154	0
7155	1
7156	1
7157	0
7158	0
7159	1
7160	0
7161	0
7162	0
7163	1
7164	0
7165	0
7166	1
7167	1
7168	0
7169	0
7170	1
7171	0
7172	0
7173	1
7174	0
7175	2
7176	0
7177	1
7178	1
7179	0
7180	2
7181	0
7182	0
7183	0
7184	1
7185	1
7186	1
7187	1
7188	1
7189	0
7190	1
7191	0
7192	0
7193	0
7194	1
7195	0
7196	0
7197	0
7198	3
7199	0
7200	1
7201	0
7202	0
7203	0
7204	0
7205	0
7206	0
7207	1
7208	1
7209	1
7210	0
7211	0
7212	1
7213	1
7214	0
7215	1
7216	0
7217	0
7218	0
7219	1
7220	1
7221	0
7222	0
7223	0
7224	0
7225	1
7226	2
7227	2
7228	1
7229	0
7230	0
7231	0
7232	0
7233	0
7234	1
7235	1
7236	0
7237	0
7238	0
7239	0
7240	0
7241	0
7242	1
7243	2
7244	0
7245	0
7246	1
7247	0
7248	2
7249	1
7250	0
7251	1
7252	1
7253	1
7254	0
7255	0
7256	1
7257	0
7258	0
7259	0
7260	2
7261	0
7262	0
7263	0
7264	1
7265	0
7266	0
7267	0
7268	0
7269	0
7270	1
7271	1
7272	0
7273	0
7274	0
7275	0
7276	0
7277	1
7278	0
7279	0
7280	1
7281	2
7282	0
7283	1
7284	0
7285	1
7286	0
7287	1
7288	1
7289	0
7290	0
7291	0
7292	0
7293	0
7294	0
7295	1
7296	0
7297	0
7298	1
7299	0
7300	1
7301	1
7302	1
7303	0
7304	1
7305	2
7306	0
7307	3
7308	0
7309	0
7310	0
7311	1
7312	0
7313	0
7314	1
7315	0
7316	0
7317	1
7318	1
7319	1
7320	0
7321	0
7322	0
7323	1
7324	1
7325	1
7326	2
7327	0
7328	0
7329	1
7330	1
7331	1
7332	0
7333	0
7334	2
7335	1
7336	0
7337	0
7338	0
7339	0
7340	0
7341	0
7342	0
7343	0
7344	0
7345	0
7346	0
7347	0
7348	2
7349	0
7350	0
7351	0
7352	2
7353	1
7354	2
7355	0
7356	1
7357	1
7358	1
7359	0
7360	0
7361	0
7362	0
7363	0
7364	2
7365	0
7366	0
7367	1
7368	0
7369	0
7370	0
7371	0
7372	0
7373	0
7374	1
7375	0
7376	0
7377	0
7378	0
7379	0
7380	1
7381	1
7382	0
7383	0
7384	1
7385	0
7386	2
7387	0
7388	0
7389	0
7390	0
7391	0
7392	0
7393	0
7394	0
7395	0
7396	1
7397	1
7398	1
7399	1
7400	0
7401	1
7402	0
7403	0
7404	0
7405	1
7406	0
7407	1
7408	1
7409	2
7410	0
7411	1
7412	0
7413	2
7414	1
7415	0
7416	0
7417	0
7418	0
7419	0
7420	0
7421	0
7422	0
7423	1
7424	0
7425	1
7426	0
7427	0
7428	1
7429	1
7430	0
7431	0
7432	0
7433	0
7434	1
7435	0
7436	0
7437	0
7438	0
7439	0
7440	0
7441	0
7442	0
7443	0
7444	0
7445	0
7446	0
7447	1
7448	0
7449	0
7450	1
7451	1
7452	0
7453	0
7454	0
7455	0
7456	0
7457	1
7458	0
7459	2
7460	1
7461	0
7462	0
7463	0
7464	1
7465	0
7466	1
7467	0
7468	0
7469	0
7470	0
7471	0
7472	1
7473	0
7474	0
7475	0
7476	1
7477	0
7478	0
7479	0
7480	0
7481	0
7482	0
7483	1
7484	0
7485	0
7486	0
7487	0
7488	1
7489	0
7490	0
7491	1
7492	0
7493	1
7494	0
7495	0
7496	0
7497	0
7498	0
7499	1
7500	0
7501	0
7502	0
7503	2
7504	0
7505	0
7506	1
7507	1
7508	1
7509	1
7510	0
7511	0
7512	2
7513	0
7514	0
7515	0
7516	0
7517	0
7518	0
7519	0
7520	0
7521	0
7522	0
7523	0
7524	2
7525	0
7526	0
7527	0
7528	0
7529	0
7530	0
7531	0
7532	0
7533	0
7534	1
7535	0
7536	0
7537	1
7538	0
7539	0
7540	0
7541	2
7542	0
7543	0
7544	0
7545	0
7546	0
7547	0
7548	0
7549	0
7550	0
7551	0
7552	0
7553	0
7554	0
7555	0
7556	0
7557	1
7558	0
7559	0
7560	0
7561	1
7562	0
7563	0
7564	0
7565	1
7566	0
7567	1
7568	0
7569	0
7570	0
7571	0
7572	1
7573	0
7574	0
7575	1
7576	0
7577	0
7578	0
7579	1
7580	0
7581	0
7582	0
7583	0
7584	0
7585	0
7586	0
7587	0
7588	0
7589	0
7590	0
7591	1
7592	0
7593	0
7594	0
7595	0
7596	1
7597	0
7598	0
7599	1
7600	0
7601	0
7602	1
7603	1
7604	0
7605	0
7606	0
7607	1
7608	0
7609	0
7610	0
7611	0
7612	0
7613	0
7614	0
7615	0
7616	3
7617	0
7618	0
7619	0
7620	2
7621	0
7622	1
7623	0
7624	0
7625	1
7626	0
7627	0
7628	0
7629	1
7630	1
7631	1
7632	0
7633	0
7634	0
7635	0
7636	0
7637	0
7638	1
7639	1
7640	1
7641	1
7642	1
7643	0
7644	0
7645	2
7646	0
7647	0
7648	0
7649	1
7650	1
7651	0
7652	0
7653	0
7654	0
7655	0
7656	0
7657	0
7658	0
7659	0
7660	0
7661	0
7662	0
7663	1
7664	1
7665	0
7666	0
7667	0
7668	0
7669	0
7670	0
7671	0
7672	0
7673	0
7674	0
7675	1
7676	0
7677	0
7678	0
7679	1
7680	0
7681	0
7682	0
7683	0
7684	0
7685	0
7686	0
7687	0
7688	0
7689	1
7690	0
7691	0
7692	0
7693	0
7694	0
7695	0
7696	0
7697	0
7698	0
7699	0
7700	0
7701	0
7702	0
7703	0
7704	0
7705	0
7706	0
7707	0
7708	0
7709	0
7710	1
7711	0
7712	0
7713	1
7714	0
7715	0
7716	0
7717	0
7718	0
7719	0
7720	0
7721	1
7722	0
7723	0
7724	0
7725	0
7726	0
7727	1
7728	0
7729	1
7730	0
7731	0
7732	0
7733	1
7734	0
7735	0
7736	0
7737	0
7738	0
7739	0
7740	0
7741	1
7742	1
7743	0
7744	1
7745	1
7746	0
7747	2
7748	0
7749	0
7750	0
7751	0
7752	0
7753	0
7754	0
7755	0
7756	2
7757	0
7758	2
7759	0
7760	1
7761	1
7762	0
7763	0
7764	0
7765	0
7766	1
7767	0
7768	0
7769	0
7770	0
7771	0
7772	0
7773	0
7774	0
7775	0
7776	0
7777	1
7778	0
7779	1
7780	1
7781	0
7782	0
7783	0
7784	0
7785	0
7786	1
7787	0
7788	0
7789	0
7790	0
7791	0
7792	1
7793	0
7794	0
7795	0
7796	0
7797	1
7798	0
7799	0
7800	0
7801	0
7802	0
7803	0
7804	1
7805	0
7806	0
7807	0
7808	0
7809	0
7810	0
7811	0
7812	0
7813	0
7814	0
7815	4
7816	0
7817	0
7818	0
7819	1
7820	1
7821	0
7822	0
7823	0
7824	0
7825	0
7826	0
7827	1
7828	0
7829	0
7830	1
7831	0
7832	1
7833	0
7834	0
7835	0
7836	0
7837	1
7838	0
7839	0
7840	0
7841	0
7842	1
7843	1
7844	0
7845	1
7846	1
7847	0
7848	0
7849	0
7850	0
7851	0
7852	0
7853	0
7854	2
7855	0
7856	0
7857	0
7858	0
7859	0
7860	0
7861	0
7862	0
7863	0
7864	0
7865	0
7866	0
7867	0
7868	0
7869	1
7870	0
7871	0
7872	1
7873	1
7874	1
7875	1
7876	0
7877	1
7878	0
7879	1
7880	1
7881	0
7882	0
7883	0
7884	0
7885	0
7886	0
7887	1
7888	0
7889	0
7890	1
7891	0
7892	0
7893	0
7894	0
7895	0
7896	0
7897	0
7898	0
7899	0
7900	0
7901	0
7902	2
7903	0
7904	0
7905	0
7906	0
7907	0
7908	0
7909	0
7910	1
7911	0
7912	0
7913	0
7914	0
7915	0
7916	0
7917	0
7918	0
7919	0
7920	0
7921	0
7922	0
7923	0
7924	0
7925	0
7926	0
7927	0
7928	0
7929	0
7930	0
7931	0
7932	0
7933	0
7934	0
7935	0
7936	0
7937	0
7938	0
7939	0
7940	0
7941	0
7942	0
7943	0
7944	0
7945	0
7946	0
7947	0
7948	0
7949	0
7950	0
7951	0
7952	0
7953	0
7954	0
7955	0
7956	0
7957	0
7958	0
7959	0
7960	0
7961	0
7962	0
7963	0
7964	0
7965	0
7966	0
7967	0
7968	0
7969	0
7970	0
7971	0
7972	0
7973	0
7974	0
7975	0
7976	0
7977	0
7978	0
7979	0
7980	0
7981	0
7982	0
7983	0
7984	0
7985	0
7986	0
7987	0
7988	0
7989	0
7990	0
7991	0
7992	0
7993	0
7994	0
7995	0
7996	0
7997	0
7998	0
7999	0
8000	0
8001	0
8002	0
8003	0
8004	0
8005	0
8006	0
8007	0
8008	0
8009	0
8010	0
8011	0
8012	0
8013	0
8014	0
8015	0
8016	0
8017	0
8018	0
8019	0
8020	0
8021	0
8022	0
8023	0
8024	0
8025	0
8026	0
8027	0
8028	0
8029	0
8030	0
8031	0
8032	0
8033	0
8034	0
8035	0
8036	0
8037	0
8038	0
8039	0
8040	0
8041	0
8042	0
8043	0
8044	0
8045	0
8046	0
8047	0
8048	0
8049	0
8050	0
8051	0
8052	0
8053	0
8054	0
8055	0
8056	0
8057	0
8058	0
8059	0
8060	0
8061	0
8062	0
8063	0
8064	0
8065	0
8066	0
8067	0
8068	0
8069	0
8070	0
8071	0
8072	0
8073	0
8074	0
8075	0
8076	0
8077	0
8078	0
8079	0
8080	0
8081	0
8082	0
8083	0
8084	0
8085	0
8086	0
8087	0
8088	0
8089	0
8090	0
8091	0
8092	0
8093	0
8094	0
8095	0
8096	0
8097	0
8098	0
8099	0
8100	0
8101	0
8102	0
8103	0
8104	0
8105	0
8106	0
8107	0
8108	0
8109	0
8110	0
8111	0
8112	0
8113	0
8114	0
8115	0
8116	0
8117	0
8118	0
8119	0
8120	0
8121	0
8122	0
8123	0
8124	0
8125	0
8126	0
8127	0
8128	0
8129	0
8130	0
8131	0
8132	0
8133	0
8134	0
8135	0
8136	0
8137	0
8138	0
8139	0
8140	0
8141	0
8142	0
8143	0
8144	0
8145	0
8146	0
8147	0
8148	0
8149	0
8150	0
8151	0
8152	0
8153	0
8154	0
8155	0
8156	0
8157	0
8158	0
8159	0
8160	0
8161	0
8162	0
8163	0
8164	0
8165	0
8166	0
8167	0
8168	0
8169	0
8170	0
8171	0
8172	0
8173	0
8174	0
8175	0
8176	0
8177	0
8178	0
8179	0
8180	0
8181	0
8182	0
8183	0
8184	0
8185	0
8186	0
8187	0
8188	0
8189	0
8190	0
8191	0
