0	0
1	0
2	0
3	0
4	0
5	0
6	0
7	0
8	0
9	0
10	0
11	0
12	0
13	0
14	0
15	0
16	0
17	0
18	0
19	0
20	0
21	0
22	0
23	0
24	0
25	0
26	0
27	0
28	0
29	0
30	0
31	0
32	0
33	0
34	0
35	0
36	0
37	0
38	0
39	0
40	0
41	0
42	0
43	0
44	0
45	0
46	0
47	0
48	0
49	0
50	0
51	0
52	0
53	0
54	0
55	0
56	0
57	0
58	0
59	0
60	0
61	0
62	0
63	0
64	0
65	0
66	0
67	0
68	0
69	0
70	0
71	0
72	0
73	0
74	0
75	0
76	0
77	0
78	0
79	0
80	0
81	0
82	2
83	3
84	12
85	14
86	18
87	12
88	15
89	9
90	11
91	15
92	12
93	19
94	18
95	13
96	18
97	10
98	12
99	14
100	10
101	12
102	9
103	13
104	17
105	17
106	15
107	11
108	15
109	22
110	13
111	12
112	14
113	14
114	7
115	12
116	12
117	7
118	9
119	9
120	14
121	13
122	8
123	12
124	9
125	14
126	12
127	12
128	8
129	13
130	13
131	18
132	14
133	17
134	22
135	14
136	18
137	17
138	21
139	17
140	16
141	13
142	21
143	18
144	15
145	14
146	15
147	7
148	12
149	11
150	12
151	10
152	20
153	13
154	12
155	20
156	22
157	13
158	14
159	18
160	14
161	14
162	17
163	15
164	12
165	19
166	18
167	13
168	17
169	22
170	15
171	18
172	11
173	17
174	17
175	20
176	21
177	16
178	15
179	19
180	13
181	11
182	12
183	22
184	17
185	8
186	14
187	18
188	18
189	18
190	14
191	23
192	23
193	16
194	16
195	10
196	20
197	13
198	12
199	24
200	12
201	16
202	15
203	18
204	10
205	11
206	16
207	10
208	15
209	9
210	12
211	16
212	18
213	15
214	16
215	8
216	16
217	14
218	18
219	17
220	12
221	18
222	13
223	15
224	15
225	14
226	12
227	17
228	24
229	18
230	21
231	19
232	17
233	24
234	17
235	19
236	8
237	13
238	20
239	12
240	18
241	22
242	12
243	20
244	20
245	15
246	21
247	12
248	19
249	10
250	18
251	16
252	17
253	17
254	8
255	28
256	17
257	15
258	14
259	14
260	18
261	13
262	16
263	20
264	12
265	15
266	18
267	9
268	17
269	17
270	17
271	25
272	16
273	18
274	22
275	19
276	16
277	23
278	27
279	16
280	18
281	22
282	25
283	22
284	22
285	13
286	15
287	13
288	21
289	20
290	25
291	23
292	17
293	17
294	13
295	23
296	11
297	21
298	12
299	13
300	15
301	17
302	13
303	17
304	16
305	18
306	21
307	17
308	18
309	26
310	22
311	21
312	21
313	15
314	24
315	11
316	12
317	15
318	16
319	15
320	12
321	18
322	14
323	24
324	20
325	17
326	16
327	25
328	17
329	22
330	16
331	15
332	16
333	17
334	18
335	18
336	19
337	18
338	16
339	23
340	16
341	18
342	22
343	16
344	23
345	16
346	20
347	24
348	16
349	18
350	29
351	18
352	17
353	20
354	18
355	17
356	25
357	28
358	20
359	23
360	14
361	20
362	18
363	16
364	26
365	9
366	19
367	15
368	17
369	24
370	17
371	14
372	17
373	18
374	15
375	16
376	21
377	16
378	15
379	18
380	13
381	14
382	18
383	14
384	14
385	14
386	21
387	22
388	21
389	21
390	22
391	15
392	15
393	23
394	17
395	23
396	20
397	17
398	14
399	25
400	19
401	14
402	13
403	29
404	14
405	13
406	18
407	18
408	17
409	16
410	18
411	21
412	20
413	19
414	13
415	11
416	19
417	14
418	21
419	24
420	18
421	11
422	21
423	13
424	18
425	23
426	25
427	20
428	23
429	18
430	20
431	20
432	25
433	25
434	25
435	18
436	25
437	23
438	19
439	28
440	21
441	21
442	17
443	19
444	19
445	17
446	25
447	27
448	15
449	22
450	24
451	23
452	27
453	24
454	23
455	24
456	17
457	18
458	26
459	23
460	26
461	36
462	23
463	27
464	30
465	34
466	30
467	28
468	25
469	29
470	35
471	33
472	29
473	34
474	35
475	31
476	32
477	30
478	28
479	30
480	32
481	29
482	32
483	22
484	26
485	36
486	28
487	31
488	30
489	31
490	46
491	33
492	32
493	36
494	29
495	27
496	27
497	27
498	36
499	36
500	24
501	30
502	39
503	38
504	23
505	36
506	26
507	30
508	26
509	32
510	35
511	39
512	33
513	37
514	30
515	32
516	30
517	41
518	36
519	37
520	29
521	40
522	35
523	34
524	37
525	28
526	40
527	39
528	28
529	27
530	39
531	36
532	23
533	30
534	30
535	44
536	40
537	26
538	19
539	41
540	33
541	27
542	28
543	37
544	25
545	43
546	31
547	35
548	31
549	25
550	30
551	27
552	30
553	30
554	32
555	29
556	33
557	28
558	26
559	19
560	27
561	32
562	27
563	31
564	25
565	18
566	29
567	30
568	32
569	23
570	33
571	25
572	29
573	25
574	24
575	30
576	28
577	27
578	21
579	21
580	40
581	19
582	32
583	24
584	29
585	23
586	30
587	24
588	18
589	35
590	30
591	24
592	33
593	27
594	24
595	22
596	28
597	25
598	35
599	20
600	24
601	31
602	30
603	16
604	19
605	35
606	30
607	29
608	28
609	22
610	39
611	23
612	23
613	23
614	27
615	18
616	29
617	21
618	31
619	34
620	21
621	25
622	21
623	32
624	24
625	22
626	25
627	30
628	12
629	20
630	29
631	25
632	19
633	18
634	35
635	26
636	32
637	20
638	25
639	14
640	21
641	20
642	26
643	33
644	16
645	25
646	26
647	30
648	25
649	27
650	22
651	28
652	19
653	24
654	20
655	33
656	13
657	27
658	28
659	24
660	24
661	29
662	17
663	29
664	30
665	22
666	34
667	21
668	32
669	32
670	15
671	23
672	18
673	21
674	24
675	28
676	34
677	24
678	27
679	28
680	18
681	23
682	20
683	20
684	15
685	20
686	33
687	28
688	37
689	33
690	21
691	29
692	29
693	25
694	25
695	20
696	28
697	28
698	35
699	17
700	25
701	29
702	24
703	26
704	27
705	28
706	22
707	21
708	42
709	26
710	27
711	22
712	20
713	24
714	22
715	26
716	23
717	38
718	25
719	33
720	32
721	20
722	31
723	23
724	33
725	21
726	30
727	34
728	25
729	19
730	34
731	28
732	27
733	28
734	22
735	30
736	23
737	38
738	27
739	28
740	30
741	29
742	25
743	27
744	25
745	30
746	26
747	25
748	27
749	19
750	28
751	19
752	28
753	31
754	27
755	25
756	22
757	18
758	37
759	36
760	29
761	24
762	28
763	20
764	37
765	38
766	38
767	24
768	31
769	34
770	28
771	32
772	27
773	27
774	27
775	22
776	24
777	43
778	28
779	28
780	32
781	36
782	35
783	26
784	33
785	17
786	24
787	28
788	27
789	30
790	29
791	38
792	29
793	27
794	25
795	27
796	31
797	34
798	28
799	37
800	20
801	35
802	35
803	37
804	38
805	42
806	32
807	25
808	40
809	32
810	32
811	20
812	30
813	36
814	28
815	26
816	32
817	45
818	41
819	43
820	36
821	22
822	35
823	25
824	40
825	42
826	26
827	34
828	26
829	33
830	29
831	31
832	31
833	36
834	31
835	28
836	31
837	39
838	20
839	28
840	32
841	34
842	32
843	42
844	33
845	29
846	38
847	41
848	33
849	33
850	16
851	29
852	31
853	33
854	36
855	27
856	37
857	36
858	40
859	32
860	36
861	28
862	28
863	26
864	39
865	41
866	30
867	38
868	35
869	22
870	34
871	41
872	31
873	43
874	38
875	30
876	35
877	36
878	29
879	32
880	49
881	39
882	33
883	34
884	35
885	36
886	21
887	28
888	29
889	30
890	37
891	36
892	31
893	43
894	30
895	34
896	35
897	32
898	32
899	27
900	25
901	29
902	34
903	45
904	40
905	27
906	33
907	31
908	33
909	37
910	34
911	45
912	41
913	40
914	36
915	29
916	37
917	37
918	40
919	44
920	35
921	26
922	42
923	36
924	42
925	26
926	29
927	35
928	42
929	30
930	36
931	43
932	41
933	38
934	34
935	38
936	33
937	37
938	32
939	39
940	40
941	35
942	28
943	36
944	39
945	31
946	34
947	32
948	38
949	28
950	39
951	32
952	41
953	36
954	33
955	37
956	40
957	40
958	43
959	35
960	35
961	47
962	43
963	50
964	44
965	44
966	36
967	47
968	27
969	40
970	44
971	31
972	27
973	38
974	34
975	41
976	36
977	40
978	39
979	41
980	34
981	48
982	39
983	26
984	38
985	23
986	41
987	41
988	39
989	47
990	37
991	39
992	21
993	38
994	33
995	40
996	50
997	39
998	27
999	39
1000	42
1001	33
1002	38
1003	41
1004	44
1005	33
1006	46
1007	47
1008	46
1009	31
1010	42
1011	49
1012	41
1013	36
1014	49
1015	46
1016	34
1017	38
1018	46
1019	38
1020	35
1021	45
1022	39
1023	35
1024	45
1025	41
1026	31
1027	44
1028	35
1029	39
1030	40
1031	43
1032	33
1033	40
1034	29
1035	35
1036	46
1037	37
1038	40
1039	42
1040	43
1041	45
1042	46
1043	42
1044	43
1045	31
1046	34
1047	36
1048	28
1049	35
1050	30
1051	42
1052	36
1053	53
1054	36
1055	41
1056	47
1057	26
1058	40
1059	35
1060	33
1061	36
1062	41
1063	45
1064	39
1065	39
1066	36
1067	43
1068	30
1069	32
1070	49
1071	44
1072	44
1073	40
1074	42
1075	32
1076	43
1077	54
1078	45
1079	29
1080	25
1081	36
1082	41
1083	46
1084	37
1085	54
1086	33
1087	38
1088	34
1089	34
1090	38
1091	39
1092	42
1093	49
1094	53
1095	46
1096	40
1097	39
1098	43
1099	53
1100	39
1101	44
1102	48
1103	38
1104	35
1105	39
1106	41
1107	41
1108	39
1109	47
1110	33
1111	34
1112	48
1113	34
1114	35
1115	41
1116	37
1117	36
1118	32
1119	41
1120	42
1121	44
1122	51
1123	55
1124	43
1125	39
1126	48
1127	41
1128	49
1129	41
1130	43
1131	50
1132	43
1133	54
1134	52
1135	34
1136	36
1137	44
1138	42
1139	42
1140	40
1141	39
1142	44
1143	46
1144	48
1145	36
1146	32
1147	39
1148	40
1149	45
1150	43
1151	45
1152	48
1153	44
1154	38
1155	38
1156	35
1157	36
1158	36
1159	42
1160	32
1161	34
1162	40
1163	48
1164	34
1165	53
1166	45
1167	39
1168	45
1169	34
1170	41
1171	49
1172	35
1173	45
1174	38
1175	31
1176	48
1177	53
1178	55
1179	35
1180	38
1181	49
1182	53
1183	46
1184	24
1185	40
1186	41
1187	38
1188	36
1189	44
1190	45
1191	50
1192	35
1193	40
1194	38
1195	39
1196	51
1197	41
1198	46
1199	40
1200	51
1201	60
1202	50
1203	39
1204	40
1205	36
1206	34
1207	46
1208	37
1209	33
1210	43
1211	44
1212	31
1213	48
1214	41
1215	45
1216	37
1217	39
1218	37
1219	38
1220	32
1221	37
1222	40
1223	35
1224	40
1225	38
1226	42
1227	33
1228	45
1229	42
1230	46
1231	47
1232	39
1233	40
1234	37
1235	36
1236	59
1237	47
1238	43
1239	36
1240	43
1241	49
1242	33
1243	54
1244	40
1245	50
1246	40
1247	31
1248	53
1249	35
1250	41
1251	51
1252	44
1253	38
1254	36
1255	47
1256	49
1257	46
1258	43
1259	42
1260	39
1261	43
1262	47
1263	37
1264	41
1265	58
1266	40
1267	45
1268	45
1269	43
1270	56
1271	38
1272	37
1273	42
1274	51
1275	40
1276	37
1277	40
1278	43
1279	57
1280	43
1281	42
1282	36
1283	37
1284	34
1285	37
1286	52
1287	47
1288	39
1289	34
1290	37
1291	45
1292	51
1293	42
1294	45
1295	37
1296	39
1297	48
1298	45
1299	52
1300	50
1301	51
1302	42
1303	40
1304	55
1305	39
1306	50
1307	44
1308	35
1309	44
1310	45
1311	37
1312	48
1313	44
1314	46
1315	43
1316	40
1317	53
1318	47
1319	52
1320	39
1321	42
1322	52
1323	51
1324	46
1325	49
1326	40
1327	58
1328	51
1329	51
1330	54
1331	44
1332	46
1333	58
1334	38
1335	39
1336	47
1337	43
1338	55
1339	41
1340	54
1341	50
1342	51
1343	43
1344	54
1345	47
1346	57
1347	55
1348	47
1349	44
1350	39
1351	57
1352	57
1353	50
1354	42
1355	49
1356	58
1357	44
1358	47
1359	55
1360	49
1361	42
1362	50
1363	48
1364	47
1365	41
1366	50
1367	54
1368	36
1369	37
1370	34
1371	49
1372	41
1373	49
1374	51
1375	48
1376	59
1377	43
1378	39
1379	44
1380	43
1381	36
1382	46
1383	39
1384	38
1385	44
1386	33
1387	38
1388	66
1389	51
1390	45
1391	46
1392	44
1393	43
1394	49
1395	49
1396	42
1397	38
1398	60
1399	45
1400	44
1401	45
1402	30
1403	44
1404	31
1405	52
1406	38
1407	47
1408	44
1409	43
1410	43
1411	48
1412	40
1413	44
1414	59
1415	37
1416	43
1417	40
1418	49
1419	42
1420	53
1421	47
1422	36
1423	48
1424	59
1425	33
1426	39
1427	36
1428	48
1429	42
1430	56
1431	46
1432	37
1433	37
1434	36
1435	52
1436	59
1437	52
1438	49
1439	40
1440	31
1441	44
1442	50
1443	35
1444	45
1445	43
1446	36
1447	41
1448	39
1449	24
1450	36
1451	43
1452	41
1453	37
1454	43
1455	36
1456	47
1457	40
1458	51
1459	40
1460	38
1461	41
1462	41
1463	41
1464	51
1465	37
1466	32
1467	38
1468	32
1469	47
1470	44
1471	41
1472	41
1473	36
1474	27
1475	39
1476	31
1477	39
1478	39
1479	34
1480	41
1481	34
1482	24
1483	41
1484	33
1485	34
1486	44
1487	34
1488	34
1489	29
1490	38
1491	35
1492	40
1493	36
1494	32
1495	42
1496	39
1497	42
1498	39
1499	34
1500	45
1501	30
1502	32
1503	31
1504	29
1505	46
1506	39
1507	33
1508	30
1509	35
1510	39
1511	28
1512	38
1513	36
1514	41
1515	30
1516	37
1517	32
1518	32
1519	31
1520	31
1521	34
1522	47
1523	35
1524	34
1525	37
1526	38
1527	32
1528	31
1529	34
1530	38
1531	33
1532	32
1533	39
1534	36
1535	25
1536	36
1537	29
1538	29
1539	29
1540	32
1541	32
1542	35
1543	32
1544	36
1545	39
1546	33
1547	33
1548	24
1549	41
1550	46
1551	27
1552	30
1553	48
1554	29
1555	33
1556	30
1557	31
1558	38
1559	19
1560	25
1561	32
1562	26
1563	22
1564	42
1565	39
1566	38
1567	26
1568	31
1569	31
1570	25
1571	32
1572	31
1573	31
1574	34
1575	36
1576	29
1577	35
1578	33
1579	40
1580	24
1581	31
1582	33
1583	28
1584	32
1585	34
1586	28
1587	29
1588	31
1589	43
1590	30
1591	28
1592	31
1593	25
1594	39
1595	32
1596	36
1597	19
1598	27
1599	30
1600	32
1601	35
1602	28
1603	29
1604	34
1605	33
1606	31
1607	36
1608	32
1609	27
1610	37
1611	34
1612	30
1613	27
1614	27
1615	19
1616	24
1617	37
1618	30
1619	26
1620	25
1621	33
1622	25
1623	27
1624	33
1625	35
1626	27
1627	33
1628	29
1629	32
1630	34
1631	27
1632	32
1633	34
1634	39
1635	27
1636	36
1637	36
1638	37
1639	26
1640	30
1641	47
1642	28
1643	25
1644	34
1645	27
1646	37
1647	33
1648	27
1649	29
1650	35
1651	35
1652	31
1653	25
1654	33
1655	38
1656	30
1657	29
1658	30
1659	31
1660	22
1661	29
1662	44
1663	25
1664	22
1665	37
1666	39
1667	29
1668	36
1669	26
1670	24
1671	27
1672	26
1673	33
1674	27
1675	37
1676	31
1677	35
1678	31
1679	30
1680	30
1681	26
1682	31
1683	32
1684	34
1685	32
1686	31
1687	28
1688	33
1689	28
1690	27
1691	29
1692	31
1693	26
1694	37
1695	30
1696	27
1697	37
1698	29
1699	26
1700	36
1701	36
1702	21
1703	25
1704	31
1705	34
1706	30
1707	30
1708	27
1709	38
1710	26
1711	26
1712	32
1713	21
1714	20
1715	33
1716	33
1717	34
1718	27
1719	36
1720	26
1721	32
1722	18
1723	34
1724	29
1725	29
1726	28
1727	31
1728	32
1729	34
1730	30
1731	30
1732	33
1733	27
1734	31
1735	30
1736	38
1737	39
1738	31
1739	26
1740	25
1741	29
1742	35
1743	22
1744	31
1745	36
1746	26
1747	27
1748	40
1749	33
1750	25
1751	30
1752	37
1753	22
1754	36
1755	27
1756	25
1757	30
1758	22
1759	26
1760	21
1761	31
1762	27
1763	20
1764	34
1765	17
1766	23
1767	24
1768	31
1769	25
1770	32
1771	26
1772	34
1773	38
1774	28
1775	28
1776	35
1777	38
1778	28
1779	30
1780	35
1781	20
1782	31
1783	28
1784	31
1785	24
1786	33
1787	35
1788	30
1789	35
1790	31
1791	30
1792	27
1793	20
1794	36
1795	30
1796	32
1797	31
1798	48
1799	35
1800	27
1801	25
1802	26
1803	30
1804	25
1805	33
1806	32
1807	47
1808	30
1809	26
1810	31
1811	27
1812	32
1813	39
1814	37
1815	40
1816	30
1817	34
1818	31
1819	27
1820	32
1821	34
1822	34
1823	26
1824	36
1825	35
1826	38
1827	29
1828	24
1829	28
1830	39
1831	36
1832	33
1833	22
1834	33
1835	35
1836	24
1837	41
1838	23
1839	28
1840	35
1841	34
1842	27
1843	29
1844	35
1845	26
1846	39
1847	41
1848	32
1849	35
1850	32
1851	32
1852	38
1853	30
1854	33
1855	42
1856	23
1857	29
1858	42
1859	41
1860	27
1861	27
1862	26
1863	39
1864	21
1865	24
1866	44
1867	34
1868	28
1869	30
1870	38
1871	34
1872	34
1873	41
1874	40
1875	43
1876	35
1877	33
1878	21
1879	41
1880	50
1881	26
1882	21
1883	34
1884	30
1885	39
1886	39
1887	38
1888	40
1889	29
1890	28
1891	33
1892	25
1893	31
1894	26
1895	38
1896	46
1897	41
1898	44
1899	36
1900	42
1901	28
1902	34
1903	29
1904	38
1905	35
1906	41
1907	46
1908	33
1909	35
1910	43
1911	36
1912	42
1913	36
1914	41
1915	35
1916	42
1917	42
1918	41
1919	48
1920	29
1921	48
1922	43
1923	34
1924	35
1925	57
1926	33
1927	33
1928	39
1929	46
1930	23
1931	29
1932	36
1933	30
1934	38
1935	51
1936	43
1937	48
1938	27
1939	35
1940	39
1941	33
1942	44
1943	47
1944	49
1945	42
1946	37
1947	36
1948	45
1949	29
1950	46
1951	37
1952	45
1953	34
1954	42
1955	38
1956	42
1957	38
1958	38
1959	46
1960	44
1961	37
1962	35
1963	41
1964	44
1965	53
1966	50
1967	34
1968	48
1969	31
1970	43
1971	50
1972	48
1973	52
1974	42
1975	44
1976	52
1977	40
1978	47
1979	31
1980	48
1981	49
1982	44
1983	41
1984	42
1985	44
1986	43
1987	32
1988	39
1989	41
1990	36
1991	42
1992	40
1993	46
1994	40
1995	37
1996	43
1997	44
1998	33
1999	43
2000	36
2001	44
2002	35
2003	41
2004	42
2005	47
2006	52
2007	51
2008	37
2009	37
2010	46
2011	42
2012	45
2013	42
2014	41
2015	45
2016	34
2017	55
2018	47
2019	51
2020	51
2021	45
2022	42
2023	44
2024	43
2025	38
2026	44
2027	40
2028	44
2029	41
2030	49
2031	49
2032	42
2033	40
2034	37
2035	42
2036	39
2037	49
2038	40
2039	37
2040	41
2041	28
2042	43
2043	53
2044	30
2045	32
2046	44
2047	37
2048	49
2049	34
2050	43
2051	44
2052	47
2053	42
2054	42
2055	50
2056	47
2057	36
2058	41
2059	46
2060	45
2061	44
2062	58
2063	46
2064	36
2065	40
2066	30
2067	41
2068	42
2069	38
2070	44
2071	41
2072	46
2073	51
2074	52
2075	30
2076	57
2077	56
2078	48
2079	42
2080	42
2081	49
2082	28
2083	39
2084	40
2085	39
2086	45
2087	50
2088	33
2089	40
2090	44
2091	40
2092	47
2093	50
2094	34
2095	45
2096	50
2097	43
2098	43
2099	46
2100	41
2101	46
2102	37
2103	46
2104	44
2105	40
2106	38
2107	34
2108	44
2109	36
2110	37
2111	29
2112	42
2113	39
2114	31
2115	42
2116	31
2117	32
2118	44
2119	42
2120	30
2121	31
2122	43
2123	36
2124	23
2125	31
2126	29
2127	37
2128	32
2129	33
2130	40
2131	42
2132	33
2133	34
2134	41
2135	26
2136	33
2137	48
2138	33
2139	41
2140	32
2141	39
2142	25
2143	34
2144	32
2145	32
2146	33
2147	35
2148	35
2149	35
2150	39
2151	30
2152	29
2153	26
2154	37
2155	36
2156	35
2157	35
2158	31
2159	47
2160	31
2161	44
2162	30
2163	32
2164	42
2165	38
2166	23
2167	29
2168	28
2169	44
2170	35
2171	31
2172	30
2173	36
2174	28
2175	37
2176	35
2177	34
2178	37
2179	37
2180	32
2181	31
2182	31
2183	29
2184	37
2185	25
2186	41
2187	25
2188	33
2189	38
2190	27
2191	31
2192	25
2193	38
2194	32
2195	23
2196	30
2197	35
2198	26
2199	27
2200	29
2201	30
2202	26
2203	27
2204	23
2205	30
2206	26
2207	22
2208	36
2209	26
2210	26
2211	37
2212	32
2213	28
2214	44
2215	25
2216	25
2217	31
2218	23
2219	32
2220	27
2221	21
2222	18
2223	27
2224	19
2225	30
2226	24
2227	17
2228	34
2229	26
2230	27
2231	25
2232	14
2233	19
2234	25
2235	25
2236	32
2237	17
2238	23
2239	17
2240	23
2241	27
2242	25
2243	28
2244	19
2245	28
2246	21
2247	24
2248	21
2249	35
2250	18
2251	31
2252	28
2253	27
2254	26
2255	36
2256	26
2257	21
2258	21
2259	29
2260	24
2261	15
2262	30
2263	23
2264	12
2265	29
2266	31
2267	27
2268	22
2269	21
2270	24
2271	30
2272	18
2273	19
2274	23
2275	33
2276	18
2277	26
2278	20
2279	15
2280	13
2281	20
2282	17
2283	19
2284	20
2285	25
2286	26
2287	22
2288	23
2289	21
2290	26
2291	28
2292	22
2293	19
2294	19
2295	22
2296	24
2297	22
2298	15
2299	14
2300	30
2301	28
2302	18
2303	18
2304	19
2305	29
2306	21
2307	19
2308	18
2309	21
2310	15
2311	19
2312	16
2313	22
2314	29
2315	14
2316	28
2317	19
2318	20
2319	24
2320	15
2321	26
2322	21
2323	27
2324	26
2325	16
2326	12
2327	21
2328	13
2329	17
2330	22
2331	14
2332	17
2333	18
2334	19
2335	18
2336	21
2337	18
2338	18
2339	16
2340	10
2341	13
2342	18
2343	15
2344	17
2345	24
2346	21
2347	22
2348	16
2349	20
2350	15
2351	17
2352	18
2353	25
2354	13
2355	15
2356	15
2357	14
2358	23
2359	21
2360	13
2361	14
2362	20
2363	25
2364	22
2365	24
2366	15
2367	17
2368	22
2369	17
2370	13
2371	16
2372	15
2373	20
2374	18
2375	22
2376	19
2377	13
2378	17
2379	25
2380	19
2381	20
2382	19
2383	19
2384	15
2385	14
2386	15
2387	21
2388	13
2389	20
2390	20
2391	10
2392	17
2393	13
2394	16
2395	18
2396	17
2397	14
2398	17
2399	21
2400	14
2401	15
2402	17
2403	15
2404	20
2405	12
2406	12
2407	18
2408	16
2409	23
2410	19
2411	14
2412	10
2413	20
2414	14
2415	15
2416	17
2417	24
2418	25
2419	14
2420	12
2421	20
2422	13
2423	13
2424	14
2425	12
2426	14
2427	11
2428	16
2429	17
2430	16
2431	10
2432	16
2433	22
2434	21
2435	18
2436	16
2437	7
2438	18
2439	18
2440	19
2441	15
2442	15
2443	10
2444	25
2445	17
2446	13
2447	31
2448	9
2449	13
2450	18
2451	17
2452	18
2453	18
2454	13
2455	19
2456	17
2457	20
2458	10
2459	18
2460	15
2461	28
2462	12
2463	17
2464	12
2465	22
2466	15
2467	14
2468	17
2469	13
2470	17
2471	17
2472	18
2473	20
2474	13
2475	12
2476	13
2477	16
2478	19
2479	22
2480	17
2481	19
2482	9
2483	14
2484	24
2485	12
2486	20
2487	13
2488	12
2489	14
2490	15
2491	21
2492	9
2493	20
2494	20
2495	22
2496	14
2497	19
2498	15
2499	14
2500	8
2501	15
2502	22
2503	16
2504	10
2505	19
2506	19
2507	13
2508	18
2509	19
2510	21
2511	12
2512	10
2513	17
2514	16
2515	17
2516	13
2517	19
2518	15
2519	16
2520	16
2521	17
2522	21
2523	14
2524	21
2525	14
2526	16
2527	13
2528	12
2529	16
2530	16
2531	8
2532	12
2533	16
2534	15
2535	17
2536	20
2537	15
2538	22
2539	16
2540	18
2541	14
2542	17
2543	10
2544	13
2545	15
2546	18
2547	10
2548	26
2549	15
2550	18
2551	19
2552	14
2553	17
2554	18
2555	13
2556	24
2557	21
2558	19
2559	16
2560	17
2561	11
2562	16
2563	17
2564	13
2565	18
2566	17
2567	15
2568	11
2569	20
2570	15
2571	21
2572	16
2573	11
2574	10
2575	17
2576	21
2577	19
2578	14
2579	26
2580	14
2581	8
2582	13
2583	18
2584	13
2585	18
2586	13
2587	16
2588	13
2589	14
2590	16
2591	8
2592	14
2593	22
2594	16
2595	18
2596	18
2597	16
2598	17
2599	13
2600	16
2601	11
2602	17
2603	22
2604	18
2605	18
2606	16
2607	12
2608	18
2609	16
2610	13
2611	18
2612	18
2613	18
2614	11
2615	14
2616	8
2617	13
2618	20
2619	8
2620	10
2621	12
2622	14
2623	11
2624	13
2625	9
2626	11
2627	17
2628	20
2629	11
2630	10
2631	18
2632	14
2633	13
2634	23
2635	15
2636	13
2637	14
2638	14
2639	17
2640	13
2641	15
2642	17
2643	17
2644	19
2645	17
2646	18
2647	9
2648	11
2649	14
2650	13
2651	13
2652	15
2653	17
2654	4
2655	11
2656	15
2657	8
2658	11
2659	12
2660	10
2661	19
2662	18
2663	11
2664	16
2665	16
2666	13
2667	11
2668	15
2669	13
2670	13
2671	16
2672	13
2673	9
2674	14
2675	19
2676	18
2677	15
2678	19
2679	14
2680	15
2681	7
2682	23
2683	16
2684	17
2685	11
2686	14
2687	11
2688	11
2689	18
2690	10
2691	14
2692	14
2693	15
2694	8
2695	20
2696	13
2697	10
2698	9
2699	17
2700	17
2701	21
2702	12
2703	19
2704	18
2705	20
2706	18
2707	18
2708	12
2709	13
2710	16
2711	13
2712	12
2713	19
2714	7
2715	18
2716	16
2717	10
2718	18
2719	10
2720	15
2721	8
2722	17
2723	14
2724	17
2725	18
2726	11
2727	18
2728	11
2729	7
2730	17
2731	9
2732	18
2733	15
2734	13
2735	16
2736	10
2737	13
2738	16
2739	11
2740	12
2741	20
2742	14
2743	16
2744	20
2745	21
2746	17
2747	11
2748	12
2749	7
2750	15
2751	17
2752	18
2753	14
2754	12
2755	15
2756	17
2757	20
2758	11
2759	14
2760	15
2761	15
2762	18
2763	23
2764	19
2765	17
2766	7
2767	9
2768	9
2769	11
2770	12
2771	16
2772	17
2773	12
2774	11
2775	14
2776	17
2777	17
2778	11
2779	11
2780	13
2781	15
2782	11
2783	14
2784	13
2785	10
2786	16
2787	14
2788	22
2789	11
2790	14
2791	16
2792	7
2793	9
2794	10
2795	12
2796	16
2797	17
2798	7
2799	16
2800	12
2801	11
2802	22
2803	14
2804	13
2805	13
2806	9
2807	14
2808	9
2809	10
2810	17
2811	11
2812	14
2813	15
2814	15
2815	10
2816	13
2817	15
2818	12
2819	14
2820	14
2821	12
2822	14
2823	18
2824	18
2825	12
2826	4
2827	14
2828	9
2829	18
2830	11
2831	13
2832	16
2833	13
2834	21
2835	12
2836	14
2837	15
2838	8
2839	16
2840	20
2841	12
2842	15
2843	16
2844	15
2845	19
2846	14
2847	17
2848	6
2849	12
2850	11
2851	13
2852	7
2853	10
2854	13
2855	10
2856	10
2857	12
2858	11
2859	16
2860	16
2861	10
2862	13
2863	15
2864	11
2865	8
2866	8
2867	11
2868	9
2869	11
2870	14
2871	12
2872	15
2873	12
2874	15
2875	12
2876	14
2877	20
2878	13
2879	13
2880	8
2881	12
2882	12
2883	14
2884	19
2885	9
2886	10
2887	14
2888	8
2889	11
2890	15
2891	12
2892	11
2893	12
2894	13
2895	9
2896	16
2897	13
2898	6
2899	18
2900	12
2901	11
2902	12
2903	11
2904	11
2905	15
2906	19
2907	8
2908	9
2909	17
2910	12
2911	12
2912	13
2913	16
2914	13
2915	10
2916	10
2917	9
2918	7
2919	16
2920	15
2921	14
2922	15
2923	5
2924	18
2925	9
2926	17
2927	10
2928	11
2929	11
2930	10
2931	14
2932	15
2933	7
2934	9
2935	11
2936	6
2937	13
2938	7
2939	15
2940	13
2941	12
2942	13
2943	13
2944	12
2945	11
2946	11
2947	14
2948	10
2949	11
2950	12
2951	9
2952	17
2953	12
2954	12
2955	10
2956	15
2957	17
2958	8
2959	15
2960	8
2961	13
2962	14
2963	11
2964	13
2965	10
2966	17
2967	14
2968	16
2969	8
2970	9
2971	11
2972	16
2973	10
2974	13
2975	13
2976	12
2977	13
2978	9
2979	13
2980	4
2981	15
2982	14
2983	13
2984	11
2985	12
2986	20
2987	13
2988	13
2989	11
2990	15
2991	22
2992	7
2993	9
2994	11
2995	12
2996	12
2997	11
2998	14
2999	13
3000	10
3001	10
3002	12
3003	9
3004	7
3005	13
3006	15
3007	5
3008	7
3009	8
3010	13
3011	8
3012	13
3013	16
3014	15
3015	15
3016	11
3017	12
3018	15
3019	12
3020	15
3021	10
3022	11
3023	14
3024	11
3025	13
3026	10
3027	13
3028	11
3029	10
3030	10
3031	11
3032	12
3033	8
3034	14
3035	10
3036	18
3037	15
3038	16
3039	4
3040	11
3041	12
3042	12
3043	10
3044	9
3045	16
3046	14
3047	14
3048	13
3049	9
3050	18
3051	13
3052	11
3053	14
3054	19
3055	13
3056	12
3057	10
3058	9
3059	17
3060	10
3061	12
3062	15
3063	15
3064	12
3065	20
3066	4
3067	11
3068	10
3069	12
3070	20
3071	10
3072	14
3073	9
3074	13
3075	12
3076	18
3077	12
3078	9
3079	10
3080	22
3081	18
3082	22
3083	12
3084	16
3085	14
3086	17
3087	13
3088	7
3089	16
3090	13
3091	10
3092	11
3093	16
3094	13
3095	18
3096	7
3097	16
3098	12
3099	12
3100	12
3101	13
3102	8
3103	14
3104	14
3105	16
3106	12
3107	11
3108	8
3109	14
3110	7
3111	18
3112	10
3113	9
3114	10
3115	17
3116	16
3117	10
3118	12
3119	10
3120	4
3121	11
3122	16
3123	17
3124	14
3125	14
3126	12
3127	15
3128	13
3129	8
3130	7
3131	15
3132	13
3133	10
3134	12
3135	15
3136	8
3137	9
3138	9
3139	13
3140	16
3141	14
3142	10
3143	12
3144	10
3145	9
3146	19
3147	11
3148	7
3149	12
3150	9
3151	10
3152	9
3153	9
3154	12
3155	7
3156	12
3157	15
3158	5
3159	12
3160	15
3161	20
3162	11
3163	13
3164	9
3165	9
3166	13
3167	13
3168	7
3169	12
3170	7
3171	10
3172	8
3173	10
3174	13
3175	7
3176	14
3177	12
3178	9
3179	9
3180	10
3181	11
3182	12
3183	8
3184	19
3185	8
3186	10
3187	9
3188	12
3189	13
3190	10
3191	14
3192	10
3193	11
3194	10
3195	6
3196	9
3197	16
3198	22
3199	10
3200	12
3201	11
3202	14
3203	17
3204	23
3205	14
3206	9
3207	9
3208	11
3209	17
3210	12
3211	10
3212	16
3213	10
3214	13
3215	5
3216	13
3217	15
3218	13
3219	11
3220	16
3221	14
3222	17
3223	14
3224	12
3225	14
3226	15
3227	15
3228	16
3229	15
3230	13
3231	9
3232	11
3233	12
3234	10
3235	12
3236	8
3237	13
3238	11
3239	10
3240	8
3241	12
3242	11
3243	8
3244	10
3245	12
3246	13
3247	11
3248	15
3249	9
3250	8
3251	11
3252	13
3253	15
3254	16
3255	10
3256	22
3257	12
3258	9
3259	10
3260	9
3261	13
3262	10
3263	8
3264	13
3265	7
3266	17
3267	12
3268	10
3269	19
3270	18
3271	9
3272	11
3273	13
3274	17
3275	16
3276	11
3277	9
3278	16
3279	13
3280	19
3281	12
3282	10
3283	17
3284	13
3285	11
3286	7
3287	12
3288	7
3289	19
3290	16
3291	12
3292	8
3293	14
3294	9
3295	20
3296	12
3297	13
3298	6
3299	6
3300	14
3301	14
3302	12
3303	10
3304	11
3305	17
3306	9
3307	9
3308	9
3309	10
3310	8
3311	9
3312	11
3313	11
3314	13
3315	14
3316	10
3317	13
3318	16
3319	10
3320	13
3321	14
3322	13
3323	15
3324	14
3325	11
3326	15
3327	11
3328	11
3329	7
3330	9
3331	9
3332	12
3333	15
3334	11
3335	12
3336	13
3337	10
3338	14
3339	7
3340	20
3341	7
3342	12
3343	13
3344	10
3345	16
3346	11
3347	15
3348	19
3349	11
3350	8
3351	8
3352	9
3353	8
3354	7
3355	15
3356	7
3357	14
3358	15
3359	10
3360	10
3361	10
3362	17
3363	9
3364	11
3365	13
3366	14
3367	13
3368	18
3369	10
3370	9
3371	10
3372	8
3373	9
3374	11
3375	13
3376	15
3377	13
3378	12
3379	11
3380	8
3381	10
3382	15
3383	8
3384	11
3385	9
3386	6
3387	9
3388	11
3389	10
3390	11
3391	13
3392	9
3393	13
3394	15
3395	13
3396	19
3397	12
3398	15
3399	9
3400	7
3401	17
3402	19
3403	10
3404	12
3405	16
3406	15
3407	16
3408	15
3409	6
3410	14
3411	11
3412	8
3413	18
3414	5
3415	14
3416	14
3417	5
3418	7
3419	12
3420	9
3421	10
3422	14
3423	13
3424	6
3425	6
3426	13
3427	13
3428	9
3429	19
3430	9
3431	8
3432	12
3433	15
3434	11
3435	17
3436	17
3437	17
3438	7
3439	14
3440	14
3441	10
3442	7
3443	9
3444	8
3445	11
3446	14
3447	10
3448	10
3449	11
3450	12
3451	13
3452	9
3453	12
3454	14
3455	5
3456	11
3457	10
3458	11
3459	14
3460	13
3461	16
3462	18
3463	12
3464	20
3465	10
3466	11
3467	10
3468	13
3469	14
3470	12
3471	13
3472	13
3473	10
3474	10
3475	17
3476	16
3477	13
3478	14
3479	7
3480	12
3481	8
3482	7
3483	12
3484	9
3485	9
3486	20
3487	11
3488	10
3489	23
3490	8
3491	13
3492	7
3493	6
3494	16
3495	10
3496	13
3497	9
3498	12
3499	10
3500	14
3501	13
3502	10
3503	11
3504	7
3505	12
3506	12
3507	11
3508	13
3509	8
3510	13
3511	9
3512	14
3513	12
3514	10
3515	10
3516	19
3517	14
3518	7
3519	11
3520	8
3521	11
3522	19
3523	12
3524	9
3525	11
3526	6
3527	10
3528	15
3529	15
3530	10
3531	6
3532	11
3533	11
3534	10
3535	12
3536	14
3537	8
3538	14
3539	11
3540	18
3541	12
3542	13
3543	13
3544	7
3545	12
3546	14
3547	15
3548	10
3549	13
3550	10
3551	13
3552	8
3553	7
3554	11
3555	15
3556	14
3557	9
3558	12
3559	10
3560	9
3561	15
3562	16
3563	13
3564	7
3565	6
3566	6
3567	10
3568	18
3569	15
3570	10
3571	14
3572	13
3573	4
3574	11
3575	12
3576	16
3577	13
3578	8
3579	11
3580	11
3581	15
3582	14
3583	12
3584	14
3585	16
3586	15
3587	11
3588	10
3589	12
3590	16
3591	12
3592	7
3593	12
3594	12
3595	18
3596	17
3597	11
3598	13
3599	13
3600	5
3601	12
3602	13
3603	15
3604	9
3605	8
3606	10
3607	10
3608	6
3609	17
3610	7
3611	13
3612	17
3613	9
3614	12
3615	7
3616	9
3617	12
3618	10
3619	7
3620	9
3621	10
3622	15
3623	13
3624	7
3625	4
3626	9
3627	12
3628	10
3629	18
3630	16
3631	7
3632	11
3633	13
3634	19
3635	12
3636	12
3637	6
3638	14
3639	18
3640	10
3641	12
3642	8
3643	9
3644	12
3645	8
3646	9
3647	12
3648	11
3649	17
3650	11
3651	16
3652	7
3653	12
3654	11
3655	14
3656	10
3657	16
3658	8
3659	10
3660	10
3661	23
3662	15
3663	14
3664	10
3665	14
3666	11
3667	10
3668	8
3669	14
3670	13
3671	9
3672	15
3673	14
3674	12
3675	12
3676	10
3677	9
3678	15
3679	10
3680	10
3681	11
3682	14
3683	10
3684	16
3685	10
3686	13
3687	14
3688	9
3689	4
3690	10
3691	9
3692	17
3693	15
3694	15
3695	12
3696	21
3697	11
3698	11
3699	11
3700	11
3701	12
3702	9
3703	16
3704	21
3705	15
3706	7
3707	12
3708	6
3709	8
3710	19
3711	6
3712	14
3713	17
3714	13
3715	9
3716	11
3717	16
3718	12
3719	13
3720	11
3721	10
3722	8
3723	10
3724	14
3725	14
3726	12
3727	7
3728	8
3729	7
3730	14
3731	8
3732	10
3733	16
3734	21
3735	18
3736	21
3737	19
3738	14
3739	15
3740	10
3741	12
3742	16
3743	13
3744	13
3745	13
3746	8
3747	11
3748	13
3749	11
3750	16
3751	10
3752	18
3753	12
3754	13
3755	12
3756	13
3757	8
3758	20
3759	11
3760	13
3761	11
3762	14
3763	10
3764	12
3765	11
3766	13
3767	20
3768	8
3769	10
3770	13
3771	13
3772	15
3773	16
3774	11
3775	14
3776	18
3777	14
3778	15
3779	21
3780	12
3781	18
3782	13
3783	17
3784	7
3785	19
3786	14
3787	12
3788	8
3789	17
3790	13
3791	15
3792	10
3793	11
3794	17
3795	18
3796	13
3797	16
3798	13
3799	5
3800	11
3801	14
3802	8
3803	13
3804	18
3805	9
3806	10
3807	10
3808	18
3809	10
3810	16
3811	11
3812	13
3813	12
3814	10
3815	14
3816	14
3817	22
3818	8
3819	9
3820	17
3821	15
3822	11
3823	12
3824	11
3825	14
3826	12
3827	14
3828	15
3829	9
3830	14
3831	17
3832	14
3833	8
3834	11
3835	13
3836	8
3837	17
3838	16
3839	17
3840	19
3841	15
3842	13
3843	15
3844	13
3845	9
3846	12
3847	7
3848	19
3849	11
3850	16
3851	15
3852	8
3853	27
3854	18
3855	14
3856	16
3857	10
3858	11
3859	13
3860	11
3861	12
3862	7
3863	18
3864	15
3865	17
3866	15
3867	8
3868	16
3869	19
3870	17
3871	18
3872	12
3873	13
3874	17
3875	9
3876	13
3877	18
3878	19
3879	10
3880	11
3881	17
3882	16
3883	17
3884	13
3885	20
3886	12
3887	17
3888	17
3889	16
3890	8
3891	22
3892	23
3893	17
3894	7
3895	18
3896	14
3897	14
3898	14
3899	16
3900	11
3901	20
3902	20
3903	9
3904	18
3905	16
3906	20
3907	22
3908	16
3909	12
3910	17
3911	15
3912	19
3913	15
3914	20
3915	9
3916	16
3917	15
3918	15
3919	12
3920	16
3921	20
3922	15
3923	14
3924	13
3925	19
3926	12
3927	18
3928	13
3929	14
3930	14
3931	19
3932	13
3933	12
3934	19
3935	15
3936	20
3937	17
3938	17
3939	30
3940	19
3941	27
3942	21
3943	16
3944	22
3945	18
3946	17
3947	20
3948	34
3949	16
3950	12
3951	22
3952	19
3953	12
3954	17
3955	18
3956	17
3957	22
3958	11
3959	17
3960	18
3961	27
3962	16
3963	21
3964	28
3965	23
3966	19
3967	14
3968	19
3969	12
3970	23
3971	22
3972	14
3973	14
3974	18
3975	25
3976	23
3977	14
3978	28
3979	17
3980	23
3981	17
3982	14
3983	22
3984	26
3985	20
3986	15
3987	18
3988	18
3989	17
3990	17
3991	31
3992	26
3993	25
3994	11
3995	19
3996	27
3997	28
3998	20
3999	24
4000	24
4001	16
4002	18
4003	18
4004	27
4005	17
4006	19
4007	21
4008	19
4009	23
4010	31
4011	19
4012	17
4013	21
4014	22
4015	19
4016	26
4017	23
4018	22
4019	23
4020	22
4021	25
4022	20
4023	25
4024	19
4025	17
4026	15
4027	25
4028	24
4029	19
4030	19
4031	26
4032	21
4033	28
4034	22
4035	20
4036	15
4037	15
4038	23
4039	26
4040	18
4041	16
4042	10
4043	24
4044	22
4045	14
4046	20
4047	28
4048	17
4049	23
4050	20
4051	26
4052	19
4053	20
4054	19
4055	21
4056	24
4057	14
4058	28
4059	28
4060	19
4061	21
4062	18
4063	20
4064	18
4065	23
4066	16
4067	22
4068	22
4069	17
4070	23
4071	21
4072	17
4073	21
4074	12
4075	18
4076	21
4077	27
4078	22
4079	21
4080	22
4081	19
4082	19
4083	24
4084	28
4085	23
4086	22
4087	25
4088	20
4089	17
4090	32
4091	19
4092	16
4093	21
4094	16
4095	30
4096	23
4097	21
4098	24
4099	19
4100	18
4101	17
4102	23
4103	26
4104	29
4105	26
4106	21
4107	21
4108	27
4109	20
4110	26
4111	19
4112	22
4113	25
4114	20
4115	24
4116	30
4117	18
4118	21
4119	22
4120	29
4121	15
4122	24
4123	26
4124	26
4125	29
4126	18
4127	22
4128	18
4129	21
4130	24
4131	13
4132	20
4133	19
4134	27
4135	16
4136	22
4137	26
4138	21
4139	31
4140	31
4141	28
4142	26
4143	18
4144	26
4145	16
4146	15
4147	27
4148	22
4149	19
4150	16
4151	12
4152	23
4153	12
4154	16
4155	15
4156	36
4157	11
4158	20
4159	17
4160	18
4161	17
4162	23
4163	28
4164	24
4165	21
4166	22
4167	21
4168	19
4169	8
4170	22
4171	23
4172	17
4173	22
4174	18
4175	22
4176	20
4177	23
4178	23
4179	20
4180	20
4181	14
4182	13
4183	13
4184	22
4185	14
4186	19
4187	24
4188	16
4189	12
4190	10
4191	16
4192	23
4193	13
4194	16
4195	13
4196	20
4197	17
4198	13
4199	9
4200	15
4201	21
4202	6
4203	15
4204	16
4205	17
4206	16
4207	18
4208	17
4209	14
4210	21
4211	21
4212	20
4213	14
4214	18
4215	16
4216	14
4217	16
4218	9
4219	16
4220	12
4221	12
4222	13
4223	16
4224	19
4225	12
4226	12
4227	13
4228	17
4229	19
4230	11
4231	11
4232	8
4233	7
4234	6
4235	12
4236	12
4237	10
4238	14
4239	9
4240	16
4241	16
4242	11
4243	13
4244	18
4245	15
4246	17
4247	11
4248	15
4249	13
4250	8
4251	12
4252	12
4253	14
4254	9
4255	17
4256	11
4257	5
4258	14
4259	9
4260	5
4261	17
4262	11
4263	11
4264	6
4265	12
4266	18
4267	12
4268	8
4269	10
4270	4
4271	5
4272	12
4273	8
4274	8
4275	5
4276	9
4277	11
4278	8
4279	16
4280	9
4281	2
4282	7
4283	12
4284	7
4285	8
4286	6
4287	3
4288	11
4289	8
4290	13
4291	3
4292	4
4293	8
4294	6
4295	9
4296	6
4297	2
4298	13
4299	7
4300	9
4301	6
4302	10
4303	3
4304	7
4305	9
4306	13
4307	6
4308	7
4309	2
4310	2
4311	6
4312	5
4313	7
4314	10
4315	1
4316	6
4317	5
4318	4
4319	6
4320	3
4321	5
4322	8
4323	9
4324	5
4325	6
4326	4
4327	4
4328	2
4329	7
4330	4
4331	6
4332	3
4333	3
4334	4
4335	4
4336	8
4337	3
4338	2
4339	5
4340	5
4341	0
4342	6
4343	5
4344	3
4345	4
4346	2
4347	2
4348	5
4349	8
4350	1
4351	7
4352	4
4353	9
4354	7
4355	3
4356	2
4357	4
4358	4
4359	1
4360	0
4361	2
4362	4
4363	3
4364	1
4365	1
4366	4
4367	2
4368	5
4369	2
4370	1
4371	3
4372	3
4373	6
4374	1
4375	1
4376	2
4377	1
4378	3
4379	4
4380	0
4381	4
4382	0
4383	3
4384	3
4385	5
4386	4
4387	0
4388	4
4389	1
4390	1
4391	3
4392	2
4393	1
4394	0
4395	6
4396	2
4397	3
4398	2
4399	0
4400	2
4401	2
4402	2
4403	1
4404	3
4405	1
4406	2
4407	2
4408	0
4409	1
4410	2
4411	1
4412	1
4413	1
4414	2
4415	3
4416	1
4417	4
4418	0
4419	0
4420	1
4421	1
4422	1
4423	1
4424	3
4425	1
4426	2
4427	0
4428	2
4429	0
4430	1
4431	2
4432	2
4433	0
4434	3
4435	2
4436	1
4437	1
4438	1
4439	3
4440	2
4441	1
4442	2
4443	1
4444	1
4445	2
4446	0
4447	2
4448	1
4449	3
4450	0
4451	0
4452	2
4453	2
4454	0
4455	2
4456	0
4457	2
4458	1
4459	0
4460	2
4461	1
4462	0
4463	1
4464	1
4465	0
4466	3
4467	2
4468	0
4469	0
4470	1
4471	0
4472	2
4473	1
4474	0
4475	1
4476	0
4477	2
4478	1
4479	1
4480	0
4481	0
4482	1
4483	0
4484	2
4485	0
4486	0
4487	1
4488	3
4489	0
4490	1
4491	0
4492	2
4493	2
4494	0
4495	1
4496	0
4497	1
4498	1
4499	0
4500	1
4501	2
4502	2
4503	2
4504	1
4505	1
4506	1
4507	2
4508	0
4509	1
4510	1
4511	0
4512	0
4513	3
4514	2
4515	1
4516	1
4517	0
4518	3
4519	1
4520	1
4521	1
4522	0
4523	1
4524	0
4525	0
4526	0
4527	0
4528	1
4529	1
4530	0
4531	0
4532	0
4533	3
4534	0
4535	0
4536	1
4537	3
4538	1
4539	0
4540	1
4541	1
4542	0
4543	2
4544	1
4545	0
4546	0
4547	1
4548	0
4549	0
4550	1
4551	1
4552	1
4553	2
4554	0
4555	2
4556	1
4557	0
4558	0
4559	1
4560	1
4561	1
4562	0
4563	2
4564	0
4565	1
4566	0
4567	0
4568	0
4569	0
4570	3
4571	0
4572	1
4573	1
4574	0
4575	0
4576	0
4577	0
4578	1
4579	0
4580	1
4581	1
4582	0
4583	1
4584	0
4585	1
4586	1
4587	0
4588	0
4589	0
4590	0
4591	0
4592	2
4593	0
4594	2
4595	0
4596	0
4597	3
4598	0
4599	0
4600	0
4601	1
4602	1
4603	1
4604	2
4605	1
4606	1
4607	0
4608	3
4609	0
4610	0
4611	1
4612	1
4613	0
4614	1
4615	1
4616	0
4617	1
4618	1
4619	3
4620	3
4621	1
4622	1
4623	0
4624	1
4625	0
4626	0
4627	0
4628	0
4629	0
4630	0
4631	0
4632	0
4633	1
4634	2
4635	0
4636	0
4637	0
4638	0
4639	1
4640	0
4641	0
4642	0
4643	1
4644	1
4645	1
4646	0
4647	0
4648	1
4649	0
4650	0
4651	1
4652	0
4653	2
4654	0
4655	0
4656	1
4657	0
4658	2
4659	0
4660	1
4661	0
4662	0
4663	0
4664	0
4665	1
4666	0
4667	0
4668	3
4669	1
4670	2
4671	0
4672	0
4673	2
4674	1
4675	3
4676	1
4677	0
4678	0
4679	1
4680	1
4681	1
4682	0
4683	1
4684	2
4685	0
4686	1
4687	1
4688	0
4689	0
4690	2
4691	1
4692	0
4693	0
4694	1
4695	0
4696	2
4697	0
4698	0
4699	1
4700	0
4701	0
4702	0
4703	0
4704	1
4705	0
4706	0
4707	0
4708	0
4709	0
4710	0
4711	1
4712	1
4713	0
4714	1
4715	0
4716	1
4717	0
4718	1
4719	2
4720	1
4721	1
4722	1
4723	0
4724	0
4725	1
4726	4
4727	1
4728	1
4729	1
4730	0
4731	0
4732	0
4733	1
4734	0
4735	2
4736	2
4737	0
4738	0
4739	0
4740	1
4741	5
4742	2
4743	3
4744	1
4745	0
4746	0
4747	0
4748	1
4749	2
4750	0
4751	1
4752	2
4753	1
4754	2
4755	0
4756	0
4757	3
4758	0
4759	0
4760	3
4761	1
4762	1
4763	3
4764	1
4765	0
4766	1
4767	0
4768	0
4769	0
4770	1
4771	2
4772	0
4773	0
4774	1
4775	0
4776	0
4777	1
4778	2
4779	1
4780	2
4781	0
4782	1
4783	0
4784	2
4785	2
4786	0
4787	0
4788	1
4789	3
4790	0
4791	1
4792	2
4793	0
4794	2
4795	2
4796	1
4797	1
4798	3
4799	1
4800	1
4801	3
4802	0
4803	0
4804	0
4805	3
4806	0
4807	1
4808	0
4809	2
4810	0
4811	0
4812	3
4813	0
4814	1
4815	1
4816	1
4817	0
4818	0
4819	1
4820	0
4821	2
4822	0
4823	0
4824	0
4825	2
4826	2
4827	1
4828	0
4829	1
4830	2
4831	1
4832	1
4833	0
4834	0
4835	0
4836	1
4837	2
4838	1
4839	0
4840	1
4841	1
4842	1
4843	0
4844	0
4845	1
4846	2
4847	1
4848	0
4849	0
4850	0
4851	1
4852	2
4853	1
4854	1
4855	0
4856	2
4857	0
4858	1
4859	1
4860	0
4861	0
4862	2
4863	1
4864	1
4865	0
4866	0
4867	2
4868	0
4869	0
4870	0
4871	0
4872	0
4873	0
4874	1
4875	0
4876	0
4877	0
4878	1
4879	1
4880	0
4881	1
4882	2
4883	2
4884	0
4885	1
4886	1
4887	0
4888	5
4889	3
4890	1
4891	2
4892	1
4893	3
4894	2
4895	1
4896	0
4897	0
4898	2
4899	0
4900	1
4901	0
4902	0
4903	0
4904	0
4905	2
4906	2
4907	1
4908	1
4909	0
4910	0
4911	0
4912	0
4913	1
4914	1
4915	1
4916	1
4917	0
4918	0
4919	1
4920	2
4921	1
4922	0
4923	1
4924	1
4925	3
4926	1
4927	1
4928	2
4929	2
4930	1
4931	1
4932	2
4933	1
4934	2
4935	0
4936	0
4937	1
4938	3
4939	2
4940	0
4941	1
4942	1
4943	0
4944	0
4945	0
4946	0
4947	0
4948	2
4949	1
4950	1
4951	0
4952	2
4953	0
4954	1
4955	3
4956	1
4957	0
4958	0
4959	1
4960	1
4961	0
4962	0
4963	2
4964	0
4965	1
4966	1
4967	1
4968	2
4969	1
4970	4
4971	0
4972	0
4973	1
4974	0
4975	1
4976	0
4977	0
4978	2
4979	2
4980	1
4981	1
4982	0
4983	2
4984	0
4985	0
4986	1
4987	2
4988	1
4989	0
4990	0
4991	0
4992	0
4993	1
4994	0
4995	0
4996	0
4997	1
4998	0
4999	2
5000	1
5001	0
5002	0
5003	0
5004	0
5005	0
5006	1
5007	0
5008	0
5009	1
5010	0
5011	3
5012	2
5013	0
5014	3
5015	0
5016	1
5017	1
5018	0
5019	0
5020	0
5021	2
5022	1
5023	0
5024	1
5025	1
5026	0
5027	0
5028	0
5029	1
5030	0
5031	2
5032	0
5033	0
5034	0
5035	1
5036	2
5037	1
5038	1
5039	0
5040	1
5041	0
5042	0
5043	0
5044	1
5045	0
5046	0
5047	0
5048	0
5049	1
5050	1
5051	0
5052	0
5053	1
5054	0
5055	0
5056	2
5057	3
5058	0
5059	2
5060	3
5061	0
5062	0
5063	0
5064	1
5065	1
5066	2
5067	1
5068	2
5069	1
5070	1
5071	1
5072	0
5073	1
5074	0
5075	0
5076	1
5077	0
5078	0
5079	0
5080	1
5081	0
5082	1
5083	1
5084	1
5085	0
5086	0
5087	0
5088	0
5089	0
5090	1
5091	0
5092	2
5093	2
5094	1
5095	1
5096	0
5097	0
5098	2
5099	0
5100	0
5101	1
5102	2
5103	1
5104	0
5105	0
5106	0
5107	0
5108	1
5109	0
5110	0
5111	0
5112	0
5113	1
5114	0
5115	0
5116	1
5117	1
5118	1
5119	0
5120	0
5121	1
5122	2
5123	0
5124	0
5125	1
5126	0
5127	0
5128	0
5129	0
5130	2
5131	0
5132	1
5133	0
5134	0
5135	0
5136	1
5137	1
5138	0
5139	2
5140	1
5141	0
5142	0
5143	0
5144	0
5145	0
5146	0
5147	0
5148	1
5149	0
5150	0
5151	0
5152	1
5153	1
5154	0
5155	1
5156	1
5157	0
5158	1
5159	0
5160	0
5161	1
5162	0
5163	1
5164	2
5165	1
5166	0
5167	0
5168	1
5169	2
5170	0
5171	0
5172	0
5173	1
5174	2
5175	0
5176	0
5177	0
5178	0
5179	0
5180	0
5181	0
5182	3
5183	1
5184	0
5185	1
5186	1
5187	0
5188	2
5189	1
5190	0
5191	0
5192	2
5193	1
5194	0
5195	0
5196	1
5197	1
5198	2
5199	1
5200	1
5201	0
5202	0
5203	0
5204	0
5205	0
5206	1
5207	1
5208	0
5209	0
5210	1
5211	1
5212	0
5213	1
5214	1
5215	1
5216	1
5217	1
5218	1
5219	0
5220	1
5221	2
5222	2
5223	1
5224	1
5225	2
5226	1
5227	1
5228	2
5229	1
5230	0
5231	1
5232	1
5233	1
5234	1
5235	1
5236	0
5237	2
5238	0
5239	0
5240	2
5241	0
5242	2
5243	1
5244	0
5245	2
5246	2
5247	0
5248	0
5249	0
5250	1
5251	0
5252	2
5253	0
5254	2
5255	1
5256	0
5257	1
5258	2
5259	0
5260	3
5261	1
5262	1
5263	1
5264	0
5265	1
5266	1
5267	1
5268	1
5269	2
5270	0
5271	2
5272	0
5273	4
5274	1
5275	2
5276	2
5277	0
5278	0
5279	0
5280	2
5281	0
5282	2
5283	0
5284	0
5285	2
5286	2
5287	0
5288	1
5289	1
5290	1
5291	1
5292	0
5293	0
5294	0
5295	0
5296	0
5297	1
5298	1
5299	3
5300	0
5301	0
5302	1
5303	0
5304	0
5305	1
5306	1
5307	0
5308	0
5309	1
5310	0
5311	1
5312	1
5313	0
5314	1
5315	2
5316	1
5317	0
5318	0
5319	0
5320	1
5321	2
5322	1
5323	1
5324	0
5325	3
5326	1
5327	1
5328	1
5329	0
5330	0
5331	0
5332	1
5333	1
5334	2
5335	0
5336	0
5337	0
5338	0
5339	1
5340	1
5341	1
5342	1
5343	0
5344	0
5345	1
5346	0
5347	1
5348	0
5349	0
5350	0
5351	0
5352	0
5353	0
5354	0
5355	1
5356	0
5357	1
5358	0
5359	0
5360	1
5361	1
5362	0
5363	0
5364	0
5365	1
5366	0
5367	2
5368	1
5369	1
5370	0
5371	0
5372	1
5373	3
5374	1
5375	1
5376	0
5377	3
5378	0
5379	0
5380	0
5381	1
5382	0
5383	0
5384	0
5385	0
5386	0
5387	2
5388	0
5389	0
5390	2
5391	0
5392	1
5393	0
5394	1
5395	0
5396	1
5397	0
5398	0
5399	1
5400	0
5401	1
5402	2
5403	2
5404	0
5405	0
5406	0
5407	0
5408	1
5409	0
5410	0
5411	0
5412	0
5413	0
5414	2
5415	1
5416	1
5417	1
5418	1
5419	0
5420	1
5421	0
5422	0
5423	1
5424	0
5425	0
5426	1
5427	0
5428	2
5429	0
5430	1
5431	0
5432	0
5433	0
5434	0
5435	1
5436	1
5437	1
5438	0
5439	1
5440	0
5441	0
5442	0
5443	0
5444	1
5445	0
5446	1
5447	0
5448	0
5449	0
5450	0
5451	0
5452	0
5453	0
5454	0
5455	0
5456	1
5457	0
5458	1
5459	2
5460	0
5461	0
5462	1
5463	1
5464	1
5465	1
5466	0
5467	0
5468	1
5469	0
5470	1
5471	1
5472	1
5473	0
5474	0
5475	0
5476	2
5477	0
5478	1
5479	0
5480	3
5481	0
5482	3
5483	0
5484	0
5485	1
5486	0
5487	0
5488	0
5489	0
5490	0
5491	0
5492	0
5493	2
5494	1
5495	0
5496	2
5497	0
5498	0
5499	2
5500	0
5501	0
5502	0
5503	0
5504	1
5505	1
5506	0
5507	0
5508	0
5509	0
5510	1
5511	0
5512	2
5513	1
5514	0
5515	1
5516	1
5517	0
5518	0
5519	1
5520	1
5521	0
5522	0
5523	0
5524	0
5525	1
5526	0
5527	0
5528	1
5529	0
5530	1
5531	1
5532	1
5533	1
5534	1
5535	2
5536	0
5537	1
5538	1
5539	1
5540	0
5541	1
5542	1
5543	4
5544	0
5545	0
5546	0
5547	0
5548	3
5549	2
5550	0
5551	1
5552	1
5553	1
5554	0
5555	0
5556	0
5557	0
5558	2
5559	2
5560	2
5561	1
5562	0
5563	0
5564	2
5565	2
5566	0
5567	1
5568	0
5569	0
5570	0
5571	1
5572	0
5573	0
5574	0
5575	0
5576	0
5577	1
5578	0
5579	1
5580	0
5581	2
5582	0
5583	2
5584	0
5585	1
5586	0
5587	1
5588	1
5589	0
5590	2
5591	0
5592	0
5593	0
5594	0
5595	0
5596	3
5597	2
5598	1
5599	0
5600	1
5601	0
5602	0
5603	3
5604	0
5605	0
5606	0
5607	0
5608	2
5609	0
5610	0
5611	1
5612	1
5613	1
5614	1
5615	0
5616	1
5617	3
5618	1
5619	0
5620	1
5621	0
5622	0
5623	0
5624	1
5625	0
5626	0
5627	2
5628	0
5629	0
5630	0
5631	2
5632	2
5633	0
5634	1
5635	0
5636	0
5637	2
5638	4
5639	1
5640	1
5641	1
5642	0
5643	1
5644	0
5645	2
5646	1
5647	0
5648	1
5649	1
5650	0
5651	0
5652	2
5653	1
5654	1
5655	0
5656	0
5657	2
5658	1
5659	0
5660	2
5661	1
5662	0
5663	0
5664	1
5665	0
5666	2
5667	2
5668	2
5669	0
5670	1
5671	1
5672	0
5673	1
5674	1
5675	2
5676	0
5677	1
5678	0
5679	3
5680	1
5681	0
5682	0
5683	4
5684	0
5685	0
5686	0
5687	0
5688	1
5689	0
5690	2
5691	0
5692	0
5693	1
5694	0
5695	0
5696	1
5697	1
5698	1
5699	0
5700	0
5701	3
5702	0
5703	3
5704	0
5705	0
5706	1
5707	2
5708	1
5709	3
5710	0
5711	1
5712	0
5713	0
5714	1
5715	1
5716	1
5717	1
5718	0
5719	2
5720	0
5721	1
5722	0
5723	3
5724	0
5725	2
5726	0
5727	0
5728	0
5729	1
5730	0
5731	1
5732	0
5733	0
5734	1
5735	1
5736	1
5737	1
5738	4
5739	0
5740	0
5741	0
5742	1
5743	1
5744	0
5745	0
5746	1
5747	0
5748	0
5749	0
5750	0
5751	0
5752	1
5753	0
5754	0
5755	1
5756	0
5757	0
5758	0
5759	0
5760	1
5761	0
5762	0
5763	0
5764	1
5765	0
5766	2
5767	0
5768	1
5769	0
5770	0
5771	1
5772	1
5773	0
5774	0
5775	1
5776	2
5777	0
5778	2
5779	1
5780	0
5781	0
5782	0
5783	0
5784	0
5785	1
5786	1
5787	0
5788	1
5789	0
5790	0
5791	0
5792	0
5793	1
5794	0
5795	1
5796	0
5797	0
5798	0
5799	1
5800	1
5801	1
5802	0
5803	1
5804	1
5805	3
5806	1
5807	2
5808	1
5809	0
5810	1
5811	0
5812	1
5813	0
5814	1
5815	2
5816	0
5817	1
5818	2
5819	2
5820	2
5821	0
5822	0
5823	0
5824	0
5825	0
5826	0
5827	0
5828	0
5829	0
5830	1
5831	2
5832	0
5833	0
5834	0
5835	1
5836	1
5837	0
5838	0
5839	0
5840	0
5841	0
5842	1
5843	0
5844	2
5845	0
5846	0
5847	0
5848	0
5849	0
5850	0
5851	1
5852	0
5853	0
5854	1
5855	2
5856	1
5857	0
5858	0
5859	0
5860	2
5861	1
5862	1
5863	5
5864	2
5865	2
5866	1
5867	2
5868	0
5869	0
5870	1
5871	0
5872	0
5873	1
5874	1
5875	0
5876	0
5877	0
5878	1
5879	0
5880	0
5881	0
5882	0
5883	1
5884	1
5885	0
5886	0
5887	0
5888	0
5889	0
5890	0
5891	3
5892	1
5893	2
5894	0
5895	0
5896	0
5897	1
5898	2
5899	1
5900	1
5901	1
5902	2
5903	0
5904	0
5905	1
5906	0
5907	0
5908	0
5909	0
5910	0
5911	0
5912	1
5913	0
5914	0
5915	0
5916	0
5917	0
5918	0
5919	0
5920	1
5921	1
5922	2
5923	1
5924	0
5925	1
5926	0
5927	0
5928	0
5929	0
5930	1
5931	0
5932	1
5933	1
5934	1
5935	2
5936	0
5937	0
5938	1
5939	0
5940	0
5941	0
5942	0
5943	0
5944	1
5945	0
5946	1
5947	0
5948	0
5949	2
5950	0
5951	1
5952	0
5953	1
5954	0
5955	1
5956	1
5957	0
5958	1
5959	1
5960	0
5961	0
5962	1
5963	0
5964	0
5965	0
5966	1
5967	0
5968	1
5969	0
5970	0
5971	1
5972	0
5973	0
5974	0
5975	1
5976	0
5977	0
5978	0
5979	2
5980	0
5981	0
5982	0
5983	0
5984	1
5985	2
5986	1
5987	0
5988	0
5989	1
5990	1
5991	1
5992	0
5993	1
5994	1
5995	1
5996	1
5997	0
5998	0
5999	0
6000	1
6001	0
6002	1
6003	1
6004	0
6005	1
6006	0
6007	0
6008	1
6009	0
6010	1
6011	0
6012	0
6013	1
6014	0
6015	2
6016	0
6017	1
6018	0
6019	1
6020	1
6021	1
6022	1
6023	1
6024	2
6025	1
6026	0
6027	3
6028	1
6029	1
6030	2
6031	0
6032	0
6033	0
6034	1
6035	0
6036	1
6037	1
6038	1
6039	1
6040	0
6041	1
6042	0
6043	0
6044	1
6045	1
6046	2
6047	0
6048	0
6049	0
6050	0
6051	1
6052	1
6053	0
6054	0
6055	0
6056	2
6057	0
6058	0
6059	0
6060	0
6061	1
6062	0
6063	1
6064	0
6065	0
6066	1
6067	0
6068	0
6069	2
6070	1
6071	1
6072	0
6073	1
6074	3
6075	1
6076	1
6077	2
6078	0
6079	1
6080	1
6081	2
6082	0
6083	1
6084	0
6085	2
6086	1
6087	0
6088	0
6089	0
6090	2
6091	0
6092	0
6093	0
6094	1
6095	0
6096	1
6097	1
6098	0
6099	2
6100	0
6101	1
6102	0
6103	2
6104	0
6105	1
6106	1
6107	0
6108	0
6109	0
6110	0
6111	0
6112	1
6113	0
6114	0
6115	1
6116	0
6117	0
6118	0
6119	0
6120	2
6121	0
6122	0
6123	0
6124	1
6125	0
6126	0
6127	0
6128	1
6129	0
6130	1
6131	0
6132	0
6133	0
6134	2
6135	0
6136	1
6137	0
6138	0
6139	0
6140	0
6141	0
6142	0
6143	0
6144	1
6145	0
6146	2
6147	0
6148	0
6149	1
6150	1
6151	1
6152	1
6153	0
6154	0
6155	0
6156	0
6157	1
6158	1
6159	2
6160	1
6161	1
6162	2
6163	1
6164	0
6165	1
6166	0
6167	0
6168	1
6169	0
6170	0
6171	0
6172	0
6173	1
6174	1
6175	0
6176	1
6177	0
6178	0
6179	1
6180	0
6181	0
6182	0
6183	0
6184	0
6185	1
6186	1
6187	0
6188	0
6189	0
6190	0
6191	0
6192	1
6193	0
6194	0
6195	2
6196	1
6197	0
6198	0
6199	1
6200	0
6201	0
6202	0
6203	3
6204	0
6205	1
6206	1
6207	0
6208	1
6209	0
6210	0
6211	0
6212	0
6213	1
6214	0
6215	0
6216	2
6217	1
6218	0
6219	0
6220	0
6221	0
6222	1
6223	1
6224	0
6225	0
6226	0
6227	1
6228	0
6229	0
6230	0
6231	0
6232	0
6233	0
6234	0
6235	0
6236	1
6237	0
6238	0
6239	0
6240	0
6241	0
6242	2
6243	0
6244	1
6245	0
6246	0
6247	0
6248	0
6249	0
6250	0
6251	0
6252	0
6253	1
6254	1
6255	1
6256	0
6257	2
6258	0
6259	1
6260	1
6261	0
6262	1
6263	2
6264	0
6265	0
6266	0
6267	0
6268	0
6269	0
6270	0
6271	0
6272	0
6273	0
6274	2
6275	0
6276	0
6277	0
6278	0
6279	3
6280	0
6281	0
6282	0
6283	0
6284	0
6285	0
6286	0
6287	2
6288	0
6289	2
6290	0
6291	0
6292	0
6293	0
6294	2
6295	0
6296	0
6297	0
6298	0
6299	0
6300	0
6301	0
6302	0
6303	0
6304	0
6305	0
6306	0
6307	0
6308	1
6309	0
6310	0
6311	0
6312	1
6313	1
6314	0
6315	1
6316	2
6317	0
6318	0
6319	1
6320	2
6321	0
6322	0
6323	2
6324	0
6325	2
6326	2
6327	0
6328	1
6329	0
6330	1
6331	0
6332	0
6333	0
6334	0
6335	2
6336	0
6337	0
6338	0
6339	1
6340	0
6341	0
6342	0
6343	2
6344	0
6345	0
6346	0
6347	1
6348	1
6349	1
6350	1
6351	1
6352	0
6353	0
6354	1
6355	0
6356	0
6357	1
6358	1
6359	1
6360	0
6361	0
6362	0
6363	0
6364	0
6365	0
6366	0
6367	1
6368	0
6369	2
6370	0
6371	1
6372	0
6373	1
6374	0
6375	0
6376	1
6377	0
6378	0
6379	1
6380	0
6381	0
6382	0
6383	0
6384	0
6385	0
6386	1
6387	0
6388	0
6389	0
6390	0
6391	0
6392	0
6393	1
6394	0
6395	2
6396	1
6397	0
6398	1
6399	0
6400	0
6401	0
6402	2
6403	1
6404	0
6405	0
6406	0
6407	1
6408	0
6409	0
6410	1
6411	1
6412	1
6413	2
6414	0
6415	0
6416	0
6417	0
6418	0
6419	0
6420	0
6421	0
6422	0
6423	0
6424	0
6425	1
6426	0
6427	0
6428	1
6429	0
6430	2
6431	0
6432	0
6433	1
6434	1
6435	0
6436	0
6437	0
6438	1
6439	1
6440	0
6441	2
6442	0
6443	1
6444	0
6445	0
6446	0
6447	0
6448	0
6449	0
6450	1
6451	0
6452	0
6453	1
6454	0
6455	0
6456	0
6457	0
6458	0
6459	0
6460	1
6461	1
6462	0
6463	1
6464	0
6465	1
6466	1
6467	1
6468	0
6469	0
6470	0
6471	1
6472	0
6473	1
6474	1
6475	0
6476	2
6477	0
6478	0
6479	1
6480	2
6481	1
6482	2
6483	0
6484	1
6485	0
6486	0
6487	1
6488	0
6489	0
6490	0
6491	1
6492	0
6493	0
6494	0
6495	0
6496	0
6497	0
6498	1
6499	1
6500	1
6501	1
6502	0
6503	1
6504	0
6505	1
6506	0
6507	0
6508	0
6509	1
6510	0
6511	0
6512	1
6513	0
6514	0
6515	0
6516	0
6517	0
6518	2
6519	1
6520	1
6521	0
6522	1
6523	0
6524	2
6525	1
6526	0
6527	0
6528	0
6529	0
6530	1
6531	2
6532	0
6533	1
6534	1
6535	0
6536	0
6537	1
6538	0
6539	0
6540	1
6541	0
6542	0
6543	2
6544	2
6545	1
6546	0
6547	2
6548	0
6549	1
6550	1
6551	0
6552	1
6553	0
6554	1
6555	0
6556	0
6557	1
6558	1
6559	1
6560	0
6561	1
6562	0
6563	0
6564	1
6565	0
6566	0
6567	1
6568	0
6569	2
6570	0
6571	0
6572	0
6573	0
6574	0
6575	0
6576	0
6577	0
6578	1
6579	0
6580	1
6581	0
6582	3
6583	0
6584	2
6585	0
6586	0
6587	1
6588	0
6589	0
6590	1
6591	0
6592	0
6593	1
6594	0
6595	0
6596	0
6597	0
6598	2
6599	0
6600	0
6601	1
6602	1
6603	1
6604	0
6605	1
6606	1
6607	1
6608	0
6609	0
6610	0
6611	0
6612	1
6613	0
6614	0
6615	0
6616	0
6617	0
6618	3
6619	0
6620	2
6621	0
6622	0
6623	1
6624	1
6625	1
6626	0
6627	0
6628	2
6629	1
6630	1
6631	0
6632	2
6633	1
6634	1
6635	0
6636	0
6637	1
6638	0
6639	0
6640	3
6641	0
6642	0
6643	0
6644	1
6645	0
6646	0
6647	1
6648	0
6649	1
6650	1
6651	0
6652	1
6653	0
6654	1
6655	0
6656	0
6657	0
6658	0
6659	3
6660	1
6661	0
6662	2
6663	0
6664	0
6665	0
6666	0
6667	0
6668	1
6669	0
6670	0
6671	0
6672	0
6673	1
6674	0
6675	3
6676	0
6677	1
6678	1
6679	1
6680	0
6681	0
6682	1
6683	1
6684	1
6685	1
6686	0
6687	0
6688	1
6689	2
6690	1
6691	0
6692	0
6693	0
6694	0
6695	0
6696	0
6697	1
6698	0
6699	0
6700	1
6701	0
6702	1
6703	0
6704	0
6705	0
6706	0
6707	0
6708	0
6709	0
6710	0
6711	0
6712	0
6713	0
6714	1
6715	2
6716	0
6717	2
6718	0
6719	1
6720	1
6721	0
6722	0
6723	0
6724	0
6725	0
6726	0
6727	0
6728	1
6729	0
6730	1
6731	0
6732	0
6733	1
6734	0
6735	1
6736	0
6737	0
6738	0
6739	2
6740	0
6741	0
6742	0
6743	0
6744	1
6745	2
6746	0
6747	0
6748	2
6749	1
6750	0
6751	0
6752	0
6753	1
6754	2
6755	0
6756	0
6757	0
6758	0
6759	0
6760	1
6761	0
6762	1
6763	0
6764	0
6765	0
6766	0
6767	0
6768	3
6769	0
6770	1
6771	1
6772	0
6773	0
6774	0
6775	1
6776	0
6777	0
6778	1
6779	0
6780	2
6781	0
6782	0
6783	0
6784	0
6785	0
6786	2
6787	0
6788	1
6789	0
6790	0
6791	0
6792	0
6793	0
6794	0
6795	2
6796	2
6797	1
6798	1
6799	1
6800	0
6801	0
6802	0
6803	0
6804	1
6805	0
6806	0
6807	0
6808	0
6809	1
6810	0
6811	0
6812	1
6813	0
6814	0
6815	2
6816	1
6817	0
6818	1
6819	0
6820	2
6821	1
6822	0
6823	0
6824	1
6825	0
6826	1
6827	1
6828	1
6829	2
6830	0
6831	1
6832	0
6833	0
6834	1
6835	1
6836	0
6837	1
6838	1
6839	0
6840	0
6841	1
6842	1
6843	1
6844	0
6845	0
6846	0
6847	0
6848	0
6849	0
6850	2
6851	0
6852	0
6853	1
6854	1
6855	0
6856	0
6857	1
6858	1
6859	0
6860	2
6861	1
6862	0
6863	0
6864	1
6865	0
6866	0
6867	1
6868	0
6869	1
6870	2
6871	0
6872	1
6873	0
6874	0
6875	1
6876	0
6877	0
6878	0
6879	0
6880	0
6881	0
6882	0
6883	0
6884	0
6885	0
6886	1
6887	0
6888	0
6889	1
6890	0
6891	0
6892	0
6893	0
6894	2
6895	1
6896	0
6897	0
6898	2
6899	0
6900	0
6901	0
6902	0
6903	1
6904	1
6905	0
6906	1
6907	1
6908	0
6909	0
6910	0
6911	1
6912	1
6913	1
6914	0
6915	0
6916	0
6917	0
6918	1
6919	0
6920	1
6921	0
6922	1
6923	0
6924	1
6925	1
6926	0
6927	0
6928	2
6929	1
6930	0
6931	2
6932	0
6933	0
6934	0
6935	1
6936	0
6937	0
6938	0
6939	0
6940	0
6941	0
6942	1
6943	2
6944	1
6945	0
6946	0
6947	0
6948	0
6949	0
6950	0
6951	0
6952	1
6953	0
6954	0
6955	0
6956	0
6957	0
6958	3
6959	0
6960	1
6961	1
6962	0
6963	0
6964	1
6965	0
6966	1
6967	0
6968	0
6969	3
6970	2
6971	1
6972	0
6973	0
6974	1
6975	1
6976	1
6977	1
6978	0
6979	1
6980	0
6981	0
6982	0
6983	0
6984	0
6985	2
6986	1
6987	0
6988	1
6989	1
6990	1
6991	1
6992	1
6993	0
6994	0
6995	0
6996	1
6997	0
6998	0
6999	0
7000	2
7001	2
7002	0
7003	1
7004	0
7005	2
7006	1
7007	0
7008	0
7009	2
7010	0
7011	0
7012	0
7013	1
7014	0
7015	0
7016	0
7017	0
7018	1
7019	0
7020	1
7021	0
7022	2
7023	2
7024	1
7025	1
7026	1
7027	1
7028	0
7029	0
7030	1
7031	0
7032	0
7033	0
7034	2
7035	2
7036	0
7037	0
7038	0
7039	1
7040	1
7041	0
7042	0
7043	0
7044	1
7045	0
7046	0
7047	0
7048	0
7049	1
7050	1
7051	0
7052	1
7053	2
7054	1
7055	0
7056	0
7057	0
7058	0
7059	2
7060	2
7061	1
7062	1
7063	2
7064	1
7065	0
7066	0
7067	0
7068	2
7069	1
7070	0
7071	1
7072	0
7073	3
7074	1
7075	1
7076	1
7077	0
7078	0
7079	0
7080	0
7081	0
7082	0
7083	0
7084	1
7085	0
7086	0
7087	4
7088	1
7089	2
7090	3
7091	0
7092	0
7093	1
7094	0
7095	1
7096	1
7097	2
7098	0
7099	0
7100	1
7101	0
7102	0
7103	0
7104	0
7105	1
7106	0
7107	0
7108	0
7109	0
7110	0
7111	0
7112	0
7113	0
7114	0
7115	0
7116	1
7117	1
7118	0
7119	1
7120	0
7121	1
7122	0
7123	0
7124	0
7125	1
7126	1
7127	0
7128	1
7129	1
7130	0
7131	1
7132	3
7133	0
7134	1
7135	3
7136	0
7137	1
7138	1
7139	0
7140	0
7141	0
7142	0
7143	0
7144	0
7145	1
7146	1
7147	0
7148	0
7149	1
7150	0
7151	1
7152	0
7153	0
7154	0
7155	1
7156	0
7157	1
7158	1
7159	0
7160	2
7161	0
7162	0
7163	0
7164	3
7165	0
7166	0
7167	1
7168	1
7169	1
7170	1
7171	0
7172	0
7173	0
7174	0
7175	0
7176	1
7177	0
7178	0
7179	0
7180	1
7181	1
7182	0
7183	1
7184	0
7185	1
7186	0
7187	1
7188	1
7189	0
7190	3
7191	0
7192	0
7193	0
7194	0
7195	0
7196	1
7197	0
7198	0
7199	0
7200	1
7201	0
7202	1
7203	0
7204	0
7205	0
7206	0
7207	0
7208	0
7209	1
7210	0
7211	0
7212	0
7213	1
7214	0
7215	0
7216	1
7217	1
7218	1
7219	0
7220	1
7221	0
7222	0
7223	0
7224	0
7225	1
7226	0
7227	1
7228	1
7229	0
7230	2
7231	0
7232	0
7233	1
7234	1
7235	0
7236	0
7237	0
7238	1
7239	1
7240	1
7241	0
7242	1
7243	0
7244	0
7245	0
7246	0
7247	1
7248	0
7249	0
7250	1
7251	2
7252	1
7253	0
7254	0
7255	0
7256	0
7257	2
7258	0
7259	0
7260	0
7261	0
7262	1
7263	2
7264	0
7265	0
7266	0
7267	0
7268	1
7269	0
7270	1
7271	0
7272	0
7273	1
7274	0
7275	0
7276	0
7277	1
7278	1
7279	2
7280	3
7281	0
7282	0
7283	0
7284	0
7285	0
7286	1
7287	0
7288	1
7289	0
7290	0
7291	0
7292	0
7293	1
7294	0
7295	0
7296	0
7297	1
7298	0
7299	1
7300	0
7301	0
7302	1
7303	1
7304	0
7305	0
7306	0
7307	0
7308	1
7309	0
7310	0
7311	1
7312	0
7313	0
7314	0
7315	0
7316	3
7317	0
7318	1
7319	0
7320	0
7321	1
7322	0
7323	0
7324	1
7325	0
7326	1
7327	0
7328	0
7329	0
7330	0
7331	0
7332	0
7333	1
7334	0
7335	0
7336	1
7337	0
7338	1
7339	0
7340	0
7341	1
7342	0
7343	0
7344	1
7345	2
7346	0
7347	0
7348	1
7349	0
7350	1
7351	0
7352	1
7353	2
7354	0
7355	1
7356	0
7357	0
7358	0
7359	0
7360	0
7361	0
7362	0
7363	2
7364	0
7365	0
7366	0
7367	0
7368	0
7369	1
7370	0
7371	0
7372	0
7373	0
7374	1
7375	0
7376	0
7377	1
7378	0
7379	0
7380	1
7381	1
7382	0
7383	1
7384	0
7385	0
7386	0
7387	1
7388	0
7389	1
7390	0
7391	2
7392	0
7393	2
7394	0
7395	0
7396	0
7397	1
7398	1
7399	0
7400	0
7401	0
7402	0
7403	0
7404	0
7405	0
7406	0
7407	2
7408	1
7409	0
7410	0
7411	1
7412	0
7413	0
7414	0
7415	1
7416	0
7417	0
7418	1
7419	0
7420	0
7421	0
7422	0
7423	0
7424	0
7425	1
7426	1
7427	0
7428	0
7429	0
7430	1
7431	0
7432	0
7433	0
7434	0
7435	1
7436	0
7437	0
7438	0
7439	0
7440	0
7441	1
7442	0
7443	0
7444	0
7445	0
7446	0
7447	0
7448	1
7449	0
7450	0
7451	0
7452	1
7453	0
7454	1
7455	0
7456	0
7457	0
7458	0
7459	2
7460	0
7461	1
7462	1
7463	1
7464	1
7465	0
7466	0
7467	1
7468	1
7469	1
7470	0
7471	3
7472	0
7473	0
7474	1
7475	0
7476	0
7477	0
7478	0
7479	0
7480	0
7481	0
7482	1
7483	0
7484	1
7485	0
7486	0
7487	0
7488	1
7489	0
7490	0
7491	1
7492	0
7493	1
7494	0
7495	0
7496	1
7497	0
7498	0
7499	0
7500	0
7501	0
7502	1
7503	0
7504	1
7505	0
7506	1
7507	1
7508	0
7509	1
7510	0
7511	1
7512	0
7513	0
7514	0
7515	0
7516	0
7517	0
7518	0
7519	0
7520	0
7521	0
7522	0
7523	0
7524	1
7525	2
7526	0
7527	0
7528	0
7529	0
7530	0
7531	0
7532	0
7533	0
7534	0
7535	0
7536	0
7537	0
7538	0
7539	1
7540	2
7541	0
7542	0
7543	0
7544	0
7545	0
7546	1
7547	1
7548	0
7549	1
7550	0
7551	0
7552	0
7553	0
7554	2
7555	1
7556	0
7557	0
7558	0
7559	0
7560	1
7561	0
7562	0
7563	1
7564	0
7565	0
7566	0
7567	0
7568	0
7569	1
7570	1
7571	0
7572	0
7573	1
7574	0
7575	0
7576	0
7577	0
7578	0
7579	0
7580	0
7581	0
7582	0
7583	0
7584	3
7585	0
7586	1
7587	2
7588	0
7589	0
7590	0
7591	0
7592	2
7593	0
7594	0
7595	0
7596	1
7597	0
7598	2
7599	0
7600	0
7601	0
7602	1
7603	0
7604	1
7605	0
7606	0
7607	0
7608	0
7609	0
7610	0
7611	0
7612	0
7613	0
7614	0
7615	0
7616	0
7617	0
7618	0
7619	0
7620	0
7621	0
7622	1
7623	0
7624	0
7625	0
7626	0
7627	0
7628	0
7629	0
7630	0
7631	0
7632	1
7633	0
7634	0
7635	0
7636	0
7637	0
7638	0
7639	1
7640	0
7641	1
7642	0
7643	0
7644	0
7645	0
7646	1
7647	0
7648	0
7649	0
7650	0
7651	1
7652	1
7653	0
7654	0
7655	1
7656	0
7657	1
7658	0
7659	1
7660	0
7661	0
7662	0
7663	0
7664	1
7665	0
7666	0
7667	1
7668	1
7669	1
7670	0
7671	1
7672	0
7673	0
7674	1
7675	0
7676	0
7677	1
7678	0
7679	1
7680	1
7681	0
7682	0
7683	1
7684	0
7685	0
7686	0
7687	0
7688	0
7689	1
7690	0
7691	2
7692	0
7693	0
7694	0
7695	0
7696	1
7697	1
7698	1
7699	0
7700	0
7701	1
7702	0
7703	0
7704	0
7705	0
7706	0
7707	0
7708	1
7709	1
7710	0
7711	0
7712	0
7713	0
7714	0
7715	0
7716	1
7717	0
7718	0
7719	1
7720	0
7721	0
7722	0
7723	0
7724	0
7725	0
7726	0
7727	1
7728	0
7729	0
7730	1
7731	0
7732	0
7733	0
7734	0
7735	1
7736	0
7737	0
7738	0
7739	1
7740	0
7741	0
7742	0
7743	0
7744	0
7745	0
7746	0
7747	0
7748	0
7749	1
7750	0
7751	0
7752	0
7753	0
7754	1
7755	1
7756	0
7757	1
7758	0
7759	0
7760	1
7761	1
7762	0
7763	0
7764	0
7765	0
7766	0
7767	0
7768	0
7769	0
7770	1
7771	0
7772	0
7773	0
7774	1
7775	0
7776	0
7777	0
7778	0
7779	0
7780	0
7781	0
7782	1
7783	1
7784	0
7785	0
7786	0
7787	0
7788	0
7789	0
7790	0
7791	0
7792	1
7793	1
7794	2
7795	0
7796	0
7797	0
7798	0
7799	0
7800	0
7801	1
7802	0
7803	1
7804	0
7805	1
7806	0
7807	0
7808	0
7809	1
7810	0
7811	0
7812	0
7813	0
7814	0
7815	1
7816	0
7817	1
7818	0
7819	0
7820	0
7821	0
7822	0
7823	1
7824	0
7825	0
7826	0
7827	0
7828	0
7829	0
7830	0
7831	1
7832	0
7833	1
7834	0
7835	0
7836	0
7837	0
7838	0
7839	0
7840	0
7841	0
7842	0
7843	0
7844	0
7845	1
7846	0
7847	0
7848	0
7849	0
7850	1
7851	0
7852	0
7853	0
7854	0
7855	0
7856	1
7857	0
7858	0
7859	1
7860	0
7861	0
7862	0
7863	0
7864	0
7865	0
7866	0
7867	0
7868	1
7869	0
7870	1
7871	1
7872	1
7873	0
7874	0
7875	0
7876	0
7877	0
7878	0
7879	0
7880	1
7881	1
7882	0
7883	0
7884	0
7885	2
7886	2
7887	0
7888	0
7889	0
7890	0
7891	1
7892	0
7893	0
7894	1
7895	1
7896	0
7897	0
7898	0
7899	0
7900	0
7901	0
7902	0
7903	0
7904	1
7905	0
7906	0
7907	0
7908	1
7909	0
7910	2
7911	0
7912	0
7913	0
7914	0
7915	0
7916	0
7917	0
7918	0
7919	0
7920	0
7921	0
7922	0
7923	0
7924	0
7925	0
7926	0
7927	0
7928	0
7929	0
7930	0
7931	0
7932	0
7933	0
7934	0
7935	0
7936	0
7937	0
7938	0
7939	0
7940	0
7941	0
7942	0
7943	0
7944	0
7945	0
7946	0
7947	0
7948	0
7949	0
7950	0
7951	0
7952	0
7953	0
7954	0
7955	0
7956	0
7957	0
7958	0
7959	0
7960	0
7961	0
7962	0
7963	0
7964	0
7965	0
7966	0
7967	0
7968	0
7969	0
7970	0
7971	0
7972	0
7973	0
7974	0
7975	0
7976	0
7977	0
7978	0
7979	0
7980	0
7981	0
7982	0
7983	0
7984	0
7985	0
7986	0
7987	0
7988	0
7989	0
7990	0
7991	0
7992	0
7993	0
7994	0
7995	0
7996	0
7997	0
7998	0
7999	0
8000	0
8001	0
8002	0
8003	0
8004	0
8005	0
8006	0
8007	0
8008	0
8009	0
8010	0
8011	0
8012	0
8013	0
8014	0
8015	0
8016	0
8017	0
8018	0
8019	0
8020	0
8021	0
8022	0
8023	0
8024	0
8025	0
8026	0
8027	0
8028	0
8029	0
8030	0
8031	0
8032	0
8033	0
8034	0
8035	0
8036	0
8037	0
8038	0
8039	0
8040	0
8041	0
8042	0
8043	0
8044	0
8045	0
8046	0
8047	0
8048	0
8049	0
8050	0
8051	0
8052	0
8053	0
8054	0
8055	0
8056	0
8057	0
8058	0
8059	0
8060	0
8061	0
8062	0
8063	0
8064	0
8065	0
8066	0
8067	0
8068	0
8069	0
8070	0
8071	0
8072	0
8073	0
8074	0
8075	0
8076	0
8077	0
8078	0
8079	0
8080	0
8081	0
8082	0
8083	0
8084	0
8085	0
8086	0
8087	0
8088	0
8089	0
8090	0
8091	0
8092	0
8093	0
8094	0
8095	0
8096	0
8097	0
8098	0
8099	0
8100	0
8101	0
8102	0
8103	0
8104	0
8105	0
8106	0
8107	0
8108	0
8109	0
8110	0
8111	0
8112	0
8113	0
8114	0
8115	0
8116	0
8117	0
8118	0
8119	0
8120	0
8121	0
8122	0
8123	0
8124	0
8125	0
8126	0
8127	0
8128	0
8129	0
8130	0
8131	0
8132	0
8133	0
8134	0
8135	0
8136	0
8137	0
8138	0
8139	0
8140	0
8141	0
8142	0
8143	0
8144	0
8145	0
8146	0
8147	0
8148	0
8149	0
8150	0
8151	0
8152	0
8153	0
8154	0
8155	0
8156	0
8157	0
8158	0
8159	0
8160	0
8161	0
8162	0
8163	0
8164	0
8165	0
8166	0
8167	0
8168	0
8169	0
8170	0
8171	0
8172	0
8173	0
8174	0
8175	0
8176	0
8177	0
8178	0
8179	0
8180	0
8181	0
8182	0
8183	0
8184	0
8185	0
8186	0
8187	0
8188	0
8189	0
8190	0
8191	0
