0	0
1	0
2	0
3	0
4	0
5	0
6	0
7	0
8	0
9	0
10	0
11	0
12	0
13	0
14	0
15	0
16	0
17	0
18	0
19	0
20	0
21	0
22	0
23	0
24	0
25	0
26	0
27	0
28	0
29	0
30	0
31	0
32	0
33	0
34	0
35	0
36	0
37	0
38	0
39	0
40	0
41	0
42	0
43	0
44	0
45	0
46	0
47	0
48	0
49	0
50	0
51	0
52	0
53	0
54	0
55	0
56	0
57	0
58	0
59	0
60	0
61	0
62	0
63	0
64	0
65	0
66	0
67	0
68	0
69	0
70	0
71	0
72	0
73	0
74	0
75	0
76	0
77	0
78	0
79	0
80	0
81	0
82	2
83	10
84	10
85	13
86	13
87	9
88	13
89	8
90	11
91	15
92	15
93	17
94	10
95	7
96	12
97	13
98	13
99	15
100	9
101	20
102	11
103	13
104	10
105	5
106	10
107	9
108	14
109	14
110	20
111	14
112	10
113	19
114	15
115	12
116	9
117	15
118	11
119	9
120	16
121	16
122	10
123	12
124	14
125	13
126	10
127	18
128	12
129	11
130	12
131	17
132	15
133	12
134	11
135	9
136	11
137	14
138	14
139	10
140	16
141	7
142	13
143	14
144	12
145	17
146	18
147	11
148	9
149	11
150	17
151	7
152	17
153	12
154	16
155	15
156	14
157	17
158	13
159	11
160	20
161	16
162	14
163	12
164	16
165	19
166	14
167	9
168	10
169	7
170	18
171	10
172	16
173	13
174	18
175	16
176	18
177	13
178	8
179	17
180	11
181	9
182	16
183	15
184	17
185	16
186	14
187	10
188	12
189	15
190	14
191	16
192	25
193	19
194	10
195	11
196	14
197	17
198	15
199	12
200	18
201	15
202	11
203	16
204	18
205	12
206	12
207	14
208	15
209	15
210	17
211	15
212	18
213	22
214	18
215	13
216	15
217	11
218	15
219	17
220	14
221	15
222	20
223	19
224	16
225	12
226	13
227	16
228	19
229	14
230	17
231	16
232	23
233	14
234	13
235	13
236	23
237	22
238	15
239	12
240	13
241	13
242	7
243	22
244	11
245	10
246	17
247	17
248	12
249	12
250	15
251	16
252	9
253	20
254	14
255	11
256	10
257	20
258	18
259	13
260	10
261	27
262	12
263	10
264	16
265	21
266	18
267	19
268	18
269	24
270	14
271	13
272	22
273	23
274	18
275	8
276	14
277	14
278	9
279	15
280	13
281	14
282	10
283	21
284	15
285	12
286	17
287	13
288	15
289	14
290	14
291	14
292	13
293	10
294	17
295	18
296	20
297	16
298	14
299	22
300	13
301	15
302	27
303	17
304	19
305	28
306	16
307	27
308	21
309	19
310	20
311	16
312	17
313	14
314	17
315	17
316	21
317	15
318	19
319	9
320	14
321	11
322	10
323	12
324	12
325	20
326	15
327	15
328	13
329	18
330	20
331	19
332	14
333	3
334	12
335	14
336	20
337	14
338	17
339	18
340	18
341	12
342	16
343	20
344	16
345	11
346	19
347	16
348	13
349	17
350	17
351	16
352	13
353	9
354	14
355	13
356	19
357	14
358	14
359	17
360	17
361	14
362	7
363	18
364	12
365	17
366	19
367	15
368	16
369	20
370	16
371	17
372	21
373	13
374	15
375	17
376	21
377	17
378	8
379	20
380	19
381	16
382	15
383	28
384	16
385	17
386	18
387	13
388	19
389	26
390	19
391	15
392	15
393	14
394	22
395	18
396	12
397	17
398	15
399	24
400	20
401	16
402	17
403	12
404	16
405	13
406	12
407	9
408	15
409	21
410	9
411	19
412	16
413	16
414	19
415	18
416	15
417	10
418	9
419	24
420	20
421	15
422	17
423	22
424	14
425	18
426	18
427	16
428	22
429	25
430	14
431	24
432	16
433	15
434	14
435	20
436	20
437	20
438	26
439	24
440	16
441	21
442	16
443	26
444	16
445	20
446	19
447	23
448	22
449	23
450	17
451	17
452	19
453	20
454	27
455	23
456	23
457	15
458	22
459	18
460	13
461	24
462	21
463	16
464	23
465	22
466	15
467	21
468	19
469	8
470	23
471	26
472	22
473	24
474	25
475	27
476	34
477	23
478	21
479	27
480	19
481	25
482	28
483	19
484	28
485	28
486	27
487	22
488	30
489	27
490	29
491	26
492	28
493	30
494	30
495	32
496	31
497	34
498	26
499	32
500	30
501	31
502	34
503	21
504	31
505	41
506	22
507	30
508	23
509	20
510	38
511	28
512	25
513	20
514	26
515	27
516	38
517	20
518	28
519	29
520	30
521	29
522	32
523	25
524	21
525	28
526	33
527	29
528	28
529	30
530	27
531	36
532	42
533	31
534	30
535	26
536	23
537	26
538	23
539	27
540	23
541	24
542	29
543	29
544	28
545	21
546	34
547	20
548	25
549	23
550	31
551	21
552	26
553	30
554	29
555	26
556	27
557	28
558	20
559	29
560	21
561	17
562	22
563	25
564	25
565	19
566	18
567	28
568	27
569	32
570	24
571	21
572	26
573	16
574	22
575	28
576	33
577	30
578	21
579	24
580	25
581	25
582	32
583	25
584	22
585	18
586	23
587	25
588	21
589	19
590	16
591	22
592	27
593	17
594	22
595	29
596	26
597	28
598	26
599	17
600	23
601	30
602	23
603	30
604	26
605	27
606	25
607	16
608	17
609	18
610	23
611	30
612	26
613	28
614	17
615	27
616	26
617	31
618	20
619	19
620	20
621	24
622	16
623	27
624	16
625	24
626	27
627	22
628	19
629	25
630	22
631	25
632	23
633	24
634	22
635	28
636	19
637	15
638	25
639	28
640	21
641	24
642	19
643	30
644	26
645	13
646	21
647	25
648	27
649	20
650	22
651	22
652	20
653	27
654	26
655	22
656	26
657	28
658	25
659	27
660	18
661	15
662	22
663	20
664	19
665	24
666	12
667	13
668	22
669	21
670	16
671	18
672	16
673	25
674	26
675	24
676	21
677	22
678	21
679	21
680	30
681	29
682	29
683	28
684	21
685	29
686	24
687	21
688	25
689	24
690	21
691	22
692	31
693	18
694	25
695	24
696	27
697	26
698	17
699	24
700	34
701	26
702	26
703	14
704	20
705	18
706	25
707	28
708	24
709	26
710	25
711	22
712	24
713	18
714	29
715	32
716	22
717	25
718	19
719	18
720	28
721	24
722	21
723	27
724	29
725	33
726	22
727	17
728	21
729	28
730	19
731	31
732	22
733	26
734	27
735	26
736	28
737	25
738	37
739	25
740	24
741	33
742	13
743	32
744	27
745	26
746	25
747	29
748	26
749	18
750	22
751	22
752	34
753	33
754	28
755	26
756	22
757	27
758	30
759	24
760	21
761	27
762	22
763	34
764	30
765	31
766	27
767	24
768	25
769	25
770	31
771	29
772	24
773	27
774	40
775	29
776	26
777	28
778	25
779	27
780	30
781	27
782	22
783	32
784	32
785	28
786	38
787	25
788	27
789	27
790	27
791	36
792	24
793	22
794	27
795	30
796	34
797	29
798	38
799	27
800	35
801	26
802	29
803	22
804	20
805	28
806	25
807	35
808	27
809	37
810	27
811	30
812	30
813	33
814	20
815	34
816	34
817	37
818	26
819	34
820	28
821	29
822	27
823	35
824	29
825	19
826	20
827	31
828	26
829	18
830	29
831	27
832	33
833	26
834	28
835	29
836	24
837	31
838	28
839	27
840	28
841	29
842	33
843	29
844	30
845	26
846	29
847	34
848	28
849	28
850	35
851	33
852	33
853	39
854	26
855	30
856	39
857	36
858	28
859	25
860	44
861	37
862	32
863	36
864	36
865	34
866	37
867	39
868	30
869	45
870	24
871	33
872	35
873	32
874	22
875	35
876	33
877	30
878	35
879	34
880	35
881	34
882	35
883	26
884	30
885	32
886	32
887	31
888	29
889	34
890	31
891	35
892	29
893	37
894	22
895	28
896	27
897	38
898	33
899	38
900	34
901	28
902	24
903	38
904	26
905	40
906	35
907	34
908	51
909	31
910	28
911	37
912	26
913	42
914	33
915	35
916	29
917	29
918	35
919	25
920	29
921	30
922	26
923	39
924	31
925	42
926	46
927	25
928	27
929	29
930	32
931	30
932	39
933	33
934	25
935	38
936	27
937	31
938	32
939	36
940	41
941	35
942	43
943	24
944	40
945	22
946	33
947	41
948	33
949	45
950	34
951	39
952	37
953	27
954	36
955	20
956	35
957	29
958	42
959	41
960	39
961	36
962	31
963	31
964	28
965	39
966	30
967	26
968	36
969	38
970	34
971	36
972	30
973	39
974	36
975	41
976	35
977	28
978	42
979	35
980	45
981	28
982	35
983	34
984	33
985	31
986	32
987	34
988	32
989	41
990	33
991	41
992	49
993	32
994	28
995	37
996	35
997	31
998	31
999	35
1000	32
1001	32
1002	33
1003	44
1004	28
1005	30
1006	43
1007	49
1008	28
1009	45
1010	34
1011	32
1012	30
1013	42
1014	34
1015	35
1016	42
1017	36
1018	37
1019	32
1020	36
1021	37
1022	31
1023	32
1024	30
1025	35
1026	33
1027	35
1028	35
1029	28
1030	35
1031	30
1032	35
1033	34
1034	33
1035	35
1036	43
1037	42
1038	23
1039	37
1040	33
1041	39
1042	41
1043	27
1044	41
1045	41
1046	33
1047	37
1048	36
1049	28
1050	31
1051	40
1052	32
1053	32
1054	37
1055	31
1056	25
1057	34
1058	30
1059	33
1060	39
1061	42
1062	38
1063	29
1064	47
1065	41
1066	41
1067	27
1068	38
1069	35
1070	47
1071	29
1072	31
1073	37
1074	40
1075	42
1076	32
1077	35
1078	52
1079	33
1080	38
1081	41
1082	37
1083	35
1084	41
1085	36
1086	39
1087	34
1088	40
1089	39
1090	49
1091	49
1092	34
1093	40
1094	29
1095	40
1096	30
1097	29
1098	39
1099	33
1100	37
1101	39
1102	29
1103	37
1104	39
1105	35
1106	28
1107	27
1108	36
1109	25
1110	42
1111	38
1112	39
1113	39
1114	42
1115	43
1116	38
1117	39
1118	37
1119	45
1120	43
1121	47
1122	42
1123	41
1124	29
1125	42
1126	35
1127	43
1128	35
1129	38
1130	36
1131	39
1132	53
1133	35
1134	41
1135	44
1136	46
1137	42
1138	48
1139	37
1140	49
1141	35
1142	39
1143	39
1144	39
1145	28
1146	35
1147	47
1148	33
1149	30
1150	40
1151	43
1152	34
1153	46
1154	38
1155	34
1156	41
1157	51
1158	53
1159	40
1160	53
1161	55
1162	44
1163	41
1164	40
1165	31
1166	39
1167	44
1168	36
1169	46
1170	34
1171	49
1172	34
1173	40
1174	35
1175	38
1176	35
1177	34
1178	42
1179	40
1180	45
1181	38
1182	39
1183	26
1184	45
1185	50
1186	45
1187	47
1188	47
1189	44
1190	37
1191	41
1192	41
1193	51
1194	41
1195	32
1196	34
1197	30
1198	48
1199	35
1200	45
1201	40
1202	38
1203	40
1204	48
1205	40
1206	36
1207	46
1208	30
1209	42
1210	40
1211	44
1212	40
1213	40
1214	32
1215	45
1216	47
1217	32
1218	50
1219	47
1220	42
1221	43
1222	37
1223	37
1224	45
1225	39
1226	42
1227	49
1228	45
1229	42
1230	38
1231	27
1232	47
1233	33
1234	39
1235	26
1236	35
1237	34
1238	45
1239	42
1240	39
1241	42
1242	39
1243	30
1244	40
1245	47
1246	48
1247	43
1248	48
1249	43
1250	44
1251	45
1252	40
1253	32
1254	43
1255	41
1256	41
1257	41
1258	50
1259	46
1260	42
1261	43
1262	33
1263	45
1264	39
1265	38
1266	47
1267	47
1268	49
1269	51
1270	47
1271	43
1272	41
1273	40
1274	32
1275	30
1276	46
1277	49
1278	37
1279	41
1280	63
1281	43
1282	47
1283	37
1284	39
1285	49
1286	34
1287	33
1288	44
1289	40
1290	45
1291	38
1292	40
1293	44
1294	45
1295	40
1296	28
1297	34
1298	48
1299	46
1300	41
1301	34
1302	39
1303	48
1304	51
1305	54
1306	38
1307	37
1308	47
1309	39
1310	46
1311	50
1312	53
1313	47
1314	43
1315	41
1316	49
1317	44
1318	44
1319	32
1320	31
1321	44
1322	41
1323	41
1324	56
1325	43
1326	38
1327	45
1328	49
1329	45
1330	48
1331	41
1332	51
1333	51
1334	46
1335	48
1336	44
1337	52
1338	48
1339	46
1340	38
1341	52
1342	40
1343	37
1344	37
1345	50
1346	43
1347	52
1348	52
1349	53
1350	39
1351	54
1352	41
1353	49
1354	43
1355	49
1356	43
1357	49
1358	53
1359	49
1360	43
1361	51
1362	39
1363	31
1364	52
1365	51
1366	53
1367	37
1368	43
1369	52
1370	33
1371	38
1372	36
1373	39
1374	42
1375	42
1376	57
1377	41
1378	51
1379	38
1380	44
1381	30
1382	42
1383	36
1384	45
1385	45
1386	35
1387	40
1388	33
1389	45
1390	44
1391	37
1392	30
1393	46
1394	43
1395	45
1396	45
1397	42
1398	42
1399	48
1400	51
1401	41
1402	35
1403	38
1404	48
1405	42
1406	45
1407	44
1408	48
1409	51
1410	37
1411	45
1412	35
1413	44
1414	47
1415	45
1416	44
1417	43
1418	43
1419	45
1420	35
1421	49
1422	40
1423	58
1424	42
1425	39
1426	45
1427	44
1428	39
1429	41
1430	30
1431	39
1432	47
1433	38
1434	40
1435	34
1436	44
1437	52
1438	40
1439	41
1440	52
1441	38
1442	31
1443	38
1444	40
1445	39
1446	37
1447	41
1448	50
1449	39
1450	36
1451	45
1452	40
1453	34
1454	43
1455	27
1456	35
1457	33
1458	37
1459	36
1460	40
1461	41
1462	37
1463	42
1464	38
1465	38
1466	39
1467	43
1468	41
1469	41
1470	37
1471	42
1472	35
1473	34
1474	42
1475	42
1476	39
1477	38
1478	30
1479	42
1480	45
1481	35
1482	43
1483	34
1484	47
1485	24
1486	36
1487	32
1488	38
1489	19
1490	38
1491	41
1492	38
1493	32
1494	38
1495	38
1496	45
1497	23
1498	24
1499	46
1500	43
1501	32
1502	35
1503	47
1504	37
1505	40
1506	36
1507	44
1508	41
1509	32
1510	37
1511	30
1512	39
1513	42
1514	26
1515	27
1516	33
1517	30
1518	22
1519	28
1520	27
1521	54
1522	31
1523	36
1524	33
1525	34
1526	25
1527	38
1528	24
1529	36
1530	31
1531	48
1532	25
1533	34
1534	26
1535	26
1536	39
1537	33
1538	36
1539	41
1540	23
1541	39
1542	38
1543	30
1544	38
1545	31
1546	22
1547	36
1548	31
1549	27
1550	35
1551	42
1552	35
1553	33
1554	37
1555	27
1556	30
1557	42
1558	34
1559	26
1560	36
1561	31
1562	28
1563	31
1564	28
1565	37
1566	27
1567	29
1568	24
1569	42
1570	24
1571	21
1572	34
1573	28
1574	38
1575	29
1576	26
1577	22
1578	25
1579	32
1580	31
1581	26
1582	31
1583	38
1584	26
1585	23
1586	29
1587	28
1588	28
1589	23
1590	28
1591	23
1592	29
1593	25
1594	30
1595	21
1596	27
1597	35
1598	33
1599	30
1600	27
1601	29
1602	25
1603	29
1604	22
1605	24
1606	21
1607	21
1608	26
1609	27
1610	26
1611	25
1612	23
1613	28
1614	24
1615	29
1616	23
1617	27
1618	25
1619	35
1620	29
1621	22
1622	33
1623	24
1624	32
1625	27
1626	31
1627	23
1628	33
1629	19
1630	32
1631	23
1632	22
1633	30
1634	28
1635	24
1636	31
1637	31
1638	25
1639	20
1640	22
1641	31
1642	23
1643	29
1644	25
1645	35
1646	17
1647	32
1648	31
1649	25
1650	18
1651	23
1652	26
1653	24
1654	30
1655	36
1656	30
1657	32
1658	22
1659	28
1660	26
1661	31
1662	20
1663	30
1664	23
1665	17
1666	37
1667	22
1668	22
1669	29
1670	28
1671	26
1672	20
1673	26
1674	16
1675	24
1676	38
1677	27
1678	32
1679	24
1680	22
1681	34
1682	28
1683	14
1684	22
1685	31
1686	25
1687	32
1688	26
1689	25
1690	30
1691	24
1692	26
1693	27
1694	41
1695	25
1696	20
1697	24
1698	27
1699	16
1700	30
1701	34
1702	24
1703	21
1704	28
1705	31
1706	21
1707	27
1708	29
1709	27
1710	28
1711	19
1712	25
1713	26
1714	26
1715	24
1716	25
1717	32
1718	26
1719	29
1720	25
1721	23
1722	17
1723	24
1724	22
1725	18
1726	33
1727	23
1728	19
1729	21
1730	25
1731	21
1732	24
1733	27
1734	22
1735	22
1736	26
1737	32
1738	31
1739	26
1740	20
1741	33
1742	20
1743	16
1744	25
1745	17
1746	21
1747	33
1748	20
1749	18
1750	31
1751	28
1752	24
1753	27
1754	13
1755	30
1756	21
1757	18
1758	24
1759	27
1760	20
1761	25
1762	23
1763	22
1764	16
1765	28
1766	24
1767	18
1768	14
1769	17
1770	21
1771	29
1772	23
1773	23
1774	26
1775	27
1776	21
1777	23
1778	17
1779	22
1780	21
1781	36
1782	23
1783	30
1784	19
1785	24
1786	34
1787	18
1788	21
1789	28
1790	27
1791	31
1792	16
1793	30
1794	25
1795	22
1796	26
1797	23
1798	19
1799	32
1800	25
1801	21
1802	22
1803	24
1804	21
1805	25
1806	22
1807	19
1808	19
1809	23
1810	24
1811	26
1812	25
1813	19
1814	18
1815	14
1816	20
1817	31
1818	21
1819	35
1820	25
1821	25
1822	27
1823	24
1824	26
1825	25
1826	27
1827	26
1828	26
1829	12
1830	28
1831	23
1832	24
1833	31
1834	30
1835	30
1836	23
1837	23
1838	18
1839	20
1840	29
1841	19
1842	21
1843	20
1844	19
1845	15
1846	27
1847	26
1848	16
1849	25
1850	30
1851	21
1852	29
1853	31
1854	29
1855	18
1856	27
1857	18
1858	18
1859	33
1860	32
1861	20
1862	21
1863	19
1864	28
1865	25
1866	22
1867	18
1868	22
1869	31
1870	26
1871	21
1872	15
1873	19
1874	17
1875	25
1876	24
1877	33
1878	25
1879	25
1880	22
1881	25
1882	25
1883	17
1884	15
1885	27
1886	21
1887	21
1888	14
1889	21
1890	18
1891	25
1892	16
1893	29
1894	22
1895	23
1896	27
1897	23
1898	19
1899	20
1900	26
1901	19
1902	32
1903	28
1904	22
1905	24
1906	29
1907	20
1908	17
1909	16
1910	16
1911	19
1912	31
1913	18
1914	23
1915	30
1916	22
1917	18
1918	25
1919	12
1920	18
1921	23
1922	19
1923	21
1924	20
1925	28
1926	20
1927	22
1928	18
1929	22
1930	16
1931	22
1932	22
1933	29
1934	21
1935	24
1936	14
1937	16
1938	23
1939	19
1940	20
1941	24
1942	21
1943	21
1944	23
1945	16
1946	27
1947	23
1948	23
1949	24
1950	24
1951	14
1952	13
1953	24
1954	27
1955	28
1956	10
1957	24
1958	25
1959	16
1960	32
1961	19
1962	17
1963	22
1964	28
1965	19
1966	29
1967	18
1968	21
1969	18
1970	14
1971	23
1972	20
1973	17
1974	24
1975	26
1976	25
1977	24
1978	18
1979	17
1980	22
1981	24
1982	17
1983	26
1984	25
1985	22
1986	26
1987	17
1988	16
1989	17
1990	23
1991	26
1992	22
1993	21
1994	17
1995	14
1996	16
1997	22
1998	23
1999	18
2000	14
2001	14
2002	27
2003	23
2004	33
2005	23
2006	30
2007	25
2008	32
2009	20
2010	21
2011	22
2012	29
2013	20
2014	18
2015	15
2016	17
2017	29
2018	19
2019	29
2020	22
2021	26
2022	15
2023	14
2024	24
2025	16
2026	25
2027	26
2028	15
2029	21
2030	17
2031	22
2032	15
2033	18
2034	18
2035	30
2036	24
2037	22
2038	11
2039	26
2040	10
2041	33
2042	15
2043	16
2044	23
2045	21
2046	11
2047	16
2048	14
2049	24
2050	11
2051	21
2052	16
2053	17
2054	21
2055	25
2056	20
2057	18
2058	18
2059	21
2060	23
2061	15
2062	22
2063	21
2064	16
2065	18
2066	17
2067	15
2068	24
2069	10
2070	23
2071	16
2072	24
2073	28
2074	17
2075	18
2076	16
2077	16
2078	31
2079	15
2080	20
2081	32
2082	22
2083	13
2084	21
2085	25
2086	20
2087	20
2088	22
2089	18
2090	20
2091	21
2092	23
2093	24
2094	18
2095	30
2096	24
2097	20
2098	22
2099	20
2100	14
2101	24
2102	18
2103	10
2104	11
2105	17
2106	19
2107	14
2108	26
2109	20
2110	19
2111	22
2112	22
2113	19
2114	17
2115	20
2116	14
2117	14
2118	13
2119	17
2120	14
2121	21
2122	24
2123	11
2124	13
2125	22
2126	19
2127	19
2128	17
2129	21
2130	20
2131	20
2132	17
2133	10
2134	17
2135	18
2136	27
2137	17
2138	19
2139	16
2140	25
2141	22
2142	20
2143	18
2144	15
2145	22
2146	16
2147	22
2148	14
2149	23
2150	15
2151	17
2152	19
2153	22
2154	26
2155	15
2156	17
2157	24
2158	22
2159	16
2160	22
2161	27
2162	15
2163	19
2164	13
2165	17
2166	12
2167	24
2168	19
2169	21
2170	26
2171	18
2172	29
2173	15
2174	14
2175	20
2176	18
2177	16
2178	26
2179	18
2180	21
2181	20
2182	29
2183	19
2184	20
2185	24
2186	23
2187	23
2188	14
2189	22
2190	22
2191	13
2192	16
2193	19
2194	20
2195	17
2196	20
2197	22
2198	20
2199	19
2200	20
2201	17
2202	13
2203	15
2204	19
2205	12
2206	22
2207	22
2208	22
2209	31
2210	13
2211	22
2212	29
2213	26
2214	24
2215	18
2216	8
2217	19
2218	15
2219	18
2220	8
2221	15
2222	18
2223	21
2224	8
2225	20
2226	16
2227	25
2228	22
2229	19
2230	27
2231	21
2232	17
2233	28
2234	20
2235	18
2236	19
2237	20
2238	14
2239	14
2240	15
2241	14
2242	21
2243	16
2244	17
2245	16
2246	22
2247	12
2248	18
2249	17
2250	20
2251	23
2252	25
2253	19
2254	15
2255	21
2256	15
2257	14
2258	26
2259	20
2260	17
2261	17
2262	17
2263	23
2264	19
2265	17
2266	19
2267	16
2268	20
2269	17
2270	9
2271	15
2272	19
2273	18
2274	8
2275	21
2276	14
2277	15
2278	23
2279	17
2280	12
2281	25
2282	20
2283	17
2284	18
2285	11
2286	18
2287	15
2288	23
2289	23
2290	16
2291	14
2292	15
2293	11
2294	22
2295	17
2296	16
2297	16
2298	13
2299	15
2300	16
2301	6
2302	19
2303	18
2304	10
2305	23
2306	13
2307	13
2308	18
2309	16
2310	20
2311	17
2312	16
2313	20
2314	22
2315	11
2316	16
2317	17
2318	13
2319	12
2320	22
2321	19
2322	19
2323	19
2324	11
2325	28
2326	20
2327	20
2328	13
2329	12
2330	12
2331	11
2332	25
2333	18
2334	16
2335	22
2336	25
2337	23
2338	16
2339	14
2340	22
2341	19
2342	19
2343	12
2344	13
2345	8
2346	21
2347	17
2348	15
2349	21
2350	16
2351	14
2352	20
2353	14
2354	17
2355	21
2356	23
2357	19
2358	22
2359	20
2360	14
2361	13
2362	24
2363	21
2364	13
2365	11
2366	15
2367	24
2368	17
2369	21
2370	21
2371	21
2372	20
2373	22
2374	12
2375	19
2376	16
2377	17
2378	17
2379	14
2380	19
2381	20
2382	9
2383	12
2384	15
2385	18
2386	17
2387	15
2388	16
2389	23
2390	18
2391	19
2392	17
2393	18
2394	14
2395	17
2396	16
2397	18
2398	23
2399	13
2400	14
2401	13
2402	17
2403	19
2404	22
2405	11
2406	20
2407	18
2408	21
2409	14
2410	11
2411	18
2412	23
2413	16
2414	20
2415	15
2416	19
2417	20
2418	20
2419	16
2420	20
2421	19
2422	25
2423	14
2424	20
2425	19
2426	17
2427	21
2428	15
2429	13
2430	14
2431	17
2432	8
2433	21
2434	20
2435	16
2436	12
2437	13
2438	12
2439	17
2440	16
2441	23
2442	20
2443	13
2444	14
2445	18
2446	17
2447	19
2448	11
2449	17
2450	13
2451	15
2452	17
2453	19
2454	19
2455	20
2456	17
2457	20
2458	17
2459	13
2460	26
2461	10
2462	11
2463	15
2464	17
2465	15
2466	20
2467	14
2468	25
2469	15
2470	16
2471	23
2472	15
2473	14
2474	20
2475	18
2476	15
2477	12
2478	10
2479	15
2480	17
2481	14
2482	13
2483	15
2484	16
2485	18
2486	22
2487	18
2488	14
2489	15
2490	23
2491	17
2492	20
2493	11
2494	11
2495	13
2496	14
2497	19
2498	12
2499	12
2500	11
2501	8
2502	7
2503	16
2504	14
2505	14
2506	17
2507	12
2508	12
2509	19
2510	11
2511	17
2512	18
2513	15
2514	19
2515	17
2516	13
2517	15
2518	16
2519	13
2520	15
2521	16
2522	16
2523	11
2524	8
2525	9
2526	14
2527	11
2528	10
2529	14
2530	14
2531	13
2532	15
2533	15
2534	15
2535	13
2536	20
2537	14
2538	14
2539	12
2540	15
2541	17
2542	21
2543	19
2544	18
2545	9
2546	17
2547	18
2548	9
2549	15
2550	15
2551	23
2552	18
2553	6
2554	15
2555	22
2556	11
2557	11
2558	6
2559	10
2560	13
2561	17
2562	14
2563	16
2564	17
2565	17
2566	16
2567	18
2568	15
2569	15
2570	20
2571	10
2572	18
2573	17
2574	14
2575	23
2576	5
2577	6
2578	9
2579	16
2580	11
2581	18
2582	14
2583	15
2584	11
2585	14
2586	23
2587	18
2588	17
2589	19
2590	11
2591	20
2592	14
2593	18
2594	10
2595	8
2596	8
2597	14
2598	18
2599	19
2600	14
2601	13
2602	15
2603	19
2604	12
2605	11
2606	20
2607	14
2608	18
2609	17
2610	16
2611	12
2612	18
2613	22
2614	19
2615	7
2616	10
2617	13
2618	12
2619	18
2620	18
2621	5
2622	17
2623	14
2624	14
2625	16
2626	13
2627	12
2628	10
2629	15
2630	15
2631	15
2632	11
2633	9
2634	16
2635	11
2636	16
2637	18
2638	10
2639	11
2640	16
2641	16
2642	23
2643	16
2644	15
2645	17
2646	14
2647	13
2648	16
2649	18
2650	11
2651	9
2652	17
2653	20
2654	19
2655	11
2656	12
2657	16
2658	17
2659	14
2660	14
2661	8
2662	13
2663	12
2664	13
2665	18
2666	12
2667	11
2668	9
2669	9
2670	21
2671	12
2672	14
2673	13
2674	9
2675	13
2676	9
2677	19
2678	14
2679	16
2680	19
2681	14
2682	15
2683	18
2684	19
2685	10
2686	13
2687	12
2688	17
2689	10
2690	16
2691	9
2692	16
2693	10
2694	14
2695	9
2696	12
2697	13
2698	15
2699	8
2700	15
2701	13
2702	10
2703	14
2704	12
2705	16
2706	21
2707	11
2708	15
2709	11
2710	22
2711	8
2712	10
2713	8
2714	11
2715	18
2716	19
2717	16
2718	19
2719	11
2720	15
2721	15
2722	12
2723	17
2724	21
2725	18
2726	13
2727	19
2728	20
2729	8
2730	15
2731	12
2732	23
2733	14
2734	9
2735	11
2736	11
2737	9
2738	15
2739	15
2740	13
2741	19
2742	15
2743	16
2744	14
2745	25
2746	11
2747	10
2748	11
2749	11
2750	13
2751	20
2752	11
2753	17
2754	17
2755	23
2756	12
2757	16
2758	12
2759	17
2760	11
2761	8
2762	8
2763	13
2764	12
2765	11
2766	13
2767	11
2768	16
2769	18
2770	12
2771	10
2772	5
2773	18
2774	10
2775	18
2776	8
2777	13
2778	17
2779	26
2780	12
2781	27
2782	10
2783	13
2784	14
2785	11
2786	13
2787	9
2788	11
2789	11
2790	13
2791	12
2792	12
2793	8
2794	14
2795	12
2796	18
2797	12
2798	11
2799	12
2800	11
2801	13
2802	14
2803	13
2804	18
2805	16
2806	18
2807	10
2808	18
2809	14
2810	4
2811	13
2812	15
2813	12
2814	26
2815	10
2816	14
2817	18
2818	15
2819	12
2820	17
2821	11
2822	12
2823	16
2824	20
2825	10
2826	10
2827	12
2828	20
2829	13
2830	12
2831	17
2832	13
2833	14
2834	13
2835	15
2836	15
2837	8
2838	18
2839	14
2840	10
2841	13
2842	15
2843	16
2844	18
2845	11
2846	15
2847	16
2848	7
2849	16
2850	19
2851	10
2852	21
2853	14
2854	10
2855	15
2856	20
2857	15
2858	14
2859	18
2860	14
2861	18
2862	13
2863	9
2864	12
2865	23
2866	19
2867	22
2868	14
2869	17
2870	14
2871	14
2872	14
2873	15
2874	8
2875	16
2876	13
2877	8
2878	9
2879	20
2880	16
2881	9
2882	15
2883	13
2884	16
2885	21
2886	20
2887	17
2888	12
2889	9
2890	16
2891	15
2892	8
2893	11
2894	11
2895	10
2896	14
2897	6
2898	10
2899	8
2900	24
2901	9
2902	12
2903	14
2904	16
2905	13
2906	10
2907	10
2908	17
2909	14
2910	9
2911	11
2912	12
2913	16
2914	20
2915	11
2916	12
2917	11
2918	13
2919	14
2920	12
2921	11
2922	15
2923	9
2924	10
2925	13
2926	17
2927	8
2928	11
2929	12
2930	14
2931	14
2932	14
2933	9
2934	10
2935	13
2936	14
2937	14
2938	13
2939	9
2940	16
2941	9
2942	10
2943	11
2944	14
2945	11
2946	13
2947	16
2948	12
2949	10
2950	16
2951	16
2952	15
2953	13
2954	16
2955	10
2956	12
2957	6
2958	13
2959	15
2960	7
2961	15
2962	12
2963	15
2964	10
2965	10
2966	15
2967	10
2968	10
2969	16
2970	7
2971	7
2972	9
2973	11
2974	15
2975	11
2976	9
2977	13
2978	9
2979	13
2980	13
2981	15
2982	17
2983	21
2984	13
2985	13
2986	14
2987	10
2988	16
2989	13
2990	17
2991	9
2992	9
2993	14
2994	15
2995	11
2996	18
2997	8
2998	14
2999	9
3000	17
3001	20
3002	16
3003	13
3004	5
3005	12
3006	18
3007	4
3008	11
3009	9
3010	13
3011	21
3012	12
3013	9
3014	6
3015	16
3016	19
3017	10
3018	8
3019	13
3020	8
3021	10
3022	9
3023	11
3024	14
3025	5
3026	11
3027	6
3028	10
3029	9
3030	13
3031	11
3032	13
3033	9
3034	8
3035	10
3036	10
3037	9
3038	9
3039	12
3040	9
3041	12
3042	12
3043	13
3044	19
3045	19
3046	18
3047	5
3048	11
3049	14
3050	9
3051	16
3052	13
3053	12
3054	12
3055	17
3056	14
3057	13
3058	13
3059	12
3060	12
3061	11
3062	13
3063	16
3064	10
3065	18
3066	11
3067	14
3068	14
3069	16
3070	10
3071	15
3072	11
3073	13
3074	16
3075	12
3076	17
3077	6
3078	12
3079	9
3080	14
3081	8
3082	16
3083	16
3084	10
3085	12
3086	15
3087	12
3088	14
3089	18
3090	12
3091	8
3092	10
3093	7
3094	13
3095	15
3096	10
3097	9
3098	17
3099	8
3100	3
3101	9
3102	6
3103	10
3104	11
3105	9
3106	16
3107	15
3108	10
3109	13
3110	9
3111	12
3112	11
3113	7
3114	13
3115	11
3116	13
3117	13
3118	13
3119	13
3120	7
3121	14
3122	6
3123	11
3124	3
3125	10
3126	12
3127	7
3128	10
3129	14
3130	11
3131	12
3132	8
3133	12
3134	11
3135	7
3136	12
3137	11
3138	10
3139	13
3140	11
3141	11
3142	11
3143	12
3144	21
3145	6
3146	14
3147	23
3148	13
3149	13
3150	9
3151	5
3152	12
3153	17
3154	9
3155	16
3156	14
3157	10
3158	13
3159	11
3160	11
3161	13
3162	9
3163	14
3164	12
3165	12
3166	10
3167	17
3168	10
3169	7
3170	11
3171	10
3172	9
3173	12
3174	9
3175	9
3176	6
3177	18
3178	14
3179	14
3180	9
3181	9
3182	7
3183	12
3184	20
3185	16
3186	12
3187	9
3188	14
3189	18
3190	11
3191	13
3192	15
3193	16
3194	13
3195	12
3196	14
3197	16
3198	15
3199	6
3200	12
3201	4
3202	7
3203	13
3204	12
3205	9
3206	20
3207	12
3208	14
3209	15
3210	8
3211	11
3212	11
3213	17
3214	10
3215	9
3216	7
3217	21
3218	10
3219	13
3220	15
3221	6
3222	13
3223	10
3224	10
3225	14
3226	15
3227	13
3228	9
3229	15
3230	11
3231	13
3232	9
3233	20
3234	7
3235	14
3236	12
3237	16
3238	17
3239	11
3240	12
3241	11
3242	16
3243	12
3244	15
3245	10
3246	16
3247	9
3248	9
3249	18
3250	10
3251	11
3252	12
3253	14
3254	19
3255	17
3256	9
3257	4
3258	15
3259	12
3260	17
3261	12
3262	16
3263	9
3264	11
3265	9
3266	7
3267	14
3268	13
3269	15
3270	11
3271	19
3272	5
3273	11
3274	16
3275	13
3276	15
3277	14
3278	15
3279	9
3280	12
3281	12
3282	16
3283	12
3284	9
3285	8
3286	6
3287	8
3288	15
3289	12
3290	12
3291	10
3292	14
3293	11
3294	11
3295	11
3296	8
3297	15
3298	16
3299	9
3300	14
3301	10
3302	11
3303	11
3304	14
3305	10
3306	9
3307	14
3308	7
3309	12
3310	15
3311	14
3312	10
3313	14
3314	11
3315	13
3316	9
3317	15
3318	16
3319	11
3320	13
3321	8
3322	14
3323	12
3324	11
3325	11
3326	11
3327	12
3328	11
3329	9
3330	13
3331	13
3332	16
3333	13
3334	14
3335	8
3336	11
3337	10
3338	12
3339	10
3340	12
3341	8
3342	14
3343	9
3344	9
3345	9
3346	9
3347	16
3348	11
3349	17
3350	6
3351	11
3352	11
3353	9
3354	8
3355	14
3356	10
3357	8
3358	12
3359	19
3360	16
3361	11
3362	12
3363	17
3364	7
3365	9
3366	13
3367	12
3368	12
3369	14
3370	10
3371	20
3372	10
3373	9
3374	15
3375	12
3376	9
3377	15
3378	18
3379	12
3380	7
3381	13
3382	12
3383	17
3384	12
3385	9
3386	13
3387	11
3388	7
3389	15
3390	19
3391	10
3392	12
3393	9
3394	9
3395	7
3396	13
3397	9
3398	10
3399	15
3400	21
3401	11
3402	13
3403	10
3404	10
3405	7
3406	15
3407	6
3408	12
3409	14
3410	13
3411	9
3412	18
3413	10
3414	10
3415	13
3416	15
3417	13
3418	14
3419	18
3420	16
3421	6
3422	9
3423	18
3424	14
3425	10
3426	7
3427	7
3428	6
3429	13
3430	18
3431	15
3432	17
3433	16
3434	10
3435	7
3436	10
3437	9
3438	10
3439	8
3440	15
3441	9
3442	15
3443	9
3444	9
3445	5
3446	5
3447	14
3448	18
3449	13
3450	9
3451	17
3452	12
3453	11
3454	8
3455	8
3456	16
3457	15
3458	15
3459	9
3460	14
3461	14
3462	12
3463	14
3464	17
3465	13
3466	16
3467	6
3468	10
3469	9
3470	14
3471	13
3472	17
3473	5
3474	16
3475	12
3476	11
3477	14
3478	14
3479	18
3480	14
3481	10
3482	14
3483	11
3484	8
3485	13
3486	7
3487	10
3488	3
3489	7
3490	11
3491	17
3492	12
3493	9
3494	6
3495	8
3496	16
3497	12
3498	9
3499	14
3500	14
3501	13
3502	15
3503	12
3504	14
3505	15
3506	10
3507	12
3508	9
3509	8
3510	14
3511	15
3512	11
3513	15
3514	14
3515	14
3516	9
3517	10
3518	15
3519	14
3520	3
3521	15
3522	13
3523	11
3524	6
3525	9
3526	15
3527	6
3528	9
3529	18
3530	10
3531	8
3532	10
3533	10
3534	16
3535	17
3536	10
3537	10
3538	5
3539	15
3540	12
3541	15
3542	8
3543	9
3544	9
3545	8
3546	13
3547	10
3548	13
3549	15
3550	8
3551	8
3552	10
3553	8
3554	12
3555	11
3556	14
3557	15
3558	15
3559	11
3560	11
3561	7
3562	12
3563	11
3564	15
3565	19
3566	14
3567	19
3568	7
3569	8
3570	11
3571	11
3572	12
3573	6
3574	11
3575	10
3576	7
3577	15
3578	8
3579	11
3580	14
3581	12
3582	12
3583	14
3584	15
3585	10
3586	11
3587	14
3588	8
3589	9
3590	13
3591	6
3592	5
3593	12
3594	14
3595	14
3596	13
3597	14
3598	7
3599	23
3600	13
3601	12
3602	10
3603	9
3604	20
3605	10
3606	13
3607	13
3608	12
3609	11
3610	12
3611	4
3612	10
3613	7
3614	10
3615	9
3616	9
3617	17
3618	14
3619	17
3620	8
3621	14
3622	21
3623	17
3624	13
3625	14
3626	6
3627	14
3628	10
3629	13
3630	13
3631	5
3632	10
3633	13
3634	13
3635	17
3636	9
3637	16
3638	10
3639	9
3640	10
3641	5
3642	21
3643	9
3644	8
3645	18
3646	12
3647	10
3648	12
3649	12
3650	14
3651	19
3652	12
3653	11
3654	13
3655	8
3656	8
3657	17
3658	13
3659	17
3660	18
3661	10
3662	15
3663	10
3664	7
3665	9
3666	16
3667	18
3668	15
3669	17
3670	8
3671	13
3672	13
3673	9
3674	16
3675	14
3676	16
3677	14
3678	11
3679	8
3680	8
3681	14
3682	12
3683	14
3684	10
3685	14
3686	9
3687	17
3688	15
3689	15
3690	11
3691	14
3692	10
3693	16
3694	15
3695	17
3696	13
3697	12
3698	18
3699	21
3700	7
3701	18
3702	14
3703	12
3704	11
3705	9
3706	8
3707	8
3708	9
3709	10
3710	18
3711	11
3712	15
3713	8
3714	17
3715	13
3716	15
3717	6
3718	9
3719	17
3720	15
3721	11
3722	11
3723	17
3724	11
3725	13
3726	16
3727	12
3728	14
3729	15
3730	15
3731	10
3732	14
3733	19
3734	7
3735	12
3736	15
3737	15
3738	9
3739	14
3740	5
3741	12
3742	17
3743	15
3744	18
3745	14
3746	15
3747	9
3748	9
3749	14
3750	9
3751	11
3752	9
3753	15
3754	10
3755	10
3756	18
3757	13
3758	13
3759	16
3760	12
3761	12
3762	10
3763	17
3764	18
3765	9
3766	9
3767	11
3768	19
3769	22
3770	17
3771	15
3772	10
3773	15
3774	15
3775	11
3776	15
3777	9
3778	9
3779	10
3780	16
3781	12
3782	6
3783	9
3784	11
3785	8
3786	10
3787	13
3788	13
3789	17
3790	11
3791	10
3792	8
3793	7
3794	12
3795	22
3796	13
3797	13
3798	17
3799	16
3800	15
3801	16
3802	16
3803	18
3804	8
3805	16
3806	12
3807	16
3808	15
3809	8
3810	15
3811	14
3812	16
3813	12
3814	11
3815	10
3816	11
3817	23
3818	9
3819	17
3820	11
3821	13
3822	12
3823	17
3824	16
3825	14
3826	13
3827	12
3828	13
3829	12
3830	12
3831	9
3832	13
3833	9
3834	15
3835	15
3836	9
3837	11
3838	9
3839	16
3840	12
3841	16
3842	14
3843	17
3844	11
3845	10
3846	12
3847	15
3848	16
3849	17
3850	16
3851	12
3852	16
3853	18
3854	13
3855	12
3856	9
3857	16
3858	11
3859	14
3860	11
3861	14
3862	20
3863	12
3864	12
3865	6
3866	14
3867	14
3868	14
3869	15
3870	14
3871	15
3872	18
3873	26
3874	13
3875	17
3876	14
3877	13
3878	20
3879	11
3880	23
3881	19
3882	11
3883	14
3884	16
3885	12
3886	13
3887	17
3888	15
3889	10
3890	23
3891	22
3892	21
3893	19
3894	10
3895	15
3896	18
3897	12
3898	15
3899	10
3900	16
3901	11
3902	24
3903	14
3904	20
3905	17
3906	19
3907	18
3908	15
3909	12
3910	16
3911	10
3912	13
3913	9
3914	21
3915	17
3916	17
3917	12
3918	21
3919	24
3920	7
3921	17
3922	20
3923	15
3924	15
3925	16
3926	19
3927	18
3928	21
3929	15
3930	12
3931	22
3932	17
3933	19
3934	14
3935	19
3936	19
3937	19
3938	20
3939	14
3940	16
3941	22
3942	22
3943	17
3944	14
3945	17
3946	15
3947	16
3948	21
3949	20
3950	21
3951	21
3952	12
3953	19
3954	24
3955	21
3956	16
3957	23
3958	15
3959	11
3960	26
3961	10
3962	11
3963	23
3964	23
3965	15
3966	18
3967	16
3968	13
3969	18
3970	22
3971	17
3972	23
3973	26
3974	11
3975	21
3976	18
3977	24
3978	21
3979	19
3980	18
3981	20
3982	27
3983	17
3984	24
3985	17
3986	20
3987	24
3988	21
3989	20
3990	18
3991	24
3992	16
3993	22
3994	11
3995	18
3996	23
3997	18
3998	21
3999	13
4000	22
4001	14
4002	13
4003	23
4004	22
4005	29
4006	19
4007	20
4008	19
4009	16
4010	27
4011	24
4012	20
4013	20
4014	16
4015	14
4016	16
4017	18
4018	18
4019	31
4020	25
4021	21
4022	17
4023	23
4024	28
4025	27
4026	21
4027	20
4028	26
4029	20
4030	12
4031	22
4032	21
4033	31
4034	20
4035	22
4036	20
4037	26
4038	20
4039	29
4040	14
4041	20
4042	21
4043	24
4044	26
4045	31
4046	16
4047	20
4048	25
4049	24
4050	27
4051	31
4052	24
4053	20
4054	20
4055	30
4056	23
4057	23
4058	22
4059	24
4060	22
4061	19
4062	17
4063	19
4064	23
4065	20
4066	29
4067	23
4068	27
4069	12
4070	20
4071	25
4072	23
4073	16
4074	17
4075	23
4076	18
4077	20
4078	24
4079	18
4080	27
4081	17
4082	21
4083	24
4084	16
4085	17
4086	27
4087	15
4088	16
4089	29
4090	18
4091	24
4092	24
4093	21
4094	18
4095	20
4096	17
4097	25
4098	19
4099	22
4100	24
4101	21
4102	27
4103	23
4104	22
4105	26
4106	19
4107	29
4108	25
4109	20
4110	19
4111	23
4112	14
4113	14
4114	20
4115	25
4116	21
4117	12
4118	21
4119	20
4120	20
4121	24
4122	19
4123	20
4124	22
4125	23
4126	18
4127	28
4128	21
4129	21
4130	23
4131	30
4132	26
4133	17
4134	20
4135	20
4136	17
4137	20
4138	25
4139	21
4140	28
4141	14
4142	16
4143	19
4144	19
4145	24
4146	22
4147	20
4148	19
4149	18
4150	11
4151	21
4152	15
4153	26
4154	25
4155	17
4156	22
4157	20
4158	18
4159	17
4160	18
4161	18
4162	19
4163	18
4164	18
4165	19
4166	23
4167	20
4168	26
4169	20
4170	24
4171	23
4172	17
4173	21
4174	21
4175	16
4176	19
4177	16
4178	12
4179	11
4180	11
4181	26
4182	13
4183	16
4184	21
4185	11
4186	20
4187	23
4188	19
4189	18
4190	16
4191	11
4192	20
4193	15
4194	17
4195	20
4196	23
4197	14
4198	15
4199	17
4200	13
4201	17
4202	16
4203	16
4204	9
4205	18
4206	18
4207	18
4208	15
4209	15
4210	15
4211	11
4212	11
4213	18
4214	9
4215	11
4216	14
4217	11
4218	12
4219	16
4220	21
4221	14
4222	26
4223	12
4224	8
4225	10
4226	18
4227	11
4228	9
4229	11
4230	11
4231	22
4232	16
4233	10
4234	8
4235	13
4236	11
4237	10
4238	9
4239	16
4240	11
4241	17
4242	8
4243	8
4244	8
4245	9
4246	12
4247	13
4248	7
4249	10
4250	9
4251	14
4252	10
4253	12
4254	9
4255	7
4256	14
4257	8
4258	9
4259	16
4260	9
4261	12
4262	10
4263	12
4264	8
4265	12
4266	6
4267	17
4268	7
4269	8
4270	6
4271	5
4272	9
4273	5
4274	9
4275	6
4276	10
4277	6
4278	7
4279	10
4280	10
4281	6
4282	12
4283	8
4284	5
4285	8
4286	5
4287	8
4288	4
4289	5
4290	8
4291	6
4292	3
4293	9
4294	11
4295	7
4296	10
4297	12
4298	5
4299	5
4300	10
4301	9
4302	5
4303	5
4304	5
4305	5
4306	9
4307	7
4308	8
4309	3
4310	6
4311	5
4312	3
4313	7
4314	5
4315	4
4316	11
4317	3
4318	4
4319	3
4320	2
4321	7
4322	6
4323	5
4324	5
4325	8
4326	3
4327	3
4328	6
4329	5
4330	2
4331	4
4332	4
4333	6
4334	6
4335	7
4336	4
4337	10
4338	5
4339	4
4340	5
4341	4
4342	3
4343	6
4344	3
4345	5
4346	3
4347	3
4348	4
4349	5
4350	6
4351	4
4352	3
4353	2
4354	2
4355	10
4356	3
4357	2
4358	4
4359	3
4360	3
4361	5
4362	3
4363	2
4364	5
4365	5
4366	6
4367	4
4368	2
4369	4
4370	1
4371	2
4372	2
4373	4
4374	6
4375	1
4376	4
4377	3
4378	4
4379	1
4380	3
4381	3
4382	2
4383	1
4384	4
4385	0
4386	3
4387	1
4388	2
4389	4
4390	1
4391	0
4392	3
4393	0
4394	3
4395	2
4396	3
4397	2
4398	2
4399	3
4400	3
4401	1
4402	4
4403	3
4404	1
4405	1
4406	0
4407	1
4408	0
4409	3
4410	2
4411	0
4412	2
4413	4
4414	1
4415	1
4416	0
4417	1
4418	2
4419	3
4420	5
4421	0
4422	0
4423	2
4424	2
4425	1
4426	0
4427	0
4428	0
4429	0
4430	0
4431	0
4432	0
4433	0
4434	2
4435	1
4436	2
4437	0
4438	2
4439	1
4440	1
4441	2
4442	1
4443	2
4444	0
4445	0
4446	0
4447	1
4448	1
4449	2
4450	2
4451	1
4452	1
4453	1
4454	0
4455	1
4456	0
4457	1
4458	2
4459	0
4460	5
4461	2
4462	1
4463	0
4464	1
4465	2
4466	0
4467	2
4468	2
4469	1
4470	2
4471	1
4472	0
4473	0
4474	0
4475	2
4476	0
4477	3
4478	1
4479	1
4480	1
4481	0
4482	1
4483	1
4484	0
4485	1
4486	0
4487	1
4488	1
4489	0
4490	1
4491	1
4492	0
4493	2
4494	3
4495	1
4496	0
4497	1
4498	0
4499	0
4500	1
4501	0
4502	1
4503	3
4504	2
4505	1
4506	1
4507	0
4508	0
4509	2
4510	0
4511	0
4512	0
4513	1
4514	0
4515	2
4516	0
4517	0
4518	0
4519	1
4520	1
4521	2
4522	1
4523	0
4524	0
4525	0
4526	1
4527	1
4528	4
4529	3
4530	1
4531	2
4532	1
4533	2
4534	1
4535	0
4536	1
4537	0
4538	0
4539	0
4540	0
4541	0
4542	0
4543	0
4544	1
4545	1
4546	0
4547	0
4548	0
4549	1
4550	0
4551	1
4552	1
4553	0
4554	2
4555	3
4556	1
4557	0
4558	0
4559	3
4560	0
4561	1
4562	1
4563	2
4564	3
4565	1
4566	1
4567	0
4568	2
4569	1
4570	0
4571	0
4572	1
4573	1
4574	2
4575	0
4576	2
4577	2
4578	0
4579	0
4580	0
4581	1
4582	1
4583	3
4584	0
4585	2
4586	0
4587	1
4588	1
4589	0
4590	0
4591	0
4592	1
4593	0
4594	2
4595	0
4596	1
4597	1
4598	3
4599	1
4600	2
4601	0
4602	1
4603	0
4604	0
4605	1
4606	0
4607	1
4608	0
4609	0
4610	2
4611	1
4612	2
4613	1
4614	0
4615	0
4616	0
4617	0
4618	0
4619	0
4620	0
4621	2
4622	1
4623	1
4624	4
4625	0
4626	1
4627	0
4628	0
4629	1
4630	0
4631	1
4632	1
4633	1
4634	0
4635	3
4636	1
4637	2
4638	0
4639	0
4640	2
4641	0
4642	0
4643	0
4644	1
4645	1
4646	1
4647	1
4648	0
4649	1
4650	0
4651	1
4652	1
4653	2
4654	2
4655	1
4656	1
4657	0
4658	0
4659	2
4660	3
4661	2
4662	2
4663	1
4664	2
4665	0
4666	1
4667	1
4668	1
4669	1
4670	1
4671	2
4672	2
4673	0
4674	0
4675	1
4676	2
4677	1
4678	0
4679	2
4680	0
4681	2
4682	1
4683	1
4684	0
4685	1
4686	0
4687	0
4688	1
4689	0
4690	0
4691	0
4692	0
4693	1
4694	0
4695	0
4696	0
4697	2
4698	1
4699	0
4700	1
4701	0
4702	2
4703	1
4704	1
4705	0
4706	2
4707	3
4708	0
4709	1
4710	1
4711	0
4712	0
4713	0
4714	1
4715	0
4716	0
4717	1
4718	0
4719	0
4720	0
4721	1
4722	1
4723	3
4724	1
4725	1
4726	1
4727	0
4728	1
4729	0
4730	0
4731	0
4732	1
4733	1
4734	0
4735	0
4736	0
4737	1
4738	0
4739	2
4740	1
4741	0
4742	0
4743	1
4744	1
4745	0
4746	1
4747	2
4748	0
4749	0
4750	0
4751	0
4752	2
4753	0
4754	0
4755	0
4756	0
4757	2
4758	0
4759	1
4760	2
4761	2
4762	3
4763	0
4764	0
4765	0
4766	1
4767	1
4768	1
4769	1
4770	0
4771	0
4772	0
4773	0
4774	0
4775	0
4776	0
4777	2
4778	0
4779	1
4780	1
4781	1
4782	0
4783	0
4784	1
4785	2
4786	1
4787	2
4788	2
4789	0
4790	0
4791	0
4792	2
4793	0
4794	0
4795	1
4796	0
4797	1
4798	0
4799	1
4800	2
4801	1
4802	0
4803	1
4804	0
4805	1
4806	0
4807	1
4808	1
4809	0
4810	1
4811	0
4812	0
4813	0
4814	0
4815	2
4816	0
4817	0
4818	0
4819	0
4820	1
4821	1
4822	2
4823	0
4824	3
4825	1
4826	5
4827	2
4828	2
4829	0
4830	1
4831	3
4832	1
4833	0
4834	1
4835	1
4836	1
4837	2
4838	1
4839	0
4840	1
4841	0
4842	0
4843	1
4844	1
4845	0
4846	0
4847	0
4848	0
4849	1
4850	1
4851	0
4852	1
4853	1
4854	0
4855	1
4856	1
4857	0
4858	3
4859	1
4860	1
4861	1
4862	0
4863	1
4864	1
4865	0
4866	1
4867	3
4868	2
4869	0
4870	0
4871	1
4872	1
4873	0
4874	0
4875	1
4876	0
4877	1
4878	1
4879	1
4880	1
4881	0
4882	1
4883	0
4884	1
4885	0
4886	2
4887	1
4888	1
4889	0
4890	2
4891	1
4892	0
4893	0
4894	1
4895	2
4896	1
4897	0
4898	2
4899	3
4900	0
4901	0
4902	1
4903	1
4904	0
4905	1
4906	0
4907	0
4908	1
4909	0
4910	3
4911	2
4912	1
4913	0
4914	2
4915	1
4916	0
4917	1
4918	0
4919	0
4920	0
4921	2
4922	1
4923	0
4924	0
4925	1
4926	1
4927	0
4928	0
4929	1
4930	1
4931	0
4932	0
4933	1
4934	0
4935	1
4936	1
4937	0
4938	0
4939	3
4940	1
4941	0
4942	1
4943	3
4944	2
4945	2
4946	1
4947	2
4948	0
4949	0
4950	0
4951	0
4952	1
4953	0
4954	3
4955	0
4956	2
4957	1
4958	0
4959	0
4960	1
4961	1
4962	0
4963	0
4964	0
4965	0
4966	1
4967	1
4968	1
4969	1
4970	1
4971	4
4972	0
4973	0
4974	0
4975	1
4976	0
4977	1
4978	0
4979	0
4980	0
4981	0
4982	0
4983	0
4984	1
4985	0
4986	0
4987	2
4988	1
4989	0
4990	1
4991	0
4992	1
4993	1
4994	0
4995	0
4996	1
4997	0
4998	2
4999	2
5000	2
5001	0
5002	2
5003	1
5004	2
5005	1
5006	1
5007	0
5008	0
5009	0
5010	0
5011	0
5012	2
5013	0
5014	1
5015	1
5016	3
5017	2
5018	0
5019	0
5020	0
5021	0
5022	0
5023	1
5024	1
5025	1
5026	0
5027	1
5028	0
5029	1
5030	2
5031	1
5032	0
5033	1
5034	0
5035	1
5036	1
5037	1
5038	1
5039	1
5040	1
5041	2
5042	0
5043	0
5044	0
5045	0
5046	1
5047	1
5048	3
5049	0
5050	3
5051	0
5052	0
5053	0
5054	2
5055	1
5056	1
5057	0
5058	0
5059	1
5060	0
5061	0
5062	0
5063	0
5064	0
5065	1
5066	1
5067	0
5068	0
5069	1
5070	0
5071	0
5072	0
5073	0
5074	1
5075	2
5076	2
5077	0
5078	1
5079	0
5080	0
5081	1
5082	2
5083	0
5084	1
5085	0
5086	0
5087	1
5088	0
5089	1
5090	0
5091	1
5092	0
5093	1
5094	1
5095	0
5096	1
5097	0
5098	1
5099	0
5100	0
5101	2
5102	0
5103	1
5104	0
5105	0
5106	1
5107	1
5108	0
5109	1
5110	0
5111	0
5112	0
5113	0
5114	0
5115	1
5116	3
5117	0
5118	1
5119	0
5120	0
5121	0
5122	0
5123	0
5124	0
5125	3
5126	1
5127	2
5128	1
5129	0
5130	2
5131	1
5132	0
5133	2
5134	1
5135	0
5136	1
5137	1
5138	3
5139	1
5140	0
5141	0
5142	0
5143	2
5144	1
5145	1
5146	0
5147	0
5148	0
5149	0
5150	0
5151	0
5152	0
5153	0
5154	0
5155	0
5156	0
5157	0
5158	1
5159	0
5160	0
5161	0
5162	0
5163	2
5164	0
5165	1
5166	0
5167	3
5168	0
5169	0
5170	0
5171	0
5172	0
5173	1
5174	1
5175	0
5176	0
5177	0
5178	0
5179	1
5180	0
5181	0
5182	0
5183	1
5184	1
5185	0
5186	0
5187	0
5188	1
5189	1
5190	0
5191	0
5192	2
5193	0
5194	2
5195	0
5196	2
5197	1
5198	0
5199	0
5200	0
5201	0
5202	0
5203	1
5204	0
5205	0
5206	2
5207	0
5208	1
5209	0
5210	1
5211	1
5212	2
5213	0
5214	0
5215	1
5216	0
5217	1
5218	0
5219	0
5220	2
5221	0
5222	0
5223	1
5224	0
5225	1
5226	1
5227	0
5228	2
5229	1
5230	1
5231	1
5232	1
5233	0
5234	0
5235	1
5236	0
5237	2
5238	1
5239	0
5240	0
5241	0
5242	1
5243	1
5244	0
5245	1
5246	0
5247	1
5248	1
5249	0
5250	0
5251	0
5252	1
5253	0
5254	2
5255	0
5256	0
5257	2
5258	1
5259	0
5260	1
5261	2
5262	0
5263	0
5264	1
5265	0
5266	1
5267	0
5268	1
5269	1
5270	0
5271	3
5272	0
5273	0
5274	0
5275	2
5276	1
5277	1
5278	0
5279	0
5280	1
5281	0
5282	1
5283	1
5284	0
5285	0
5286	1
5287	1
5288	0
5289	1
5290	2
5291	1
5292	2
5293	0
5294	0
5295	0
5296	1
5297	1
5298	1
5299	1
5300	0
5301	2
5302	1
5303	0
5304	0
5305	1
5306	2
5307	1
5308	0
5309	1
5310	0
5311	3
5312	0
5313	1
5314	1
5315	1
5316	1
5317	0
5318	1
5319	0
5320	1
5321	0
5322	1
5323	0
5324	3
5325	0
5326	0
5327	0
5328	0
5329	0
5330	2
5331	0
5332	0
5333	1
5334	1
5335	1
5336	1
5337	1
5338	1
5339	0
5340	1
5341	0
5342	0
5343	2
5344	0
5345	1
5346	1
5347	0
5348	1
5349	1
5350	0
5351	3
5352	0
5353	0
5354	0
5355	0
5356	1
5357	2
5358	0
5359	1
5360	0
5361	2
5362	2
5363	2
5364	1
5365	1
5366	1
5367	0
5368	1
5369	0
5370	0
5371	1
5372	2
5373	0
5374	0
5375	0
5376	3
5377	0
5378	1
5379	0
5380	0
5381	0
5382	4
5383	0
5384	2
5385	0
5386	2
5387	1
5388	2
5389	0
5390	0
5391	0
5392	0
5393	1
5394	0
5395	2
5396	0
5397	0
5398	0
5399	0
5400	0
5401	0
5402	0
5403	0
5404	1
5405	0
5406	0
5407	1
5408	0
5409	0
5410	2
5411	3
5412	0
5413	3
5414	1
5415	0
5416	0
5417	0
5418	2
5419	0
5420	1
5421	2
5422	0
5423	0
5424	1
5425	1
5426	2
5427	0
5428	2
5429	3
5430	1
5431	1
5432	2
5433	2
5434	1
5435	2
5436	1
5437	0
5438	0
5439	1
5440	2
5441	0
5442	0
5443	1
5444	2
5445	0
5446	1
5447	1
5448	1
5449	0
5450	1
5451	0
5452	1
5453	1
5454	0
5455	1
5456	0
5457	1
5458	1
5459	2
5460	1
5461	2
5462	2
5463	0
5464	2
5465	1
5466	0
5467	1
5468	0
5469	1
5470	1
5471	3
5472	2
5473	1
5474	2
5475	0
5476	0
5477	0
5478	1
5479	0
5480	0
5481	0
5482	2
5483	1
5484	2
5485	0
5486	2
5487	0
5488	1
5489	0
5490	0
5491	0
5492	1
5493	1
5494	1
5495	3
5496	3
5497	0
5498	1
5499	0
5500	1
5501	1
5502	2
5503	0
5504	3
5505	0
5506	0
5507	1
5508	0
5509	1
5510	0
5511	0
5512	0
5513	0
5514	1
5515	3
5516	1
5517	1
5518	1
5519	2
5520	1
5521	0
5522	1
5523	0
5524	1
5525	0
5526	3
5527	0
5528	0
5529	1
5530	0
5531	0
5532	0
5533	1
5534	4
5535	1
5536	0
5537	0
5538	0
5539	0
5540	0
5541	2
5542	0
5543	1
5544	1
5545	2
5546	1
5547	0
5548	0
5549	2
5550	1
5551	2
5552	1
5553	1
5554	0
5555	0
5556	0
5557	0
5558	0
5559	1
5560	0
5561	0
5562	0
5563	1
5564	3
5565	1
5566	2
5567	0
5568	1
5569	0
5570	3
5571	0
5572	0
5573	0
5574	2
5575	1
5576	0
5577	0
5578	0
5579	1
5580	0
5581	1
5582	0
5583	1
5584	0
5585	3
5586	0
5587	2
5588	1
5589	0
5590	2
5591	0
5592	1
5593	0
5594	1
5595	0
5596	1
5597	1
5598	1
5599	2
5600	0
5601	0
5602	2
5603	2
5604	0
5605	0
5606	0
5607	1
5608	1
5609	0
5610	0
5611	0
5612	0
5613	2
5614	0
5615	2
5616	1
5617	1
5618	1
5619	0
5620	0
5621	0
5622	2
5623	2
5624	1
5625	0
5626	1
5627	0
5628	1
5629	1
5630	2
5631	0
5632	0
5633	0
5634	0
5635	1
5636	1
5637	1
5638	1
5639	0
5640	0
5641	1
5642	1
5643	1
5644	1
5645	1
5646	0
5647	1
5648	2
5649	0
5650	0
5651	2
5652	1
5653	0
5654	0
5655	0
5656	0
5657	0
5658	0
5659	1
5660	0
5661	0
5662	0
5663	0
5664	1
5665	1
5666	0
5667	1
5668	0
5669	0
5670	1
5671	0
5672	1
5673	1
5674	1
5675	0
5676	0
5677	1
5678	1
5679	0
5680	0
5681	2
5682	0
5683	1
5684	1
5685	0
5686	2
5687	1
5688	2
5689	0
5690	1
5691	0
5692	1
5693	2
5694	1
5695	1
5696	0
5697	2
5698	1
5699	0
5700	0
5701	1
5702	1
5703	0
5704	0
5705	2
5706	3
5707	0
5708	1
5709	1
5710	0
5711	0
5712	1
5713	1
5714	1
5715	1
5716	1
5717	2
5718	0
5719	0
5720	1
5721	0
5722	2
5723	1
5724	0
5725	0
5726	0
5727	1
5728	0
5729	2
5730	1
5731	0
5732	1
5733	0
5734	2
5735	0
5736	1
5737	0
5738	2
5739	2
5740	3
5741	0
5742	0
5743	0
5744	0
5745	1
5746	0
5747	1
5748	0
5749	2
5750	2
5751	0
5752	2
5753	2
5754	0
5755	0
5756	0
5757	0
5758	0
5759	0
5760	0
5761	0
5762	0
5763	0
5764	0
5765	0
5766	0
5767	1
5768	0
5769	1
5770	0
5771	0
5772	1
5773	0
5774	1
5775	0
5776	1
5777	1
5778	1
5779	0
5780	0
5781	0
5782	3
5783	0
5784	1
5785	0
5786	0
5787	0
5788	2
5789	1
5790	3
5791	0
5792	1
5793	0
5794	1
5795	2
5796	0
5797	2
5798	1
5799	0
5800	1
5801	1
5802	1
5803	0
5804	0
5805	1
5806	0
5807	0
5808	0
5809	0
5810	0
5811	1
5812	1
5813	0
5814	0
5815	0
5816	0
5817	0
5818	0
5819	0
5820	0
5821	0
5822	0
5823	0
5824	0
5825	0
5826	0
5827	1
5828	0
5829	1
5830	0
5831	1
5832	4
5833	2
5834	0
5835	1
5836	1
5837	1
5838	2
5839	0
5840	0
5841	1
5842	2
5843	0
5844	1
5845	1
5846	0
5847	0
5848	0
5849	1
5850	3
5851	1
5852	1
5853	1
5854	2
5855	1
5856	0
5857	0
5858	0
5859	1
5860	1
5861	0
5862	0
5863	1
5864	0
5865	0
5866	2
5867	0
5868	1
5869	0
5870	1
5871	1
5872	0
5873	2
5874	2
5875	1
5876	1
5877	2
5878	1
5879	0
5880	0
5881	0
5882	0
5883	1
5884	1
5885	0
5886	0
5887	0
5888	1
5889	2
5890	0
5891	1
5892	1
5893	1
5894	0
5895	0
5896	0
5897	0
5898	0
5899	1
5900	0
5901	1
5902	0
5903	1
5904	1
5905	0
5906	0
5907	0
5908	1
5909	0
5910	1
5911	0
5912	0
5913	0
5914	0
5915	0
5916	3
5917	0
5918	0
5919	0
5920	0
5921	0
5922	0
5923	1
5924	0
5925	0
5926	1
5927	2
5928	0
5929	2
5930	1
5931	0
5932	0
5933	0
5934	0
5935	1
5936	0
5937	1
5938	0
5939	0
5940	0
5941	0
5942	0
5943	0
5944	0
5945	0
5946	1
5947	1
5948	1
5949	1
5950	0
5951	1
5952	0
5953	0
5954	0
5955	0
5956	0
5957	2
5958	1
5959	2
5960	0
5961	0
5962	0
5963	1
5964	1
5965	1
5966	0
5967	2
5968	1
5969	1
5970	0
5971	0
5972	0
5973	0
5974	0
5975	0
5976	0
5977	1
5978	0
5979	1
5980	1
5981	1
5982	1
5983	0
5984	0
5985	0
5986	0
5987	0
5988	0
5989	0
5990	0
5991	0
5992	1
5993	1
5994	0
5995	1
5996	0
5997	1
5998	1
5999	0
6000	0
6001	0
6002	0
6003	0
6004	2
6005	0
6006	0
6007	0
6008	0
6009	0
6010	1
6011	0
6012	0
6013	0
6014	0
6015	0
6016	1
6017	0
6018	1
6019	1
6020	0
6021	1
6022	2
6023	0
6024	2
6025	1
6026	1
6027	2
6028	3
6029	0
6030	1
6031	2
6032	1
6033	0
6034	0
6035	0
6036	0
6037	1
6038	0
6039	0
6040	1
6041	1
6042	0
6043	0
6044	0
6045	1
6046	0
6047	1
6048	0
6049	1
6050	0
6051	0
6052	1
6053	1
6054	1
6055	2
6056	3
6057	0
6058	2
6059	0
6060	0
6061	2
6062	0
6063	1
6064	1
6065	0
6066	0
6067	0
6068	0
6069	0
6070	0
6071	0
6072	0
6073	0
6074	0
6075	1
6076	1
6077	2
6078	0
6079	2
6080	0
6081	0
6082	0
6083	0
6084	1
6085	0
6086	0
6087	0
6088	0
6089	2
6090	1
6091	1
6092	0
6093	0
6094	2
6095	0
6096	1
6097	0
6098	0
6099	1
6100	1
6101	0
6102	1
6103	0
6104	0
6105	3
6106	1
6107	1
6108	1
6109	0
6110	0
6111	1
6112	2
6113	0
6114	1
6115	0
6116	1
6117	1
6118	0
6119	1
6120	1
6121	0
6122	0
6123	1
6124	0
6125	2
6126	0
6127	1
6128	0
6129	1
6130	0
6131	0
6132	0
6133	0
6134	1
6135	0
6136	1
6137	2
6138	1
6139	0
6140	0
6141	0
6142	0
6143	0
6144	1
6145	0
6146	1
6147	1
6148	0
6149	2
6150	1
6151	0
6152	0
6153	1
6154	2
6155	1
6156	0
6157	0
6158	0
6159	0
6160	1
6161	0
6162	0
6163	0
6164	1
6165	0
6166	0
6167	1
6168	0
6169	1
6170	1
6171	0
6172	0
6173	0
6174	1
6175	1
6176	0
6177	2
6178	0
6179	1
6180	1
6181	1
6182	1
6183	0
6184	0
6185	1
6186	0
6187	0
6188	0
6189	0
6190	0
6191	0
6192	0
6193	0
6194	0
6195	0
6196	0
6197	1
6198	0
6199	1
6200	0
6201	0
6202	0
6203	0
6204	0
6205	0
6206	0
6207	0
6208	1
6209	0
6210	1
6211	3
6212	0
6213	1
6214	1
6215	0
6216	1
6217	0
6218	0
6219	0
6220	1
6221	0
6222	1
6223	0
6224	1
6225	0
6226	1
6227	0
6228	1
6229	1
6230	0
6231	0
6232	1
6233	1
6234	1
6235	0
6236	1
6237	0
6238	0
6239	0
6240	0
6241	1
6242	1
6243	0
6244	0
6245	0
6246	0
6247	1
6248	0
6249	0
6250	0
6251	0
6252	0
6253	1
6254	1
6255	0
6256	0
6257	0
6258	3
6259	1
6260	2
6261	0
6262	0
6263	1
6264	1
6265	1
6266	0
6267	1
6268	0
6269	0
6270	1
6271	2
6272	0
6273	0
6274	1
6275	0
6276	1
6277	2
6278	0
6279	0
6280	1
6281	1
6282	0
6283	1
6284	0
6285	0
6286	1
6287	1
6288	0
6289	0
6290	0
6291	0
6292	0
6293	0
6294	0
6295	1
6296	1
6297	1
6298	1
6299	0
6300	0
6301	0
6302	1
6303	0
6304	1
6305	1
6306	0
6307	0
6308	0
6309	0
6310	0
6311	0
6312	0
6313	0
6314	1
6315	0
6316	0
6317	1
6318	2
6319	0
6320	1
6321	0
6322	0
6323	0
6324	1
6325	0
6326	1
6327	0
6328	0
6329	1
6330	2
6331	0
6332	0
6333	1
6334	0
6335	1
6336	1
6337	0
6338	0
6339	0
6340	1
6341	0
6342	0
6343	0
6344	1
6345	1
6346	1
6347	0
6348	0
6349	0
6350	0
6351	0
6352	1
6353	0
6354	1
6355	1
6356	0
6357	0
6358	0
6359	0
6360	1
6361	0
6362	0
6363	0
6364	0
6365	0
6366	0
6367	1
6368	2
6369	2
6370	0
6371	2
6372	0
6373	0
6374	0
6375	0
6376	2
6377	2
6378	1
6379	1
6380	1
6381	0
6382	0
6383	0
6384	0
6385	0
6386	0
6387	1
6388	0
6389	0
6390	0
6391	1
6392	1
6393	0
6394	1
6395	0
6396	0
6397	2
6398	1
6399	0
6400	0
6401	0
6402	1
6403	1
6404	0
6405	0
6406	1
6407	0
6408	1
6409	0
6410	0
6411	0
6412	0
6413	0
6414	1
6415	2
6416	2
6417	0
6418	1
6419	0
6420	0
6421	0
6422	0
6423	0
6424	1
6425	0
6426	0
6427	0
6428	0
6429	0
6430	2
6431	0
6432	1
6433	0
6434	0
6435	0
6436	0
6437	0
6438	1
6439	1
6440	0
6441	0
6442	1
6443	0
6444	0
6445	0
6446	1
6447	0
6448	0
6449	0
6450	0
6451	1
6452	0
6453	0
6454	0
6455	1
6456	0
6457	0
6458	0
6459	0
6460	0
6461	0
6462	1
6463	0
6464	0
6465	1
6466	0
6467	0
6468	1
6469	0
6470	0
6471	2
6472	0
6473	0
6474	1
6475	2
6476	0
6477	2
6478	1
6479	1
6480	1
6481	0
6482	1
6483	1
6484	0
6485	0
6486	0
6487	0
6488	1
6489	1
6490	0
6491	0
6492	0
6493	0
6494	0
6495	0
6496	0
6497	0
6498	0
6499	0
6500	1
6501	1
6502	0
6503	1
6504	0
6505	0
6506	0
6507	1
6508	1
6509	0
6510	1
6511	0
6512	1
6513	1
6514	0
6515	1
6516	0
6517	0
6518	1
6519	1
6520	0
6521	0
6522	1
6523	1
6524	0
6525	0
6526	1
6527	1
6528	0
6529	1
6530	2
6531	0
6532	1
6533	0
6534	0
6535	1
6536	0
6537	0
6538	1
6539	1
6540	1
6541	0
6542	0
6543	0
6544	3
6545	1
6546	0
6547	1
6548	1
6549	0
6550	0
6551	0
6552	1
6553	2
6554	3
6555	0
6556	0
6557	0
6558	2
6559	1
6560	0
6561	1
6562	0
6563	0
6564	0
6565	0
6566	1
6567	1
6568	1
6569	2
6570	1
6571	0
6572	0
6573	1
6574	0
6575	0
6576	3
6577	1
6578	0
6579	0
6580	0
6581	0
6582	0
6583	1
6584	1
6585	0
6586	1
6587	3
6588	1
6589	1
6590	0
6591	0
6592	0
6593	1
6594	0
6595	0
6596	1
6597	0
6598	1
6599	1
6600	0
6601	2
6602	0
6603	1
6604	0
6605	0
6606	0
6607	2
6608	1
6609	0
6610	0
6611	0
6612	0
6613	0
6614	0
6615	0
6616	1
6617	1
6618	0
6619	1
6620	0
6621	0
6622	0
6623	0
6624	0
6625	1
6626	0
6627	1
6628	1
6629	0
6630	1
6631	0
6632	0
6633	1
6634	0
6635	0
6636	0
6637	1
6638	0
6639	1
6640	1
6641	0
6642	0
6643	0
6644	0
6645	0
6646	0
6647	0
6648	1
6649	0
6650	0
6651	0
6652	0
6653	2
6654	0
6655	0
6656	0
6657	0
6658	0
6659	0
6660	1
6661	0
6662	0
6663	0
6664	0
6665	0
6666	0
6667	1
6668	0
6669	2
6670	1
6671	0
6672	0
6673	0
6674	2
6675	0
6676	0
6677	0
6678	1
6679	0
6680	1
6681	0
6682	0
6683	1
6684	1
6685	0
6686	0
6687	2
6688	0
6689	0
6690	1
6691	0
6692	0
6693	0
6694	0
6695	1
6696	0
6697	1
6698	0
6699	0
6700	0
6701	0
6702	1
6703	1
6704	0
6705	0
6706	0
6707	0
6708	0
6709	0
6710	0
6711	0
6712	0
6713	2
6714	0
6715	0
6716	0
6717	0
6718	2
6719	0
6720	0
6721	0
6722	0
6723	0
6724	0
6725	0
6726	1
6727	0
6728	1
6729	1
6730	0
6731	0
6732	0
6733	0
6734	0
6735	0
6736	1
6737	1
6738	0
6739	1
6740	0
6741	1
6742	1
6743	2
6744	0
6745	1
6746	1
6747	0
6748	1
6749	1
6750	0
6751	0
6752	0
6753	1
6754	1
6755	1
6756	0
6757	0
6758	1
6759	0
6760	0
6761	1
6762	0
6763	1
6764	0
6765	3
6766	1
6767	0
6768	0
6769	0
6770	0
6771	0
6772	2
6773	0
6774	0
6775	1
6776	0
6777	0
6778	0
6779	4
6780	2
6781	0
6782	0
6783	0
6784	1
6785	1
6786	1
6787	0
6788	0
6789	0
6790	1
6791	0
6792	0
6793	1
6794	0
6795	1
6796	1
6797	1
6798	0
6799	0
6800	0
6801	1
6802	1
6803	2
6804	2
6805	0
6806	1
6807	0
6808	0
6809	0
6810	3
6811	0
6812	1
6813	1
6814	1
6815	1
6816	1
6817	0
6818	0
6819	0
6820	1
6821	1
6822	0
6823	0
6824	0
6825	1
6826	1
6827	0
6828	0
6829	1
6830	0
6831	1
6832	0
6833	1
6834	1
6835	0
6836	0
6837	0
6838	1
6839	0
6840	0
6841	0
6842	0
6843	0
6844	1
6845	0
6846	0
6847	1
6848	0
6849	0
6850	1
6851	2
6852	0
6853	1
6854	0
6855	1
6856	1
6857	0
6858	0
6859	0
6860	0
6861	0
6862	0
6863	0
6864	0
6865	0
6866	0
6867	0
6868	1
6869	1
6870	0
6871	2
6872	0
6873	0
6874	0
6875	0
6876	0
6877	0
6878	0
6879	0
6880	0
6881	0
6882	0
6883	0
6884	0
6885	0
6886	2
6887	1
6888	1
6889	1
6890	0
6891	0
6892	0
6893	1
6894	0
6895	1
6896	0
6897	0
6898	0
6899	0
6900	0
6901	2
6902	0
6903	0
6904	0
6905	0
6906	1
6907	0
6908	0
6909	0
6910	0
6911	1
6912	1
6913	1
6914	1
6915	0
6916	0
6917	1
6918	0
6919	2
6920	0
6921	1
6922	1
6923	0
6924	1
6925	1
6926	1
6927	0
6928	2
6929	1
6930	1
6931	0
6932	0
6933	0
6934	0
6935	2
6936	0
6937	0
6938	0
6939	1
6940	0
6941	0
6942	0
6943	0
6944	2
6945	1
6946	0
6947	1
6948	0
6949	1
6950	1
6951	0
6952	1
6953	0
6954	0
6955	1
6956	0
6957	3
6958	0
6959	1
6960	1
6961	0
6962	0
6963	0
6964	2
6965	2
6966	0
6967	1
6968	0
6969	0
6970	0
6971	1
6972	0
6973	0
6974	2
6975	0
6976	0
6977	0
6978	1
6979	0
6980	0
6981	0
6982	0
6983	1
6984	1
6985	0
6986	1
6987	1
6988	0
6989	0
6990	1
6991	1
6992	0
6993	1
6994	0
6995	1
6996	0
6997	1
6998	1
6999	0
7000	1
7001	1
7002	0
7003	0
7004	0
7005	0
7006	1
7007	1
7008	1
7009	2
7010	0
7011	1
7012	0
7013	2
7014	0
7015	0
7016	1
7017	0
7018	2
7019	0
7020	0
7021	0
7022	3
7023	1
7024	0
7025	0
7026	1
7027	0
7028	0
7029	0
7030	0
7031	1
7032	0
7033	2
7034	0
7035	0
7036	0
7037	1
7038	0
7039	1
7040	0
7041	1
7042	1
7043	2
7044	0
7045	2
7046	1
7047	1
7048	0
7049	1
7050	1
7051	3
7052	0
7053	1
7054	1
7055	0
7056	0
7057	0
7058	0
7059	1
7060	1
7061	0
7062	0
7063	0
7064	1
7065	0
7066	0
7067	1
7068	2
7069	1
7070	0
7071	0
7072	1
7073	2
7074	1
7075	0
7076	0
7077	1
7078	2
7079	1
7080	1
7081	1
7082	0
7083	0
7084	2
7085	1
7086	2
7087	2
7088	0
7089	0
7090	0
7091	3
7092	0
7093	1
7094	1
7095	0
7096	0
7097	0
7098	1
7099	0
7100	0
7101	2
7102	0
7103	1
7104	2
7105	0
7106	1
7107	0
7108	2
7109	2
7110	2
7111	1
7112	1
7113	0
7114	0
7115	1
7116	0
7117	0
7118	1
7119	1
7120	0
7121	0
7122	1
7123	0
7124	0
7125	1
7126	0
7127	1
7128	0
7129	2
7130	0
7131	1
7132	0
7133	0
7134	0
7135	0
7136	1
7137	1
7138	1
7139	0
7140	0
7141	0
7142	0
7143	1
7144	0
7145	1
7146	1
7147	1
7148	0
7149	1
7150	1
7151	1
7152	1
7153	0
7154	0
7155	1
7156	0
7157	1
7158	0
7159	0
7160	1
7161	0
7162	1
7163	0
7164	0
7165	0
7166	0
7167	1
7168	2
7169	1
7170	0
7171	1
7172	1
7173	1
7174	2
7175	0
7176	0
7177	0
7178	0
7179	1
7180	1
7181	1
7182	2
7183	0
7184	1
7185	0
7186	0
7187	1
7188	0
7189	1
7190	2
7191	0
7192	0
7193	0
7194	0
7195	1
7196	1
7197	0
7198	0
7199	0
7200	0
7201	0
7202	1
7203	1
7204	1
7205	0
7206	1
7207	0
7208	0
7209	1
7210	1
7211	0
7212	1
7213	2
7214	2
7215	1
7216	0
7217	1
7218	0
7219	0
7220	1
7221	1
7222	0
7223	0
7224	0
7225	2
7226	0
7227	1
7228	1
7229	0
7230	0
7231	0
7232	1
7233	2
7234	2
7235	0
7236	0
7237	0
7238	0
7239	0
7240	1
7241	2
7242	1
7243	1
7244	1
7245	0
7246	0
7247	2
7248	1
7249	0
7250	1
7251	1
7252	0
7253	0
7254	1
7255	2
7256	0
7257	0
7258	0
7259	0
7260	1
7261	2
7262	0
7263	0
7264	0
7265	0
7266	1
7267	0
7268	0
7269	0
7270	0
7271	1
7272	0
7273	1
7274	0
7275	0
7276	0
7277	0
7278	1
7279	0
7280	1
7281	1
7282	3
7283	0
7284	1
7285	2
7286	2
7287	1
7288	1
7289	0
7290	4
7291	0
7292	2
7293	0
7294	1
7295	1
7296	2
7297	0
7298	0
7299	0
7300	0
7301	0
7302	0
7303	0
7304	0
7305	0
7306	0
7307	0
7308	1
7309	0
7310	0
7311	1
7312	1
7313	1
7314	0
7315	1
7316	1
7317	1
7318	1
7319	0
7320	0
7321	0
7322	0
7323	0
7324	0
7325	0
7326	1
7327	2
7328	1
7329	1
7330	0
7331	0
7332	2
7333	0
7334	0
7335	0
7336	1
7337	1
7338	1
7339	0
7340	1
7341	0
7342	0
7343	0
7344	0
7345	0
7346	1
7347	1
7348	0
7349	0
7350	1
7351	0
7352	0
7353	0
7354	1
7355	0
7356	0
7357	0
7358	1
7359	0
7360	2
7361	1
7362	0
7363	0
7364	0
7365	1
7366	1
7367	0
7368	0
7369	2
7370	0
7371	1
7372	0
7373	0
7374	0
7375	0
7376	0
7377	0
7378	0
7379	2
7380	0
7381	0
7382	0
7383	0
7384	0
7385	1
7386	1
7387	0
7388	1
7389	0
7390	0
7391	0
7392	2
7393	0
7394	0
7395	0
7396	0
7397	1
7398	0
7399	0
7400	1
7401	0
7402	0
7403	1
7404	0
7405	1
7406	0
7407	0
7408	3
7409	0
7410	0
7411	1
7412	0
7413	0
7414	0
7415	0
7416	0
7417	0
7418	0
7419	0
7420	0
7421	0
7422	0
7423	0
7424	0
7425	0
7426	1
7427	1
7428	1
7429	0
7430	0
7431	0
7432	0
7433	0
7434	0
7435	0
7436	0
7437	0
7438	0
7439	1
7440	0
7441	1
7442	1
7443	0
7444	0
7445	1
7446	0
7447	1
7448	0
7449	0
7450	1
7451	1
7452	0
7453	2
7454	0
7455	1
7456	0
7457	0
7458	0
7459	0
7460	0
7461	2
7462	2
7463	1
7464	0
7465	0
7466	1
7467	0
7468	1
7469	0
7470	1
7471	1
7472	1
7473	0
7474	0
7475	0
7476	0
7477	0
7478	0
7479	1
7480	0
7481	0
7482	0
7483	0
7484	1
7485	0
7486	0
7487	1
7488	0
7489	0
7490	0
7491	0
7492	1
7493	2
7494	0
7495	0
7496	0
7497	0
7498	1
7499	0
7500	0
7501	1
7502	0
7503	0
7504	0
7505	0
7506	0
7507	0
7508	0
7509	1
7510	0
7511	0
7512	0
7513	1
7514	0
7515	0
7516	0
7517	0
7518	1
7519	2
7520	2
7521	1
7522	0
7523	1
7524	0
7525	0
7526	0
7527	0
7528	1
7529	1
7530	0
7531	0
7532	1
7533	0
7534	0
7535	0
7536	0
7537	1
7538	0
7539	1
7540	1
7541	0
7542	0
7543	0
7544	0
7545	1
7546	0
7547	1
7548	0
7549	0
7550	0
7551	0
7552	0
7553	0
7554	0
7555	0
7556	0
7557	0
7558	1
7559	0
7560	1
7561	0
7562	0
7563	0
7564	1
7565	0
7566	1
7567	0
7568	1
7569	0
7570	0
7571	0
7572	0
7573	0
7574	0
7575	0
7576	0
7577	0
7578	2
7579	0
7580	0
7581	0
7582	0
7583	1
7584	0
7585	1
7586	0
7587	0
7588	0
7589	0
7590	1
7591	0
7592	1
7593	0
7594	1
7595	0
7596	0
7597	0
7598	2
7599	0
7600	0
7601	1
7602	0
7603	0
7604	0
7605	0
7606	0
7607	1
7608	0
7609	0
7610	0
7611	0
7612	0
7613	1
7614	0
7615	0
7616	0
7617	0
7618	1
7619	0
7620	0
7621	0
7622	1
7623	1
7624	1
7625	0
7626	0
7627	1
7628	1
7629	0
7630	0
7631	0
7632	0
7633	0
7634	0
7635	0
7636	0
7637	1
7638	1
7639	0
7640	0
7641	0
7642	0
7643	0
7644	0
7645	1
7646	0
7647	0
7648	1
7649	0
7650	0
7651	0
7652	0
7653	0
7654	0
7655	0
7656	0
7657	0
7658	1
7659	1
7660	0
7661	1
7662	0
7663	0
7664	0
7665	0
7666	0
7667	0
7668	0
7669	1
7670	0
7671	2
7672	0
7673	0
7674	0
7675	0
7676	0
7677	0
7678	1
7679	0
7680	0
7681	0
7682	1
7683	1
7684	0
7685	1
7686	0
7687	0
7688	0
7689	1
7690	0
7691	0
7692	0
7693	1
7694	0
7695	0
7696	0
7697	0
7698	1
7699	1
7700	0
7701	1
7702	0
7703	0
7704	0
7705	0
7706	0
7707	0
7708	1
7709	0
7710	1
7711	0
7712	0
7713	0
7714	0
7715	1
7716	0
7717	0
7718	0
7719	0
7720	0
7721	0
7722	0
7723	0
7724	0
7725	0
7726	1
7727	0
7728	0
7729	0
7730	0
7731	0
7732	0
7733	0
7734	0
7735	0
7736	0
7737	1
7738	1
7739	0
7740	0
7741	0
7742	0
7743	0
7744	0
7745	0
7746	0
7747	0
7748	0
7749	0
7750	0
7751	0
7752	0
7753	2
7754	0
7755	0
7756	0
7757	1
7758	0
7759	0
7760	0
7761	2
7762	0
7763	2
7764	2
7765	0
7766	0
7767	0
7768	0
7769	0
7770	0
7771	0
7772	0
7773	0
7774	0
7775	0
7776	0
7777	0
7778	1
7779	0
7780	0
7781	0
7782	0
7783	0
7784	1
7785	1
7786	0
7787	0
7788	0
7789	0
7790	0
7791	0
7792	0
7793	0
7794	1
7795	0
7796	0
7797	1
7798	0
7799	0
7800	0
7801	0
7802	0
7803	0
7804	0
7805	0
7806	0
7807	1
7808	0
7809	0
7810	0
7811	0
7812	0
7813	0
7814	0
7815	0
7816	0
7817	0
7818	2
7819	0
7820	0
7821	0
7822	0
7823	0
7824	0
7825	0
7826	0
7827	0
7828	0
7829	0
7830	0
7831	0
7832	0
7833	0
7834	0
7835	1
7836	0
7837	0
7838	1
7839	0
7840	0
7841	0
7842	0
7843	0
7844	2
7845	0
7846	0
7847	0
7848	1
7849	0
7850	0
7851	0
7852	1
7853	0
7854	1
7855	1
7856	0
7857	0
7858	0
7859	1
7860	0
7861	0
7862	0
7863	1
7864	0
7865	0
7866	0
7867	0
7868	1
7869	0
7870	1
7871	1
7872	0
7873	0
7874	2
7875	0
7876	0
7877	0
7878	0
7879	0
7880	0
7881	0
7882	0
7883	0
7884	0
7885	1
7886	0
7887	0
7888	0
7889	0
7890	0
7891	1
7892	0
7893	0
7894	1
7895	0
7896	0
7897	0
7898	0
7899	0
7900	0
7901	0
7902	0
7903	1
7904	0
7905	0
7906	1
7907	1
7908	0
7909	0
7910	0
7911	0
7912	0
7913	0
7914	0
7915	0
7916	0
7917	0
7918	0
7919	0
7920	0
7921	0
7922	0
7923	0
7924	0
7925	0
7926	0
7927	0
7928	0
7929	0
7930	0
7931	0
7932	0
7933	0
7934	0
7935	0
7936	0
7937	0
7938	0
7939	0
7940	0
7941	0
7942	0
7943	0
7944	0
7945	0
7946	0
7947	0
7948	0
7949	0
7950	0
7951	0
7952	0
7953	0
7954	0
7955	0
7956	0
7957	0
7958	0
7959	0
7960	0
7961	0
7962	0
7963	0
7964	0
7965	0
7966	0
7967	0
7968	0
7969	0
7970	0
7971	0
7972	0
7973	0
7974	0
7975	0
7976	0
7977	0
7978	0
7979	0
7980	0
7981	0
7982	0
7983	0
7984	0
7985	0
7986	0
7987	0
7988	0
7989	0
7990	0
7991	0
7992	0
7993	0
7994	0
7995	0
7996	0
7997	0
7998	0
7999	0
8000	0
8001	0
8002	0
8003	0
8004	0
8005	0
8006	0
8007	0
8008	0
8009	0
8010	0
8011	0
8012	0
8013	0
8014	0
8015	0
8016	0
8017	0
8018	0
8019	0
8020	0
8021	0
8022	0
8023	0
8024	0
8025	0
8026	0
8027	0
8028	0
8029	0
8030	0
8031	0
8032	0
8033	0
8034	0
8035	0
8036	0
8037	0
8038	0
8039	0
8040	0
8041	0
8042	0
8043	0
8044	0
8045	0
8046	0
8047	0
8048	0
8049	0
8050	0
8051	0
8052	0
8053	0
8054	0
8055	0
8056	0
8057	0
8058	0
8059	0
8060	0
8061	0
8062	0
8063	0
8064	0
8065	0
8066	0
8067	0
8068	0
8069	0
8070	0
8071	0
8072	0
8073	0
8074	0
8075	0
8076	0
8077	0
8078	0
8079	0
8080	0
8081	0
8082	0
8083	0
8084	0
8085	0
8086	0
8087	0
8088	0
8089	0
8090	0
8091	0
8092	0
8093	0
8094	0
8095	0
8096	0
8097	0
8098	0
8099	0
8100	0
8101	0
8102	0
8103	0
8104	0
8105	0
8106	0
8107	0
8108	0
8109	0
8110	0
8111	0
8112	0
8113	0
8114	0
8115	0
8116	0
8117	0
8118	0
8119	0
8120	0
8121	0
8122	0
8123	0
8124	0
8125	0
8126	0
8127	0
8128	0
8129	0
8130	0
8131	0
8132	0
8133	0
8134	0
8135	0
8136	0
8137	0
8138	0
8139	0
8140	0
8141	0
8142	0
8143	0
8144	0
8145	0
8146	0
8147	0
8148	0
8149	0
8150	0
8151	0
8152	0
8153	0
8154	0
8155	0
8156	0
8157	0
8158	0
8159	0
8160	0
8161	0
8162	0
8163	0
8164	0
8165	0
8166	0
8167	0
8168	0
8169	0
8170	0
8171	0
8172	0
8173	0
8174	0
8175	0
8176	0
8177	0
8178	0
8179	0
8180	0
8181	0
8182	0
8183	0
8184	0
8185	0
8186	0
8187	0
8188	0
8189	0
8190	0
8191	0
