0	0
1	0
2	0
3	0
4	0
5	0
6	0
7	0
8	0
9	0
10	0
11	0
12	0
13	0
14	0
15	0
16	0
17	0
18	0
19	0
20	0
21	0
22	0
23	0
24	0
25	0
26	0
27	0
28	0
29	0
30	0
31	0
32	0
33	0
34	0
35	0
36	0
37	0
38	0
39	0
40	0
41	0
42	0
43	0
44	0
45	0
46	0
47	0
48	0
49	0
50	0
51	0
52	0
53	0
54	0
55	0
56	0
57	0
58	0
59	0
60	0
61	0
62	0
63	0
64	0
65	0
66	0
67	0
68	0
69	0
70	0
71	1
72	0
73	0
74	0
75	0
76	0
77	0
78	0
79	0
80	0
81	1
82	0
83	7
84	15
85	9
86	12
87	12
88	8
89	8
90	18
91	16
92	14
93	12
94	13
95	18
96	12
97	18
98	17
99	16
100	9
101	15
102	12
103	12
104	18
105	14
106	16
107	13
108	18
109	14
110	25
111	7
112	17
113	15
114	16
115	16
116	14
117	18
118	17
119	20
120	22
121	21
122	19
123	11
124	14
125	9
126	23
127	9
128	17
129	11
130	13
131	14
132	20
133	17
134	8
135	20
136	11
137	17
138	14
139	18
140	14
141	14
142	15
143	14
144	16
145	13
146	13
147	23
148	17
149	18
150	15
151	14
152	14
153	21
154	15
155	15
156	14
157	17
158	19
159	12
160	15
161	10
162	19
163	9
164	14
165	19
166	20
167	21
168	14
169	20
170	18
171	20
172	10
173	15
174	19
175	19
176	17
177	15
178	19
179	26
180	17
181	19
182	23
183	26
184	17
185	6
186	14
187	18
188	16
189	14
190	19
191	18
192	17
193	20
194	14
195	10
196	21
197	19
198	16
199	14
200	20
201	18
202	18
203	9
204	18
205	11
206	26
207	13
208	23
209	19
210	14
211	23
212	18
213	17
214	18
215	13
216	19
217	8
218	18
219	16
220	12
221	13
222	23
223	16
224	17
225	14
226	10
227	14
228	20
229	13
230	20
231	23
232	19
233	19
234	15
235	12
236	15
237	14
238	26
239	17
240	13
241	15
242	12
243	9
244	17
245	15
246	25
247	20
248	16
249	19
250	10
251	11
252	15
253	21
254	14
255	22
256	16
257	20
258	20
259	15
260	20
261	17
262	14
263	16
264	17
265	17
266	20
267	18
268	18
269	20
270	18
271	25
272	24
273	25
274	21
275	17
276	17
277	12
278	16
279	19
280	22
281	17
282	19
283	25
284	23
285	15
286	17
287	14
288	21
289	16
290	16
291	26
292	25
293	18
294	14
295	15
296	25
297	16
298	20
299	24
300	9
301	27
302	15
303	17
304	13
305	29
306	16
307	9
308	15
309	18
310	22
311	17
312	25
313	15
314	21
315	17
316	16
317	20
318	22
319	14
320	16
321	13
322	22
323	16
324	15
325	17
326	14
327	15
328	19
329	23
330	20
331	19
332	17
333	18
334	18
335	22
336	12
337	19
338	21
339	22
340	17
341	16
342	18
343	18
344	21
345	23
346	12
347	11
348	15
349	14
350	10
351	11
352	13
353	20
354	16
355	18
356	19
357	22
358	22
359	21
360	21
361	23
362	15
363	13
364	17
365	14
366	27
367	15
368	33
369	18
370	20
371	18
372	13
373	20
374	13
375	15
376	25
377	20
378	18
379	15
380	17
381	25
382	16
383	16
384	30
385	14
386	18
387	14
388	16
389	19
390	24
391	20
392	22
393	22
394	18
395	17
396	22
397	21
398	23
399	15
400	23
401	23
402	16
403	13
404	19
405	21
406	16
407	19
408	20
409	30
410	18
411	21
412	24
413	19
414	17
415	17
416	18
417	19
418	22
419	17
420	24
421	25
422	22
423	17
424	22
425	12
426	19
427	18
428	18
429	25
430	21
431	32
432	22
433	24
434	14
435	19
436	23
437	24
438	21
439	17
440	17
441	21
442	27
443	22
444	18
445	23
446	23
447	24
448	24
449	20
450	19
451	18
452	23
453	23
454	20
455	25
456	22
457	27
458	23
459	23
460	16
461	37
462	30
463	26
464	28
465	31
466	26
467	24
468	21
469	21
470	22
471	31
472	26
473	28
474	27
475	30
476	25
477	32
478	31
479	28
480	27
481	27
482	27
483	35
484	25
485	30
486	27
487	34
488	35
489	23
490	29
491	20
492	33
493	26
494	22
495	36
496	30
497	37
498	31
499	24
500	36
501	47
502	34
503	39
504	32
505	34
506	30
507	29
508	33
509	39
510	43
511	45
512	36
513	31
514	34
515	43
516	34
517	36
518	31
519	30
520	38
521	34
522	31
523	29
524	37
525	37
526	35
527	22
528	28
529	30
530	24
531	27
532	24
533	35
534	38
535	31
536	37
537	29
538	32
539	25
540	40
541	21
542	28
543	39
544	31
545	28
546	33
547	40
548	25
549	43
550	22
551	29
552	32
553	16
554	25
555	27
556	36
557	26
558	33
559	35
560	25
561	34
562	40
563	28
564	28
565	22
566	35
567	23
568	30
569	33
570	40
571	21
572	29
573	30
574	23
575	27
576	26
577	22
578	34
579	40
580	35
581	24
582	27
583	28
584	32
585	32
586	24
587	26
588	22
589	33
590	26
591	26
592	29
593	29
594	20
595	36
596	27
597	23
598	25
599	23
600	26
601	39
602	20
603	15
604	36
605	30
606	17
607	30
608	23
609	30
610	31
611	30
612	24
613	18
614	36
615	28
616	29
617	29
618	19
619	23
620	21
621	32
622	27
623	27
624	30
625	29
626	33
627	21
628	12
629	27
630	29
631	26
632	24
633	37
634	31
635	30
636	28
637	23
638	30
639	24
640	19
641	35
642	28
643	19
644	21
645	30
646	31
647	26
648	29
649	24
650	14
651	31
652	21
653	26
654	18
655	29
656	23
657	37
658	17
659	15
660	22
661	30
662	21
663	29
664	35
665	20
666	24
667	23
668	24
669	30
670	24
671	21
672	22
673	24
674	31
675	21
676	29
677	30
678	20
679	29
680	30
681	21
682	34
683	28
684	25
685	19
686	32
687	31
688	24
689	29
690	20
691	25
692	15
693	27
694	37
695	28
696	26
697	26
698	32
699	24
700	21
701	32
702	26
703	36
704	28
705	39
706	29
707	27
708	20
709	24
710	34
711	37
712	27
713	22
714	36
715	33
716	33
717	34
718	28
719	37
720	26
721	22
722	25
723	24
724	27
725	44
726	26
727	31
728	28
729	27
730	19
731	25
732	31
733	36
734	26
735	21
736	21
737	27
738	33
739	27
740	35
741	27
742	37
743	33
744	31
745	31
746	28
747	26
748	32
749	22
750	27
751	29
752	21
753	34
754	30
755	30
756	34
757	29
758	27
759	28
760	26
761	30
762	28
763	34
764	30
765	37
766	41
767	22
768	24
769	26
770	31
771	31
772	34
773	18
774	28
775	35
776	27
777	25
778	24
779	25
780	28
781	38
782	34
783	27
784	28
785	31
786	30
787	34
788	36
789	31
790	32
791	34
792	25
793	38
794	39
795	25
796	40
797	35
798	28
799	25
800	35
801	37
802	36
803	29
804	34
805	39
806	41
807	28
808	28
809	36
810	27
811	35
812	34
813	39
814	32
815	36
816	36
817	40
818	31
819	37
820	37
821	40
822	39
823	29
824	36
825	27
826	35
827	29
828	33
829	38
830	45
831	36
832	26
833	29
834	34
835	34
836	26
837	27
838	40
839	35
840	41
841	25
842	35
843	36
844	32
845	31
846	40
847	34
848	36
849	26
850	32
851	36
852	41
853	27
854	28
855	30
856	50
857	38
858	41
859	39
860	30
861	52
862	26
863	45
864	42
865	28
866	41
867	27
868	29
869	25
870	36
871	47
872	31
873	37
874	33
875	30
876	33
877	46
878	41
879	37
880	35
881	32
882	29
883	43
884	37
885	28
886	39
887	51
888	40
889	39
890	44
891	33
892	33
893	36
894	34
895	46
896	40
897	45
898	38
899	43
900	32
901	35
902	35
903	33
904	27
905	33
906	38
907	30
908	34
909	43
910	38
911	41
912	35
913	28
914	39
915	34
916	36
917	37
918	32
919	44
920	44
921	36
922	41
923	27
924	38
925	39
926	31
927	38
928	33
929	37
930	48
931	42
932	32
933	35
934	32
935	37
936	34
937	35
938	44
939	42
940	38
941	39
942	31
943	43
944	34
945	35
946	46
947	44
948	38
949	36
950	34
951	43
952	44
953	48
954	39
955	52
956	45
957	38
958	36
959	37
960	31
961	35
962	31
963	42
964	36
965	39
966	44
967	41
968	45
969	45
970	47
971	47
972	49
973	36
974	33
975	36
976	43
977	44
978	40
979	48
980	34
981	36
982	48
983	32
984	53
985	34
986	35
987	47
988	43
989	39
990	39
991	40
992	31
993	35
994	41
995	41
996	44
997	36
998	46
999	40
1000	30
1001	39
1002	34
1003	42
1004	52
1005	43
1006	40
1007	41
1008	31
1009	44
1010	39
1011	29
1012	41
1013	43
1014	37
1015	28
1016	34
1017	35
1018	42
1019	33
1020	37
1021	45
1022	34
1023	37
1024	35
1025	46
1026	41
1027	26
1028	37
1029	43
1030	35
1031	40
1032	41
1033	38
1034	44
1035	46
1036	45
1037	31
1038	41
1039	51
1040	36
1041	37
1042	26
1043	46
1044	40
1045	43
1046	36
1047	46
1048	33
1049	38
1050	42
1051	35
1052	33
1053	37
1054	46
1055	52
1056	50
1057	43
1058	42
1059	51
1060	37
1061	35
1062	42
1063	42
1064	34
1065	56
1066	43
1067	37
1068	50
1069	40
1070	50
1071	50
1072	40
1073	40
1074	35
1075	29
1076	46
1077	43
1078	48
1079	35
1080	31
1081	46
1082	31
1083	40
1084	33
1085	44
1086	44
1087	54
1088	35
1089	31
1090	57
1091	36
1092	35
1093	60
1094	50
1095	40
1096	45
1097	48
1098	45
1099	41
1100	40
1101	49
1102	33
1103	32
1104	44
1105	51
1106	30
1107	32
1108	33
1109	39
1110	51
1111	41
1112	39
1113	44
1114	39
1115	36
1116	35
1117	34
1118	49
1119	47
1120	46
1121	41
1122	45
1123	37
1124	40
1125	39
1126	41
1127	48
1128	47
1129	40
1130	37
1131	41
1132	31
1133	45
1134	39
1135	44
1136	39
1137	44
1138	43
1139	44
1140	38
1141	47
1142	39
1143	48
1144	62
1145	47
1146	33
1147	40
1148	45
1149	39
1150	43
1151	38
1152	39
1153	46
1154	49
1155	44
1156	41
1157	38
1158	35
1159	36
1160	40
1161	27
1162	44
1163	50
1164	46
1165	48
1166	45
1167	51
1168	38
1169	37
1170	44
1171	48
1172	43
1173	32
1174	36
1175	38
1176	37
1177	39
1178	42
1179	36
1180	44
1181	47
1182	42
1183	48
1184	50
1185	40
1186	43
1187	48
1188	39
1189	37
1190	47
1191	44
1192	44
1193	41
1194	43
1195	31
1196	40
1197	47
1198	50
1199	51
1200	36
1201	44
1202	38
1203	45
1204	48
1205	36
1206	46
1207	36
1208	57
1209	36
1210	39
1211	44
1212	45
1213	40
1214	42
1215	50
1216	44
1217	56
1218	32
1219	37
1220	43
1221	42
1222	45
1223	47
1224	50
1225	38
1226	42
1227	38
1228	44
1229	43
1230	44
1231	39
1232	43
1233	39
1234	37
1235	40
1236	50
1237	46
1238	58
1239	51
1240	35
1241	39
1242	51
1243	41
1244	48
1245	37
1246	47
1247	36
1248	45
1249	31
1250	35
1251	41
1252	64
1253	41
1254	38
1255	41
1256	38
1257	36
1258	45
1259	43
1260	39
1261	44
1262	46
1263	41
1264	42
1265	48
1266	56
1267	29
1268	33
1269	48
1270	46
1271	36
1272	42
1273	56
1274	40
1275	43
1276	53
1277	32
1278	46
1279	45
1280	37
1281	44
1282	43
1283	51
1284	36
1285	40
1286	32
1287	42
1288	52
1289	31
1290	49
1291	50
1292	49
1293	41
1294	44
1295	40
1296	47
1297	63
1298	50
1299	57
1300	55
1301	55
1302	45
1303	47
1304	44
1305	39
1306	43
1307	40
1308	48
1309	41
1310	43
1311	43
1312	51
1313	44
1314	51
1315	43
1316	42
1317	47
1318	53
1319	48
1320	47
1321	39
1322	47
1323	47
1324	36
1325	51
1326	57
1327	48
1328	41
1329	53
1330	46
1331	47
1332	42
1333	44
1334	38
1335	49
1336	52
1337	44
1338	49
1339	41
1340	43
1341	52
1342	41
1343	36
1344	51
1345	49
1346	47
1347	42
1348	46
1349	62
1350	38
1351	44
1352	46
1353	45
1354	45
1355	51
1356	52
1357	45
1358	45
1359	49
1360	49
1361	47
1362	30
1363	45
1364	44
1365	47
1366	35
1367	44
1368	37
1369	57
1370	42
1371	48
1372	53
1373	34
1374	49
1375	49
1376	35
1377	54
1378	48
1379	50
1380	38
1381	42
1382	64
1383	40
1384	46
1385	37
1386	63
1387	50
1388	55
1389	45
1390	54
1391	47
1392	43
1393	39
1394	53
1395	45
1396	47
1397	46
1398	42
1399	42
1400	55
1401	41
1402	28
1403	41
1404	40
1405	47
1406	48
1407	41
1408	45
1409	43
1410	44
1411	30
1412	44
1413	30
1414	39
1415	47
1416	36
1417	65
1418	38
1419	43
1420	50
1421	39
1422	55
1423	44
1424	36
1425	34
1426	41
1427	36
1428	40
1429	34
1430	37
1431	36
1432	51
1433	38
1434	52
1435	39
1436	30
1437	46
1438	45
1439	41
1440	26
1441	47
1442	33
1443	44
1444	39
1445	31
1446	35
1447	46
1448	44
1449	42
1450	41
1451	33
1452	41
1453	36
1454	38
1455	45
1456	40
1457	34
1458	43
1459	39
1460	49
1461	36
1462	32
1463	36
1464	34
1465	41
1466	30
1467	39
1468	32
1469	43
1470	37
1471	33
1472	44
1473	43
1474	47
1475	34
1476	49
1477	37
1478	35
1479	48
1480	38
1481	43
1482	36
1483	42
1484	39
1485	38
1486	35
1487	35
1488	38
1489	34
1490	36
1491	36
1492	32
1493	37
1494	46
1495	44
1496	31
1497	35
1498	34
1499	37
1500	39
1501	30
1502	54
1503	34
1504	42
1505	41
1506	37
1507	42
1508	39
1509	31
1510	38
1511	36
1512	35
1513	41
1514	38
1515	34
1516	34
1517	35
1518	40
1519	44
1520	36
1521	31
1522	35
1523	33
1524	21
1525	31
1526	28
1527	36
1528	38
1529	26
1530	47
1531	35
1532	43
1533	36
1534	39
1535	34
1536	37
1537	37
1538	39
1539	29
1540	29
1541	29
1542	34
1543	33
1544	42
1545	34
1546	35
1547	32
1548	39
1549	36
1550	29
1551	39
1552	43
1553	31
1554	36
1555	41
1556	38
1557	33
1558	31
1559	31
1560	34
1561	37
1562	27
1563	25
1564	34
1565	36
1566	26
1567	40
1568	27
1569	23
1570	36
1571	36
1572	34
1573	32
1574	30
1575	28
1576	40
1577	35
1578	40
1579	34
1580	41
1581	32
1582	35
1583	34
1584	28
1585	30
1586	32
1587	30
1588	39
1589	42
1590	29
1591	41
1592	43
1593	38
1594	39
1595	31
1596	36
1597	34
1598	38
1599	32
1600	29
1601	28
1602	29
1603	24
1604	33
1605	28
1606	24
1607	34
1608	35
1609	39
1610	31
1611	24
1612	29
1613	26
1614	32
1615	42
1616	36
1617	35
1618	35
1619	23
1620	35
1621	41
1622	30
1623	25
1624	31
1625	28
1626	28
1627	36
1628	36
1629	36
1630	27
1631	32
1632	36
1633	32
1634	23
1635	28
1636	28
1637	33
1638	36
1639	32
1640	28
1641	23
1642	22
1643	50
1644	33
1645	30
1646	24
1647	28
1648	37
1649	41
1650	33
1651	24
1652	37
1653	33
1654	33
1655	35
1656	35
1657	27
1658	36
1659	26
1660	23
1661	32
1662	26
1663	28
1664	35
1665	25
1666	33
1667	28
1668	27
1669	35
1670	41
1671	32
1672	18
1673	44
1674	21
1675	41
1676	45
1677	34
1678	31
1679	35
1680	35
1681	28
1682	39
1683	33
1684	28
1685	32
1686	34
1687	35
1688	33
1689	37
1690	31
1691	22
1692	36
1693	34
1694	37
1695	25
1696	25
1697	28
1698	41
1699	36
1700	36
1701	31
1702	33
1703	32
1704	23
1705	29
1706	36
1707	27
1708	35
1709	34
1710	28
1711	29
1712	33
1713	38
1714	31
1715	35
1716	34
1717	37
1718	37
1719	34
1720	35
1721	32
1722	34
1723	29
1724	28
1725	38
1726	26
1727	31
1728	26
1729	31
1730	21
1731	32
1732	29
1733	38
1734	35
1735	37
1736	53
1737	40
1738	33
1739	29
1740	38
1741	28
1742	29
1743	29
1744	23
1745	35
1746	31
1747	24
1748	38
1749	29
1750	25
1751	30
1752	31
1753	24
1754	36
1755	42
1756	32
1757	22
1758	28
1759	28
1760	38
1761	37
1762	47
1763	39
1764	34
1765	46
1766	33
1767	36
1768	40
1769	35
1770	35
1771	37
1772	45
1773	33
1774	37
1775	34
1776	34
1777	48
1778	29
1779	35
1780	37
1781	31
1782	26
1783	37
1784	42
1785	24
1786	39
1787	44
1788	35
1789	42
1790	34
1791	38
1792	35
1793	32
1794	37
1795	34
1796	33
1797	38
1798	37
1799	37
1800	36
1801	40
1802	41
1803	44
1804	46
1805	40
1806	35
1807	42
1808	35
1809	40
1810	42
1811	40
1812	47
1813	45
1814	42
1815	49
1816	32
1817	44
1818	53
1819	40
1820	49
1821	49
1822	36
1823	44
1824	35
1825	40
1826	40
1827	35
1828	33
1829	41
1830	48
1831	41
1832	37
1833	35
1834	44
1835	40
1836	56
1837	43
1838	45
1839	50
1840	38
1841	50
1842	50
1843	47
1844	44
1845	40
1846	53
1847	37
1848	40
1849	38
1850	44
1851	47
1852	39
1853	43
1854	31
1855	42
1856	30
1857	47
1858	46
1859	46
1860	35
1861	29
1862	43
1863	55
1864	38
1865	42
1866	41
1867	51
1868	46
1869	46
1870	58
1871	51
1872	52
1873	52
1874	43
1875	42
1876	41
1877	33
1878	47
1879	48
1880	50
1881	47
1882	37
1883	43
1884	42
1885	55
1886	48
1887	40
1888	46
1889	41
1890	48
1891	40
1892	43
1893	44
1894	46
1895	47
1896	52
1897	52
1898	41
1899	47
1900	32
1901	43
1902	44
1903	42
1904	50
1905	45
1906	49
1907	49
1908	44
1909	51
1910	46
1911	50
1912	53
1913	40
1914	43
1915	41
1916	47
1917	54
1918	46
1919	36
1920	49
1921	48
1922	36
1923	43
1924	38
1925	45
1926	44
1927	48
1928	40
1929	47
1930	45
1931	36
1932	53
1933	34
1934	46
1935	52
1936	49
1937	41
1938	56
1939	33
1940	40
1941	48
1942	55
1943	43
1944	39
1945	44
1946	47
1947	53
1948	50
1949	43
1950	49
1951	45
1952	34
1953	55
1954	33
1955	38
1956	45
1957	50
1958	50
1959	50
1960	42
1961	35
1962	37
1963	40
1964	35
1965	46
1966	39
1967	54
1968	36
1969	43
1970	25
1971	53
1972	49
1973	48
1974	45
1975	39
1976	40
1977	53
1978	48
1979	40
1980	45
1981	45
1982	38
1983	37
1984	49
1985	43
1986	22
1987	50
1988	44
1989	47
1990	31
1991	47
1992	50
1993	46
1994	46
1995	44
1996	39
1997	44
1998	54
1999	36
2000	39
2001	33
2002	42
2003	67
2004	36
2005	45
2006	47
2007	35
2008	42
2009	38
2010	35
2011	49
2012	38
2013	31
2014	50
2015	45
2016	34
2017	33
2018	56
2019	46
2020	45
2021	28
2022	45
2023	33
2024	39
2025	42
2026	35
2027	47
2028	36
2029	49
2030	37
2031	38
2032	39
2033	43
2034	47
2035	47
2036	32
2037	28
2038	34
2039	35
2040	35
2041	27
2042	43
2043	24
2044	45
2045	38
2046	37
2047	38
2048	52
2049	41
2050	49
2051	42
2052	41
2053	42
2054	32
2055	34
2056	33
2057	33
2058	47
2059	38
2060	39
2061	34
2062	30
2063	30
2064	19
2065	36
2066	38
2067	43
2068	28
2069	29
2070	34
2071	35
2072	35
2073	30
2074	37
2075	40
2076	31
2077	21
2078	38
2079	36
2080	24
2081	26
2082	39
2083	32
2084	22
2085	39
2086	22
2087	32
2088	34
2089	37
2090	42
2091	30
2092	37
2093	26
2094	28
2095	37
2096	25
2097	28
2098	41
2099	27
2100	31
2101	34
2102	41
2103	29
2104	26
2105	30
2106	26
2107	32
2108	33
2109	28
2110	26
2111	30
2112	32
2113	19
2114	28
2115	32
2116	29
2117	21
2118	36
2119	28
2120	29
2121	31
2122	30
2123	25
2124	19
2125	27
2126	30
2127	28
2128	25
2129	27
2130	27
2131	22
2132	26
2133	29
2134	21
2135	28
2136	29
2137	32
2138	36
2139	24
2140	25
2141	27
2142	27
2143	23
2144	20
2145	20
2146	29
2147	23
2148	27
2149	29
2150	25
2151	21
2152	31
2153	30
2154	28
2155	28
2156	29
2157	14
2158	20
2159	32
2160	23
2161	29
2162	25
2163	29
2164	28
2165	22
2166	24
2167	27
2168	21
2169	27
2170	26
2171	23
2172	18
2173	23
2174	26
2175	25
2176	24
2177	21
2178	39
2179	22
2180	23
2181	25
2182	22
2183	22
2184	22
2185	25
2186	27
2187	33
2188	13
2189	22
2190	28
2191	18
2192	16
2193	29
2194	17
2195	18
2196	32
2197	27
2198	18
2199	28
2200	16
2201	15
2202	31
2203	24
2204	25
2205	21
2206	16
2207	19
2208	28
2209	26
2210	22
2211	25
2212	17
2213	22
2214	19
2215	28
2216	26
2217	29
2218	20
2219	17
2220	12
2221	17
2222	16
2223	27
2224	25
2225	14
2226	31
2227	21
2228	16
2229	17
2230	15
2231	19
2232	23
2233	14
2234	23
2235	17
2236	29
2237	22
2238	22
2239	24
2240	21
2241	16
2242	24
2243	29
2244	23
2245	23
2246	20
2247	30
2248	21
2249	16
2250	22
2251	29
2252	19
2253	29
2254	19
2255	29
2256	25
2257	19
2258	17
2259	21
2260	25
2261	21
2262	33
2263	26
2264	20
2265	26
2266	14
2267	32
2268	14
2269	23
2270	18
2271	14
2272	22
2273	22
2274	22
2275	17
2276	20
2277	24
2278	23
2279	18
2280	28
2281	13
2282	24
2283	23
2284	20
2285	23
2286	19
2287	18
2288	22
2289	20
2290	18
2291	17
2292	20
2293	20
2294	23
2295	19
2296	21
2297	19
2298	15
2299	16
2300	20
2301	14
2302	19
2303	22
2304	23
2305	12
2306	14
2307	16
2308	21
2309	29
2310	18
2311	19
2312	15
2313	14
2314	20
2315	20
2316	18
2317	16
2318	18
2319	19
2320	20
2321	15
2322	20
2323	20
2324	21
2325	15
2326	18
2327	16
2328	26
2329	21
2330	20
2331	24
2332	13
2333	19
2334	19
2335	19
2336	22
2337	12
2338	19
2339	18
2340	22
2341	26
2342	20
2343	19
2344	20
2345	20
2346	15
2347	14
2348	16
2349	23
2350	22
2351	16
2352	17
2353	22
2354	21
2355	9
2356	19
2357	17
2358	21
2359	16
2360	25
2361	25
2362	23
2363	14
2364	22
2365	27
2366	18
2367	24
2368	21
2369	16
2370	28
2371	25
2372	17
2373	17
2374	15
2375	20
2376	22
2377	23
2378	34
2379	8
2380	16
2381	22
2382	18
2383	16
2384	13
2385	15
2386	14
2387	23
2388	20
2389	23
2390	16
2391	21
2392	14
2393	13
2394	21
2395	14
2396	13
2397	14
2398	18
2399	17
2400	12
2401	21
2402	12
2403	20
2404	20
2405	21
2406	21
2407	19
2408	12
2409	15
2410	18
2411	22
2412	23
2413	17
2414	27
2415	21
2416	23
2417	24
2418	22
2419	20
2420	14
2421	17
2422	20
2423	22
2424	14
2425	16
2426	18
2427	16
2428	19
2429	10
2430	26
2431	23
2432	14
2433	16
2434	13
2435	10
2436	16
2437	26
2438	21
2439	16
2440	17
2441	26
2442	18
2443	16
2444	23
2445	21
2446	18
2447	14
2448	28
2449	18
2450	20
2451	14
2452	25
2453	20
2454	16
2455	15
2456	16
2457	18
2458	20
2459	18
2460	21
2461	20
2462	17
2463	23
2464	25
2465	17
2466	21
2467	18
2468	20
2469	22
2470	20
2471	15
2472	17
2473	17
2474	10
2475	18
2476	26
2477	22
2478	20
2479	23
2480	17
2481	25
2482	19
2483	11
2484	14
2485	23
2486	22
2487	22
2488	11
2489	24
2490	18
2491	16
2492	15
2493	9
2494	14
2495	20
2496	15
2497	19
2498	16
2499	15
2500	20
2501	16
2502	15
2503	23
2504	21
2505	22
2506	18
2507	19
2508	14
2509	20
2510	16
2511	15
2512	12
2513	12
2514	12
2515	13
2516	20
2517	22
2518	18
2519	16
2520	22
2521	16
2522	21
2523	20
2524	17
2525	12
2526	19
2527	15
2528	14
2529	18
2530	24
2531	13
2532	22
2533	18
2534	21
2535	20
2536	20
2537	20
2538	15
2539	28
2540	14
2541	17
2542	24
2543	20
2544	18
2545	14
2546	17
2547	18
2548	13
2549	19
2550	20
2551	14
2552	14
2553	23
2554	12
2555	19
2556	23
2557	17
2558	11
2559	23
2560	18
2561	17
2562	23
2563	24
2564	11
2565	17
2566	15
2567	18
2568	12
2569	19
2570	13
2571	18
2572	17
2573	21
2574	8
2575	24
2576	15
2577	16
2578	22
2579	10
2580	16
2581	15
2582	15
2583	13
2584	11
2585	19
2586	7
2587	17
2588	18
2589	15
2590	9
2591	20
2592	20
2593	14
2594	19
2595	15
2596	23
2597	17
2598	16
2599	15
2600	16
2601	7
2602	19
2603	14
2604	14
2605	19
2606	17
2607	13
2608	16
2609	17
2610	17
2611	12
2612	19
2613	19
2614	18
2615	20
2616	15
2617	15
2618	20
2619	15
2620	19
2621	21
2622	18
2623	16
2624	16
2625	13
2626	12
2627	18
2628	19
2629	17
2630	16
2631	10
2632	13
2633	17
2634	19
2635	17
2636	15
2637	15
2638	21
2639	14
2640	14
2641	21
2642	24
2643	18
2644	23
2645	12
2646	18
2647	12
2648	16
2649	22
2650	17
2651	22
2652	16
2653	16
2654	19
2655	13
2656	22
2657	16
2658	22
2659	17
2660	19
2661	23
2662	21
2663	10
2664	18
2665	16
2666	7
2667	15
2668	19
2669	12
2670	32
2671	12
2672	16
2673	13
2674	12
2675	13
2676	13
2677	11
2678	10
2679	15
2680	21
2681	20
2682	23
2683	20
2684	14
2685	17
2686	18
2687	8
2688	19
2689	15
2690	13
2691	12
2692	13
2693	12
2694	23
2695	15
2696	17
2697	19
2698	17
2699	19
2700	19
2701	26
2702	12
2703	11
2704	16
2705	18
2706	19
2707	13
2708	14
2709	16
2710	14
2711	20
2712	16
2713	12
2714	30
2715	24
2716	19
2717	21
2718	20
2719	14
2720	18
2721	18
2722	18
2723	9
2724	19
2725	17
2726	8
2727	11
2728	13
2729	19
2730	13
2731	22
2732	15
2733	15
2734	14
2735	14
2736	10
2737	18
2738	17
2739	14
2740	12
2741	19
2742	20
2743	15
2744	17
2745	18
2746	21
2747	13
2748	14
2749	20
2750	11
2751	7
2752	14
2753	14
2754	15
2755	18
2756	15
2757	17
2758	14
2759	13
2760	13
2761	15
2762	10
2763	10
2764	12
2765	18
2766	12
2767	20
2768	19
2769	11
2770	18
2771	13
2772	17
2773	15
2774	10
2775	22
2776	18
2777	13
2778	15
2779	16
2780	15
2781	12
2782	13
2783	21
2784	13
2785	19
2786	15
2787	23
2788	11
2789	11
2790	13
2791	19
2792	10
2793	16
2794	11
2795	13
2796	14
2797	13
2798	10
2799	18
2800	10
2801	17
2802	24
2803	19
2804	15
2805	10
2806	15
2807	14
2808	16
2809	22
2810	9
2811	18
2812	16
2813	12
2814	12
2815	22
2816	14
2817	6
2818	11
2819	13
2820	15
2821	14
2822	24
2823	18
2824	13
2825	14
2826	16
2827	12
2828	10
2829	15
2830	12
2831	16
2832	20
2833	11
2834	12
2835	19
2836	13
2837	18
2838	15
2839	20
2840	14
2841	11
2842	13
2843	14
2844	10
2845	15
2846	14
2847	16
2848	12
2849	17
2850	20
2851	19
2852	14
2853	18
2854	15
2855	15
2856	18
2857	17
2858	13
2859	19
2860	12
2861	24
2862	11
2863	16
2864	10
2865	9
2866	11
2867	12
2868	17
2869	10
2870	18
2871	14
2872	15
2873	12
2874	10
2875	17
2876	9
2877	18
2878	17
2879	10
2880	17
2881	13
2882	17
2883	11
2884	17
2885	14
2886	15
2887	15
2888	10
2889	16
2890	10
2891	11
2892	18
2893	15
2894	19
2895	12
2896	17
2897	13
2898	14
2899	15
2900	16
2901	8
2902	15
2903	13
2904	15
2905	15
2906	15
2907	9
2908	15
2909	13
2910	16
2911	11
2912	13
2913	14
2914	13
2915	20
2916	13
2917	6
2918	11
2919	11
2920	7
2921	10
2922	20
2923	14
2924	18
2925	16
2926	11
2927	10
2928	11
2929	21
2930	15
2931	14
2932	14
2933	11
2934	12
2935	12
2936	15
2937	16
2938	13
2939	11
2940	16
2941	13
2942	7
2943	8
2944	10
2945	15
2946	10
2947	18
2948	14
2949	16
2950	22
2951	21
2952	13
2953	18
2954	15
2955	9
2956	17
2957	16
2958	10
2959	19
2960	7
2961	8
2962	13
2963	23
2964	16
2965	16
2966	10
2967	10
2968	13
2969	10
2970	11
2971	9
2972	13
2973	11
2974	17
2975	25
2976	12
2977	20
2978	13
2979	8
2980	12
2981	14
2982	18
2983	14
2984	12
2985	10
2986	23
2987	17
2988	5
2989	9
2990	19
2991	15
2992	16
2993	17
2994	13
2995	17
2996	20
2997	17
2998	11
2999	12
3000	16
3001	11
3002	7
3003	18
3004	6
3005	16
3006	11
3007	14
3008	15
3009	9
3010	20
3011	10
3012	23
3013	21
3014	18
3015	21
3016	15
3017	7
3018	13
3019	13
3020	18
3021	18
3022	18
3023	17
3024	9
3025	22
3026	18
3027	7
3028	17
3029	12
3030	16
3031	12
3032	14
3033	18
3034	11
3035	9
3036	10
3037	13
3038	17
3039	18
3040	8
3041	19
3042	11
3043	21
3044	14
3045	11
3046	21
3047	23
3048	21
3049	12
3050	13
3051	17
3052	12
3053	12
3054	9
3055	15
3056	15
3057	10
3058	15
3059	20
3060	16
3061	17
3062	6
3063	13
3064	18
3065	11
3066	14
3067	18
3068	16
3069	17
3070	15
3071	16
3072	13
3073	5
3074	15
3075	18
3076	12
3077	15
3078	17
3079	8
3080	16
3081	12
3082	14
3083	15
3084	10
3085	21
3086	10
3087	13
3088	16
3089	15
3090	17
3091	7
3092	15
3093	15
3094	16
3095	9
3096	16
3097	14
3098	10
3099	15
3100	17
3101	18
3102	23
3103	12
3104	15
3105	15
3106	16
3107	13
3108	17
3109	12
3110	13
3111	15
3112	10
3113	19
3114	22
3115	12
3116	9
3117	13
3118	9
3119	15
3120	13
3121	13
3122	14
3123	9
3124	11
3125	13
3126	13
3127	12
3128	16
3129	12
3130	17
3131	17
3132	12
3133	17
3134	9
3135	12
3136	12
3137	11
3138	19
3139	8
3140	10
3141	10
3142	13
3143	8
3144	10
3145	14
3146	17
3147	15
3148	22
3149	13
3150	13
3151	11
3152	14
3153	12
3154	10
3155	10
3156	7
3157	19
3158	10
3159	16
3160	12
3161	15
3162	11
3163	16
3164	11
3165	9
3166	10
3167	20
3168	12
3169	10
3170	15
3171	14
3172	16
3173	11
3174	19
3175	16
3176	22
3177	11
3178	9
3179	14
3180	9
3181	14
3182	15
3183	14
3184	12
3185	16
3186	16
3187	12
3188	8
3189	15
3190	12
3191	16
3192	12
3193	13
3194	16
3195	16
3196	15
3197	10
3198	17
3199	13
3200	11
3201	12
3202	16
3203	8
3204	8
3205	14
3206	9
3207	12
3208	11
3209	18
3210	8
3211	18
3212	12
3213	19
3214	7
3215	10
3216	7
3217	10
3218	10
3219	8
3220	8
3221	16
3222	10
3223	8
3224	20
3225	14
3226	11
3227	12
3228	6
3229	14
3230	8
3231	11
3232	15
3233	23
3234	13
3235	16
3236	13
3237	7
3238	18
3239	17
3240	9
3241	17
3242	11
3243	18
3244	14
3245	10
3246	9
3247	16
3248	15
3249	17
3250	21
3251	6
3252	11
3253	14
3254	11
3255	16
3256	17
3257	17
3258	21
3259	11
3260	15
3261	17
3262	15
3263	18
3264	16
3265	9
3266	20
3267	12
3268	12
3269	11
3270	13
3271	12
3272	13
3273	13
3274	12
3275	15
3276	13
3277	9
3278	19
3279	9
3280	10
3281	12
3282	14
3283	15
3284	12
3285	8
3286	16
3287	13
3288	13
3289	10
3290	14
3291	13
3292	14
3293	11
3294	13
3295	8
3296	14
3297	20
3298	16
3299	22
3300	16
3301	10
3302	17
3303	10
3304	16
3305	12
3306	13
3307	9
3308	11
3309	13
3310	16
3311	10
3312	8
3313	16
3314	14
3315	15
3316	7
3317	12
3318	13
3319	15
3320	9
3321	9
3322	12
3323	20
3324	21
3325	11
3326	14
3327	14
3328	6
3329	16
3330	14
3331	10
3332	15
3333	9
3334	16
3335	16
3336	18
3337	12
3338	10
3339	15
3340	9
3341	10
3342	16
3343	17
3344	15
3345	14
3346	17
3347	17
3348	13
3349	13
3350	17
3351	11
3352	14
3353	15
3354	13
3355	15
3356	16
3357	13
3358	16
3359	14
3360	17
3361	13
3362	15
3363	10
3364	3
3365	16
3366	17
3367	15
3368	14
3369	20
3370	12
3371	18
3372	14
3373	9
3374	14
3375	12
3376	11
3377	11
3378	12
3379	15
3380	13
3381	20
3382	15
3383	13
3384	15
3385	13
3386	18
3387	14
3388	21
3389	14
3390	15
3391	12
3392	12
3393	15
3394	13
3395	16
3396	11
3397	10
3398	18
3399	17
3400	17
3401	17
3402	18
3403	9
3404	13
3405	8
3406	17
3407	14
3408	11
3409	14
3410	10
3411	17
3412	10
3413	16
3414	15
3415	16
3416	13
3417	5
3418	16
3419	19
3420	8
3421	16
3422	11
3423	19
3424	14
3425	9
3426	10
3427	9
3428	19
3429	17
3430	10
3431	16
3432	14
3433	10
3434	6
3435	10
3436	14
3437	16
3438	12
3439	13
3440	13
3441	15
3442	17
3443	13
3444	8
3445	18
3446	12
3447	11
3448	14
3449	17
3450	10
3451	15
3452	15
3453	9
3454	11
3455	16
3456	12
3457	12
3458	7
3459	9
3460	20
3461	15
3462	19
3463	8
3464	15
3465	17
3466	14
3467	18
3468	8
3469	6
3470	22
3471	16
3472	12
3473	16
3474	9
3475	22
3476	11
3477	11
3478	12
3479	14
3480	12
3481	17
3482	20
3483	22
3484	20
3485	14
3486	11
3487	12
3488	6
3489	11
3490	12
3491	10
3492	18
3493	13
3494	12
3495	12
3496	10
3497	18
3498	12
3499	13
3500	9
3501	14
3502	8
3503	7
3504	15
3505	12
3506	18
3507	24
3508	7
3509	21
3510	9
3511	10
3512	11
3513	18
3514	7
3515	12
3516	16
3517	17
3518	17
3519	11
3520	13
3521	14
3522	19
3523	6
3524	10
3525	16
3526	16
3527	12
3528	17
3529	15
3530	8
3531	8
3532	13
3533	10
3534	12
3535	15
3536	15
3537	7
3538	9
3539	10
3540	20
3541	15
3542	13
3543	10
3544	12
3545	13
3546	10
3547	9
3548	7
3549	13
3550	14
3551	15
3552	16
3553	14
3554	19
3555	12
3556	9
3557	11
3558	11
3559	14
3560	17
3561	19
3562	12
3563	11
3564	12
3565	16
3566	18
3567	13
3568	13
3569	16
3570	14
3571	10
3572	8
3573	15
3574	17
3575	13
3576	12
3577	17
3578	6
3579	11
3580	12
3581	19
3582	12
3583	8
3584	10
3585	17
3586	12
3587	19
3588	17
3589	12
3590	7
3591	12
3592	15
3593	19
3594	11
3595	13
3596	13
3597	14
3598	11
3599	10
3600	10
3601	15
3602	10
3603	12
3604	13
3605	11
3606	12
3607	15
3608	13
3609	19
3610	16
3611	9
3612	12
3613	15
3614	12
3615	10
3616	11
3617	21
3618	16
3619	18
3620	15
3621	9
3622	12
3623	16
3624	12
3625	16
3626	23
3627	9
3628	17
3629	16
3630	16
3631	20
3632	15
3633	13
3634	13
3635	11
3636	19
3637	13
3638	7
3639	7
3640	11
3641	21
3642	14
3643	6
3644	11
3645	10
3646	18
3647	18
3648	12
3649	14
3650	18
3651	16
3652	12
3653	14
3654	7
3655	16
3656	8
3657	14
3658	15
3659	14
3660	15
3661	14
3662	17
3663	18
3664	9
3665	12
3666	13
3667	16
3668	18
3669	16
3670	13
3671	13
3672	13
3673	11
3674	11
3675	13
3676	17
3677	15
3678	13
3679	19
3680	15
3681	16
3682	11
3683	14
3684	13
3685	23
3686	9
3687	18
3688	12
3689	11
3690	15
3691	10
3692	12
3693	10
3694	12
3695	14
3696	15
3697	13
3698	17
3699	13
3700	15
3701	14
3702	15
3703	16
3704	8
3705	21
3706	19
3707	15
3708	7
3709	9
3710	16
3711	16
3712	16
3713	7
3714	16
3715	10
3716	10
3717	10
3718	15
3719	10
3720	11
3721	11
3722	20
3723	19
3724	13
3725	10
3726	15
3727	14
3728	15
3729	8
3730	17
3731	11
3732	12
3733	9
3734	18
3735	13
3736	16
3737	20
3738	15
3739	14
3740	14
3741	11
3742	11
3743	10
3744	21
3745	23
3746	7
3747	13
3748	9
3749	12
3750	18
3751	23
3752	22
3753	15
3754	13
3755	6
3756	14
3757	13
3758	15
3759	12
3760	9
3761	20
3762	18
3763	14
3764	7
3765	19
3766	12
3767	22
3768	14
3769	12
3770	8
3771	24
3772	5
3773	19
3774	16
3775	14
3776	13
3777	9
3778	12
3779	22
3780	16
3781	16
3782	13
3783	14
3784	13
3785	15
3786	14
3787	16
3788	15
3789	13
3790	15
3791	20
3792	18
3793	17
3794	16
3795	20
3796	13
3797	12
3798	19
3799	18
3800	11
3801	17
3802	16
3803	22
3804	14
3805	15
3806	11
3807	17
3808	15
3809	12
3810	14
3811	13
3812	18
3813	12
3814	19
3815	15
3816	14
3817	15
3818	16
3819	6
3820	10
3821	14
3822	14
3823	14
3824	14
3825	11
3826	15
3827	21
3828	11
3829	23
3830	14
3831	17
3832	14
3833	12
3834	13
3835	18
3836	21
3837	13
3838	19
3839	18
3840	23
3841	21
3842	10
3843	17
3844	19
3845	24
3846	8
3847	22
3848	18
3849	18
3850	17
3851	16
3852	16
3853	15
3854	18
3855	23
3856	17
3857	21
3858	19
3859	11
3860	11
3861	20
3862	25
3863	15
3864	19
3865	16
3866	14
3867	13
3868	23
3869	20
3870	11
3871	19
3872	16
3873	12
3874	15
3875	18
3876	12
3877	15
3878	15
3879	23
3880	23
3881	13
3882	18
3883	9
3884	21
3885	19
3886	15
3887	14
3888	12
3889	24
3890	24
3891	25
3892	22
3893	29
3894	18
3895	17
3896	24
3897	16
3898	14
3899	20
3900	19
3901	17
3902	19
3903	26
3904	25
3905	19
3906	25
3907	19
3908	23
3909	28
3910	16
3911	30
3912	17
3913	17
3914	18
3915	21
3916	18
3917	17
3918	14
3919	29
3920	22
3921	17
3922	21
3923	17
3924	20
3925	18
3926	23
3927	19
3928	32
3929	20
3930	21
3931	12
3932	19
3933	18
3934	19
3935	23
3936	19
3937	22
3938	15
3939	17
3940	28
3941	27
3942	17
3943	19
3944	21
3945	18
3946	19
3947	24
3948	20
3949	20
3950	22
3951	34
3952	27
3953	23
3954	18
3955	27
3956	23
3957	19
3958	24
3959	19
3960	21
3961	18
3962	25
3963	21
3964	24
3965	29
3966	20
3967	26
3968	23
3969	24
3970	27
3971	22
3972	26
3973	21
3974	24
3975	25
3976	21
3977	26
3978	21
3979	25
3980	34
3981	19
3982	20
3983	25
3984	28
3985	36
3986	33
3987	27
3988	14
3989	26
3990	21
3991	23
3992	17
3993	28
3994	32
3995	36
3996	22
3997	28
3998	25
3999	25
4000	27
4001	18
4002	31
4003	28
4004	19
4005	24
4006	28
4007	18
4008	34
4009	26
4010	33
4011	34
4012	26
4013	25
4014	30
4015	25
4016	29
4017	17
4018	17
4019	22
4020	29
4021	26
4022	22
4023	22
4024	24
4025	28
4026	29
4027	29
4028	29
4029	17
4030	28
4031	24
4032	27
4033	26
4034	32
4035	23
4036	29
4037	22
4038	26
4039	15
4040	23
4041	28
4042	20
4043	26
4044	26
4045	24
4046	28
4047	23
4048	27
4049	20
4050	29
4051	24
4052	30
4053	33
4054	22
4055	26
4056	24
4057	21
4058	25
4059	27
4060	13
4061	28
4062	31
4063	31
4064	27
4065	26
4066	25
4067	25
4068	26
4069	21
4070	28
4071	30
4072	32
4073	32
4074	25
4075	26
4076	19
4077	29
4078	23
4079	30
4080	31
4081	24
4082	18
4083	25
4084	33
4085	26
4086	27
4087	29
4088	28
4089	33
4090	22
4091	33
4092	22
4093	27
4094	27
4095	22
4096	24
4097	23
4098	28
4099	15
4100	22
4101	24
4102	30
4103	30
4104	24
4105	22
4106	26
4107	23
4108	23
4109	23
4110	18
4111	27
4112	27
4113	29
4114	25
4115	21
4116	27
4117	25
4118	22
4119	30
4120	25
4121	27
4122	25
4123	26
4124	20
4125	16
4126	26
4127	19
4128	27
4129	29
4130	31
4131	25
4132	25
4133	28
4134	29
4135	23
4136	24
4137	25
4138	28
4139	23
4140	22
4141	28
4142	23
4143	19
4144	25
4145	28
4146	17
4147	20
4148	21
4149	29
4150	18
4151	20
4152	27
4153	31
4154	26
4155	16
4156	25
4157	27
4158	24
4159	20
4160	25
4161	27
4162	19
4163	21
4164	16
4165	25
4166	20
4167	25
4168	20
4169	25
4170	20
4171	23
4172	18
4173	30
4174	26
4175	30
4176	21
4177	25
4178	21
4179	22
4180	28
4181	22
4182	27
4183	22
4184	29
4185	16
4186	21
4187	19
4188	12
4189	20
4190	17
4191	20
4192	20
4193	19
4194	20
4195	28
4196	19
4197	15
4198	20
4199	17
4200	24
4201	19
4202	19
4203	21
4204	20
4205	17
4206	16
4207	20
4208	13
4209	19
4210	20
4211	17
4212	24
4213	21
4214	18
4215	23
4216	20
4217	19
4218	17
4219	19
4220	10
4221	21
4222	17
4223	18
4224	9
4225	29
4226	13
4227	14
4228	14
4229	21
4230	22
4231	18
4232	10
4233	8
4234	11
4235	17
4236	12
4237	19
4238	9
4239	14
4240	8
4241	8
4242	21
4243	13
4244	14
4245	10
4246	11
4247	13
4248	13
4249	16
4250	10
4251	10
4252	18
4253	12
4254	9
4255	15
4256	12
4257	14
4258	8
4259	15
4260	8
4261	7
4262	11
4263	7
4264	13
4265	8
4266	14
4267	11
4268	6
4269	14
4270	8
4271	13
4272	16
4273	8
4274	6
4275	9
4276	4
4277	3
4278	7
4279	14
4280	11
4281	8
4282	8
4283	15
4284	7
4285	7
4286	10
4287	12
4288	4
4289	9
4290	12
4291	7
4292	6
4293	11
4294	11
4295	13
4296	10
4297	7
4298	7
4299	5
4300	10
4301	6
4302	6
4303	9
4304	9
4305	6
4306	6
4307	7
4308	10
4309	2
4310	6
4311	11
4312	4
4313	5
4314	10
4315	3
4316	9
4317	3
4318	6
4319	9
4320	7
4321	5
4322	5
4323	6
4324	6
4325	8
4326	6
4327	4
4328	10
4329	10
4330	7
4331	6
4332	3
4333	8
4334	3
4335	7
4336	8
4337	3
4338	3
4339	4
4340	6
4341	5
4342	6
4343	1
4344	5
4345	2
4346	4
4347	5
4348	5
4349	1
4350	2
4351	1
4352	4
4353	3
4354	4
4355	8
4356	2
4357	6
4358	6
4359	9
4360	12
4361	1
4362	5
4363	2
4364	5
4365	2
4366	2
4367	3
4368	4
4369	3
4370	2
4371	5
4372	0
4373	3
4374	2
4375	1
4376	2
4377	3
4378	6
4379	3
4380	3
4381	2
4382	4
4383	3
4384	5
4385	1
4386	5
4387	1
4388	0
4389	2
4390	2
4391	1
4392	2
4393	3
4394	1
4395	4
4396	3
4397	0
4398	3
4399	2
4400	3
4401	1
4402	0
4403	3
4404	2
4405	3
4406	4
4407	3
4408	2
4409	4
4410	1
4411	4
4412	3
4413	1
4414	3
4415	2
4416	3
4417	1
4418	2
4419	3
4420	0
4421	2
4422	2
4423	3
4424	2
4425	2
4426	1
4427	1
4428	2
4429	0
4430	0
4431	1
4432	1
4433	0
4434	1
4435	2
4436	2
4437	1
4438	1
4439	3
4440	4
4441	2
4442	0
4443	0
4444	0
4445	1
4446	0
4447	0
4448	1
4449	1
4450	2
4451	0
4452	1
4453	0
4454	1
4455	1
4456	2
4457	5
4458	2
4459	3
4460	2
4461	1
4462	0
4463	0
4464	0
4465	1
4466	1
4467	0
4468	2
4469	1
4470	2
4471	1
4472	2
4473	1
4474	0
4475	2
4476	2
4477	0
4478	0
4479	2
4480	0
4481	2
4482	2
4483	0
4484	4
4485	3
4486	1
4487	1
4488	1
4489	0
4490	3
4491	3
4492	2
4493	2
4494	1
4495	2
4496	0
4497	1
4498	1
4499	1
4500	1
4501	1
4502	2
4503	0
4504	2
4505	1
4506	1
4507	3
4508	3
4509	0
4510	0
4511	0
4512	0
4513	2
4514	0
4515	0
4516	0
4517	1
4518	0
4519	1
4520	2
4521	1
4522	2
4523	1
4524	0
4525	0
4526	1
4527	1
4528	0
4529	0
4530	2
4531	2
4532	1
4533	3
4534	2
4535	0
4536	2
4537	0
4538	1
4539	1
4540	2
4541	2
4542	3
4543	0
4544	1
4545	0
4546	0
4547	3
4548	1
4549	0
4550	1
4551	0
4552	0
4553	0
4554	1
4555	2
4556	0
4557	0
4558	3
4559	0
4560	2
4561	1
4562	0
4563	2
4564	0
4565	4
4566	2
4567	0
4568	0
4569	0
4570	1
4571	2
4572	0
4573	4
4574	0
4575	2
4576	1
4577	1
4578	2
4579	0
4580	2
4581	2
4582	2
4583	2
4584	0
4585	0
4586	0
4587	0
4588	4
4589	1
4590	2
4591	0
4592	0
4593	1
4594	2
4595	1
4596	1
4597	1
4598	0
4599	0
4600	0
4601	1
4602	0
4603	0
4604	0
4605	0
4606	3
4607	0
4608	1
4609	0
4610	0
4611	0
4612	0
4613	1
4614	2
4615	2
4616	1
4617	1
4618	0
4619	1
4620	1
4621	0
4622	1
4623	0
4624	2
4625	0
4626	2
4627	0
4628	2
4629	1
4630	0
4631	1
4632	0
4633	3
4634	0
4635	0
4636	1
4637	0
4638	1
4639	1
4640	2
4641	1
4642	0
4643	0
4644	0
4645	0
4646	0
4647	2
4648	0
4649	2
4650	2
4651	0
4652	3
4653	0
4654	1
4655	1
4656	0
4657	3
4658	1
4659	0
4660	1
4661	1
4662	1
4663	2
4664	0
4665	0
4666	1
4667	1
4668	1
4669	1
4670	1
4671	2
4672	0
4673	0
4674	0
4675	0
4676	0
4677	1
4678	1
4679	1
4680	2
4681	0
4682	1
4683	1
4684	1
4685	1
4686	1
4687	1
4688	0
4689	0
4690	1
4691	1
4692	2
4693	3
4694	3
4695	0
4696	0
4697	0
4698	0
4699	1
4700	1
4701	0
4702	0
4703	3
4704	1
4705	0
4706	1
4707	0
4708	0
4709	0
4710	0
4711	2
4712	2
4713	1
4714	0
4715	0
4716	1
4717	0
4718	3
4719	0
4720	0
4721	0
4722	2
4723	0
4724	0
4725	1
4726	2
4727	0
4728	1
4729	0
4730	0
4731	0
4732	0
4733	1
4734	0
4735	0
4736	0
4737	1
4738	5
4739	0
4740	1
4741	2
4742	0
4743	2
4744	2
4745	0
4746	1
4747	0
4748	0
4749	1
4750	0
4751	0
4752	1
4753	1
4754	1
4755	3
4756	0
4757	0
4758	0
4759	0
4760	0
4761	1
4762	0
4763	0
4764	1
4765	2
4766	1
4767	0
4768	0
4769	0
4770	0
4771	0
4772	0
4773	0
4774	1
4775	0
4776	1
4777	1
4778	2
4779	2
4780	3
4781	0
4782	0
4783	2
4784	1
4785	0
4786	1
4787	1
4788	1
4789	0
4790	0
4791	2
4792	0
4793	0
4794	2
4795	0
4796	1
4797	0
4798	0
4799	0
4800	0
4801	3
4802	0
4803	1
4804	1
4805	1
4806	1
4807	1
4808	0
4809	1
4810	1
4811	1
4812	0
4813	0
4814	0
4815	0
4816	0
4817	1
4818	1
4819	1
4820	2
4821	1
4822	0
4823	0
4824	1
4825	1
4826	2
4827	0
4828	2
4829	0
4830	1
4831	1
4832	1
4833	1
4834	0
4835	2
4836	2
4837	2
4838	0
4839	0
4840	1
4841	1
4842	0
4843	1
4844	0
4845	1
4846	2
4847	1
4848	0
4849	0
4850	1
4851	1
4852	0
4853	1
4854	1
4855	1
4856	0
4857	1
4858	0
4859	0
4860	0
4861	1
4862	1
4863	4
4864	0
4865	0
4866	1
4867	1
4868	0
4869	0
4870	1
4871	1
4872	2
4873	1
4874	0
4875	0
4876	0
4877	0
4878	2
4879	3
4880	0
4881	0
4882	0
4883	0
4884	0
4885	0
4886	0
4887	0
4888	2
4889	0
4890	0
4891	1
4892	3
4893	1
4894	0
4895	0
4896	2
4897	0
4898	1
4899	1
4900	1
4901	1
4902	1
4903	0
4904	2
4905	0
4906	1
4907	0
4908	1
4909	1
4910	0
4911	1
4912	0
4913	1
4914	2
4915	2
4916	0
4917	1
4918	3
4919	0
4920	0
4921	0
4922	0
4923	2
4924	2
4925	2
4926	2
4927	1
4928	0
4929	1
4930	0
4931	0
4932	0
4933	2
4934	0
4935	1
4936	0
4937	1
4938	1
4939	0
4940	0
4941	0
4942	0
4943	0
4944	1
4945	1
4946	0
4947	0
4948	0
4949	0
4950	0
4951	0
4952	1
4953	1
4954	1
4955	1
4956	2
4957	1
4958	0
4959	0
4960	0
4961	0
4962	1
4963	0
4964	2
4965	0
4966	0
4967	2
4968	2
4969	1
4970	1
4971	1
4972	1
4973	1
4974	0
4975	3
4976	1
4977	0
4978	0
4979	2
4980	0
4981	1
4982	0
4983	0
4984	0
4985	1
4986	0
4987	1
4988	1
4989	0
4990	1
4991	1
4992	0
4993	1
4994	1
4995	0
4996	2
4997	1
4998	1
4999	3
5000	1
5001	0
5002	0
5003	0
5004	1
5005	1
5006	1
5007	1
5008	1
5009	1
5010	1
5011	1
5012	0
5013	1
5014	0
5015	0
5016	1
5017	0
5018	0
5019	0
5020	1
5021	2
5022	0
5023	1
5024	0
5025	0
5026	1
5027	0
5028	1
5029	0
5030	1
5031	0
5032	0
5033	1
5034	1
5035	0
5036	0
5037	1
5038	2
5039	2
5040	1
5041	1
5042	0
5043	1
5044	1
5045	2
5046	0
5047	0
5048	1
5049	0
5050	0
5051	0
5052	0
5053	1
5054	0
5055	0
5056	0
5057	2
5058	1
5059	1
5060	0
5061	0
5062	0
5063	1
5064	2
5065	2
5066	0
5067	1
5068	1
5069	0
5070	0
5071	0
5072	1
5073	0
5074	0
5075	1
5076	1
5077	2
5078	1
5079	2
5080	0
5081	0
5082	1
5083	2
5084	0
5085	1
5086	2
5087	1
5088	1
5089	0
5090	0
5091	0
5092	0
5093	2
5094	0
5095	0
5096	0
5097	1
5098	2
5099	0
5100	0
5101	0
5102	0
5103	1
5104	1
5105	0
5106	1
5107	1
5108	0
5109	0
5110	0
5111	0
5112	0
5113	0
5114	0
5115	0
5116	1
5117	0
5118	2
5119	0
5120	1
5121	1
5122	0
5123	1
5124	1
5125	2
5126	0
5127	0
5128	1
5129	1
5130	2
5131	1
5132	0
5133	1
5134	1
5135	2
5136	1
5137	1
5138	0
5139	1
5140	1
5141	1
5142	0
5143	0
5144	0
5145	3
5146	0
5147	0
5148	1
5149	3
5150	0
5151	1
5152	1
5153	1
5154	1
5155	0
5156	0
5157	1
5158	0
5159	0
5160	1
5161	1
5162	0
5163	0
5164	2
5165	0
5166	2
5167	0
5168	1
5169	1
5170	2
5171	0
5172	0
5173	0
5174	0
5175	0
5176	0
5177	2
5178	1
5179	2
5180	1
5181	0
5182	0
5183	0
5184	0
5185	1
5186	1
5187	2
5188	0
5189	0
5190	0
5191	1
5192	2
5193	0
5194	0
5195	0
5196	0
5197	0
5198	1
5199	0
5200	0
5201	0
5202	1
5203	1
5204	1
5205	0
5206	0
5207	2
5208	0
5209	1
5210	1
5211	2
5212	0
5213	0
5214	0
5215	0
5216	0
5217	1
5218	0
5219	0
5220	0
5221	0
5222	3
5223	0
5224	0
5225	2
5226	0
5227	0
5228	0
5229	0
5230	0
5231	2
5232	0
5233	0
5234	0
5235	1
5236	0
5237	1
5238	1
5239	0
5240	0
5241	0
5242	0
5243	0
5244	0
5245	2
5246	0
5247	1
5248	0
5249	2
5250	1
5251	1
5252	0
5253	1
5254	2
5255	1
5256	0
5257	1
5258	1
5259	0
5260	1
5261	0
5262	0
5263	0
5264	1
5265	0
5266	0
5267	1
5268	1
5269	1
5270	1
5271	1
5272	1
5273	1
5274	0
5275	1
5276	0
5277	3
5278	1
5279	1
5280	1
5281	0
5282	2
5283	0
5284	0
5285	1
5286	0
5287	0
5288	0
5289	1
5290	0
5291	0
5292	0
5293	1
5294	0
5295	4
5296	0
5297	1
5298	1
5299	1
5300	1
5301	1
5302	4
5303	0
5304	0
5305	1
5306	1
5307	0
5308	1
5309	1
5310	0
5311	0
5312	0
5313	1
5314	0
5315	0
5316	1
5317	2
5318	1
5319	0
5320	0
5321	0
5322	0
5323	1
5324	1
5325	0
5326	0
5327	0
5328	1
5329	0
5330	2
5331	0
5332	0
5333	2
5334	1
5335	1
5336	0
5337	1
5338	0
5339	1
5340	0
5341	0
5342	0
5343	0
5344	0
5345	1
5346	1
5347	0
5348	2
5349	0
5350	0
5351	2
5352	0
5353	0
5354	2
5355	0
5356	1
5357	0
5358	0
5359	2
5360	1
5361	0
5362	0
5363	1
5364	2
5365	0
5366	1
5367	1
5368	1
5369	1
5370	1
5371	1
5372	1
5373	0
5374	2
5375	1
5376	0
5377	0
5378	0
5379	1
5380	0
5381	0
5382	1
5383	0
5384	0
5385	2
5386	2
5387	0
5388	3
5389	1
5390	1
5391	0
5392	0
5393	0
5394	1
5395	1
5396	2
5397	1
5398	1
5399	0
5400	2
5401	0
5402	0
5403	0
5404	2
5405	0
5406	1
5407	0
5408	1
5409	4
5410	0
5411	1
5412	1
5413	1
5414	0
5415	0
5416	2
5417	1
5418	0
5419	0
5420	0
5421	0
5422	1
5423	0
5424	1
5425	0
5426	0
5427	1
5428	1
5429	0
5430	0
5431	1
5432	2
5433	0
5434	0
5435	0
5436	0
5437	0
5438	1
5439	1
5440	1
5441	0
5442	1
5443	0
5444	1
5445	4
5446	0
5447	0
5448	0
5449	0
5450	0
5451	1
5452	0
5453	2
5454	1
5455	0
5456	0
5457	0
5458	0
5459	1
5460	0
5461	1
5462	1
5463	0
5464	0
5465	0
5466	0
5467	0
5468	0
5469	0
5470	0
5471	1
5472	0
5473	0
5474	2
5475	0
5476	1
5477	1
5478	0
5479	0
5480	0
5481	0
5482	1
5483	1
5484	0
5485	0
5486	0
5487	0
5488	0
5489	0
5490	0
5491	1
5492	0
5493	0
5494	0
5495	1
5496	0
5497	1
5498	0
5499	2
5500	2
5501	1
5502	2
5503	1
5504	1
5505	3
5506	2
5507	1
5508	1
5509	0
5510	0
5511	3
5512	3
5513	1
5514	1
5515	1
5516	1
5517	0
5518	0
5519	0
5520	0
5521	0
5522	1
5523	0
5524	1
5525	1
5526	2
5527	0
5528	0
5529	0
5530	2
5531	2
5532	1
5533	0
5534	0
5535	0
5536	1
5537	1
5538	0
5539	0
5540	1
5541	0
5542	1
5543	2
5544	1
5545	0
5546	0
5547	0
5548	0
5549	0
5550	0
5551	1
5552	0
5553	0
5554	1
5555	1
5556	0
5557	0
5558	1
5559	1
5560	3
5561	2
5562	1
5563	1
5564	2
5565	0
5566	0
5567	1
5568	0
5569	3
5570	1
5571	2
5572	1
5573	0
5574	0
5575	0
5576	1
5577	0
5578	0
5579	1
5580	0
5581	1
5582	0
5583	1
5584	0
5585	1
5586	1
5587	1
5588	3
5589	1
5590	0
5591	0
5592	0
5593	1
5594	1
5595	2
5596	1
5597	1
5598	1
5599	1
5600	1
5601	1
5602	1
5603	0
5604	1
5605	0
5606	4
5607	1
5608	1
5609	0
5610	1
5611	1
5612	0
5613	0
5614	0
5615	1
5616	1
5617	1
5618	0
5619	1
5620	0
5621	2
5622	0
5623	0
5624	0
5625	1
5626	1
5627	1
5628	0
5629	1
5630	0
5631	0
5632	1
5633	0
5634	1
5635	1
5636	0
5637	0
5638	0
5639	0
5640	1
5641	0
5642	0
5643	2
5644	0
5645	0
5646	0
5647	2
5648	0
5649	0
5650	0
5651	3
5652	0
5653	2
5654	1
5655	1
5656	0
5657	2
5658	2
5659	3
5660	0
5661	0
5662	2
5663	1
5664	1
5665	0
5666	1
5667	0
5668	0
5669	1
5670	5
5671	1
5672	0
5673	0
5674	1
5675	1
5676	0
5677	1
5678	0
5679	1
5680	0
5681	0
5682	1
5683	1
5684	2
5685	1
5686	0
5687	0
5688	0
5689	1
5690	0
5691	0
5692	1
5693	1
5694	1
5695	1
5696	0
5697	0
5698	1
5699	0
5700	0
5701	1
5702	0
5703	0
5704	0
5705	2
5706	0
5707	1
5708	1
5709	0
5710	0
5711	1
5712	1
5713	1
5714	1
5715	1
5716	1
5717	0
5718	0
5719	0
5720	1
5721	1
5722	1
5723	1
5724	1
5725	1
5726	2
5727	1
5728	1
5729	1
5730	0
5731	1
5732	0
5733	1
5734	0
5735	0
5736	2
5737	0
5738	2
5739	1
5740	1
5741	0
5742	0
5743	1
5744	0
5745	1
5746	0
5747	0
5748	2
5749	1
5750	1
5751	0
5752	3
5753	0
5754	0
5755	0
5756	0
5757	1
5758	1
5759	1
5760	1
5761	0
5762	2
5763	1
5764	0
5765	1
5766	0
5767	1
5768	0
5769	0
5770	0
5771	1
5772	1
5773	0
5774	2
5775	2
5776	0
5777	1
5778	0
5779	0
5780	0
5781	2
5782	0
5783	0
5784	1
5785	2
5786	1
5787	1
5788	2
5789	1
5790	3
5791	1
5792	1
5793	1
5794	0
5795	0
5796	1
5797	1
5798	1
5799	0
5800	2
5801	0
5802	0
5803	0
5804	1
5805	1
5806	0
5807	0
5808	1
5809	0
5810	0
5811	0
5812	0
5813	1
5814	2
5815	1
5816	0
5817	0
5818	0
5819	1
5820	1
5821	0
5822	1
5823	1
5824	0
5825	1
5826	0
5827	1
5828	0
5829	1
5830	2
5831	1
5832	0
5833	1
5834	0
5835	1
5836	0
5837	0
5838	0
5839	0
5840	0
5841	0
5842	0
5843	0
5844	0
5845	0
5846	3
5847	0
5848	0
5849	0
5850	0
5851	0
5852	1
5853	2
5854	0
5855	2
5856	1
5857	0
5858	0
5859	1
5860	3
5861	0
5862	0
5863	2
5864	1
5865	0
5866	0
5867	2
5868	2
5869	0
5870	2
5871	1
5872	0
5873	0
5874	1
5875	0
5876	2
5877	3
5878	1
5879	0
5880	0
5881	1
5882	1
5883	1
5884	0
5885	1
5886	0
5887	0
5888	1
5889	0
5890	0
5891	0
5892	0
5893	0
5894	0
5895	1
5896	1
5897	0
5898	0
5899	0
5900	0
5901	2
5902	1
5903	2
5904	0
5905	1
5906	0
5907	2
5908	0
5909	0
5910	2
5911	0
5912	0
5913	1
5914	1
5915	0
5916	1
5917	1
5918	1
5919	1
5920	2
5921	1
5922	1
5923	3
5924	2
5925	0
5926	2
5927	1
5928	1
5929	1
5930	0
5931	1
5932	1
5933	0
5934	1
5935	0
5936	0
5937	0
5938	1
5939	5
5940	0
5941	0
5942	0
5943	1
5944	0
5945	0
5946	1
5947	0
5948	0
5949	2
5950	0
5951	0
5952	0
5953	0
5954	0
5955	1
5956	0
5957	0
5958	1
5959	0
5960	1
5961	1
5962	0
5963	0
5964	0
5965	2
5966	2
5967	0
5968	2
5969	0
5970	0
5971	1
5972	1
5973	1
5974	1
5975	0
5976	1
5977	1
5978	0
5979	2
5980	0
5981	1
5982	0
5983	2
5984	1
5985	0
5986	0
5987	1
5988	2
5989	2
5990	1
5991	0
5992	0
5993	0
5994	0
5995	0
5996	1
5997	0
5998	3
5999	1
6000	0
6001	1
6002	1
6003	0
6004	0
6005	1
6006	0
6007	0
6008	0
6009	2
6010	0
6011	2
6012	0
6013	0
6014	0
6015	1
6016	1
6017	0
6018	0
6019	0
6020	1
6021	0
6022	0
6023	0
6024	0
6025	0
6026	0
6027	1
6028	2
6029	1
6030	2
6031	1
6032	3
6033	0
6034	0
6035	0
6036	0
6037	1
6038	0
6039	1
6040	0
6041	0
6042	1
6043	0
6044	0
6045	1
6046	0
6047	1
6048	1
6049	0
6050	0
6051	1
6052	1
6053	0
6054	0
6055	0
6056	1
6057	0
6058	0
6059	1
6060	2
6061	1
6062	0
6063	0
6064	1
6065	0
6066	0
6067	0
6068	1
6069	1
6070	0
6071	1
6072	0
6073	0
6074	0
6075	0
6076	0
6077	0
6078	1
6079	1
6080	0
6081	1
6082	1
6083	0
6084	2
6085	1
6086	1
6087	0
6088	0
6089	0
6090	3
6091	1
6092	0
6093	0
6094	0
6095	1
6096	0
6097	0
6098	1
6099	0
6100	0
6101	0
6102	0
6103	1
6104	1
6105	1
6106	0
6107	1
6108	0
6109	0
6110	1
6111	1
6112	0
6113	0
6114	1
6115	1
6116	0
6117	1
6118	0
6119	0
6120	0
6121	1
6122	0
6123	1
6124	1
6125	0
6126	1
6127	0
6128	0
6129	0
6130	0
6131	1
6132	1
6133	0
6134	1
6135	0
6136	1
6137	0
6138	1
6139	1
6140	0
6141	0
6142	0
6143	0
6144	1
6145	0
6146	2
6147	0
6148	2
6149	0
6150	1
6151	0
6152	1
6153	0
6154	0
6155	0
6156	1
6157	0
6158	1
6159	1
6160	1
6161	0
6162	1
6163	1
6164	0
6165	1
6166	0
6167	0
6168	0
6169	0
6170	1
6171	0
6172	0
6173	0
6174	0
6175	4
6176	0
6177	1
6178	0
6179	0
6180	0
6181	0
6182	0
6183	0
6184	1
6185	0
6186	0
6187	0
6188	1
6189	1
6190	2
6191	0
6192	0
6193	0
6194	1
6195	0
6196	0
6197	0
6198	1
6199	1
6200	1
6201	1
6202	0
6203	0
6204	1
6205	0
6206	0
6207	0
6208	1
6209	1
6210	1
6211	0
6212	0
6213	2
6214	0
6215	0
6216	0
6217	0
6218	1
6219	0
6220	1
6221	1
6222	0
6223	0
6224	1
6225	0
6226	2
6227	0
6228	3
6229	0
6230	0
6231	1
6232	0
6233	0
6234	0
6235	1
6236	0
6237	0
6238	1
6239	1
6240	0
6241	0
6242	0
6243	2
6244	0
6245	0
6246	1
6247	1
6248	0
6249	1
6250	1
6251	0
6252	0
6253	2
6254	1
6255	1
6256	0
6257	0
6258	1
6259	0
6260	0
6261	1
6262	0
6263	0
6264	2
6265	0
6266	0
6267	0
6268	1
6269	0
6270	0
6271	1
6272	1
6273	0
6274	0
6275	0
6276	0
6277	0
6278	0
6279	0
6280	0
6281	0
6282	0
6283	1
6284	0
6285	0
6286	0
6287	0
6288	0
6289	0
6290	1
6291	0
6292	1
6293	1
6294	0
6295	0
6296	1
6297	0
6298	0
6299	0
6300	0
6301	0
6302	1
6303	0
6304	0
6305	1
6306	0
6307	1
6308	1
6309	1
6310	0
6311	0
6312	2
6313	0
6314	0
6315	0
6316	1
6317	3
6318	1
6319	1
6320	3
6321	0
6322	1
6323	1
6324	1
6325	1
6326	0
6327	1
6328	0
6329	1
6330	0
6331	0
6332	0
6333	0
6334	1
6335	1
6336	1
6337	1
6338	0
6339	0
6340	0
6341	0
6342	0
6343	0
6344	1
6345	1
6346	0
6347	2
6348	0
6349	0
6350	0
6351	0
6352	2
6353	1
6354	0
6355	0
6356	0
6357	1
6358	0
6359	2
6360	0
6361	0
6362	0
6363	0
6364	0
6365	0
6366	2
6367	0
6368	0
6369	1
6370	1
6371	1
6372	1
6373	1
6374	2
6375	1
6376	0
6377	0
6378	0
6379	0
6380	0
6381	0
6382	0
6383	0
6384	1
6385	0
6386	0
6387	1
6388	0
6389	0
6390	0
6391	0
6392	0
6393	0
6394	1
6395	0
6396	1
6397	0
6398	2
6399	0
6400	1
6401	0
6402	0
6403	0
6404	1
6405	1
6406	0
6407	0
6408	1
6409	1
6410	0
6411	1
6412	0
6413	0
6414	0
6415	1
6416	2
6417	0
6418	0
6419	0
6420	0
6421	1
6422	1
6423	1
6424	0
6425	1
6426	0
6427	0
6428	0
6429	0
6430	0
6431	0
6432	1
6433	2
6434	0
6435	0
6436	0
6437	0
6438	1
6439	0
6440	1
6441	1
6442	1
6443	1
6444	1
6445	2
6446	0
6447	0
6448	1
6449	0
6450	0
6451	0
6452	0
6453	0
6454	0
6455	1
6456	0
6457	1
6458	0
6459	0
6460	0
6461	0
6462	0
6463	1
6464	0
6465	0
6466	0
6467	3
6468	1
6469	0
6470	1
6471	0
6472	0
6473	1
6474	2
6475	0
6476	0
6477	0
6478	0
6479	0
6480	1
6481	0
6482	0
6483	0
6484	1
6485	0
6486	0
6487	0
6488	0
6489	1
6490	0
6491	0
6492	0
6493	1
6494	0
6495	0
6496	1
6497	0
6498	3
6499	0
6500	0
6501	0
6502	0
6503	0
6504	0
6505	1
6506	1
6507	1
6508	0
6509	0
6510	0
6511	1
6512	0
6513	1
6514	0
6515	0
6516	0
6517	0
6518	0
6519	0
6520	1
6521	0
6522	1
6523	2
6524	0
6525	1
6526	1
6527	0
6528	0
6529	0
6530	0
6531	1
6532	0
6533	0
6534	0
6535	0
6536	1
6537	0
6538	0
6539	0
6540	1
6541	0
6542	0
6543	0
6544	0
6545	0
6546	1
6547	1
6548	1
6549	0
6550	0
6551	1
6552	1
6553	0
6554	0
6555	0
6556	0
6557	0
6558	0
6559	0
6560	0
6561	0
6562	0
6563	0
6564	0
6565	2
6566	0
6567	1
6568	0
6569	0
6570	1
6571	0
6572	0
6573	0
6574	1
6575	1
6576	2
6577	0
6578	1
6579	0
6580	0
6581	0
6582	0
6583	0
6584	2
6585	0
6586	2
6587	1
6588	0
6589	1
6590	0
6591	0
6592	0
6593	0
6594	0
6595	0
6596	0
6597	0
6598	0
6599	1
6600	0
6601	0
6602	0
6603	0
6604	1
6605	0
6606	0
6607	1
6608	0
6609	0
6610	0
6611	1
6612	1
6613	0
6614	0
6615	0
6616	0
6617	0
6618	1
6619	1
6620	0
6621	1
6622	0
6623	1
6624	1
6625	0
6626	2
6627	0
6628	1
6629	1
6630	1
6631	0
6632	0
6633	1
6634	1
6635	0
6636	2
6637	0
6638	1
6639	2
6640	0
6641	0
6642	1
6643	1
6644	0
6645	2
6646	0
6647	2
6648	1
6649	0
6650	0
6651	0
6652	0
6653	3
6654	0
6655	1
6656	0
6657	0
6658	0
6659	1
6660	0
6661	0
6662	2
6663	1
6664	0
6665	0
6666	0
6667	0
6668	0
6669	0
6670	1
6671	0
6672	2
6673	0
6674	0
6675	0
6676	0
6677	0
6678	2
6679	1
6680	0
6681	0
6682	1
6683	0
6684	0
6685	0
6686	0
6687	1
6688	0
6689	0
6690	0
6691	2
6692	2
6693	1
6694	3
6695	1
6696	2
6697	0
6698	1
6699	2
6700	0
6701	0
6702	0
6703	0
6704	2
6705	1
6706	0
6707	2
6708	0
6709	1
6710	1
6711	1
6712	3
6713	0
6714	0
6715	0
6716	0
6717	0
6718	0
6719	1
6720	0
6721	1
6722	0
6723	1
6724	0
6725	1
6726	0
6727	0
6728	0
6729	0
6730	1
6731	1
6732	2
6733	1
6734	0
6735	1
6736	0
6737	0
6738	0
6739	1
6740	0
6741	0
6742	1
6743	0
6744	1
6745	0
6746	0
6747	1
6748	0
6749	0
6750	0
6751	1
6752	1
6753	0
6754	0
6755	0
6756	1
6757	0
6758	0
6759	0
6760	0
6761	1
6762	0
6763	0
6764	1
6765	0
6766	0
6767	0
6768	1
6769	0
6770	0
6771	0
6772	0
6773	0
6774	0
6775	1
6776	0
6777	0
6778	1
6779	0
6780	0
6781	0
6782	1
6783	1
6784	1
6785	0
6786	2
6787	0
6788	0
6789	0
6790	0
6791	1
6792	2
6793	1
6794	0
6795	0
6796	1
6797	0
6798	1
6799	1
6800	0
6801	2
6802	1
6803	3
6804	0
6805	0
6806	1
6807	0
6808	1
6809	2
6810	0
6811	0
6812	0
6813	0
6814	0
6815	0
6816	0
6817	0
6818	0
6819	1
6820	0
6821	0
6822	0
6823	0
6824	0
6825	0
6826	0
6827	0
6828	1
6829	1
6830	0
6831	0
6832	1
6833	0
6834	0
6835	1
6836	0
6837	0
6838	0
6839	0
6840	0
6841	0
6842	1
6843	0
6844	0
6845	0
6846	0
6847	1
6848	1
6849	1
6850	0
6851	1
6852	1
6853	1
6854	1
6855	0
6856	1
6857	0
6858	0
6859	0
6860	0
6861	0
6862	0
6863	0
6864	0
6865	0
6866	0
6867	0
6868	1
6869	0
6870	0
6871	0
6872	0
6873	0
6874	0
6875	0
6876	1
6877	1
6878	1
6879	0
6880	0
6881	1
6882	1
6883	0
6884	0
6885	0
6886	0
6887	0
6888	1
6889	1
6890	0
6891	1
6892	1
6893	0
6894	0
6895	0
6896	0
6897	0
6898	0
6899	0
6900	1
6901	2
6902	1
6903	2
6904	1
6905	1
6906	0
6907	0
6908	1
6909	1
6910	0
6911	0
6912	0
6913	1
6914	0
6915	1
6916	1
6917	2
6918	0
6919	0
6920	0
6921	0
6922	0
6923	1
6924	0
6925	0
6926	1
6927	0
6928	0
6929	1
6930	1
6931	0
6932	1
6933	1
6934	0
6935	1
6936	0
6937	1
6938	2
6939	0
6940	0
6941	0
6942	1
6943	1
6944	1
6945	0
6946	0
6947	0
6948	4
6949	0
6950	1
6951	1
6952	1
6953	0
6954	0
6955	0
6956	0
6957	0
6958	0
6959	3
6960	1
6961	1
6962	0
6963	0
6964	2
6965	1
6966	0
6967	1
6968	1
6969	1
6970	0
6971	0
6972	1
6973	0
6974	0
6975	0
6976	0
6977	0
6978	1
6979	1
6980	1
6981	0
6982	0
6983	0
6984	0
6985	1
6986	1
6987	1
6988	0
6989	0
6990	1
6991	0
6992	0
6993	2
6994	0
6995	0
6996	1
6997	1
6998	0
6999	0
7000	1
7001	2
7002	1
7003	0
7004	0
7005	0
7006	0
7007	2
7008	0
7009	1
7010	0
7011	2
7012	1
7013	0
7014	0
7015	1
7016	0
7017	0
7018	0
7019	0
7020	1
7021	2
7022	0
7023	1
7024	0
7025	1
7026	1
7027	0
7028	0
7029	2
7030	1
7031	0
7032	1
7033	0
7034	0
7035	1
7036	1
7037	1
7038	0
7039	2
7040	1
7041	0
7042	0
7043	1
7044	0
7045	1
7046	0
7047	0
7048	0
7049	0
7050	0
7051	2
7052	0
7053	0
7054	0
7055	1
7056	1
7057	0
7058	0
7059	2
7060	1
7061	0
7062	0
7063	1
7064	0
7065	0
7066	1
7067	1
7068	1
7069	1
7070	2
7071	0
7072	0
7073	0
7074	0
7075	1
7076	0
7077	1
7078	1
7079	1
7080	1
7081	2
7082	1
7083	1
7084	1
7085	1
7086	0
7087	0
7088	0
7089	1
7090	1
7091	1
7092	0
7093	2
7094	0
7095	1
7096	0
7097	0
7098	0
7099	1
7100	0
7101	1
7102	1
7103	0
7104	0
7105	1
7106	0
7107	0
7108	1
7109	0
7110	0
7111	1
7112	0
7113	0
7114	2
7115	0
7116	0
7117	0
7118	1
7119	1
7120	2
7121	0
7122	0
7123	2
7124	0
7125	0
7126	1
7127	0
7128	2
7129	2
7130	0
7131	0
7132	1
7133	0
7134	0
7135	0
7136	1
7137	0
7138	0
7139	1
7140	2
7141	0
7142	2
7143	0
7144	0
7145	2
7146	1
7147	1
7148	0
7149	1
7150	1
7151	0
7152	0
7153	0
7154	0
7155	1
7156	2
7157	1
7158	2
7159	1
7160	0
7161	2
7162	2
7163	0
7164	1
7165	2
7166	1
7167	0
7168	1
7169	0
7170	2
7171	0
7172	0
7173	0
7174	0
7175	2
7176	2
7177	1
7178	1
7179	2
7180	0
7181	0
7182	0
7183	0
7184	0
7185	0
7186	0
7187	0
7188	1
7189	3
7190	2
7191	0
7192	0
7193	0
7194	0
7195	0
7196	0
7197	1
7198	0
7199	0
7200	2
7201	0
7202	0
7203	1
7204	0
7205	1
7206	1
7207	1
7208	0
7209	1
7210	1
7211	0
7212	0
7213	1
7214	0
7215	1
7216	0
7217	0
7218	1
7219	1
7220	0
7221	2
7222	0
7223	0
7224	1
7225	2
7226	0
7227	1
7228	5
7229	0
7230	0
7231	1
7232	1
7233	0
7234	0
7235	1
7236	1
7237	1
7238	0
7239	1
7240	1
7241	3
7242	0
7243	1
7244	1
7245	0
7246	0
7247	1
7248	1
7249	1
7250	0
7251	0
7252	0
7253	0
7254	0
7255	0
7256	0
7257	0
7258	0
7259	0
7260	0
7261	0
7262	1
7263	1
7264	1
7265	1
7266	1
7267	0
7268	0
7269	0
7270	1
7271	0
7272	0
7273	2
7274	2
7275	0
7276	1
7277	0
7278	0
7279	1
7280	0
7281	0
7282	2
7283	0
7284	0
7285	2
7286	0
7287	0
7288	2
7289	1
7290	0
7291	0
7292	1
7293	0
7294	0
7295	2
7296	1
7297	0
7298	0
7299	0
7300	1
7301	0
7302	0
7303	0
7304	1
7305	1
7306	1
7307	0
7308	0
7309	1
7310	0
7311	0
7312	0
7313	0
7314	2
7315	2
7316	1
7317	0
7318	0
7319	1
7320	0
7321	1
7322	0
7323	0
7324	0
7325	0
7326	0
7327	0
7328	0
7329	0
7330	1
7331	0
7332	1
7333	0
7334	1
7335	0
7336	0
7337	0
7338	0
7339	0
7340	0
7341	0
7342	0
7343	0
7344	2
7345	0
7346	2
7347	1
7348	1
7349	0
7350	0
7351	0
7352	1
7353	2
7354	0
7355	0
7356	1
7357	0
7358	0
7359	0
7360	0
7361	0
7362	0
7363	0
7364	0
7365	1
7366	0
7367	0
7368	0
7369	2
7370	0
7371	0
7372	0
7373	1
7374	0
7375	0
7376	0
7377	0
7378	0
7379	0
7380	0
7381	0
7382	2
7383	0
7384	0
7385	1
7386	0
7387	0
7388	0
7389	0
7390	0
7391	0
7392	2
7393	1
7394	0
7395	0
7396	0
7397	0
7398	0
7399	1
7400	0
7401	0
7402	1
7403	1
7404	0
7405	0
7406	0
7407	1
7408	3
7409	0
7410	0
7411	0
7412	0
7413	0
7414	0
7415	0
7416	1
7417	0
7418	0
7419	0
7420	0
7421	1
7422	0
7423	0
7424	0
7425	0
7426	3
7427	0
7428	1
7429	0
7430	0
7431	0
7432	0
7433	1
7434	1
7435	1
7436	2
7437	1
7438	0
7439	0
7440	0
7441	0
7442	1
7443	0
7444	0
7445	1
7446	1
7447	0
7448	0
7449	0
7450	2
7451	0
7452	0
7453	1
7454	0
7455	0
7456	0
7457	0
7458	0
7459	0
7460	1
7461	1
7462	0
7463	0
7464	0
7465	0
7466	0
7467	1
7468	0
7469	0
7470	0
7471	0
7472	1
7473	0
7474	0
7475	0
7476	0
7477	2
7478	1
7479	0
7480	1
7481	1
7482	1
7483	0
7484	0
7485	0
7486	0
7487	0
7488	0
7489	3
7490	1
7491	0
7492	0
7493	0
7494	0
7495	2
7496	1
7497	1
7498	1
7499	0
7500	1
7501	1
7502	0
7503	0
7504	0
7505	0
7506	1
7507	0
7508	0
7509	1
7510	0
7511	0
7512	0
7513	2
7514	1
7515	0
7516	0
7517	0
7518	0
7519	0
7520	0
7521	2
7522	1
7523	0
7524	0
7525	0
7526	0
7527	0
7528	0
7529	1
7530	0
7531	0
7532	0
7533	0
7534	0
7535	0
7536	0
7537	0
7538	0
7539	0
7540	0
7541	0
7542	0
7543	1
7544	0
7545	0
7546	0
7547	0
7548	0
7549	0
7550	0
7551	0
7552	0
7553	0
7554	0
7555	0
7556	0
7557	1
7558	0
7559	1
7560	0
7561	0
7562	0
7563	1
7564	0
7565	1
7566	1
7567	0
7568	0
7569	0
7570	0
7571	0
7572	0
7573	0
7574	0
7575	2
7576	1
7577	0
7578	0
7579	1
7580	0
7581	2
7582	0
7583	0
7584	0
7585	1
7586	0
7587	0
7588	0
7589	0
7590	0
7591	0
7592	0
7593	1
7594	0
7595	0
7596	0
7597	0
7598	0
7599	0
7600	0
7601	1
7602	0
7603	0
7604	1
7605	1
7606	0
7607	0
7608	0
7609	0
7610	0
7611	1
7612	0
7613	1
7614	0
7615	0
7616	0
7617	1
7618	0
7619	1
7620	0
7621	0
7622	0
7623	0
7624	0
7625	0
7626	0
7627	1
7628	1
7629	0
7630	0
7631	0
7632	0
7633	1
7634	0
7635	1
7636	0
7637	0
7638	0
7639	0
7640	0
7641	0
7642	0
7643	0
7644	0
7645	0
7646	0
7647	0
7648	0
7649	0
7650	0
7651	0
7652	0
7653	0
7654	0
7655	1
7656	0
7657	0
7658	0
7659	0
7660	0
7661	1
7662	0
7663	1
7664	1
7665	0
7666	0
7667	0
7668	0
7669	0
7670	0
7671	0
7672	1
7673	0
7674	1
7675	0
7676	1
7677	0
7678	0
7679	3
7680	0
7681	0
7682	0
7683	1
7684	0
7685	0
7686	1
7687	1
7688	1
7689	1
7690	1
7691	0
7692	0
7693	0
7694	0
7695	0
7696	0
7697	0
7698	0
7699	0
7700	0
7701	1
7702	0
7703	0
7704	0
7705	1
7706	0
7707	0
7708	0
7709	1
7710	0
7711	0
7712	2
7713	0
7714	0
7715	0
7716	1
7717	0
7718	1
7719	0
7720	0
7721	0
7722	0
7723	0
7724	1
7725	0
7726	0
7727	0
7728	1
7729	1
7730	0
7731	0
7732	0
7733	0
7734	0
7735	0
7736	1
7737	0
7738	0
7739	0
7740	0
7741	0
7742	0
7743	0
7744	0
7745	0
7746	0
7747	0
7748	0
7749	0
7750	0
7751	0
7752	0
7753	0
7754	1
7755	0
7756	0
7757	0
7758	1
7759	0
7760	0
7761	0
7762	0
7763	0
7764	1
7765	2
7766	1
7767	1
7768	0
7769	0
7770	0
7771	1
7772	0
7773	0
7774	1
7775	0
7776	1
7777	0
7778	0
7779	0
7780	0
7781	0
7782	0
7783	0
7784	0
7785	1
7786	0
7787	0
7788	0
7789	0
7790	0
7791	1
7792	0
7793	1
7794	0
7795	0
7796	0
7797	0
7798	0
7799	0
7800	0
7801	0
7802	0
7803	0
7804	0
7805	2
7806	0
7807	0
7808	1
7809	0
7810	0
7811	0
7812	0
7813	2
7814	1
7815	0
7816	1
7817	1
7818	0
7819	1
7820	0
7821	0
7822	0
7823	2
7824	2
7825	0
7826	0
7827	0
7828	0
7829	0
7830	0
7831	1
7832	2
7833	0
7834	0
7835	0
7836	0
7837	0
7838	0
7839	1
7840	0
7841	0
7842	0
7843	0
7844	0
7845	0
7846	1
7847	1
7848	0
7849	0
7850	0
7851	0
7852	1
7853	0
7854	1
7855	1
7856	0
7857	1
7858	0
7859	0
7860	0
7861	1
7862	2
7863	0
7864	0
7865	0
7866	0
7867	2
7868	0
7869	0
7870	0
7871	0
7872	1
7873	0
7874	1
7875	1
7876	0
7877	0
7878	0
7879	0
7880	0
7881	0
7882	1
7883	0
7884	0
7885	1
7886	0
7887	1
7888	0
7889	0
7890	0
7891	0
7892	1
7893	0
7894	0
7895	0
7896	0
7897	0
7898	1
7899	1
7900	0
7901	0
7902	0
7903	1
7904	0
7905	0
7906	0
7907	0
7908	0
7909	0
7910	0
7911	0
7912	0
7913	0
7914	0
7915	0
7916	0
7917	0
7918	0
7919	0
7920	0
7921	0
7922	0
7923	0
7924	0
7925	0
7926	0
7927	0
7928	0
7929	0
7930	0
7931	0
7932	0
7933	0
7934	0
7935	0
7936	0
7937	0
7938	0
7939	0
7940	0
7941	0
7942	0
7943	0
7944	0
7945	0
7946	0
7947	0
7948	0
7949	0
7950	0
7951	0
7952	0
7953	0
7954	0
7955	0
7956	0
7957	0
7958	0
7959	0
7960	0
7961	0
7962	0
7963	0
7964	0
7965	0
7966	0
7967	0
7968	0
7969	0
7970	0
7971	0
7972	0
7973	0
7974	0
7975	0
7976	0
7977	0
7978	0
7979	0
7980	0
7981	0
7982	0
7983	0
7984	0
7985	0
7986	0
7987	0
7988	0
7989	0
7990	0
7991	0
7992	0
7993	0
7994	0
7995	0
7996	0
7997	0
7998	0
7999	0
8000	0
8001	0
8002	0
8003	0
8004	0
8005	0
8006	0
8007	0
8008	0
8009	0
8010	0
8011	0
8012	0
8013	0
8014	0
8015	0
8016	0
8017	0
8018	0
8019	0
8020	0
8021	0
8022	0
8023	0
8024	0
8025	0
8026	0
8027	0
8028	0
8029	0
8030	0
8031	0
8032	0
8033	0
8034	0
8035	0
8036	0
8037	0
8038	0
8039	0
8040	0
8041	0
8042	0
8043	0
8044	0
8045	0
8046	0
8047	0
8048	0
8049	0
8050	0
8051	0
8052	0
8053	0
8054	0
8055	0
8056	0
8057	0
8058	0
8059	0
8060	0
8061	0
8062	0
8063	0
8064	0
8065	0
8066	0
8067	0
8068	0
8069	0
8070	0
8071	0
8072	0
8073	0
8074	0
8075	0
8076	0
8077	0
8078	0
8079	0
8080	0
8081	0
8082	0
8083	0
8084	0
8085	0
8086	0
8087	0
8088	0
8089	0
8090	0
8091	0
8092	0
8093	0
8094	0
8095	0
8096	0
8097	0
8098	0
8099	0
8100	0
8101	0
8102	0
8103	0
8104	0
8105	0
8106	0
8107	0
8108	0
8109	0
8110	0
8111	0
8112	0
8113	0
8114	0
8115	0
8116	0
8117	0
8118	0
8119	0
8120	0
8121	0
8122	0
8123	0
8124	0
8125	0
8126	0
8127	0
8128	0
8129	0
8130	0
8131	0
8132	0
8133	0
8134	0
8135	0
8136	0
8137	0
8138	0
8139	0
8140	0
8141	0
8142	0
8143	0
8144	0
8145	0
8146	0
8147	0
8148	0
8149	0
8150	0
8151	0
8152	0
8153	0
8154	0
8155	0
8156	0
8157	0
8158	0
8159	0
8160	0
8161	0
8162	0
8163	0
8164	0
8165	0
8166	0
8167	0
8168	0
8169	0
8170	0
8171	0
8172	0
8173	0
8174	0
8175	0
8176	0
8177	0
8178	0
8179	0
8180	0
8181	0
8182	0
8183	0
8184	0
8185	0
8186	0
8187	0
8188	0
8189	0
8190	0
8191	0
