0	0
1	0
2	0
3	0
4	0
5	0
6	0
7	0
8	0
9	0
10	0
11	0
12	0
13	0
14	0
15	0
16	0
17	0
18	0
19	0
20	0
21	0
22	0
23	0
24	0
25	0
26	0
27	0
28	0
29	0
30	0
31	0
32	0
33	0
34	0
35	0
36	0
37	0
38	0
39	0
40	0
41	0
42	0
43	0
44	0
45	0
46	0
47	0
48	0
49	0
50	0
51	0
52	0
53	0
54	0
55	0
56	0
57	0
58	0
59	0
60	0
61	0
62	0
63	0
64	0
65	0
66	0
67	0
68	0
69	0
70	0
71	0
72	0
73	0
74	0
75	0
76	0
77	1
78	0
79	0
80	1
81	0
82	0
83	3
84	12
85	14
86	17
87	12
88	27
89	12
90	21
91	16
92	15
93	10
94	9
95	14
96	15
97	16
98	19
99	16
100	15
101	12
102	16
103	12
104	17
105	11
106	16
107	18
108	14
109	16
110	15
111	18
112	14
113	13
114	14
115	20
116	16
117	22
118	13
119	10
120	22
121	18
122	8
123	16
124	14
125	11
126	12
127	13
128	17
129	5
130	17
131	15
132	12
133	17
134	16
135	15
136	14
137	11
138	17
139	10
140	14
141	13
142	10
143	20
144	18
145	18
146	13
147	16
148	16
149	17
150	7
151	20
152	10
153	14
154	16
155	18
156	12
157	14
158	12
159	16
160	9
161	14
162	16
163	10
164	10
165	18
166	12
167	15
168	13
169	13
170	7
171	18
172	10
173	15
174	16
175	20
176	15
177	17
178	15
179	10
180	17
181	13
182	21
183	15
184	20
185	15
186	22
187	11
188	18
189	12
190	9
191	9
192	16
193	15
194	11
195	18
196	11
197	15
198	14
199	16
200	27
201	19
202	21
203	20
204	9
205	13
206	19
207	19
208	15
209	9
210	26
211	18
212	18
213	13
214	16
215	13
216	20
217	17
218	10
219	17
220	15
221	15
222	12
223	16
224	10
225	27
226	21
227	6
228	12
229	30
230	16
231	16
232	15
233	28
234	20
235	12
236	16
237	18
238	11
239	13
240	14
241	19
242	25
243	19
244	15
245	25
246	17
247	17
248	19
249	11
250	21
251	19
252	15
253	16
254	13
255	13
256	19
257	16
258	19
259	12
260	22
261	19
262	16
263	15
264	11
265	13
266	17
267	20
268	19
269	13
270	13
271	13
272	14
273	17
274	19
275	11
276	24
277	15
278	13
279	16
280	19
281	15
282	18
283	11
284	14
285	17
286	17
287	25
288	16
289	20
290	14
291	19
292	15
293	11
294	11
295	18
296	16
297	13
298	16
299	31
300	12
301	17
302	9
303	19
304	14
305	12
306	19
307	18
308	22
309	14
310	18
311	18
312	18
313	15
314	15
315	31
316	16
317	23
318	16
319	17
320	18
321	11
322	26
323	16
324	7
325	17
326	18
327	15
328	15
329	23
330	20
331	20
332	21
333	21
334	18
335	14
336	16
337	15
338	16
339	17
340	16
341	9
342	14
343	17
344	8
345	11
346	16
347	20
348	15
349	19
350	20
351	13
352	22
353	15
354	14
355	18
356	21
357	15
358	18
359	18
360	22
361	15
362	21
363	16
364	21
365	16
366	17
367	22
368	15
369	21
370	16
371	13
372	19
373	14
374	22
375	23
376	24
377	22
378	21
379	23
380	14
381	16
382	18
383	18
384	24
385	23
386	19
387	16
388	23
389	11
390	15
391	20
392	19
393	21
394	18
395	25
396	14
397	19
398	17
399	19
400	14
401	23
402	21
403	21
404	24
405	24
406	22
407	13
408	30
409	27
410	22
411	14
412	12
413	15
414	17
415	16
416	16
417	17
418	20
419	20
420	19
421	18
422	21
423	12
424	11
425	20
426	18
427	21
428	27
429	19
430	13
431	20
432	14
433	27
434	24
435	20
436	26
437	21
438	25
439	22
440	18
441	18
442	20
443	13
444	27
445	28
446	23
447	21
448	18
449	21
450	29
451	22
452	27
453	19
454	14
455	21
456	19
457	25
458	19
459	17
460	24
461	26
462	26
463	23
464	21
465	23
466	22
467	28
468	23
469	21
470	17
471	21
472	22
473	31
474	23
475	25
476	18
477	25
478	32
479	32
480	25
481	30
482	17
483	25
484	24
485	30
486	25
487	27
488	31
489	26
490	28
491	27
492	29
493	30
494	29
495	32
496	41
497	27
498	32
499	32
500	25
501	23
502	35
503	31
504	27
505	38
506	31
507	37
508	21
509	34
510	32
511	18
512	30
513	26
514	26
515	35
516	21
517	30
518	38
519	31
520	26
521	33
522	26
523	23
524	28
525	30
526	35
527	37
528	31
529	30
530	28
531	18
532	32
533	25
534	27
535	32
536	33
537	26
538	26
539	32
540	26
541	24
542	24
543	30
544	24
545	30
546	23
547	37
548	30
549	21
550	27
551	25
552	31
553	27
554	22
555	26
556	24
557	30
558	29
559	28
560	37
561	37
562	26
563	29
564	21
565	27
566	25
567	29
568	27
569	28
570	25
571	28
572	30
573	25
574	28
575	22
576	27
577	26
578	19
579	30
580	26
581	23
582	30
583	35
584	18
585	20
586	34
587	24
588	18
589	29
590	21
591	28
592	27
593	24
594	24
595	29
596	20
597	18
598	22
599	19
600	24
601	22
602	27
603	28
604	25
605	27
606	32
607	17
608	21
609	24
610	20
611	17
612	18
613	25
614	29
615	18
616	24
617	19
618	23
619	35
620	27
621	28
622	19
623	12
624	23
625	19
626	18
627	25
628	24
629	23
630	23
631	29
632	28
633	21
634	26
635	18
636	32
637	17
638	27
639	25
640	19
641	26
642	23
643	33
644	19
645	20
646	21
647	22
648	23
649	28
650	33
651	30
652	24
653	39
654	21
655	21
656	26
657	25
658	17
659	25
660	26
661	24
662	16
663	24
664	21
665	22
666	21
667	23
668	26
669	22
670	21
671	20
672	30
673	33
674	25
675	23
676	19
677	20
678	17
679	23
680	27
681	19
682	38
683	32
684	30
685	25
686	24
687	35
688	34
689	28
690	28
691	22
692	26
693	17
694	27
695	27
696	30
697	26
698	19
699	19
700	17
701	20
702	24
703	18
704	24
705	25
706	22
707	29
708	26
709	32
710	27
711	17
712	22
713	26
714	23
715	26
716	18
717	24
718	20
719	24
720	31
721	27
722	26
723	26
724	29
725	24
726	36
727	19
728	25
729	24
730	21
731	24
732	29
733	25
734	43
735	30
736	24
737	22
738	26
739	34
740	29
741	37
742	25
743	29
744	22
745	28
746	22
747	22
748	25
749	22
750	28
751	18
752	17
753	30
754	21
755	22
756	27
757	31
758	24
759	33
760	26
761	30
762	25
763	19
764	36
765	32
766	39
767	37
768	23
769	28
770	26
771	34
772	34
773	30
774	37
775	41
776	29
777	32
778	23
779	31
780	26
781	23
782	29
783	27
784	29
785	30
786	26
787	37
788	35
789	29
790	22
791	41
792	32
793	24
794	22
795	31
796	39
797	31
798	29
799	34
800	32
801	34
802	35
803	28
804	31
805	31
806	35
807	29
808	19
809	31
810	43
811	28
812	35
813	37
814	29
815	34
816	29
817	27
818	30
819	24
820	18
821	33
822	39
823	29
824	29
825	36
826	30
827	34
828	31
829	36
830	33
831	23
832	32
833	33
834	22
835	41
836	37
837	28
838	30
839	33
840	34
841	36
842	22
843	38
844	41
845	39
846	40
847	34
848	35
849	34
850	26
851	33
852	37
853	30
854	29
855	34
856	31
857	29
858	37
859	33
860	36
861	42
862	31
863	36
864	26
865	34
866	35
867	32
868	34
869	28
870	32
871	31
872	37
873	41
874	33
875	46
876	39
877	23
878	34
879	34
880	27
881	38
882	34
883	45
884	34
885	28
886	26
887	38
888	25
889	32
890	30
891	27
892	37
893	21
894	48
895	35
896	21
897	35
898	39
899	35
900	36
901	36
902	22
903	37
904	30
905	26
906	23
907	30
908	28
909	32
910	33
911	28
912	32
913	31
914	26
915	35
916	43
917	36
918	40
919	39
920	38
921	43
922	34
923	38
924	33
925	30
926	34
927	30
928	36
929	36
930	38
931	35
932	34
933	31
934	26
935	45
936	36
937	30
938	32
939	32
940	33
941	27
942	36
943	32
944	39
945	34
946	43
947	42
948	46
949	31
950	39
951	38
952	37
953	34
954	35
955	40
956	36
957	41
958	37
959	43
960	29
961	34
962	40
963	37
964	33
965	36
966	45
967	35
968	37
969	44
970	35
971	46
972	29
973	35
974	36
975	45
976	37
977	39
978	40
979	34
980	33
981	31
982	37
983	29
984	34
985	33
986	26
987	29
988	35
989	33
990	38
991	40
992	36
993	42
994	40
995	46
996	30
997	30
998	42
999	41
1000	43
1001	34
1002	38
1003	36
1004	38
1005	34
1006	38
1007	39
1008	32
1009	31
1010	40
1011	45
1012	39
1013	36
1014	38
1015	37
1016	40
1017	30
1018	41
1019	39
1020	37
1021	45
1022	35
1023	32
1024	29
1025	52
1026	40
1027	51
1028	34
1029	43
1030	24
1031	42
1032	30
1033	45
1034	34
1035	44
1036	38
1037	54
1038	28
1039	38
1040	40
1041	43
1042	41
1043	32
1044	43
1045	32
1046	41
1047	39
1048	37
1049	38
1050	42
1051	35
1052	43
1053	48
1054	38
1055	46
1056	44
1057	37
1058	31
1059	41
1060	38
1061	45
1062	35
1063	40
1064	33
1065	27
1066	48
1067	54
1068	32
1069	34
1070	43
1071	33
1072	62
1073	33
1074	36
1075	33
1076	38
1077	40
1078	34
1079	39
1080	44
1081	26
1082	37
1083	31
1084	42
1085	38
1086	26
1087	27
1088	45
1089	38
1090	39
1091	38
1092	39
1093	35
1094	38
1095	50
1096	38
1097	42
1098	35
1099	36
1100	29
1101	51
1102	42
1103	36
1104	27
1105	34
1106	47
1107	35
1108	47
1109	36
1110	43
1111	28
1112	29
1113	41
1114	39
1115	46
1116	39
1117	42
1118	39
1119	34
1120	39
1121	39
1122	45
1123	32
1124	38
1125	44
1126	29
1127	43
1128	41
1129	29
1130	37
1131	34
1132	49
1133	22
1134	29
1135	58
1136	35
1137	37
1138	35
1139	41
1140	47
1141	39
1142	39
1143	40
1144	29
1145	44
1146	42
1147	47
1148	40
1149	52
1150	39
1151	44
1152	31
1153	40
1154	38
1155	40
1156	42
1157	38
1158	47
1159	39
1160	36
1161	42
1162	30
1163	45
1164	53
1165	28
1166	53
1167	46
1168	46
1169	37
1170	39
1171	35
1172	37
1173	45
1174	43
1175	45
1176	30
1177	41
1178	49
1179	41
1180	44
1181	45
1182	43
1183	55
1184	51
1185	47
1186	39
1187	40
1188	44
1189	46
1190	39
1191	37
1192	37
1193	45
1194	42
1195	42
1196	39
1197	38
1198	38
1199	37
1200	46
1201	44
1202	52
1203	46
1204	36
1205	31
1206	37
1207	40
1208	37
1209	44
1210	40
1211	31
1212	37
1213	36
1214	47
1215	32
1216	39
1217	37
1218	47
1219	49
1220	33
1221	49
1222	41
1223	49
1224	47
1225	38
1226	48
1227	43
1228	44
1229	44
1230	43
1231	43
1232	42
1233	49
1234	40
1235	49
1236	45
1237	41
1238	38
1239	52
1240	43
1241	43
1242	44
1243	45
1244	37
1245	50
1246	49
1247	33
1248	39
1249	55
1250	44
1251	46
1252	45
1253	43
1254	35
1255	56
1256	36
1257	39
1258	41
1259	48
1260	38
1261	44
1262	49
1263	47
1264	43
1265	54
1266	48
1267	41
1268	49
1269	57
1270	45
1271	40
1272	44
1273	54
1274	40
1275	30
1276	40
1277	43
1278	52
1279	51
1280	46
1281	42
1282	39
1283	56
1284	48
1285	38
1286	35
1287	45
1288	44
1289	38
1290	41
1291	44
1292	43
1293	35
1294	47
1295	50
1296	43
1297	46
1298	43
1299	40
1300	57
1301	37
1302	43
1303	51
1304	41
1305	41
1306	42
1307	43
1308	41
1309	45
1310	48
1311	42
1312	29
1313	46
1314	56
1315	42
1316	39
1317	39
1318	46
1319	32
1320	47
1321	49
1322	45
1323	43
1324	53
1325	44
1326	42
1327	58
1328	47
1329	54
1330	44
1331	39
1332	47
1333	48
1334	61
1335	40
1336	43
1337	47
1338	54
1339	55
1340	51
1341	45
1342	45
1343	36
1344	46
1345	43
1346	37
1347	41
1348	46
1349	41
1350	29
1351	53
1352	36
1353	32
1354	51
1355	34
1356	48
1357	49
1358	51
1359	46
1360	40
1361	36
1362	35
1363	54
1364	44
1365	45
1366	51
1367	52
1368	53
1369	36
1370	34
1371	38
1372	48
1373	40
1374	43
1375	38
1376	40
1377	41
1378	46
1379	43
1380	49
1381	45
1382	43
1383	42
1384	50
1385	62
1386	42
1387	30
1388	47
1389	46
1390	49
1391	45
1392	44
1393	38
1394	42
1395	59
1396	39
1397	58
1398	46
1399	46
1400	46
1401	47
1402	47
1403	55
1404	57
1405	45
1406	40
1407	59
1408	32
1409	37
1410	44
1411	46
1412	39
1413	51
1414	49
1415	40
1416	40
1417	46
1418	42
1419	42
1420	46
1421	42
1422	41
1423	49
1424	39
1425	39
1426	36
1427	42
1428	33
1429	41
1430	51
1431	36
1432	35
1433	42
1434	51
1435	48
1436	45
1437	49
1438	41
1439	41
1440	48
1441	31
1442	44
1443	31
1444	29
1445	39
1446	43
1447	37
1448	40
1449	33
1450	39
1451	33
1452	32
1453	32
1454	37
1455	33
1456	44
1457	41
1458	35
1459	51
1460	49
1461	50
1462	43
1463	34
1464	35
1465	47
1466	40
1467	44
1468	39
1469	35
1470	51
1471	37
1472	39
1473	39
1474	41
1475	44
1476	37
1477	39
1478	30
1479	47
1480	31
1481	44
1482	28
1483	40
1484	39
1485	33
1486	41
1487	46
1488	31
1489	36
1490	39
1491	34
1492	27
1493	24
1494	42
1495	37
1496	38
1497	31
1498	42
1499	37
1500	38
1501	37
1502	32
1503	32
1504	24
1505	22
1506	42
1507	32
1508	35
1509	25
1510	39
1511	27
1512	44
1513	42
1514	39
1515	34
1516	44
1517	32
1518	36
1519	33
1520	33
1521	40
1522	40
1523	30
1524	28
1525	26
1526	35
1527	44
1528	31
1529	31
1530	29
1531	30
1532	33
1533	34
1534	42
1535	37
1536	34
1537	34
1538	26
1539	43
1540	26
1541	30
1542	37
1543	25
1544	33
1545	33
1546	39
1547	23
1548	31
1549	42
1550	35
1551	32
1552	37
1553	27
1554	33
1555	32
1556	28
1557	38
1558	20
1559	35
1560	34
1561	37
1562	21
1563	25
1564	36
1565	41
1566	25
1567	31
1568	34
1569	28
1570	31
1571	30
1572	31
1573	28
1574	29
1575	30
1576	31
1577	35
1578	30
1579	34
1580	32
1581	21
1582	34
1583	27
1584	28
1585	22
1586	33
1587	36
1588	28
1589	33
1590	29
1591	30
1592	29
1593	34
1594	36
1595	24
1596	32
1597	31
1598	41
1599	32
1600	35
1601	42
1602	26
1603	34
1604	37
1605	31
1606	27
1607	32
1608	33
1609	22
1610	27
1611	26
1612	31
1613	19
1614	32
1615	32
1616	33
1617	39
1618	26
1619	21
1620	23
1621	25
1622	29
1623	36
1624	34
1625	21
1626	37
1627	36
1628	28
1629	35
1630	37
1631	25
1632	25
1633	26
1634	31
1635	35
1636	30
1637	24
1638	30
1639	23
1640	22
1641	24
1642	28
1643	26
1644	27
1645	26
1646	29
1647	25
1648	27
1649	34
1650	31
1651	19
1652	29
1653	32
1654	30
1655	29
1656	19
1657	24
1658	20
1659	31
1660	29
1661	21
1662	28
1663	29
1664	28
1665	25
1666	24
1667	27
1668	32
1669	29
1670	26
1671	26
1672	17
1673	30
1674	26
1675	19
1676	24
1677	28
1678	24
1679	36
1680	29
1681	17
1682	27
1683	31
1684	28
1685	30
1686	37
1687	36
1688	36
1689	33
1690	25
1691	28
1692	35
1693	30
1694	27
1695	22
1696	19
1697	27
1698	20
1699	22
1700	25
1701	35
1702	27
1703	25
1704	29
1705	30
1706	32
1707	29
1708	26
1709	26
1710	29
1711	21
1712	19
1713	25
1714	31
1715	27
1716	26
1717	20
1718	24
1719	30
1720	30
1721	38
1722	31
1723	26
1724	19
1725	26
1726	30
1727	24
1728	31
1729	30
1730	28
1731	19
1732	26
1733	24
1734	32
1735	25
1736	26
1737	24
1738	23
1739	23
1740	32
1741	36
1742	33
1743	25
1744	27
1745	25
1746	26
1747	21
1748	29
1749	32
1750	25
1751	30
1752	29
1753	23
1754	15
1755	23
1756	23
1757	26
1758	28
1759	29
1760	34
1761	28
1762	27
1763	29
1764	26
1765	30
1766	20
1767	25
1768	28
1769	17
1770	27
1771	32
1772	18
1773	38
1774	20
1775	28
1776	21
1777	21
1778	26
1779	19
1780	25
1781	30
1782	32
1783	21
1784	22
1785	25
1786	25
1787	17
1788	29
1789	31
1790	31
1791	25
1792	22
1793	19
1794	19
1795	24
1796	22
1797	28
1798	28
1799	21
1800	20
1801	22
1802	30
1803	22
1804	22
1805	27
1806	27
1807	26
1808	24
1809	32
1810	18
1811	28
1812	31
1813	28
1814	24
1815	30
1816	32
1817	28
1818	21
1819	21
1820	24
1821	25
1822	25
1823	22
1824	23
1825	29
1826	21
1827	28
1828	24
1829	25
1830	24
1831	27
1832	26
1833	18
1834	21
1835	25
1836	25
1837	26
1838	24
1839	23
1840	34
1841	28
1842	30
1843	20
1844	24
1845	24
1846	23
1847	22
1848	24
1849	21
1850	21
1851	21
1852	28
1853	30
1854	25
1855	29
1856	22
1857	26
1858	23
1859	22
1860	26
1861	25
1862	32
1863	17
1864	25
1865	19
1866	23
1867	23
1868	27
1869	27
1870	33
1871	29
1872	28
1873	27
1874	27
1875	18
1876	25
1877	21
1878	22
1879	25
1880	27
1881	22
1882	32
1883	21
1884	23
1885	25
1886	21
1887	31
1888	19
1889	33
1890	31
1891	27
1892	30
1893	30
1894	21
1895	26
1896	28
1897	24
1898	21
1899	28
1900	22
1901	18
1902	24
1903	26
1904	25
1905	29
1906	22
1907	23
1908	24
1909	24
1910	10
1911	27
1912	27
1913	14
1914	21
1915	26
1916	25
1917	19
1918	22
1919	23
1920	26
1921	18
1922	27
1923	22
1924	14
1925	29
1926	27
1927	42
1928	19
1929	16
1930	21
1931	18
1932	18
1933	31
1934	29
1935	23
1936	23
1937	9
1938	16
1939	24
1940	27
1941	26
1942	21
1943	14
1944	12
1945	14
1946	22
1947	30
1948	17
1949	20
1950	26
1951	21
1952	20
1953	29
1954	20
1955	22
1956	20
1957	20
1958	30
1959	18
1960	20
1961	27
1962	20
1963	28
1964	18
1965	26
1966	23
1967	24
1968	16
1969	27
1970	30
1971	26
1972	21
1973	23
1974	19
1975	21
1976	24
1977	26
1978	25
1979	22
1980	23
1981	17
1982	23
1983	24
1984	23
1985	21
1986	17
1987	28
1988	20
1989	25
1990	15
1991	28
1992	30
1993	26
1994	33
1995	21
1996	24
1997	26
1998	23
1999	32
2000	33
2001	19
2002	21
2003	26
2004	22
2005	26
2006	25
2007	23
2008	20
2009	15
2010	25
2011	16
2012	29
2013	24
2014	25
2015	16
2016	21
2017	23
2018	25
2019	16
2020	22
2021	20
2022	18
2023	15
2024	24
2025	20
2026	17
2027	16
2028	24
2029	35
2030	32
2031	21
2032	18
2033	23
2034	24
2035	21
2036	24
2037	21
2038	20
2039	27
2040	14
2041	21
2042	23
2043	20
2044	24
2045	14
2046	14
2047	21
2048	19
2049	14
2050	21
2051	18
2052	26
2053	19
2054	14
2055	23
2056	21
2057	22
2058	24
2059	21
2060	15
2061	22
2062	30
2063	8
2064	23
2065	21
2066	19
2067	23
2068	28
2069	22
2070	28
2071	26
2072	23
2073	23
2074	13
2075	18
2076	15
2077	23
2078	19
2079	30
2080	17
2081	25
2082	26
2083	23
2084	21
2085	20
2086	22
2087	29
2088	20
2089	24
2090	17
2091	24
2092	17
2093	17
2094	17
2095	16
2096	24
2097	22
2098	20
2099	20
2100	16
2101	25
2102	21
2103	27
2104	21
2105	29
2106	19
2107	15
2108	24
2109	18
2110	26
2111	20
2112	16
2113	24
2114	19
2115	18
2116	21
2117	21
2118	19
2119	23
2120	17
2121	17
2122	23
2123	22
2124	17
2125	21
2126	30
2127	20
2128	21
2129	21
2130	22
2131	23
2132	17
2133	15
2134	29
2135	21
2136	20
2137	19
2138	17
2139	22
2140	28
2141	26
2142	16
2143	27
2144	17
2145	21
2146	15
2147	10
2148	25
2149	25
2150	20
2151	8
2152	32
2153	17
2154	23
2155	23
2156	24
2157	26
2158	28
2159	27
2160	23
2161	14
2162	23
2163	15
2164	14
2165	23
2166	19
2167	21
2168	18
2169	24
2170	17
2171	18
2172	20
2173	22
2174	19
2175	20
2176	18
2177	23
2178	25
2179	19
2180	22
2181	20
2182	24
2183	20
2184	21
2185	17
2186	32
2187	27
2188	16
2189	33
2190	28
2191	23
2192	23
2193	23
2194	17
2195	22
2196	19
2197	15
2198	17
2199	29
2200	19
2201	22
2202	17
2203	23
2204	29
2205	20
2206	24
2207	20
2208	25
2209	15
2210	22
2211	22
2212	27
2213	17
2214	19
2215	18
2216	17
2217	22
2218	27
2219	22
2220	18
2221	22
2222	14
2223	18
2224	16
2225	23
2226	26
2227	16
2228	16
2229	24
2230	15
2231	17
2232	17
2233	31
2234	19
2235	25
2236	18
2237	22
2238	17
2239	21
2240	29
2241	24
2242	20
2243	28
2244	21
2245	18
2246	23
2247	23
2248	22
2249	31
2250	27
2251	26
2252	15
2253	17
2254	17
2255	14
2256	17
2257	23
2258	18
2259	21
2260	26
2261	21
2262	29
2263	21
2264	17
2265	22
2266	25
2267	20
2268	18
2269	26
2270	17
2271	21
2272	18
2273	15
2274	19
2275	23
2276	16
2277	14
2278	25
2279	20
2280	22
2281	20
2282	17
2283	17
2284	17
2285	22
2286	22
2287	20
2288	24
2289	19
2290	19
2291	18
2292	19
2293	23
2294	22
2295	21
2296	18
2297	24
2298	21
2299	17
2300	20
2301	22
2302	21
2303	25
2304	19
2305	17
2306	24
2307	17
2308	21
2309	18
2310	24
2311	32
2312	25
2313	17
2314	16
2315	19
2316	18
2317	20
2318	24
2319	17
2320	16
2321	19
2322	30
2323	22
2324	18
2325	18
2326	21
2327	20
2328	15
2329	17
2330	18
2331	17
2332	16
2333	28
2334	14
2335	17
2336	13
2337	18
2338	26
2339	29
2340	21
2341	20
2342	19
2343	15
2344	13
2345	16
2346	23
2347	17
2348	17
2349	21
2350	24
2351	18
2352	22
2353	15
2354	29
2355	25
2356	23
2357	22
2358	20
2359	23
2360	16
2361	19
2362	14
2363	22
2364	18
2365	18
2366	22
2367	10
2368	19
2369	18
2370	9
2371	20
2372	27
2373	20
2374	24
2375	22
2376	28
2377	21
2378	20
2379	20
2380	21
2381	21
2382	21
2383	12
2384	23
2385	20
2386	13
2387	16
2388	15
2389	17
2390	16
2391	21
2392	22
2393	14
2394	12
2395	18
2396	16
2397	13
2398	14
2399	13
2400	20
2401	19
2402	20
2403	15
2404	16
2405	14
2406	14
2407	23
2408	23
2409	24
2410	22
2411	13
2412	18
2413	22
2414	18
2415	14
2416	12
2417	14
2418	22
2419	15
2420	19
2421	16
2422	26
2423	21
2424	19
2425	8
2426	10
2427	17
2428	17
2429	14
2430	20
2431	25
2432	19
2433	21
2434	14
2435	13
2436	11
2437	17
2438	22
2439	22
2440	12
2441	24
2442	21
2443	24
2444	14
2445	18
2446	16
2447	18
2448	16
2449	21
2450	23
2451	17
2452	16
2453	14
2454	26
2455	24
2456	21
2457	20
2458	12
2459	18
2460	18
2461	11
2462	16
2463	18
2464	16
2465	19
2466	20
2467	17
2468	16
2469	24
2470	14
2471	19
2472	20
2473	16
2474	29
2475	16
2476	21
2477	22
2478	15
2479	15
2480	10
2481	14
2482	20
2483	15
2484	19
2485	23
2486	23
2487	9
2488	18
2489	12
2490	15
2491	22
2492	26
2493	28
2494	16
2495	16
2496	13
2497	20
2498	9
2499	9
2500	19
2501	17
2502	16
2503	14
2504	17
2505	14
2506	20
2507	20
2508	15
2509	11
2510	19
2511	25
2512	18
2513	24
2514	18
2515	16
2516	15
2517	8
2518	22
2519	14
2520	21
2521	17
2522	18
2523	28
2524	23
2525	18
2526	12
2527	16
2528	19
2529	15
2530	18
2531	21
2532	13
2533	18
2534	13
2535	18
2536	10
2537	17
2538	18
2539	17
2540	12
2541	10
2542	14
2543	30
2544	30
2545	16
2546	15
2547	22
2548	12
2549	20
2550	22
2551	12
2552	15
2553	15
2554	15
2555	15
2556	15
2557	19
2558	9
2559	13
2560	18
2561	23
2562	13
2563	15
2564	13
2565	19
2566	14
2567	12
2568	21
2569	17
2570	22
2571	19
2572	10
2573	14
2574	22
2575	12
2576	16
2577	18
2578	19
2579	14
2580	14
2581	16
2582	27
2583	17
2584	14
2585	19
2586	20
2587	17
2588	16
2589	7
2590	10
2591	15
2592	11
2593	21
2594	12
2595	18
2596	13
2597	15
2598	12
2599	18
2600	17
2601	19
2602	20
2603	10
2604	18
2605	8
2606	13
2607	17
2608	17
2609	15
2610	12
2611	18
2612	17
2613	12
2614	16
2615	13
2616	20
2617	17
2618	20
2619	23
2620	12
2621	19
2622	20
2623	13
2624	20
2625	10
2626	16
2627	19
2628	17
2629	13
2630	18
2631	14
2632	19
2633	17
2634	21
2635	21
2636	15
2637	21
2638	18
2639	15
2640	13
2641	16
2642	13
2643	17
2644	21
2645	8
2646	12
2647	19
2648	13
2649	18
2650	18
2651	13
2652	18
2653	20
2654	15
2655	20
2656	15
2657	17
2658	9
2659	22
2660	10
2661	9
2662	20
2663	26
2664	22
2665	20
2666	23
2667	16
2668	15
2669	15
2670	8
2671	15
2672	20
2673	19
2674	14
2675	12
2676	18
2677	20
2678	26
2679	21
2680	17
2681	11
2682	16
2683	16
2684	16
2685	13
2686	10
2687	16
2688	20
2689	17
2690	8
2691	17
2692	13
2693	15
2694	15
2695	16
2696	15
2697	18
2698	13
2699	18
2700	14
2701	12
2702	12
2703	12
2704	13
2705	16
2706	16
2707	18
2708	20
2709	18
2710	11
2711	15
2712	14
2713	22
2714	18
2715	17
2716	17
2717	17
2718	13
2719	9
2720	12
2721	24
2722	12
2723	15
2724	11
2725	14
2726	13
2727	14
2728	19
2729	14
2730	15
2731	16
2732	16
2733	19
2734	11
2735	15
2736	20
2737	17
2738	18
2739	12
2740	15
2741	15
2742	19
2743	13
2744	18
2745	15
2746	21
2747	13
2748	9
2749	17
2750	10
2751	11
2752	13
2753	26
2754	14
2755	21
2756	13
2757	18
2758	11
2759	12
2760	16
2761	15
2762	13
2763	21
2764	19
2765	10
2766	16
2767	15
2768	10
2769	11
2770	13
2771	16
2772	14
2773	12
2774	21
2775	11
2776	16
2777	18
2778	10
2779	14
2780	16
2781	21
2782	17
2783	11
2784	16
2785	15
2786	15
2787	17
2788	11
2789	18
2790	15
2791	18
2792	14
2793	17
2794	17
2795	13
2796	16
2797	14
2798	21
2799	25
2800	15
2801	16
2802	16
2803	12
2804	16
2805	12
2806	20
2807	22
2808	13
2809	14
2810	17
2811	14
2812	19
2813	10
2814	16
2815	10
2816	12
2817	16
2818	12
2819	12
2820	24
2821	13
2822	16
2823	20
2824	19
2825	22
2826	20
2827	17
2828	18
2829	13
2830	14
2831	18
2832	19
2833	13
2834	9
2835	12
2836	18
2837	14
2838	13
2839	12
2840	19
2841	20
2842	15
2843	13
2844	16
2845	15
2846	22
2847	18
2848	13
2849	14
2850	18
2851	19
2852	17
2853	10
2854	10
2855	16
2856	14
2857	9
2858	12
2859	13
2860	17
2861	15
2862	13
2863	14
2864	16
2865	17
2866	13
2867	19
2868	18
2869	18
2870	15
2871	17
2872	16
2873	17
2874	10
2875	19
2876	14
2877	8
2878	17
2879	14
2880	15
2881	11
2882	14
2883	13
2884	5
2885	14
2886	13
2887	13
2888	22
2889	14
2890	13
2891	10
2892	13
2893	10
2894	16
2895	19
2896	14
2897	17
2898	16
2899	10
2900	14
2901	16
2902	12
2903	11
2904	11
2905	24
2906	8
2907	10
2908	8
2909	10
2910	13
2911	12
2912	15
2913	14
2914	12
2915	9
2916	9
2917	14
2918	12
2919	11
2920	9
2921	10
2922	8
2923	15
2924	16
2925	15
2926	12
2927	8
2928	18
2929	14
2930	10
2931	14
2932	10
2933	10
2934	19
2935	7
2936	21
2937	15
2938	7
2939	17
2940	11
2941	11
2942	25
2943	29
2944	13
2945	15
2946	11
2947	20
2948	13
2949	14
2950	13
2951	13
2952	9
2953	15
2954	10
2955	14
2956	21
2957	17
2958	12
2959	16
2960	16
2961	15
2962	18
2963	10
2964	13
2965	10
2966	9
2967	9
2968	13
2969	16
2970	14
2971	15
2972	8
2973	12
2974	15
2975	15
2976	14
2977	13
2978	16
2979	14
2980	10
2981	13
2982	12
2983	14
2984	14
2985	19
2986	7
2987	16
2988	13
2989	7
2990	13
2991	13
2992	14
2993	18
2994	11
2995	14
2996	9
2997	11
2998	13
2999	8
3000	12
3001	13
3002	6
3003	8
3004	13
3005	13
3006	17
3007	17
3008	11
3009	11
3010	7
3011	20
3012	13
3013	19
3014	18
3015	11
3016	12
3017	10
3018	12
3019	13
3020	16
3021	11
3022	9
3023	8
3024	11
3025	10
3026	15
3027	8
3028	10
3029	15
3030	13
3031	15
3032	14
3033	9
3034	7
3035	8
3036	14
3037	12
3038	16
3039	6
3040	11
3041	11
3042	15
3043	12
3044	7
3045	9
3046	15
3047	16
3048	13
3049	11
3050	16
3051	5
3052	16
3053	18
3054	9
3055	7
3056	16
3057	14
3058	12
3059	13
3060	12
3061	10
3062	13
3063	8
3064	14
3065	8
3066	20
3067	14
3068	10
3069	9
3070	11
3071	18
3072	18
3073	17
3074	11
3075	14
3076	12
3077	8
3078	13
3079	8
3080	14
3081	14
3082	12
3083	9
3084	10
3085	12
3086	10
3087	16
3088	11
3089	17
3090	9
3091	9
3092	15
3093	16
3094	11
3095	14
3096	11
3097	14
3098	11
3099	15
3100	13
3101	19
3102	11
3103	11
3104	16
3105	10
3106	12
3107	13
3108	12
3109	14
3110	11
3111	8
3112	9
3113	12
3114	17
3115	8
3116	17
3117	11
3118	13
3119	14
3120	8
3121	11
3122	10
3123	14
3124	19
3125	16
3126	15
3127	13
3128	11
3129	16
3130	11
3131	11
3132	11
3133	20
3134	16
3135	11
3136	8
3137	13
3138	13
3139	17
3140	13
3141	14
3142	11
3143	17
3144	10
3145	15
3146	10
3147	16
3148	15
3149	13
3150	16
3151	15
3152	22
3153	10
3154	14
3155	15
3156	10
3157	17
3158	11
3159	26
3160	15
3161	15
3162	12
3163	19
3164	10
3165	7
3166	9
3167	10
3168	10
3169	22
3170	19
3171	9
3172	9
3173	17
3174	14
3175	13
3176	15
3177	13
3178	13
3179	9
3180	8
3181	16
3182	19
3183	13
3184	16
3185	11
3186	16
3187	11
3188	18
3189	19
3190	11
3191	13
3192	12
3193	12
3194	6
3195	13
3196	12
3197	12
3198	11
3199	10
3200	15
3201	9
3202	15
3203	14
3204	6
3205	10
3206	11
3207	13
3208	16
3209	16
3210	16
3211	14
3212	11
3213	18
3214	12
3215	13
3216	11
3217	12
3218	16
3219	15
3220	14
3221	13
3222	11
3223	16
3224	17
3225	10
3226	7
3227	9
3228	10
3229	10
3230	11
3231	14
3232	10
3233	9
3234	17
3235	20
3236	9
3237	14
3238	7
3239	22
3240	17
3241	16
3242	21
3243	15
3244	19
3245	14
3246	7
3247	18
3248	14
3249	17
3250	16
3251	11
3252	6
3253	14
3254	8
3255	9
3256	16
3257	15
3258	8
3259	11
3260	12
3261	18
3262	13
3263	15
3264	10
3265	10
3266	11
3267	5
3268	12
3269	12
3270	12
3271	15
3272	15
3273	8
3274	15
3275	12
3276	15
3277	14
3278	25
3279	10
3280	11
3281	15
3282	18
3283	15
3284	4
3285	15
3286	11
3287	17
3288	19
3289	16
3290	7
3291	15
3292	16
3293	20
3294	14
3295	27
3296	15
3297	16
3298	11
3299	9
3300	15
3301	11
3302	12
3303	9
3304	14
3305	13
3306	18
3307	11
3308	12
3309	14
3310	15
3311	16
3312	13
3313	11
3314	19
3315	7
3316	14
3317	9
3318	8
3319	14
3320	10
3321	23
3322	13
3323	11
3324	11
3325	19
3326	13
3327	15
3328	8
3329	7
3330	16
3331	13
3332	12
3333	14
3334	8
3335	13
3336	11
3337	16
3338	11
3339	13
3340	13
3341	7
3342	14
3343	9
3344	16
3345	16
3346	18
3347	14
3348	15
3349	11
3350	13
3351	21
3352	9
3353	21
3354	14
3355	5
3356	8
3357	14
3358	11
3359	9
3360	16
3361	17
3362	13
3363	13
3364	14
3365	19
3366	10
3367	16
3368	9
3369	11
3370	16
3371	19
3372	13
3373	21
3374	20
3375	16
3376	13
3377	11
3378	13
3379	11
3380	7
3381	15
3382	12
3383	11
3384	10
3385	13
3386	17
3387	14
3388	16
3389	11
3390	15
3391	18
3392	11
3393	16
3394	12
3395	10
3396	10
3397	11
3398	12
3399	22
3400	12
3401	9
3402	10
3403	19
3404	10
3405	9
3406	15
3407	17
3408	15
3409	12
3410	17
3411	14
3412	11
3413	13
3414	15
3415	14
3416	9
3417	10
3418	22
3419	10
3420	8
3421	6
3422	18
3423	5
3424	14
3425	11
3426	19
3427	16
3428	16
3429	11
3430	9
3431	7
3432	21
3433	22
3434	15
3435	11
3436	9
3437	16
3438	8
3439	12
3440	8
3441	15
3442	10
3443	13
3444	15
3445	21
3446	10
3447	26
3448	9
3449	13
3450	10
3451	11
3452	17
3453	16
3454	16
3455	18
3456	20
3457	12
3458	14
3459	15
3460	17
3461	17
3462	15
3463	12
3464	11
3465	14
3466	7
3467	13
3468	15
3469	14
3470	8
3471	23
3472	13
3473	9
3474	14
3475	14
3476	17
3477	9
3478	19
3479	13
3480	12
3481	16
3482	13
3483	10
3484	10
3485	13
3486	15
3487	10
3488	14
3489	16
3490	12
3491	16
3492	9
3493	17
3494	16
3495	13
3496	10
3497	11
3498	10
3499	12
3500	18
3501	17
3502	12
3503	17
3504	15
3505	13
3506	14
3507	7
3508	15
3509	14
3510	12
3511	17
3512	14
3513	14
3514	16
3515	14
3516	14
3517	15
3518	14
3519	17
3520	17
3521	13
3522	9
3523	19
3524	10
3525	10
3526	14
3527	18
3528	16
3529	13
3530	18
3531	14
3532	17
3533	9
3534	23
3535	13
3536	17
3537	10
3538	8
3539	11
3540	13
3541	15
3542	10
3543	9
3544	13
3545	15
3546	21
3547	13
3548	14
3549	14
3550	13
3551	17
3552	12
3553	15
3554	15
3555	13
3556	16
3557	21
3558	14
3559	12
3560	17
3561	12
3562	18
3563	10
3564	8
3565	9
3566	10
3567	16
3568	12
3569	17
3570	13
3571	19
3572	12
3573	16
3574	11
3575	15
3576	15
3577	15
3578	14
3579	17
3580	12
3581	10
3582	14
3583	14
3584	17
3585	12
3586	18
3587	9
3588	10
3589	27
3590	11
3591	12
3592	13
3593	5
3594	13
3595	13
3596	15
3597	14
3598	13
3599	22
3600	13
3601	9
3602	18
3603	15
3604	14
3605	5
3606	8
3607	12
3608	7
3609	13
3610	15
3611	13
3612	10
3613	14
3614	14
3615	15
3616	18
3617	12
3618	12
3619	16
3620	13
3621	12
3622	12
3623	17
3624	16
3625	21
3626	15
3627	9
3628	10
3629	15
3630	19
3631	23
3632	15
3633	10
3634	16
3635	10
3636	13
3637	17
3638	12
3639	19
3640	10
3641	12
3642	12
3643	15
3644	16
3645	10
3646	11
3647	12
3648	15
3649	17
3650	14
3651	14
3652	12
3653	12
3654	11
3655	11
3656	17
3657	9
3658	16
3659	14
3660	18
3661	11
3662	13
3663	11
3664	9
3665	12
3666	19
3667	17
3668	18
3669	16
3670	11
3671	20
3672	17
3673	11
3674	10
3675	10
3676	13
3677	16
3678	18
3679	12
3680	17
3681	12
3682	10
3683	17
3684	13
3685	13
3686	11
3687	13
3688	21
3689	16
3690	23
3691	13
3692	12
3693	9
3694	8
3695	15
3696	15
3697	10
3698	15
3699	11
3700	18
3701	14
3702	12
3703	16
3704	12
3705	22
3706	9
3707	11
3708	16
3709	17
3710	13
3711	12
3712	14
3713	11
3714	17
3715	19
3716	16
3717	9
3718	11
3719	12
3720	16
3721	17
3722	20
3723	13
3724	12
3725	14
3726	14
3727	16
3728	14
3729	21
3730	18
3731	21
3732	7
3733	18
3734	18
3735	19
3736	14
3737	9
3738	16
3739	14
3740	16
3741	19
3742	14
3743	17
3744	14
3745	11
3746	10
3747	19
3748	14
3749	9
3750	16
3751	14
3752	19
3753	19
3754	9
3755	8
3756	18
3757	17
3758	16
3759	14
3760	18
3761	12
3762	25
3763	10
3764	16
3765	15
3766	17
3767	15
3768	8
3769	12
3770	16
3771	15
3772	21
3773	15
3774	14
3775	17
3776	14
3777	12
3778	9
3779	17
3780	10
3781	15
3782	9
3783	15
3784	13
3785	19
3786	12
3787	13
3788	19
3789	18
3790	15
3791	14
3792	20
3793	21
3794	17
3795	12
3796	14
3797	17
3798	16
3799	16
3800	22
3801	21
3802	14
3803	11
3804	11
3805	11
3806	12
3807	10
3808	14
3809	27
3810	15
3811	18
3812	15
3813	24
3814	18
3815	18
3816	15
3817	18
3818	16
3819	23
3820	19
3821	10
3822	15
3823	19
3824	20
3825	13
3826	15
3827	16
3828	14
3829	20
3830	16
3831	18
3832	19
3833	19
3834	17
3835	15
3836	18
3837	25
3838	13
3839	11
3840	16
3841	17
3842	15
3843	21
3844	11
3845	12
3846	22
3847	17
3848	5
3849	15
3850	15
3851	20
3852	15
3853	27
3854	14
3855	22
3856	14
3857	18
3858	20
3859	17
3860	16
3861	17
3862	24
3863	18
3864	21
3865	20
3866	16
3867	18
3868	21
3869	20
3870	15
3871	12
3872	17
3873	13
3874	17
3875	13
3876	18
3877	14
3878	16
3879	18
3880	12
3881	22
3882	11
3883	23
3884	21
3885	14
3886	23
3887	19
3888	17
3889	25
3890	16
3891	11
3892	18
3893	20
3894	18
3895	21
3896	16
3897	19
3898	21
3899	21
3900	21
3901	16
3902	24
3903	21
3904	19
3905	25
3906	23
3907	14
3908	17
3909	16
3910	27
3911	13
3912	18
3913	17
3914	22
3915	12
3916	12
3917	23
3918	9
3919	14
3920	21
3921	23
3922	15
3923	17
3924	23
3925	21
3926	22
3927	21
3928	31
3929	14
3930	17
3931	17
3932	19
3933	19
3934	16
3935	17
3936	19
3937	12
3938	26
3939	21
3940	22
3941	14
3942	20
3943	20
3944	17
3945	17
3946	10
3947	21
3948	23
3949	17
3950	26
3951	21
3952	13
3953	22
3954	25
3955	27
3956	18
3957	14
3958	21
3959	20
3960	25
3961	23
3962	22
3963	20
3964	21
3965	16
3966	39
3967	21
3968	18
3969	22
3970	16
3971	23
3972	21
3973	26
3974	23
3975	23
3976	21
3977	19
3978	27
3979	16
3980	27
3981	25
3982	24
3983	36
3984	26
3985	24
3986	27
3987	31
3988	24
3989	23
3990	36
3991	21
3992	20
3993	25
3994	19
3995	28
3996	24
3997	26
3998	20
3999	19
4000	28
4001	31
4002	33
4003	27
4004	23
4005	20
4006	27
4007	34
4008	29
4009	28
4010	24
4011	20
4012	20
4013	33
4014	21
4015	29
4016	29
4017	27
4018	25
4019	33
4020	27
4021	31
4022	25
4023	24
4024	31
4025	29
4026	22
4027	26
4028	23
4029	30
4030	25
4031	32
4032	23
4033	20
4034	23
4035	26
4036	18
4037	17
4038	24
4039	34
4040	18
4041	27
4042	25
4043	20
4044	21
4045	18
4046	22
4047	24
4048	20
4049	22
4050	27
4051	23
4052	24
4053	28
4054	24
4055	34
4056	22
4057	37
4058	32
4059	30
4060	30
4061	24
4062	40
4063	27
4064	30
4065	37
4066	28
4067	26
4068	26
4069	25
4070	20
4071	17
4072	22
4073	23
4074	24
4075	22
4076	25
4077	31
4078	22
4079	20
4080	25
4081	31
4082	31
4083	22
4084	24
4085	25
4086	27
4087	24
4088	29
4089	18
4090	23
4091	34
4092	13
4093	30
4094	31
4095	37
4096	25
4097	27
4098	38
4099	22
4100	35
4101	20
4102	36
4103	26
4104	29
4105	30
4106	25
4107	20
4108	18
4109	21
4110	27
4111	37
4112	30
4113	16
4114	31
4115	29
4116	21
4117	17
4118	26
4119	26
4120	22
4121	22
4122	26
4123	33
4124	18
4125	18
4126	22
4127	30
4128	25
4129	23
4130	33
4131	35
4132	30
4133	21
4134	20
4135	25
4136	21
4137	22
4138	18
4139	18
4140	29
4141	18
4142	19
4143	30
4144	15
4145	24
4146	19
4147	25
4148	21
4149	16
4150	32
4151	26
4152	19
4153	32
4154	16
4155	24
4156	22
4157	23
4158	26
4159	29
4160	26
4161	18
4162	20
4163	22
4164	25
4165	23
4166	31
4167	20
4168	26
4169	16
4170	22
4171	25
4172	21
4173	19
4174	24
4175	17
4176	16
4177	27
4178	18
4179	19
4180	18
4181	18
4182	20
4183	24
4184	24
4185	11
4186	21
4187	21
4188	22
4189	22
4190	15
4191	18
4192	18
4193	16
4194	16
4195	20
4196	25
4197	13
4198	17
4199	19
4200	15
4201	21
4202	21
4203	19
4204	19
4205	18
4206	13
4207	22
4208	29
4209	14
4210	11
4211	21
4212	15
4213	16
4214	17
4215	12
4216	25
4217	20
4218	8
4219	21
4220	20
4221	14
4222	26
4223	17
4224	13
4225	13
4226	19
4227	22
4228	14
4229	14
4230	14
4231	12
4232	16
4233	13
4234	13
4235	15
4236	19
4237	13
4238	16
4239	15
4240	11
4241	13
4242	13
4243	16
4244	9
4245	13
4246	16
4247	17
4248	8
4249	18
4250	15
4251	9
4252	19
4253	11
4254	13
4255	25
4256	12
4257	10
4258	4
4259	15
4260	8
4261	11
4262	16
4263	13
4264	12
4265	16
4266	7
4267	13
4268	14
4269	8
4270	13
4271	7
4272	12
4273	10
4274	9
4275	11
4276	18
4277	9
4278	13
4279	12
4280	11
4281	8
4282	13
4283	9
4284	7
4285	9
4286	9
4287	9
4288	4
4289	5
4290	11
4291	9
4292	10
4293	4
4294	7
4295	8
4296	8
4297	6
4298	5
4299	9
4300	7
4301	4
4302	8
4303	9
4304	10
4305	8
4306	9
4307	8
4308	6
4309	9
4310	6
4311	11
4312	7
4313	6
4314	14
4315	5
4316	7
4317	4
4318	7
4319	8
4320	10
4321	8
4322	6
4323	6
4324	7
4325	3
4326	9
4327	4
4328	2
4329	5
4330	6
4331	5
4332	5
4333	11
4334	7
4335	1
4336	4
4337	4
4338	3
4339	1
4340	7
4341	2
4342	2
4343	6
4344	7
4345	2
4346	2
4347	0
4348	2
4349	5
4350	4
4351	1
4352	5
4353	2
4354	8
4355	3
4356	4
4357	8
4358	5
4359	4
4360	3
4361	5
4362	4
4363	4
4364	5
4365	3
4366	7
4367	4
4368	4
4369	6
4370	3
4371	2
4372	4
4373	5
4374	5
4375	3
4376	3
4377	2
4378	2
4379	6
4380	4
4381	2
4382	2
4383	4
4384	3
4385	2
4386	3
4387	1
4388	1
4389	2
4390	2
4391	2
4392	2
4393	1
4394	2
4395	2
4396	0
4397	0
4398	2
4399	3
4400	3
4401	3
4402	2
4403	1
4404	2
4405	3
4406	2
4407	0
4408	4
4409	0
4410	3
4411	1
4412	2
4413	1
4414	2
4415	1
4416	3
4417	1
4418	3
4419	2
4420	4
4421	3
4422	2
4423	1
4424	0
4425	1
4426	3
4427	1
4428	3
4429	1
4430	1
4431	3
4432	2
4433	0
4434	2
4435	3
4436	1
4437	1
4438	1
4439	1
4440	0
4441	4
4442	0
4443	0
4444	5
4445	2
4446	1
4447	1
4448	2
4449	0
4450	1
4451	0
4452	2
4453	1
4454	1
4455	1
4456	0
4457	2
4458	3
4459	3
4460	2
4461	0
4462	0
4463	1
4464	2
4465	2
4466	1
4467	1
4468	1
4469	1
4470	0
4471	1
4472	0
4473	3
4474	2
4475	0
4476	0
4477	1
4478	0
4479	0
4480	1
4481	0
4482	0
4483	1
4484	0
4485	1
4486	0
4487	0
4488	2
4489	0
4490	0
4491	1
4492	2
4493	0
4494	1
4495	0
4496	1
4497	2
4498	3
4499	1
4500	1
4501	1
4502	1
4503	1
4504	1
4505	3
4506	2
4507	0
4508	1
4509	0
4510	0
4511	1
4512	1
4513	0
4514	1
4515	0
4516	0
4517	0
4518	0
4519	0
4520	1
4521	0
4522	0
4523	0
4524	0
4525	1
4526	0
4527	0
4528	3
4529	0
4530	1
4531	1
4532	1
4533	0
4534	0
4535	1
4536	1
4537	0
4538	1
4539	1
4540	1
4541	1
4542	1
4543	0
4544	0
4545	0
4546	2
4547	0
4548	1
4549	0
4550	0
4551	1
4552	0
4553	0
4554	1
4555	0
4556	0
4557	0
4558	0
4559	0
4560	0
4561	2
4562	1
4563	2
4564	0
4565	2
4566	0
4567	0
4568	0
4569	2
4570	0
4571	2
4572	0
4573	1
4574	2
4575	1
4576	2
4577	2
4578	1
4579	0
4580	0
4581	1
4582	3
4583	2
4584	1
4585	0
4586	0
4587	1
4588	0
4589	3
4590	2
4591	0
4592	0
4593	0
4594	1
4595	0
4596	0
4597	4
4598	1
4599	1
4600	3
4601	1
4602	1
4603	1
4604	2
4605	1
4606	0
4607	0
4608	1
4609	0
4610	0
4611	0
4612	0
4613	1
4614	0
4615	0
4616	1
4617	2
4618	2
4619	1
4620	2
4621	3
4622	3
4623	1
4624	1
4625	0
4626	1
4627	1
4628	2
4629	2
4630	1
4631	2
4632	1
4633	1
4634	1
4635	0
4636	1
4637	0
4638	0
4639	1
4640	0
4641	1
4642	3
4643	1
4644	0
4645	1
4646	0
4647	0
4648	2
4649	0
4650	0
4651	2
4652	0
4653	0
4654	1
4655	3
4656	0
4657	1
4658	1
4659	0
4660	0
4661	0
4662	1
4663	0
4664	0
4665	3
4666	0
4667	1
4668	2
4669	1
4670	0
4671	1
4672	3
4673	0
4674	0
4675	0
4676	1
4677	1
4678	1
4679	1
4680	1
4681	1
4682	2
4683	1
4684	1
4685	2
4686	2
4687	2
4688	0
4689	1
4690	1
4691	3
4692	1
4693	1
4694	1
4695	0
4696	1
4697	0
4698	1
4699	0
4700	0
4701	1
4702	4
4703	0
4704	0
4705	1
4706	0
4707	1
4708	1
4709	1
4710	0
4711	0
4712	0
4713	1
4714	0
4715	2
4716	1
4717	1
4718	0
4719	1
4720	0
4721	1
4722	3
4723	0
4724	1
4725	0
4726	0
4727	1
4728	2
4729	0
4730	0
4731	0
4732	0
4733	0
4734	0
4735	0
4736	1
4737	2
4738	0
4739	1
4740	1
4741	1
4742	2
4743	1
4744	1
4745	0
4746	2
4747	0
4748	0
4749	1
4750	0
4751	0
4752	0
4753	0
4754	1
4755	0
4756	2
4757	1
4758	0
4759	2
4760	0
4761	2
4762	0
4763	1
4764	0
4765	0
4766	1
4767	3
4768	0
4769	4
4770	2
4771	1
4772	1
4773	0
4774	2
4775	1
4776	1
4777	0
4778	3
4779	0
4780	0
4781	1
4782	1
4783	1
4784	1
4785	0
4786	0
4787	2
4788	1
4789	0
4790	0
4791	2
4792	1
4793	0
4794	0
4795	1
4796	0
4797	0
4798	0
4799	1
4800	1
4801	2
4802	1
4803	0
4804	0
4805	1
4806	0
4807	1
4808	1
4809	1
4810	1
4811	0
4812	0
4813	0
4814	1
4815	0
4816	0
4817	0
4818	1
4819	1
4820	2
4821	1
4822	1
4823	0
4824	1
4825	1
4826	0
4827	0
4828	1
4829	0
4830	0
4831	2
4832	0
4833	0
4834	1
4835	1
4836	3
4837	1
4838	0
4839	0
4840	0
4841	0
4842	0
4843	0
4844	2
4845	0
4846	3
4847	2
4848	2
4849	2
4850	2
4851	0
4852	2
4853	1
4854	0
4855	0
4856	0
4857	0
4858	0
4859	2
4860	0
4861	2
4862	1
4863	1
4864	0
4865	0
4866	0
4867	1
4868	0
4869	1
4870	3
4871	0
4872	1
4873	1
4874	3
4875	3
4876	2
4877	0
4878	1
4879	0
4880	1
4881	0
4882	0
4883	0
4884	1
4885	2
4886	0
4887	0
4888	0
4889	2
4890	0
4891	1
4892	1
4893	1
4894	2
4895	1
4896	0
4897	1
4898	1
4899	3
4900	0
4901	1
4902	0
4903	0
4904	0
4905	0
4906	0
4907	0
4908	0
4909	1
4910	0
4911	0
4912	2
4913	0
4914	1
4915	0
4916	0
4917	1
4918	1
4919	1
4920	0
4921	0
4922	1
4923	1
4924	0
4925	2
4926	1
4927	0
4928	0
4929	0
4930	0
4931	0
4932	1
4933	1
4934	2
4935	1
4936	1
4937	2
4938	0
4939	0
4940	1
4941	0
4942	0
4943	0
4944	0
4945	0
4946	0
4947	2
4948	0
4949	1
4950	1
4951	1
4952	0
4953	0
4954	1
4955	0
4956	0
4957	1
4958	0
4959	0
4960	1
4961	0
4962	0
4963	2
4964	2
4965	2
4966	2
4967	2
4968	0
4969	1
4970	0
4971	0
4972	0
4973	1
4974	0
4975	0
4976	2
4977	1
4978	1
4979	0
4980	1
4981	0
4982	1
4983	0
4984	3
4985	2
4986	1
4987	0
4988	2
4989	0
4990	0
4991	1
4992	1
4993	0
4994	1
4995	3
4996	0
4997	1
4998	2
4999	0
5000	0
5001	0
5002	0
5003	1
5004	3
5005	0
5006	1
5007	2
5008	0
5009	0
5010	2
5011	0
5012	1
5013	0
5014	0
5015	2
5016	3
5017	0
5018	1
5019	1
5020	0
5021	1
5022	1
5023	1
5024	2
5025	1
5026	1
5027	3
5028	1
5029	1
5030	1
5031	1
5032	0
5033	0
5034	2
5035	0
5036	1
5037	0
5038	2
5039	1
5040	0
5041	0
5042	0
5043	2
5044	1
5045	1
5046	1
5047	0
5048	1
5049	0
5050	1
5051	0
5052	0
5053	1
5054	0
5055	0
5056	0
5057	2
5058	0
5059	1
5060	0
5061	0
5062	1
5063	1
5064	2
5065	1
5066	0
5067	1
5068	1
5069	2
5070	0
5071	2
5072	1
5073	1
5074	0
5075	1
5076	0
5077	1
5078	1
5079	0
5080	1
5081	0
5082	1
5083	0
5084	0
5085	3
5086	2
5087	2
5088	2
5089	1
5090	1
5091	0
5092	0
5093	1
5094	0
5095	2
5096	0
5097	0
5098	1
5099	0
5100	3
5101	0
5102	0
5103	1
5104	1
5105	0
5106	1
5107	0
5108	1
5109	3
5110	1
5111	0
5112	1
5113	0
5114	0
5115	1
5116	0
5117	0
5118	0
5119	0
5120	2
5121	0
5122	1
5123	2
5124	1
5125	0
5126	0
5127	0
5128	1
5129	0
5130	0
5131	1
5132	0
5133	1
5134	1
5135	0
5136	0
5137	0
5138	0
5139	0
5140	2
5141	2
5142	0
5143	0
5144	1
5145	2
5146	1
5147	2
5148	1
5149	2
5150	1
5151	0
5152	0
5153	1
5154	1
5155	1
5156	1
5157	1
5158	0
5159	2
5160	0
5161	1
5162	1
5163	1
5164	0
5165	2
5166	0
5167	1
5168	1
5169	0
5170	0
5171	1
5172	0
5173	0
5174	0
5175	0
5176	2
5177	1
5178	0
5179	0
5180	2
5181	0
5182	0
5183	0
5184	1
5185	1
5186	0
5187	1
5188	1
5189	1
5190	0
5191	0
5192	1
5193	0
5194	2
5195	1
5196	0
5197	2
5198	2
5199	0
5200	0
5201	1
5202	0
5203	1
5204	1
5205	1
5206	0
5207	1
5208	1
5209	1
5210	1
5211	0
5212	1
5213	1
5214	0
5215	1
5216	0
5217	0
5218	0
5219	1
5220	0
5221	0
5222	1
5223	0
5224	0
5225	0
5226	1
5227	0
5228	1
5229	0
5230	1
5231	0
5232	0
5233	0
5234	0
5235	0
5236	1
5237	0
5238	0
5239	0
5240	0
5241	1
5242	1
5243	0
5244	1
5245	1
5246	0
5247	1
5248	1
5249	0
5250	0
5251	0
5252	1
5253	1
5254	1
5255	0
5256	1
5257	0
5258	0
5259	0
5260	1
5261	2
5262	0
5263	1
5264	1
5265	0
5266	0
5267	0
5268	0
5269	0
5270	0
5271	2
5272	0
5273	1
5274	0
5275	0
5276	0
5277	0
5278	0
5279	0
5280	1
5281	2
5282	1
5283	0
5284	1
5285	0
5286	0
5287	1
5288	0
5289	0
5290	1
5291	0
5292	3
5293	1
5294	0
5295	0
5296	0
5297	0
5298	1
5299	1
5300	0
5301	0
5302	1
5303	1
5304	0
5305	2
5306	2
5307	0
5308	0
5309	1
5310	0
5311	2
5312	2
5313	0
5314	0
5315	1
5316	1
5317	0
5318	1
5319	1
5320	0
5321	2
5322	0
5323	0
5324	1
5325	0
5326	1
5327	3
5328	1
5329	2
5330	1
5331	0
5332	0
5333	1
5334	0
5335	1
5336	0
5337	0
5338	2
5339	1
5340	0
5341	0
5342	0
5343	0
5344	0
5345	0
5346	1
5347	0
5348	1
5349	1
5350	0
5351	1
5352	0
5353	0
5354	1
5355	1
5356	1
5357	1
5358	0
5359	1
5360	2
5361	1
5362	0
5363	0
5364	1
5365	0
5366	1
5367	0
5368	1
5369	2
5370	1
5371	0
5372	0
5373	0
5374	4
5375	1
5376	1
5377	0
5378	0
5379	0
5380	1
5381	1
5382	1
5383	1
5384	3
5385	0
5386	1
5387	0
5388	0
5389	0
5390	0
5391	2
5392	1
5393	0
5394	0
5395	0
5396	2
5397	1
5398	1
5399	0
5400	0
5401	1
5402	1
5403	1
5404	0
5405	1
5406	0
5407	0
5408	0
5409	2
5410	0
5411	0
5412	1
5413	1
5414	2
5415	0
5416	0
5417	1
5418	0
5419	0
5420	0
5421	2
5422	2
5423	1
5424	1
5425	1
5426	0
5427	1
5428	0
5429	1
5430	0
5431	1
5432	0
5433	0
5434	0
5435	2
5436	1
5437	0
5438	1
5439	1
5440	0
5441	0
5442	3
5443	0
5444	0
5445	0
5446	0
5447	1
5448	1
5449	1
5450	0
5451	1
5452	0
5453	0
5454	0
5455	0
5456	1
5457	1
5458	1
5459	2
5460	0
5461	0
5462	2
5463	1
5464	0
5465	0
5466	0
5467	1
5468	0
5469	2
5470	1
5471	0
5472	1
5473	2
5474	0
5475	0
5476	1
5477	1
5478	1
5479	0
5480	0
5481	1
5482	0
5483	3
5484	0
5485	1
5486	1
5487	0
5488	1
5489	2
5490	1
5491	0
5492	1
5493	1
5494	1
5495	1
5496	2
5497	2
5498	1
5499	1
5500	3
5501	0
5502	1
5503	2
5504	1
5505	1
5506	0
5507	2
5508	1
5509	0
5510	1
5511	1
5512	0
5513	1
5514	3
5515	0
5516	0
5517	0
5518	1
5519	0
5520	0
5521	1
5522	3
5523	0
5524	1
5525	0
5526	1
5527	1
5528	1
5529	1
5530	0
5531	0
5532	0
5533	0
5534	1
5535	2
5536	0
5537	1
5538	3
5539	1
5540	1
5541	0
5542	0
5543	0
5544	1
5545	0
5546	1
5547	0
5548	0
5549	3
5550	1
5551	0
5552	1
5553	0
5554	0
5555	0
5556	1
5557	0
5558	1
5559	0
5560	1
5561	0
5562	0
5563	1
5564	0
5565	0
5566	3
5567	0
5568	0
5569	0
5570	0
5571	1
5572	0
5573	1
5574	0
5575	0
5576	2
5577	0
5578	1
5579	0
5580	1
5581	0
5582	0
5583	0
5584	1
5585	2
5586	0
5587	1
5588	0
5589	0
5590	0
5591	0
5592	0
5593	0
5594	0
5595	1
5596	0
5597	2
5598	0
5599	1
5600	1
5601	1
5602	1
5603	0
5604	0
5605	3
5606	1
5607	0
5608	0
5609	0
5610	1
5611	2
5612	0
5613	1
5614	1
5615	1
5616	1
5617	0
5618	1
5619	0
5620	0
5621	2
5622	2
5623	1
5624	1
5625	2
5626	0
5627	0
5628	2
5629	0
5630	0
5631	1
5632	2
5633	0
5634	0
5635	0
5636	0
5637	0
5638	0
5639	4
5640	0
5641	1
5642	2
5643	0
5644	0
5645	1
5646	0
5647	0
5648	1
5649	0
5650	2
5651	0
5652	0
5653	0
5654	0
5655	0
5656	1
5657	0
5658	0
5659	0
5660	1
5661	1
5662	0
5663	3
5664	1
5665	0
5666	0
5667	0
5668	2
5669	0
5670	2
5671	2
5672	2
5673	2
5674	0
5675	0
5676	2
5677	0
5678	0
5679	0
5680	0
5681	0
5682	0
5683	1
5684	0
5685	0
5686	2
5687	1
5688	0
5689	0
5690	1
5691	0
5692	1
5693	0
5694	1
5695	3
5696	0
5697	2
5698	1
5699	0
5700	1
5701	0
5702	0
5703	0
5704	0
5705	0
5706	0
5707	0
5708	0
5709	0
5710	0
5711	2
5712	1
5713	0
5714	1
5715	0
5716	0
5717	0
5718	0
5719	2
5720	0
5721	0
5722	2
5723	1
5724	0
5725	1
5726	2
5727	0
5728	1
5729	1
5730	2
5731	0
5732	2
5733	1
5734	0
5735	0
5736	0
5737	3
5738	2
5739	0
5740	0
5741	1
5742	0
5743	1
5744	1
5745	1
5746	0
5747	1
5748	0
5749	2
5750	0
5751	1
5752	2
5753	1
5754	0
5755	1
5756	0
5757	0
5758	0
5759	0
5760	0
5761	1
5762	3
5763	1
5764	3
5765	0
5766	0
5767	1
5768	0
5769	0
5770	0
5771	1
5772	1
5773	1
5774	0
5775	0
5776	0
5777	1
5778	0
5779	0
5780	0
5781	1
5782	0
5783	1
5784	0
5785	1
5786	0
5787	2
5788	0
5789	1
5790	0
5791	1
5792	1
5793	1
5794	2
5795	2
5796	0
5797	0
5798	1
5799	2
5800	1
5801	1
5802	0
5803	0
5804	0
5805	1
5806	1
5807	1
5808	1
5809	3
5810	0
5811	0
5812	1
5813	0
5814	1
5815	1
5816	0
5817	0
5818	0
5819	0
5820	0
5821	0
5822	3
5823	0
5824	0
5825	1
5826	2
5827	0
5828	2
5829	0
5830	1
5831	1
5832	1
5833	0
5834	2
5835	0
5836	3
5837	0
5838	0
5839	0
5840	2
5841	0
5842	0
5843	1
5844	0
5845	1
5846	0
5847	1
5848	0
5849	1
5850	0
5851	0
5852	1
5853	0
5854	1
5855	1
5856	1
5857	0
5858	1
5859	0
5860	0
5861	1
5862	3
5863	1
5864	2
5865	2
5866	0
5867	0
5868	1
5869	0
5870	0
5871	1
5872	0
5873	0
5874	0
5875	0
5876	1
5877	1
5878	0
5879	1
5880	0
5881	1
5882	1
5883	0
5884	0
5885	0
5886	1
5887	1
5888	0
5889	0
5890	0
5891	0
5892	1
5893	0
5894	0
5895	1
5896	0
5897	2
5898	0
5899	0
5900	1
5901	2
5902	0
5903	2
5904	1
5905	2
5906	0
5907	1
5908	0
5909	0
5910	0
5911	0
5912	0
5913	1
5914	2
5915	0
5916	1
5917	1
5918	0
5919	1
5920	2
5921	1
5922	0
5923	1
5924	2
5925	1
5926	1
5927	0
5928	1
5929	0
5930	0
5931	1
5932	0
5933	2
5934	0
5935	0
5936	0
5937	0
5938	2
5939	0
5940	0
5941	0
5942	1
5943	0
5944	1
5945	0
5946	0
5947	0
5948	1
5949	0
5950	1
5951	0
5952	0
5953	0
5954	0
5955	0
5956	0
5957	0
5958	0
5959	0
5960	1
5961	0
5962	0
5963	0
5964	1
5965	1
5966	3
5967	0
5968	2
5969	1
5970	1
5971	2
5972	1
5973	1
5974	0
5975	0
5976	0
5977	0
5978	0
5979	1
5980	0
5981	0
5982	1
5983	1
5984	0
5985	0
5986	0
5987	0
5988	1
5989	0
5990	2
5991	0
5992	1
5993	0
5994	0
5995	0
5996	0
5997	0
5998	1
5999	1
6000	0
6001	0
6002	1
6003	0
6004	0
6005	0
6006	0
6007	0
6008	0
6009	0
6010	0
6011	0
6012	0
6013	1
6014	1
6015	1
6016	0
6017	1
6018	1
6019	0
6020	1
6021	3
6022	1
6023	0
6024	0
6025	0
6026	0
6027	0
6028	1
6029	0
6030	1
6031	0
6032	0
6033	0
6034	0
6035	1
6036	2
6037	0
6038	1
6039	1
6040	1
6041	0
6042	2
6043	2
6044	0
6045	2
6046	0
6047	0
6048	0
6049	2
6050	1
6051	1
6052	0
6053	1
6054	0
6055	0
6056	2
6057	0
6058	0
6059	2
6060	0
6061	0
6062	1
6063	0
6064	1
6065	1
6066	0
6067	0
6068	0
6069	1
6070	1
6071	0
6072	1
6073	0
6074	0
6075	1
6076	0
6077	0
6078	1
6079	0
6080	1
6081	0
6082	0
6083	1
6084	0
6085	0
6086	1
6087	0
6088	1
6089	0
6090	1
6091	0
6092	0
6093	0
6094	0
6095	0
6096	0
6097	0
6098	1
6099	0
6100	0
6101	0
6102	0
6103	0
6104	0
6105	0
6106	1
6107	0
6108	0
6109	2
6110	0
6111	1
6112	0
6113	0
6114	1
6115	0
6116	0
6117	1
6118	0
6119	0
6120	0
6121	0
6122	0
6123	0
6124	0
6125	0
6126	2
6127	0
6128	2
6129	0
6130	1
6131	0
6132	1
6133	1
6134	1
6135	0
6136	0
6137	0
6138	0
6139	0
6140	0
6141	0
6142	1
6143	0
6144	0
6145	0
6146	1
6147	0
6148	0
6149	2
6150	0
6151	0
6152	0
6153	0
6154	0
6155	0
6156	1
6157	1
6158	0
6159	0
6160	0
6161	0
6162	1
6163	0
6164	0
6165	0
6166	1
6167	0
6168	0
6169	1
6170	0
6171	1
6172	1
6173	0
6174	0
6175	2
6176	0
6177	0
6178	1
6179	0
6180	2
6181	2
6182	1
6183	0
6184	0
6185	0
6186	0
6187	1
6188	0
6189	0
6190	0
6191	0
6192	0
6193	0
6194	0
6195	1
6196	0
6197	1
6198	0
6199	1
6200	2
6201	1
6202	0
6203	0
6204	1
6205	1
6206	0
6207	0
6208	0
6209	0
6210	0
6211	0
6212	0
6213	0
6214	1
6215	2
6216	1
6217	0
6218	0
6219	1
6220	0
6221	0
6222	0
6223	1
6224	1
6225	0
6226	1
6227	1
6228	0
6229	1
6230	0
6231	1
6232	0
6233	0
6234	0
6235	0
6236	1
6237	1
6238	0
6239	0
6240	0
6241	1
6242	0
6243	0
6244	0
6245	3
6246	0
6247	0
6248	0
6249	0
6250	0
6251	1
6252	1
6253	0
6254	0
6255	0
6256	0
6257	0
6258	1
6259	0
6260	2
6261	0
6262	0
6263	0
6264	0
6265	0
6266	0
6267	0
6268	2
6269	0
6270	1
6271	0
6272	1
6273	0
6274	0
6275	2
6276	1
6277	0
6278	0
6279	0
6280	0
6281	0
6282	1
6283	1
6284	1
6285	0
6286	1
6287	2
6288	0
6289	0
6290	0
6291	0
6292	2
6293	0
6294	0
6295	1
6296	1
6297	1
6298	0
6299	1
6300	0
6301	2
6302	1
6303	0
6304	0
6305	0
6306	0
6307	0
6308	0
6309	0
6310	2
6311	0
6312	0
6313	0
6314	1
6315	0
6316	0
6317	1
6318	0
6319	0
6320	1
6321	2
6322	0
6323	1
6324	0
6325	1
6326	0
6327	1
6328	0
6329	0
6330	0
6331	1
6332	0
6333	0
6334	0
6335	0
6336	2
6337	0
6338	0
6339	0
6340	1
6341	1
6342	0
6343	0
6344	0
6345	0
6346	0
6347	0
6348	0
6349	1
6350	2
6351	0
6352	0
6353	2
6354	0
6355	1
6356	0
6357	1
6358	0
6359	0
6360	0
6361	0
6362	0
6363	0
6364	2
6365	0
6366	0
6367	0
6368	0
6369	0
6370	1
6371	0
6372	0
6373	0
6374	0
6375	2
6376	0
6377	1
6378	0
6379	0
6380	0
6381	1
6382	0
6383	0
6384	1
6385	0
6386	1
6387	0
6388	0
6389	1
6390	2
6391	0
6392	0
6393	0
6394	0
6395	0
6396	1
6397	0
6398	1
6399	3
6400	1
6401	0
6402	0
6403	0
6404	1
6405	0
6406	0
6407	0
6408	1
6409	0
6410	0
6411	0
6412	0
6413	0
6414	1
6415	2
6416	1
6417	0
6418	0
6419	1
6420	1
6421	0
6422	1
6423	1
6424	0
6425	1
6426	1
6427	0
6428	0
6429	0
6430	0
6431	0
6432	0
6433	0
6434	1
6435	0
6436	0
6437	0
6438	0
6439	0
6440	0
6441	0
6442	1
6443	0
6444	1
6445	0
6446	0
6447	0
6448	0
6449	2
6450	1
6451	2
6452	0
6453	1
6454	0
6455	0
6456	0
6457	1
6458	0
6459	0
6460	0
6461	1
6462	1
6463	0
6464	1
6465	1
6466	0
6467	0
6468	0
6469	1
6470	0
6471	0
6472	1
6473	0
6474	0
6475	2
6476	0
6477	0
6478	1
6479	0
6480	0
6481	0
6482	1
6483	0
6484	2
6485	0
6486	1
6487	1
6488	0
6489	0
6490	0
6491	1
6492	0
6493	1
6494	0
6495	0
6496	1
6497	1
6498	0
6499	0
6500	0
6501	0
6502	0
6503	1
6504	0
6505	1
6506	0
6507	0
6508	0
6509	1
6510	1
6511	0
6512	1
6513	0
6514	1
6515	0
6516	1
6517	0
6518	0
6519	0
6520	1
6521	2
6522	1
6523	0
6524	0
6525	1
6526	0
6527	1
6528	0
6529	0
6530	0
6531	0
6532	0
6533	0
6534	2
6535	1
6536	0
6537	0
6538	0
6539	0
6540	0
6541	0
6542	0
6543	0
6544	0
6545	1
6546	1
6547	1
6548	0
6549	0
6550	0
6551	0
6552	0
6553	0
6554	0
6555	1
6556	0
6557	0
6558	0
6559	0
6560	0
6561	0
6562	0
6563	1
6564	0
6565	0
6566	1
6567	0
6568	0
6569	1
6570	0
6571	0
6572	0
6573	0
6574	0
6575	1
6576	1
6577	0
6578	0
6579	1
6580	1
6581	1
6582	0
6583	0
6584	0
6585	1
6586	0
6587	0
6588	0
6589	2
6590	0
6591	1
6592	1
6593	1
6594	0
6595	0
6596	0
6597	0
6598	0
6599	0
6600	1
6601	0
6602	0
6603	0
6604	1
6605	0
6606	1
6607	0
6608	0
6609	1
6610	2
6611	1
6612	1
6613	0
6614	1
6615	0
6616	1
6617	1
6618	0
6619	0
6620	0
6621	2
6622	1
6623	0
6624	0
6625	1
6626	1
6627	1
6628	0
6629	0
6630	0
6631	2
6632	1
6633	0
6634	1
6635	1
6636	1
6637	0
6638	0
6639	0
6640	0
6641	1
6642	1
6643	0
6644	0
6645	0
6646	0
6647	2
6648	1
6649	0
6650	1
6651	1
6652	1
6653	2
6654	0
6655	1
6656	0
6657	0
6658	2
6659	0
6660	0
6661	2
6662	0
6663	0
6664	0
6665	1
6666	3
6667	0
6668	0
6669	0
6670	0
6671	1
6672	0
6673	0
6674	2
6675	0
6676	0
6677	0
6678	0
6679	0
6680	0
6681	0
6682	0
6683	0
6684	2
6685	0
6686	0
6687	0
6688	0
6689	1
6690	1
6691	1
6692	2
6693	0
6694	0
6695	0
6696	0
6697	0
6698	1
6699	1
6700	0
6701	1
6702	1
6703	0
6704	1
6705	0
6706	1
6707	0
6708	0
6709	1
6710	0
6711	0
6712	0
6713	0
6714	1
6715	0
6716	0
6717	0
6718	1
6719	1
6720	0
6721	0
6722	0
6723	1
6724	0
6725	3
6726	1
6727	0
6728	1
6729	2
6730	0
6731	0
6732	0
6733	0
6734	0
6735	0
6736	0
6737	0
6738	0
6739	1
6740	1
6741	0
6742	1
6743	0
6744	0
6745	0
6746	1
6747	0
6748	0
6749	1
6750	1
6751	0
6752	0
6753	0
6754	1
6755	1
6756	1
6757	2
6758	1
6759	0
6760	0
6761	0
6762	0
6763	0
6764	1
6765	0
6766	0
6767	0
6768	1
6769	1
6770	0
6771	1
6772	0
6773	1
6774	0
6775	1
6776	0
6777	0
6778	0
6779	1
6780	1
6781	0
6782	1
6783	1
6784	0
6785	1
6786	0
6787	2
6788	0
6789	1
6790	0
6791	0
6792	0
6793	1
6794	0
6795	0
6796	1
6797	1
6798	0
6799	1
6800	0
6801	1
6802	1
6803	0
6804	0
6805	0
6806	0
6807	1
6808	1
6809	0
6810	0
6811	0
6812	0
6813	0
6814	2
6815	1
6816	1
6817	0
6818	0
6819	0
6820	0
6821	0
6822	1
6823	0
6824	0
6825	0
6826	0
6827	0
6828	0
6829	2
6830	0
6831	1
6832	0
6833	2
6834	0
6835	2
6836	0
6837	0
6838	2
6839	1
6840	0
6841	0
6842	0
6843	0
6844	1
6845	1
6846	1
6847	1
6848	0
6849	0
6850	1
6851	0
6852	1
6853	0
6854	0
6855	0
6856	0
6857	1
6858	0
6859	0
6860	0
6861	0
6862	1
6863	1
6864	0
6865	0
6866	2
6867	1
6868	1
6869	1
6870	1
6871	0
6872	0
6873	0
6874	0
6875	1
6876	1
6877	1
6878	0
6879	0
6880	0
6881	1
6882	0
6883	1
6884	0
6885	1
6886	0
6887	0
6888	0
6889	1
6890	0
6891	1
6892	0
6893	0
6894	0
6895	0
6896	0
6897	0
6898	0
6899	1
6900	1
6901	2
6902	1
6903	0
6904	0
6905	0
6906	0
6907	2
6908	0
6909	0
6910	0
6911	0
6912	1
6913	4
6914	1
6915	1
6916	1
6917	0
6918	1
6919	0
6920	0
6921	1
6922	1
6923	0
6924	0
6925	1
6926	0
6927	0
6928	0
6929	0
6930	0
6931	1
6932	0
6933	2
6934	1
6935	0
6936	0
6937	0
6938	0
6939	0
6940	0
6941	1
6942	0
6943	0
6944	0
6945	0
6946	1
6947	0
6948	0
6949	2
6950	0
6951	0
6952	0
6953	1
6954	0
6955	0
6956	5
6957	0
6958	0
6959	1
6960	0
6961	0
6962	2
6963	1
6964	0
6965	0
6966	1
6967	0
6968	1
6969	1
6970	1
6971	0
6972	0
6973	1
6974	1
6975	0
6976	0
6977	2
6978	0
6979	0
6980	0
6981	0
6982	0
6983	0
6984	0
6985	0
6986	0
6987	0
6988	0
6989	0
6990	1
6991	0
6992	2
6993	1
6994	2
6995	0
6996	2
6997	0
6998	0
6999	0
7000	1
7001	0
7002	0
7003	0
7004	0
7005	0
7006	0
7007	0
7008	0
7009	2
7010	2
7011	0
7012	0
7013	0
7014	0
7015	1
7016	0
7017	0
7018	0
7019	1
7020	0
7021	0
7022	1
7023	1
7024	0
7025	2
7026	1
7027	0
7028	0
7029	1
7030	0
7031	0
7032	0
7033	1
7034	0
7035	0
7036	1
7037	0
7038	1
7039	0
7040	0
7041	0
7042	0
7043	1
7044	0
7045	1
7046	0
7047	0
7048	0
7049	1
7050	0
7051	0
7052	1
7053	0
7054	1
7055	0
7056	1
7057	0
7058	0
7059	1
7060	1
7061	0
7062	2
7063	0
7064	2
7065	0
7066	1
7067	1
7068	0
7069	3
7070	0
7071	1
7072	0
7073	0
7074	0
7075	1
7076	0
7077	0
7078	1
7079	2
7080	1
7081	0
7082	1
7083	1
7084	0
7085	1
7086	1
7087	3
7088	1
7089	2
7090	0
7091	1
7092	1
7093	0
7094	0
7095	1
7096	1
7097	0
7098	1
7099	1
7100	0
7101	0
7102	0
7103	0
7104	0
7105	0
7106	1
7107	0
7108	0
7109	0
7110	1
7111	0
7112	0
7113	1
7114	0
7115	1
7116	1
7117	0
7118	0
7119	0
7120	0
7121	0
7122	2
7123	1
7124	0
7125	0
7126	0
7127	0
7128	1
7129	0
7130	0
7131	1
7132	0
7133	0
7134	0
7135	0
7136	0
7137	3
7138	0
7139	0
7140	1
7141	0
7142	1
7143	1
7144	1
7145	1
7146	1
7147	0
7148	0
7149	2
7150	1
7151	1
7152	0
7153	0
7154	0
7155	1
7156	0
7157	0
7158	0
7159	0
7160	1
7161	1
7162	2
7163	0
7164	1
7165	1
7166	0
7167	1
7168	0
7169	0
7170	0
7171	0
7172	0
7173	3
7174	0
7175	0
7176	0
7177	0
7178	0
7179	1
7180	0
7181	0
7182	0
7183	1
7184	0
7185	0
7186	0
7187	0
7188	0
7189	0
7190	0
7191	1
7192	0
7193	0
7194	1
7195	0
7196	1
7197	0
7198	0
7199	1
7200	0
7201	2
7202	0
7203	0
7204	0
7205	0
7206	0
7207	1
7208	1
7209	2
7210	0
7211	0
7212	0
7213	0
7214	0
7215	0
7216	0
7217	0
7218	1
7219	0
7220	0
7221	0
7222	0
7223	0
7224	1
7225	0
7226	0
7227	2
7228	1
7229	0
7230	1
7231	1
7232	1
7233	1
7234	0
7235	2
7236	1
7237	2
7238	0
7239	1
7240	1
7241	0
7242	1
7243	0
7244	0
7245	1
7246	0
7247	1
7248	1
7249	1
7250	1
7251	0
7252	1
7253	2
7254	0
7255	0
7256	1
7257	0
7258	1
7259	0
7260	1
7261	0
7262	0
7263	0
7264	0
7265	0
7266	0
7267	1
7268	2
7269	0
7270	0
7271	1
7272	1
7273	0
7274	0
7275	0
7276	1
7277	0
7278	1
7279	0
7280	0
7281	0
7282	0
7283	0
7284	1
7285	0
7286	0
7287	1
7288	0
7289	0
7290	2
7291	0
7292	1
7293	1
7294	0
7295	0
7296	0
7297	0
7298	1
7299	2
7300	0
7301	0
7302	0
7303	2
7304	1
7305	4
7306	0
7307	0
7308	0
7309	1
7310	3
7311	0
7312	2
7313	0
7314	0
7315	1
7316	0
7317	0
7318	1
7319	2
7320	0
7321	0
7322	0
7323	0
7324	1
7325	0
7326	0
7327	1
7328	0
7329	1
7330	1
7331	0
7332	3
7333	0
7334	1
7335	0
7336	0
7337	2
7338	0
7339	1
7340	0
7341	0
7342	1
7343	1
7344	2
7345	1
7346	0
7347	1
7348	0
7349	0
7350	2
7351	0
7352	1
7353	1
7354	1
7355	0
7356	0
7357	0
7358	0
7359	1
7360	2
7361	0
7362	0
7363	1
7364	1
7365	0
7366	1
7367	0
7368	0
7369	0
7370	1
7371	0
7372	0
7373	0
7374	1
7375	1
7376	0
7377	0
7378	0
7379	0
7380	0
7381	0
7382	0
7383	0
7384	0
7385	0
7386	0
7387	0
7388	0
7389	0
7390	1
7391	0
7392	0
7393	1
7394	1
7395	0
7396	0
7397	2
7398	1
7399	0
7400	0
7401	1
7402	2
7403	2
7404	0
7405	0
7406	1
7407	1
7408	0
7409	0
7410	1
7411	0
7412	0
7413	0
7414	0
7415	1
7416	0
7417	1
7418	0
7419	1
7420	0
7421	0
7422	1
7423	1
7424	0
7425	0
7426	0
7427	1
7428	0
7429	1
7430	0
7431	0
7432	0
7433	1
7434	0
7435	0
7436	0
7437	0
7438	2
7439	0
7440	1
7441	0
7442	0
7443	0
7444	1
7445	1
7446	2
7447	0
7448	0
7449	0
7450	0
7451	1
7452	0
7453	0
7454	0
7455	0
7456	1
7457	0
7458	0
7459	1
7460	0
7461	0
7462	1
7463	0
7464	0
7465	0
7466	0
7467	1
7468	0
7469	1
7470	0
7471	0
7472	1
7473	0
7474	0
7475	0
7476	0
7477	2
7478	0
7479	0
7480	0
7481	0
7482	0
7483	0
7484	1
7485	0
7486	2
7487	0
7488	1
7489	1
7490	0
7491	0
7492	0
7493	0
7494	0
7495	0
7496	0
7497	0
7498	0
7499	0
7500	0
7501	1
7502	0
7503	0
7504	0
7505	0
7506	1
7507	1
7508	0
7509	0
7510	0
7511	0
7512	0
7513	0
7514	1
7515	0
7516	0
7517	0
7518	0
7519	0
7520	0
7521	1
7522	0
7523	0
7524	0
7525	0
7526	0
7527	2
7528	3
7529	0
7530	3
7531	0
7532	0
7533	0
7534	0
7535	0
7536	0
7537	1
7538	1
7539	0
7540	0
7541	0
7542	0
7543	0
7544	0
7545	0
7546	0
7547	0
7548	0
7549	0
7550	0
7551	0
7552	0
7553	0
7554	0
7555	0
7556	0
7557	0
7558	0
7559	0
7560	1
7561	0
7562	0
7563	0
7564	0
7565	0
7566	0
7567	0
7568	0
7569	1
7570	0
7571	0
7572	1
7573	1
7574	0
7575	0
7576	0
7577	0
7578	0
7579	2
7580	0
7581	0
7582	0
7583	0
7584	0
7585	2
7586	1
7587	2
7588	1
7589	2
7590	0
7591	1
7592	0
7593	0
7594	0
7595	0
7596	0
7597	2
7598	0
7599	0
7600	1
7601	1
7602	0
7603	0
7604	0
7605	0
7606	0
7607	1
7608	1
7609	0
7610	0
7611	0
7612	0
7613	1
7614	1
7615	0
7616	0
7617	0
7618	0
7619	0
7620	0
7621	1
7622	0
7623	2
7624	0
7625	0
7626	0
7627	0
7628	0
7629	0
7630	1
7631	0
7632	0
7633	0
7634	0
7635	0
7636	0
7637	0
7638	0
7639	0
7640	1
7641	0
7642	0
7643	0
7644	0
7645	0
7646	0
7647	0
7648	0
7649	0
7650	0
7651	0
7652	0
7653	1
7654	0
7655	0
7656	0
7657	0
7658	1
7659	0
7660	1
7661	2
7662	0
7663	0
7664	0
7665	0
7666	0
7667	0
7668	0
7669	0
7670	0
7671	0
7672	0
7673	0
7674	0
7675	0
7676	0
7677	0
7678	0
7679	1
7680	0
7681	0
7682	0
7683	0
7684	0
7685	0
7686	0
7687	0
7688	0
7689	1
7690	1
7691	1
7692	0
7693	0
7694	1
7695	0
7696	0
7697	1
7698	0
7699	1
7700	0
7701	0
7702	0
7703	0
7704	1
7705	0
7706	0
7707	1
7708	0
7709	0
7710	0
7711	1
7712	0
7713	0
7714	1
7715	1
7716	0
7717	0
7718	0
7719	0
7720	1
7721	0
7722	0
7723	1
7724	0
7725	0
7726	0
7727	0
7728	1
7729	0
7730	0
7731	0
7732	0
7733	0
7734	0
7735	0
7736	0
7737	0
7738	0
7739	0
7740	0
7741	2
7742	0
7743	0
7744	1
7745	0
7746	1
7747	0
7748	0
7749	0
7750	0
7751	1
7752	1
7753	0
7754	0
7755	3
7756	2
7757	0
7758	0
7759	0
7760	0
7761	0
7762	0
7763	0
7764	0
7765	1
7766	0
7767	0
7768	0
7769	0
7770	0
7771	0
7772	0
7773	0
7774	1
7775	0
7776	1
7777	1
7778	1
7779	1
7780	0
7781	1
7782	1
7783	1
7784	0
7785	2
7786	0
7787	0
7788	0
7789	0
7790	0
7791	1
7792	0
7793	0
7794	0
7795	0
7796	1
7797	1
7798	0
7799	0
7800	1
7801	0
7802	0
7803	0
7804	0
7805	1
7806	2
7807	0
7808	2
7809	1
7810	0
7811	0
7812	1
7813	0
7814	0
7815	0
7816	0
7817	0
7818	3
7819	1
7820	1
7821	0
7822	1
7823	0
7824	0
7825	1
7826	0
7827	0
7828	0
7829	1
7830	0
7831	0
7832	1
7833	1
7834	1
7835	0
7836	0
7837	0
7838	0
7839	0
7840	0
7841	0
7842	0
7843	0
7844	1
7845	0
7846	1
7847	1
7848	0
7849	1
7850	0
7851	0
7852	1
7853	0
7854	0
7855	0
7856	0
7857	1
7858	0
7859	2
7860	1
7861	0
7862	1
7863	0
7864	0
7865	1
7866	0
7867	0
7868	0
7869	0
7870	3
7871	0
7872	0
7873	0
7874	0
7875	1
7876	0
7877	2
7878	0
7879	0
7880	0
7881	0
7882	0
7883	1
7884	0
7885	1
7886	2
7887	0
7888	0
7889	1
7890	0
7891	0
7892	0
7893	0
7894	0
7895	0
7896	0
7897	0
7898	0
7899	2
7900	1
7901	1
7902	1
7903	0
7904	1
7905	0
7906	0
7907	0
7908	0
7909	0
7910	0
7911	0
7912	0
7913	0
7914	0
7915	0
7916	0
7917	0
7918	0
7919	0
7920	0
7921	0
7922	0
7923	0
7924	0
7925	0
7926	0
7927	0
7928	0
7929	0
7930	0
7931	0
7932	0
7933	0
7934	0
7935	0
7936	0
7937	0
7938	0
7939	0
7940	0
7941	0
7942	0
7943	0
7944	0
7945	0
7946	0
7947	0
7948	0
7949	0
7950	0
7951	0
7952	0
7953	0
7954	0
7955	0
7956	0
7957	0
7958	0
7959	0
7960	0
7961	0
7962	0
7963	0
7964	0
7965	0
7966	0
7967	0
7968	0
7969	0
7970	0
7971	0
7972	0
7973	0
7974	0
7975	0
7976	0
7977	0
7978	0
7979	0
7980	0
7981	0
7982	0
7983	0
7984	0
7985	0
7986	0
7987	0
7988	0
7989	0
7990	0
7991	0
7992	0
7993	0
7994	0
7995	0
7996	0
7997	0
7998	0
7999	0
8000	0
8001	0
8002	0
8003	0
8004	0
8005	0
8006	0
8007	0
8008	0
8009	0
8010	0
8011	0
8012	0
8013	0
8014	0
8015	0
8016	0
8017	0
8018	0
8019	0
8020	0
8021	0
8022	0
8023	0
8024	0
8025	0
8026	0
8027	0
8028	0
8029	0
8030	0
8031	0
8032	0
8033	0
8034	0
8035	0
8036	0
8037	0
8038	0
8039	0
8040	0
8041	0
8042	0
8043	0
8044	0
8045	0
8046	0
8047	0
8048	0
8049	0
8050	0
8051	0
8052	0
8053	0
8054	0
8055	0
8056	0
8057	0
8058	0
8059	0
8060	0
8061	0
8062	0
8063	0
8064	0
8065	0
8066	0
8067	0
8068	0
8069	0
8070	0
8071	0
8072	0
8073	0
8074	0
8075	0
8076	0
8077	0
8078	0
8079	0
8080	0
8081	0
8082	0
8083	0
8084	0
8085	0
8086	0
8087	0
8088	0
8089	0
8090	0
8091	0
8092	0
8093	0
8094	0
8095	0
8096	0
8097	0
8098	0
8099	0
8100	0
8101	0
8102	0
8103	0
8104	0
8105	0
8106	0
8107	0
8108	0
8109	0
8110	0
8111	0
8112	0
8113	0
8114	0
8115	0
8116	0
8117	0
8118	0
8119	0
8120	0
8121	0
8122	0
8123	0
8124	0
8125	0
8126	0
8127	0
8128	0
8129	0
8130	0
8131	0
8132	0
8133	0
8134	0
8135	0
8136	0
8137	0
8138	0
8139	0
8140	0
8141	0
8142	0
8143	0
8144	0
8145	0
8146	0
8147	0
8148	0
8149	0
8150	0
8151	0
8152	0
8153	0
8154	0
8155	0
8156	0
8157	0
8158	0
8159	0
8160	0
8161	0
8162	0
8163	0
8164	0
8165	0
8166	0
8167	0
8168	0
8169	0
8170	0
8171	0
8172	0
8173	0
8174	0
8175	0
8176	0
8177	0
8178	0
8179	0
8180	0
8181	0
8182	0
8183	0
8184	0
8185	0
8186	0
8187	0
8188	0
8189	0
8190	0
8191	0
