0	0
1	0
2	0
3	0
4	0
5	0
6	0
7	0
8	0
9	0
10	0
11	0
12	0
13	0
14	0
15	0
16	0
17	0
18	0
19	0
20	0
21	0
22	0
23	0
24	0
25	0
26	0
27	0
28	0
29	0
30	0
31	0
32	0
33	0
34	0
35	0
36	0
37	0
38	0
39	0
40	0
41	0
42	0
43	0
44	0
45	0
46	0
47	0
48	0
49	0
50	0
51	0
52	0
53	0
54	0
55	0
56	0
57	0
58	0
59	0
60	0
61	0
62	0
63	0
64	0
65	0
66	0
67	0
68	0
69	0
70	0
71	0
72	0
73	0
74	0
75	0
76	0
77	0
78	0
79	0
80	0
81	0
82	0
83	3
84	18
85	18
86	26
87	16
88	18
89	9
90	17
91	15
92	15
93	9
94	15
95	16
96	16
97	12
98	15
99	19
100	11
101	10
102	10
103	23
104	10
105	21
106	18
107	17
108	17
109	19
110	12
111	18
112	22
113	15
114	12
115	19
116	9
117	10
118	18
119	13
120	15
121	19
122	15
123	22
124	15
125	14
126	18
127	12
128	10
129	25
130	16
131	16
132	19
133	25
134	16
135	19
136	18
137	18
138	11
139	12
140	16
141	21
142	15
143	15
144	20
145	16
146	18
147	24
148	17
149	17
150	18
151	27
152	18
153	22
154	21
155	22
156	21
157	19
158	13
159	16
160	16
161	13
162	14
163	21
164	12
165	19
166	18
167	22
168	21
169	19
170	22
171	12
172	19
173	19
174	22
175	16
176	17
177	14
178	22
179	16
180	12
181	18
182	21
183	14
184	14
185	18
186	19
187	23
188	18
189	20
190	21
191	17
192	18
193	14
194	17
195	18
196	15
197	17
198	20
199	14
200	22
201	15
202	13
203	17
204	19
205	15
206	24
207	10
208	13
209	17
210	21
211	15
212	19
213	10
214	18
215	21
216	16
217	19
218	22
219	19
220	21
221	23
222	23
223	16
224	13
225	13
226	17
227	23
228	24
229	25
230	14
231	19
232	18
233	13
234	15
235	24
236	29
237	14
238	18
239	16
240	13
241	10
242	27
243	12
244	15
245	21
246	10
247	18
248	15
249	14
250	23
251	18
252	17
253	26
254	17
255	16
256	23
257	19
258	21
259	17
260	19
261	21
262	28
263	19
264	13
265	20
266	21
267	18
268	17
269	19
270	24
271	23
272	17
273	17
274	21
275	20
276	18
277	13
278	20
279	21
280	18
281	21
282	13
283	22
284	20
285	23
286	16
287	21
288	28
289	19
290	20
291	26
292	14
293	20
294	14
295	13
296	15
297	22
298	19
299	23
300	19
301	18
302	15
303	20
304	19
305	28
306	21
307	23
308	22
309	20
310	21
311	20
312	22
313	19
314	17
315	16
316	24
317	18
318	15
319	21
320	23
321	9
322	26
323	23
324	21
325	18
326	18
327	20
328	22
329	20
330	27
331	22
332	33
333	19
334	18
335	18
336	19
337	26
338	12
339	18
340	13
341	33
342	18
343	17
344	21
345	21
346	30
347	19
348	15
349	19
350	16
351	20
352	25
353	25
354	19
355	24
356	28
357	27
358	17
359	23
360	19
361	17
362	14
363	20
364	27
365	27
366	17
367	12
368	24
369	21
370	17
371	21
372	21
373	24
374	20
375	21
376	17
377	23
378	19
379	20
380	17
381	18
382	28
383	17
384	17
385	21
386	21
387	17
388	22
389	23
390	17
391	19
392	21
393	14
394	16
395	17
396	15
397	15
398	26
399	13
400	27
401	25
402	24
403	19
404	18
405	13
406	27
407	25
408	12
409	22
410	27
411	17
412	24
413	23
414	25
415	25
416	23
417	26
418	20
419	25
420	24
421	16
422	27
423	25
424	19
425	13
426	14
427	10
428	29
429	24
430	27
431	18
432	17
433	28
434	24
435	22
436	27
437	23
438	27
439	27
440	28
441	30
442	31
443	21
444	15
445	21
446	19
447	34
448	18
449	26
450	27
451	18
452	24
453	24
454	29
455	22
456	31
457	15
458	34
459	19
460	29
461	23
462	18
463	20
464	31
465	27
466	29
467	21
468	27
469	24
470	21
471	30
472	27
473	22
474	23
475	33
476	21
477	25
478	30
479	28
480	40
481	27
482	32
483	30
484	28
485	38
486	34
487	34
488	36
489	36
490	33
491	33
492	36
493	27
494	31
495	33
496	20
497	34
498	35
499	31
500	33
501	39
502	30
503	36
504	33
505	40
506	44
507	26
508	33
509	35
510	44
511	32
512	38
513	39
514	37
515	23
516	26
517	43
518	33
519	39
520	39
521	41
522	31
523	42
524	19
525	35
526	27
527	47
528	20
529	37
530	35
531	35
532	39
533	30
534	33
535	40
536	31
537	34
538	39
539	40
540	42
541	29
542	26
543	35
544	25
545	31
546	36
547	34
548	35
549	30
550	35
551	27
552	25
553	36
554	26
555	21
556	39
557	34
558	33
559	24
560	28
561	38
562	27
563	27
564	40
565	28
566	25
567	26
568	35
569	33
570	32
571	32
572	28
573	40
574	25
575	35
576	19
577	24
578	24
579	34
580	32
581	18
582	23
583	33
584	32
585	28
586	35
587	31
588	31
589	24
590	28
591	29
592	32
593	25
594	21
595	29
596	28
597	25
598	28
599	25
600	27
601	28
602	38
603	30
604	25
605	27
606	31
607	29
608	26
609	30
610	23
611	33
612	30
613	26
614	27
615	33
616	28
617	26
618	31
619	39
620	22
621	24
622	26
623	19
624	23
625	25
626	26
627	31
628	22
629	24
630	32
631	32
632	20
633	26
634	29
635	30
636	29
637	32
638	19
639	26
640	36
641	19
642	22
643	24
644	13
645	31
646	23
647	30
648	24
649	22
650	22
651	25
652	33
653	29
654	28
655	32
656	24
657	22
658	35
659	27
660	17
661	30
662	25
663	32
664	24
665	31
666	20
667	26
668	18
669	24
670	25
671	36
672	36
673	30
674	31
675	22
676	26
677	31
678	22
679	21
680	30
681	24
682	32
683	28
684	26
685	24
686	29
687	31
688	21
689	29
690	23
691	24
692	19
693	30
694	29
695	28
696	23
697	22
698	24
699	33
700	32
701	24
702	29
703	30
704	23
705	35
706	30
707	37
708	35
709	35
710	20
711	28
712	32
713	38
714	27
715	36
716	18
717	25
718	24
719	32
720	35
721	24
722	21
723	34
724	24
725	35
726	36
727	26
728	32
729	26
730	26
731	32
732	30
733	32
734	30
735	36
736	33
737	36
738	23
739	34
740	25
741	29
742	32
743	34
744	30
745	30
746	28
747	42
748	28
749	28
750	24
751	33
752	37
753	34
754	32
755	31
756	35
757	31
758	24
759	37
760	23
761	34
762	34
763	30
764	39
765	28
766	34
767	28
768	45
769	28
770	24
771	18
772	33
773	24
774	28
775	25
776	32
777	28
778	31
779	28
780	36
781	40
782	25
783	35
784	37
785	36
786	27
787	25
788	39
789	30
790	35
791	33
792	29
793	34
794	33
795	39
796	42
797	38
798	34
799	40
800	32
801	30
802	29
803	35
804	43
805	24
806	29
807	33
808	42
809	45
810	34
811	24
812	30
813	34
814	43
815	33
816	36
817	25
818	35
819	30
820	27
821	26
822	33
823	32
824	41
825	27
826	39
827	36
828	32
829	31
830	28
831	29
832	36
833	42
834	44
835	42
836	39
837	28
838	36
839	21
840	30
841	29
842	25
843	30
844	39
845	45
846	44
847	35
848	30
849	25
850	32
851	36
852	29
853	43
854	38
855	41
856	35
857	35
858	34
859	29
860	37
861	40
862	44
863	30
864	43
865	36
866	43
867	33
868	41
869	39
870	34
871	36
872	41
873	36
874	26
875	49
876	47
877	46
878	40
879	38
880	40
881	39
882	40
883	35
884	51
885	42
886	45
887	43
888	45
889	39
890	33
891	36
892	42
893	39
894	40
895	33
896	33
897	30
898	31
899	33
900	36
901	38
902	38
903	23
904	27
905	47
906	46
907	35
908	33
909	29
910	28
911	41
912	35
913	41
914	29
915	32
916	46
917	42
918	46
919	37
920	34
921	41
922	49
923	47
924	43
925	47
926	39
927	34
928	32
929	50
930	36
931	37
932	35
933	33
934	40
935	37
936	59
937	41
938	44
939	39
940	43
941	29
942	42
943	52
944	47
945	33
946	37
947	29
948	40
949	38
950	55
951	52
952	30
953	29
954	42
955	35
956	34
957	36
958	45
959	46
960	36
961	39
962	41
963	48
964	35
965	43
966	47
967	28
968	35
969	34
970	43
971	43
972	37
973	40
974	45
975	35
976	47
977	42
978	44
979	46
980	54
981	47
982	44
983	28
984	42
985	43
986	44
987	40
988	49
989	31
990	31
991	38
992	46
993	38
994	44
995	39
996	36
997	35
998	38
999	42
1000	34
1001	56
1002	30
1003	41
1004	43
1005	45
1006	44
1007	34
1008	47
1009	34
1010	45
1011	39
1012	49
1013	38
1014	37
1015	40
1016	35
1017	39
1018	42
1019	39
1020	43
1021	40
1022	44
1023	38
1024	31
1025	49
1026	33
1027	36
1028	32
1029	44
1030	43
1031	52
1032	29
1033	31
1034	35
1035	34
1036	43
1037	36
1038	32
1039	49
1040	43
1041	42
1042	41
1043	34
1044	39
1045	34
1046	40
1047	55
1048	52
1049	32
1050	58
1051	50
1052	43
1053	48
1054	25
1055	43
1056	45
1057	50
1058	44
1059	41
1060	44
1061	40
1062	36
1063	51
1064	38
1065	50
1066	37
1067	38
1068	39
1069	45
1070	44
1071	34
1072	41
1073	45
1074	59
1075	43
1076	46
1077	49
1078	40
1079	43
1080	49
1081	44
1082	61
1083	38
1084	43
1085	46
1086	52
1087	37
1088	39
1089	41
1090	39
1091	51
1092	44
1093	48
1094	39
1095	51
1096	46
1097	43
1098	41
1099	38
1100	51
1101	47
1102	59
1103	38
1104	53
1105	42
1106	37
1107	28
1108	46
1109	40
1110	48
1111	34
1112	62
1113	39
1114	48
1115	38
1116	47
1117	30
1118	44
1119	45
1120	44
1121	38
1122	36
1123	42
1124	43
1125	46
1126	45
1127	32
1128	56
1129	41
1130	40
1131	47
1132	35
1133	47
1134	46
1135	45
1136	34
1137	35
1138	41
1139	50
1140	52
1141	53
1142	41
1143	43
1144	47
1145	36
1146	50
1147	29
1148	36
1149	50
1150	46
1151	32
1152	52
1153	50
1154	43
1155	40
1156	37
1157	51
1158	50
1159	45
1160	43
1161	37
1162	48
1163	37
1164	33
1165	41
1166	33
1167	41
1168	44
1169	42
1170	45
1171	47
1172	49
1173	45
1174	46
1175	41
1176	41
1177	41
1178	43
1179	42
1180	41
1181	38
1182	56
1183	43
1184	43
1185	51
1186	47
1187	41
1188	47
1189	47
1190	53
1191	45
1192	61
1193	39
1194	46
1195	57
1196	32
1197	53
1198	50
1199	51
1200	35
1201	46
1202	48
1203	40
1204	40
1205	43
1206	43
1207	56
1208	38
1209	44
1210	38
1211	50
1212	44
1213	48
1214	51
1215	35
1216	53
1217	54
1218	41
1219	45
1220	37
1221	50
1222	48
1223	45
1224	47
1225	38
1226	50
1227	35
1228	39
1229	55
1230	56
1231	45
1232	53
1233	43
1234	40
1235	48
1236	47
1237	44
1238	50
1239	36
1240	45
1241	41
1242	44
1243	41
1244	54
1245	46
1246	30
1247	42
1248	46
1249	48
1250	42
1251	51
1252	41
1253	56
1254	42
1255	40
1256	50
1257	48
1258	45
1259	50
1260	35
1261	53
1262	47
1263	53
1264	47
1265	43
1266	42
1267	47
1268	39
1269	36
1270	39
1271	37
1272	46
1273	49
1274	53
1275	59
1276	53
1277	44
1278	54
1279	40
1280	44
1281	54
1282	52
1283	51
1284	57
1285	42
1286	34
1287	32
1288	40
1289	40
1290	44
1291	54
1292	45
1293	37
1294	53
1295	47
1296	51
1297	49
1298	50
1299	49
1300	47
1301	44
1302	54
1303	47
1304	41
1305	51
1306	49
1307	51
1308	49
1309	47
1310	65
1311	53
1312	48
1313	48
1314	55
1315	58
1316	49
1317	50
1318	43
1319	42
1320	53
1321	42
1322	48
1323	50
1324	46
1325	32
1326	55
1327	40
1328	40
1329	54
1330	48
1331	54
1332	56
1333	52
1334	52
1335	47
1336	56
1337	47
1338	49
1339	52
1340	59
1341	48
1342	47
1343	44
1344	37
1345	54
1346	40
1347	53
1348	46
1349	38
1350	42
1351	43
1352	41
1353	47
1354	55
1355	51
1356	44
1357	41
1358	32
1359	48
1360	56
1361	46
1362	48
1363	27
1364	38
1365	53
1366	42
1367	51
1368	46
1369	38
1370	39
1371	52
1372	55
1373	38
1374	44
1375	49
1376	39
1377	50
1378	45
1379	51
1380	43
1381	37
1382	46
1383	42
1384	41
1385	52
1386	50
1387	49
1388	51
1389	36
1390	48
1391	36
1392	48
1393	36
1394	35
1395	39
1396	55
1397	40
1398	42
1399	45
1400	55
1401	31
1402	57
1403	45
1404	52
1405	40
1406	40
1407	45
1408	47
1409	46
1410	40
1411	49
1412	48
1413	33
1414	43
1415	47
1416	55
1417	39
1418	41
1419	34
1420	56
1421	48
1422	45
1423	39
1424	40
1425	43
1426	50
1427	44
1428	27
1429	44
1430	41
1431	39
1432	41
1433	41
1434	38
1435	50
1436	44
1437	49
1438	34
1439	46
1440	29
1441	43
1442	44
1443	32
1444	44
1445	44
1446	39
1447	34
1448	35
1449	41
1450	42
1451	36
1452	50
1453	39
1454	37
1455	39
1456	28
1457	33
1458	38
1459	35
1460	33
1461	46
1462	34
1463	50
1464	51
1465	43
1466	45
1467	42
1468	34
1469	43
1470	36
1471	48
1472	39
1473	26
1474	33
1475	36
1476	35
1477	38
1478	39
1479	37
1480	33
1481	41
1482	43
1483	46
1484	41
1485	37
1486	31
1487	39
1488	38
1489	32
1490	46
1491	37
1492	35
1493	33
1494	40
1495	44
1496	43
1497	42
1498	39
1499	44
1500	39
1501	39
1502	42
1503	29
1504	26
1505	54
1506	41
1507	42
1508	38
1509	34
1510	40
1511	33
1512	54
1513	34
1514	40
1515	32
1516	38
1517	35
1518	38
1519	38
1520	38
1521	48
1522	47
1523	28
1524	39
1525	36
1526	35
1527	33
1528	39
1529	41
1530	30
1531	38
1532	31
1533	37
1534	29
1535	33
1536	31
1537	39
1538	37
1539	46
1540	34
1541	26
1542	36
1543	37
1544	30
1545	32
1546	41
1547	41
1548	29
1549	33
1550	41
1551	37
1552	41
1553	23
1554	32
1555	21
1556	33
1557	38
1558	36
1559	34
1560	39
1561	40
1562	45
1563	39
1564	51
1565	42
1566	39
1567	37
1568	34
1569	25
1570	30
1571	32
1572	37
1573	27
1574	21
1575	29
1576	44
1577	36
1578	39
1579	42
1580	27
1581	24
1582	34
1583	41
1584	32
1585	40
1586	38
1587	36
1588	31
1589	27
1590	29
1591	39
1592	29
1593	26
1594	24
1595	30
1596	30
1597	38
1598	33
1599	46
1600	39
1601	40
1602	36
1603	37
1604	36
1605	42
1606	39
1607	47
1608	23
1609	38
1610	34
1611	40
1612	40
1613	31
1614	32
1615	40
1616	37
1617	41
1618	39
1619	41
1620	37
1621	44
1622	43
1623	53
1624	29
1625	36
1626	31
1627	48
1628	35
1629	30
1630	48
1631	44
1632	40
1633	32
1634	39
1635	40
1636	36
1637	39
1638	35
1639	32
1640	38
1641	35
1642	48
1643	29
1644	39
1645	37
1646	43
1647	41
1648	30
1649	39
1650	48
1651	39
1652	35
1653	34
1654	41
1655	37
1656	38
1657	39
1658	54
1659	38
1660	44
1661	34
1662	40
1663	37
1664	28
1665	34
1666	47
1667	39
1668	39
1669	40
1670	33
1671	41
1672	26
1673	44
1674	40
1675	32
1676	47
1677	44
1678	46
1679	31
1680	41
1681	59
1682	48
1683	51
1684	43
1685	37
1686	39
1687	44
1688	38
1689	35
1690	39
1691	48
1692	49
1693	27
1694	33
1695	39
1696	35
1697	41
1698	44
1699	45
1700	36
1701	40
1702	49
1703	34
1704	40
1705	53
1706	46
1707	39
1708	48
1709	36
1710	32
1711	34
1712	47
1713	56
1714	39
1715	49
1716	51
1717	51
1718	53
1719	43
1720	51
1721	36
1722	36
1723	35
1724	42
1725	47
1726	49
1727	39
1728	48
1729	37
1730	60
1731	53
1732	60
1733	38
1734	36
1735	29
1736	39
1737	48
1738	54
1739	46
1740	41
1741	40
1742	52
1743	42
1744	47
1745	45
1746	56
1747	46
1748	36
1749	43
1750	49
1751	38
1752	43
1753	56
1754	55
1755	41
1756	46
1757	53
1758	45
1759	39
1760	64
1761	45
1762	51
1763	42
1764	55
1765	50
1766	51
1767	46
1768	38
1769	56
1770	56
1771	48
1772	45
1773	50
1774	39
1775	49
1776	46
1777	49
1778	49
1779	38
1780	47
1781	56
1782	42
1783	44
1784	46
1785	49
1786	53
1787	47
1788	39
1789	49
1790	46
1791	52
1792	49
1793	44
1794	45
1795	62
1796	47
1797	54
1798	43
1799	42
1800	45
1801	60
1802	53
1803	55
1804	34
1805	51
1806	44
1807	34
1808	61
1809	54
1810	55
1811	44
1812	57
1813	51
1814	67
1815	50
1816	45
1817	48
1818	53
1819	55
1820	65
1821	33
1822	52
1823	56
1824	57
1825	49
1826	55
1827	49
1828	44
1829	51
1830	48
1831	50
1832	39
1833	55
1834	48
1835	47
1836	47
1837	45
1838	49
1839	39
1840	38
1841	46
1842	51
1843	46
1844	60
1845	45
1846	50
1847	52
1848	45
1849	64
1850	53
1851	46
1852	57
1853	36
1854	52
1855	49
1856	51
1857	48
1858	42
1859	55
1860	41
1861	54
1862	57
1863	55
1864	44
1865	33
1866	58
1867	45
1868	47
1869	48
1870	44
1871	38
1872	38
1873	58
1874	50
1875	45
1876	41
1877	43
1878	39
1879	58
1880	36
1881	56
1882	61
1883	50
1884	52
1885	56
1886	48
1887	45
1888	54
1889	43
1890	51
1891	45
1892	44
1893	42
1894	46
1895	36
1896	55
1897	45
1898	38
1899	35
1900	51
1901	32
1902	42
1903	51
1904	46
1905	49
1906	38
1907	40
1908	49
1909	49
1910	43
1911	48
1912	46
1913	49
1914	42
1915	44
1916	38
1917	48
1918	41
1919	33
1920	39
1921	53
1922	49
1923	43
1924	43
1925	44
1926	35
1927	46
1928	50
1929	44
1930	36
1931	37
1932	38
1933	47
1934	44
1935	42
1936	41
1937	34
1938	33
1939	43
1940	32
1941	33
1942	39
1943	49
1944	29
1945	33
1946	52
1947	40
1948	30
1949	49
1950	28
1951	43
1952	37
1953	25
1954	36
1955	51
1956	41
1957	38
1958	43
1959	41
1960	43
1961	43
1962	35
1963	45
1964	42
1965	36
1966	33
1967	40
1968	29
1969	36
1970	40
1971	32
1972	33
1973	35
1974	44
1975	42
1976	31
1977	37
1978	36
1979	36
1980	37
1981	39
1982	49
1983	35
1984	42
1985	33
1986	31
1987	29
1988	45
1989	31
1990	37
1991	34
1992	34
1993	28
1994	46
1995	30
1996	27
1997	29
1998	39
1999	37
2000	32
2001	33
2002	40
2003	39
2004	28
2005	36
2006	32
2007	44
2008	30
2009	31
2010	22
2011	34
2012	20
2013	32
2014	27
2015	36
2016	20
2017	22
2018	34
2019	35
2020	32
2021	27
2022	30
2023	28
2024	32
2025	48
2026	38
2027	34
2028	27
2029	39
2030	28
2031	30
2032	44
2033	35
2034	34
2035	23
2036	25
2037	33
2038	27
2039	19
2040	22
2041	20
2042	33
2043	38
2044	20
2045	23
2046	34
2047	36
2048	35
2049	28
2050	17
2051	24
2052	24
2053	25
2054	24
2055	30
2056	22
2057	25
2058	21
2059	30
2060	28
2061	27
2062	27
2063	40
2064	25
2065	26
2066	29
2067	23
2068	19
2069	24
2070	28
2071	22
2072	27
2073	25
2074	30
2075	21
2076	24
2077	25
2078	28
2079	32
2080	27
2081	25
2082	29
2083	22
2084	23
2085	24
2086	22
2087	24
2088	30
2089	22
2090	28
2091	29
2092	21
2093	26
2094	26
2095	19
2096	23
2097	21
2098	21
2099	18
2100	29
2101	21
2102	24
2103	17
2104	20
2105	26
2106	22
2107	19
2108	24
2109	19
2110	29
2111	24
2112	21
2113	25
2114	24
2115	25
2116	32
2117	24
2118	24
2119	28
2120	30
2121	30
2122	30
2123	24
2124	37
2125	27
2126	27
2127	28
2128	25
2129	29
2130	19
2131	25
2132	18
2133	24
2134	20
2135	31
2136	20
2137	22
2138	16
2139	25
2140	26
2141	26
2142	19
2143	26
2144	23
2145	30
2146	22
2147	24
2148	29
2149	30
2150	27
2151	24
2152	22
2153	20
2154	33
2155	31
2156	24
2157	34
2158	23
2159	20
2160	16
2161	22
2162	20
2163	29
2164	23
2165	20
2166	25
2167	22
2168	19
2169	21
2170	24
2171	15
2172	29
2173	22
2174	28
2175	24
2176	17
2177	19
2178	34
2179	20
2180	27
2181	24
2182	19
2183	25
2184	19
2185	22
2186	23
2187	33
2188	24
2189	21
2190	19
2191	23
2192	21
2193	23
2194	23
2195	16
2196	37
2197	18
2198	21
2199	14
2200	24
2201	20
2202	23
2203	21
2204	22
2205	29
2206	22
2207	23
2208	23
2209	23
2210	25
2211	31
2212	35
2213	19
2214	30
2215	14
2216	21
2217	23
2218	16
2219	17
2220	22
2221	13
2222	23
2223	8
2224	16
2225	30
2226	12
2227	17
2228	26
2229	21
2230	17
2231	16
2232	22
2233	27
2234	26
2235	21
2236	22
2237	16
2238	25
2239	19
2240	22
2241	21
2242	21
2243	21
2244	22
2245	14
2246	21
2247	19
2248	29
2249	26
2250	17
2251	17
2252	27
2253	21
2254	20
2255	19
2256	23
2257	22
2258	24
2259	27
2260	23
2261	20
2262	19
2263	20
2264	22
2265	18
2266	25
2267	23
2268	18
2269	18
2270	27
2271	21
2272	26
2273	19
2274	25
2275	27
2276	23
2277	27
2278	21
2279	19
2280	27
2281	19
2282	15
2283	29
2284	18
2285	26
2286	17
2287	18
2288	19
2289	23
2290	20
2291	21
2292	24
2293	25
2294	24
2295	26
2296	23
2297	22
2298	12
2299	21
2300	20
2301	16
2302	23
2303	21
2304	24
2305	16
2306	22
2307	14
2308	27
2309	14
2310	22
2311	17
2312	19
2313	26
2314	22
2315	24
2316	28
2317	14
2318	19
2319	11
2320	16
2321	23
2322	14
2323	14
2324	20
2325	31
2326	32
2327	21
2328	23
2329	20
2330	15
2331	26
2332	18
2333	15
2334	22
2335	22
2336	17
2337	31
2338	20
2339	23
2340	18
2341	24
2342	28
2343	20
2344	25
2345	22
2346	20
2347	24
2348	21
2349	26
2350	23
2351	14
2352	19
2353	22
2354	15
2355	15
2356	20
2357	18
2358	22
2359	16
2360	23
2361	29
2362	30
2363	21
2364	12
2365	24
2366	17
2367	20
2368	37
2369	23
2370	13
2371	16
2372	16
2373	22
2374	20
2375	27
2376	10
2377	21
2378	23
2379	24
2380	25
2381	21
2382	23
2383	17
2384	25
2385	16
2386	18
2387	13
2388	15
2389	22
2390	20
2391	22
2392	21
2393	15
2394	20
2395	20
2396	15
2397	24
2398	22
2399	19
2400	24
2401	19
2402	18
2403	19
2404	20
2405	17
2406	14
2407	17
2408	17
2409	18
2410	17
2411	22
2412	17
2413	19
2414	20
2415	20
2416	25
2417	20
2418	23
2419	25
2420	22
2421	22
2422	25
2423	28
2424	26
2425	18
2426	14
2427	19
2428	21
2429	28
2430	19
2431	17
2432	33
2433	23
2434	19
2435	18
2436	21
2437	17
2438	24
2439	24
2440	25
2441	21
2442	14
2443	20
2444	22
2445	21
2446	10
2447	27
2448	17
2449	20
2450	20
2451	22
2452	17
2453	18
2454	18
2455	27
2456	19
2457	17
2458	15
2459	20
2460	18
2461	16
2462	24
2463	20
2464	17
2465	17
2466	21
2467	15
2468	13
2469	16
2470	21
2471	20
2472	16
2473	20
2474	18
2475	11
2476	16
2477	15
2478	26
2479	25
2480	20
2481	17
2482	18
2483	21
2484	22
2485	19
2486	17
2487	28
2488	13
2489	21
2490	23
2491	23
2492	25
2493	18
2494	25
2495	15
2496	19
2497	21
2498	19
2499	21
2500	20
2501	19
2502	21
2503	23
2504	25
2505	10
2506	22
2507	18
2508	21
2509	22
2510	17
2511	21
2512	24
2513	13
2514	18
2515	29
2516	22
2517	27
2518	17
2519	25
2520	15
2521	21
2522	26
2523	22
2524	19
2525	19
2526	23
2527	19
2528	16
2529	17
2530	26
2531	21
2532	15
2533	15
2534	21
2535	18
2536	16
2537	19
2538	22
2539	19
2540	24
2541	18
2542	21
2543	20
2544	16
2545	16
2546	15
2547	13
2548	22
2549	16
2550	16
2551	19
2552	17
2553	27
2554	29
2555	17
2556	16
2557	20
2558	17
2559	25
2560	18
2561	16
2562	21
2563	21
2564	20
2565	22
2566	27
2567	15
2568	24
2569	21
2570	16
2571	20
2572	22
2573	15
2574	13
2575	16
2576	21
2577	13
2578	18
2579	16
2580	15
2581	17
2582	18
2583	12
2584	20
2585	20
2586	24
2587	17
2588	16
2589	24
2590	14
2591	19
2592	19
2593	25
2594	15
2595	15
2596	17
2597	22
2598	19
2599	14
2600	24
2601	14
2602	21
2603	14
2604	22
2605	17
2606	23
2607	20
2608	17
2609	18
2610	23
2611	22
2612	14
2613	18
2614	19
2615	16
2616	15
2617	20
2618	18
2619	22
2620	16
2621	25
2622	18
2623	30
2624	19
2625	19
2626	19
2627	26
2628	19
2629	18
2630	14
2631	17
2632	15
2633	15
2634	23
2635	16
2636	13
2637	13
2638	16
2639	20
2640	13
2641	22
2642	16
2643	20
2644	23
2645	16
2646	13
2647	26
2648	16
2649	21
2650	18
2651	24
2652	16
2653	19
2654	19
2655	16
2656	21
2657	16
2658	17
2659	15
2660	15
2661	16
2662	19
2663	20
2664	13
2665	15
2666	20
2667	16
2668	17
2669	27
2670	18
2671	16
2672	19
2673	14
2674	24
2675	18
2676	13
2677	17
2678	29
2679	15
2680	23
2681	21
2682	12
2683	16
2684	23
2685	16
2686	12
2687	10
2688	18
2689	19
2690	19
2691	17
2692	13
2693	16
2694	16
2695	18
2696	11
2697	15
2698	17
2699	15
2700	24
2701	15
2702	18
2703	21
2704	23
2705	15
2706	13
2707	16
2708	19
2709	17
2710	11
2711	13
2712	12
2713	13
2714	21
2715	18
2716	17
2717	14
2718	11
2719	16
2720	21
2721	14
2722	18
2723	21
2724	19
2725	19
2726	16
2727	18
2728	14
2729	17
2730	26
2731	25
2732	15
2733	19
2734	18
2735	22
2736	13
2737	17
2738	17
2739	20
2740	23
2741	21
2742	14
2743	21
2744	15
2745	17
2746	23
2747	16
2748	20
2749	16
2750	24
2751	20
2752	13
2753	17
2754	14
2755	17
2756	18
2757	17
2758	23
2759	7
2760	16
2761	11
2762	18
2763	17
2764	12
2765	17
2766	15
2767	23
2768	11
2769	17
2770	12
2771	18
2772	17
2773	12
2774	22
2775	21
2776	19
2777	10
2778	11
2779	13
2780	18
2781	8
2782	15
2783	14
2784	17
2785	14
2786	19
2787	14
2788	14
2789	13
2790	18
2791	17
2792	15
2793	10
2794	16
2795	19
2796	13
2797	22
2798	12
2799	17
2800	22
2801	14
2802	17
2803	17
2804	25
2805	17
2806	19
2807	11
2808	17
2809	22
2810	15
2811	12
2812	16
2813	17
2814	16
2815	17
2816	20
2817	11
2818	21
2819	24
2820	18
2821	18
2822	25
2823	16
2824	25
2825	19
2826	14
2827	13
2828	16
2829	10
2830	13
2831	24
2832	10
2833	12
2834	18
2835	12
2836	14
2837	15
2838	17
2839	10
2840	16
2841	15
2842	11
2843	19
2844	20
2845	14
2846	19
2847	16
2848	13
2849	13
2850	15
2851	8
2852	14
2853	19
2854	17
2855	22
2856	15
2857	22
2858	18
2859	20
2860	20
2861	17
2862	14
2863	12
2864	18
2865	13
2866	16
2867	11
2868	16
2869	15
2870	13
2871	16
2872	11
2873	11
2874	16
2875	20
2876	11
2877	11
2878	10
2879	15
2880	13
2881	14
2882	16
2883	19
2884	10
2885	18
2886	14
2887	29
2888	15
2889	15
2890	10
2891	10
2892	13
2893	15
2894	10
2895	10
2896	12
2897	11
2898	9
2899	15
2900	17
2901	24
2902	21
2903	22
2904	20
2905	13
2906	12
2907	18
2908	17
2909	18
2910	16
2911	13
2912	13
2913	12
2914	13
2915	19
2916	4
2917	19
2918	14
2919	16
2920	15
2921	15
2922	19
2923	11
2924	7
2925	11
2926	12
2927	16
2928	17
2929	9
2930	13
2931	11
2932	23
2933	19
2934	11
2935	13
2936	15
2937	20
2938	15
2939	15
2940	20
2941	17
2942	16
2943	11
2944	13
2945	19
2946	17
2947	11
2948	18
2949	13
2950	18
2951	15
2952	12
2953	17
2954	11
2955	17
2956	19
2957	11
2958	19
2959	11
2960	19
2961	14
2962	13
2963	16
2964	19
2965	15
2966	13
2967	13
2968	18
2969	16
2970	13
2971	16
2972	13
2973	12
2974	12
2975	18
2976	16
2977	19
2978	16
2979	14
2980	21
2981	15
2982	17
2983	12
2984	11
2985	14
2986	13
2987	12
2988	13
2989	15
2990	16
2991	16
2992	17
2993	12
2994	11
2995	19
2996	12
2997	21
2998	16
2999	11
3000	20
3001	15
3002	16
3003	23
3004	22
3005	16
3006	11
3007	16
3008	18
3009	13
3010	17
3011	15
3012	29
3013	13
3014	20
3015	19
3016	9
3017	12
3018	16
3019	17
3020	9
3021	9
3022	20
3023	13
3024	20
3025	9
3026	9
3027	13
3028	17
3029	13
3030	15
3031	14
3032	20
3033	21
3034	13
3035	14
3036	11
3037	19
3038	15
3039	20
3040	17
3041	13
3042	15
3043	12
3044	13
3045	9
3046	17
3047	17
3048	19
3049	15
3050	10
3051	11
3052	23
3053	14
3054	10
3055	13
3056	13
3057	17
3058	12
3059	17
3060	20
3061	14
3062	17
3063	14
3064	11
3065	15
3066	13
3067	14
3068	15
3069	19
3070	18
3071	15
3072	13
3073	12
3074	19
3075	22
3076	18
3077	13
3078	15
3079	21
3080	12
3081	14
3082	14
3083	12
3084	7
3085	14
3086	11
3087	13
3088	15
3089	25
3090	17
3091	14
3092	12
3093	13
3094	16
3095	20
3096	16
3097	9
3098	20
3099	18
3100	12
3101	9
3102	16
3103	13
3104	15
3105	14
3106	14
3107	15
3108	22
3109	19
3110	11
3111	10
3112	15
3113	5
3114	14
3115	9
3116	13
3117	17
3118	20
3119	16
3120	13
3121	14
3122	17
3123	14
3124	15
3125	20
3126	17
3127	15
3128	14
3129	8
3130	15
3131	19
3132	15
3133	11
3134	19
3135	14
3136	17
3137	15
3138	19
3139	14
3140	12
3141	19
3142	16
3143	19
3144	13
3145	14
3146	19
3147	16
3148	14
3149	10
3150	9
3151	20
3152	14
3153	19
3154	13
3155	10
3156	8
3157	18
3158	16
3159	19
3160	14
3161	17
3162	17
3163	19
3164	23
3165	10
3166	13
3167	19
3168	14
3169	18
3170	14
3171	11
3172	15
3173	16
3174	9
3175	18
3176	19
3177	17
3178	19
3179	13
3180	17
3181	12
3182	12
3183	17
3184	17
3185	17
3186	20
3187	13
3188	18
3189	17
3190	23
3191	12
3192	18
3193	13
3194	14
3195	19
3196	17
3197	12
3198	19
3199	18
3200	11
3201	19
3202	18
3203	17
3204	13
3205	15
3206	12
3207	11
3208	19
3209	18
3210	9
3211	12
3212	17
3213	8
3214	13
3215	18
3216	13
3217	12
3218	12
3219	15
3220	17
3221	13
3222	21
3223	18
3224	23
3225	11
3226	8
3227	17
3228	12
3229	15
3230	16
3231	13
3232	14
3233	18
3234	14
3235	15
3236	8
3237	12
3238	15
3239	11
3240	16
3241	21
3242	17
3243	13
3244	8
3245	11
3246	13
3247	5
3248	18
3249	16
3250	12
3251	17
3252	6
3253	17
3254	18
3255	15
3256	14
3257	19
3258	14
3259	14
3260	9
3261	20
3262	16
3263	18
3264	18
3265	9
3266	18
3267	12
3268	14
3269	17
3270	22
3271	17
3272	15
3273	16
3274	19
3275	23
3276	12
3277	7
3278	20
3279	21
3280	15
3281	15
3282	16
3283	13
3284	9
3285	25
3286	13
3287	15
3288	17
3289	16
3290	11
3291	17
3292	8
3293	22
3294	13
3295	20
3296	20
3297	16
3298	15
3299	11
3300	13
3301	14
3302	12
3303	21
3304	12
3305	16
3306	15
3307	13
3308	13
3309	10
3310	15
3311	20
3312	23
3313	19
3314	17
3315	14
3316	17
3317	10
3318	16
3319	12
3320	12
3321	15
3322	13
3323	19
3324	9
3325	17
3326	17
3327	11
3328	20
3329	18
3330	19
3331	13
3332	19
3333	17
3334	9
3335	15
3336	12
3337	17
3338	8
3339	19
3340	13
3341	15
3342	18
3343	17
3344	8
3345	10
3346	21
3347	14
3348	16
3349	9
3350	14
3351	19
3352	16
3353	22
3354	15
3355	10
3356	9
3357	19
3358	8
3359	13
3360	19
3361	21
3362	12
3363	19
3364	14
3365	18
3366	21
3367	17
3368	15
3369	13
3370	15
3371	14
3372	16
3373	12
3374	14
3375	20
3376	18
3377	15
3378	12
3379	9
3380	18
3381	11
3382	21
3383	13
3384	20
3385	22
3386	20
3387	13
3388	14
3389	21
3390	17
3391	11
3392	12
3393	22
3394	18
3395	10
3396	13
3397	16
3398	10
3399	14
3400	16
3401	11
3402	16
3403	21
3404	14
3405	13
3406	11
3407	12
3408	12
3409	21
3410	17
3411	16
3412	11
3413	11
3414	17
3415	9
3416	19
3417	16
3418	15
3419	15
3420	10
3421	11
3422	12
3423	10
3424	17
3425	14
3426	14
3427	22
3428	18
3429	17
3430	10
3431	14
3432	16
3433	20
3434	10
3435	12
3436	19
3437	18
3438	16
3439	14
3440	16
3441	13
3442	17
3443	20
3444	15
3445	16
3446	11
3447	13
3448	24
3449	14
3450	5
3451	9
3452	16
3453	15
3454	15
3455	11
3456	7
3457	18
3458	16
3459	13
3460	23
3461	15
3462	27
3463	10
3464	12
3465	12
3466	8
3467	9
3468	14
3469	15
3470	14
3471	13
3472	16
3473	14
3474	17
3475	18
3476	19
3477	13
3478	12
3479	17
3480	9
3481	19
3482	10
3483	8
3484	11
3485	15
3486	14
3487	14
3488	13
3489	17
3490	19
3491	15
3492	15
3493	16
3494	15
3495	15
3496	17
3497	25
3498	14
3499	17
3500	14
3501	17
3502	13
3503	16
3504	16
3505	17
3506	16
3507	16
3508	16
3509	17
3510	19
3511	16
3512	14
3513	12
3514	15
3515	16
3516	10
3517	17
3518	17
3519	11
3520	14
3521	13
3522	17
3523	19
3524	7
3525	21
3526	11
3527	18
3528	19
3529	13
3530	12
3531	10
3532	24
3533	11
3534	13
3535	16
3536	12
3537	17
3538	24
3539	13
3540	11
3541	16
3542	12
3543	21
3544	10
3545	11
3546	13
3547	11
3548	17
3549	16
3550	13
3551	14
3552	15
3553	14
3554	12
3555	11
3556	17
3557	14
3558	13
3559	13
3560	18
3561	13
3562	12
3563	9
3564	19
3565	15
3566	21
3567	15
3568	24
3569	15
3570	13
3571	14
3572	15
3573	19
3574	19
3575	8
3576	18
3577	17
3578	15
3579	11
3580	18
3581	10
3582	16
3583	17
3584	9
3585	14
3586	8
3587	14
3588	18
3589	20
3590	16
3591	14
3592	9
3593	12
3594	18
3595	17
3596	16
3597	8
3598	16
3599	22
3600	11
3601	24
3602	24
3603	10
3604	18
3605	13
3606	17
3607	19
3608	17
3609	19
3610	15
3611	18
3612	10
3613	7
3614	18
3615	16
3616	15
3617	20
3618	18
3619	13
3620	15
3621	12
3622	21
3623	20
3624	18
3625	13
3626	22
3627	13
3628	15
3629	10
3630	18
3631	22
3632	18
3633	16
3634	15
3635	15
3636	9
3637	23
3638	19
3639	12
3640	19
3641	17
3642	19
3643	17
3644	10
3645	18
3646	16
3647	17
3648	14
3649	19
3650	14
3651	14
3652	16
3653	20
3654	14
3655	9
3656	14
3657	18
3658	8
3659	13
3660	11
3661	21
3662	14
3663	16
3664	13
3665	8
3666	12
3667	13
3668	17
3669	20
3670	25
3671	22
3672	7
3673	15
3674	17
3675	17
3676	16
3677	12
3678	19
3679	18
3680	17
3681	13
3682	11
3683	14
3684	14
3685	13
3686	14
3687	16
3688	11
3689	17
3690	19
3691	19
3692	17
3693	16
3694	16
3695	12
3696	19
3697	25
3698	15
3699	18
3700	13
3701	23
3702	8
3703	13
3704	21
3705	17
3706	15
3707	14
3708	8
3709	13
3710	17
3711	14
3712	7
3713	23
3714	22
3715	10
3716	10
3717	21
3718	21
3719	26
3720	12
3721	25
3722	11
3723	13
3724	12
3725	12
3726	10
3727	14
3728	17
3729	11
3730	15
3731	22
3732	14
3733	28
3734	19
3735	20
3736	13
3737	15
3738	19
3739	19
3740	15
3741	14
3742	15
3743	9
3744	24
3745	17
3746	15
3747	14
3748	14
3749	25
3750	21
3751	19
3752	15
3753	16
3754	18
3755	7
3756	16
3757	16
3758	17
3759	20
3760	16
3761	19
3762	10
3763	20
3764	14
3765	23
3766	12
3767	20
3768	12
3769	13
3770	21
3771	16
3772	17
3773	18
3774	16
3775	19
3776	10
3777	15
3778	22
3779	17
3780	16
3781	26
3782	19
3783	20
3784	10
3785	18
3786	11
3787	20
3788	18
3789	16
3790	18
3791	22
3792	13
3793	21
3794	21
3795	12
3796	18
3797	17
3798	15
3799	17
3800	14
3801	14
3802	14
3803	21
3804	22
3805	20
3806	18
3807	15
3808	23
3809	21
3810	18
3811	15
3812	17
3813	15
3814	21
3815	10
3816	14
3817	15
3818	14
3819	21
3820	10
3821	15
3822	23
3823	24
3824	22
3825	15
3826	13
3827	21
3828	19
3829	17
3830	26
3831	16
3832	14
3833	18
3834	20
3835	26
3836	18
3837	20
3838	17
3839	20
3840	17
3841	14
3842	24
3843	20
3844	23
3845	15
3846	15
3847	26
3848	12
3849	19
3850	20
3851	14
3852	15
3853	20
3854	18
3855	18
3856	18
3857	18
3858	19
3859	17
3860	19
3861	30
3862	23
3863	26
3864	21
3865	16
3866	23
3867	22
3868	18
3869	20
3870	24
3871	17
3872	17
3873	18
3874	23
3875	18
3876	12
3877	20
3878	24
3879	14
3880	19
3881	25
3882	25
3883	25
3884	20
3885	21
3886	21
3887	17
3888	16
3889	14
3890	17
3891	21
3892	25
3893	20
3894	23
3895	17
3896	37
3897	24
3898	22
3899	22
3900	30
3901	21
3902	24
3903	18
3904	30
3905	15
3906	26
3907	19
3908	20
3909	29
3910	21
3911	32
3912	23
3913	23
3914	22
3915	16
3916	16
3917	23
3918	17
3919	24
3920	24
3921	26
3922	23
3923	23
3924	25
3925	24
3926	24
3927	25
3928	18
3929	21
3930	25
3931	20
3932	21
3933	23
3934	23
3935	22
3936	26
3937	29
3938	27
3939	28
3940	25
3941	20
3942	25
3943	22
3944	20
3945	36
3946	25
3947	25
3948	22
3949	22
3950	27
3951	26
3952	29
3953	18
3954	38
3955	24
3956	29
3957	27
3958	21
3959	25
3960	27
3961	18
3962	20
3963	25
3964	15
3965	18
3966	25
3967	28
3968	22
3969	25
3970	17
3971	24
3972	30
3973	34
3974	26
3975	23
3976	28
3977	35
3978	27
3979	30
3980	27
3981	33
3982	32
3983	31
3984	33
3985	27
3986	21
3987	25
3988	34
3989	27
3990	28
3991	33
3992	39
3993	21
3994	33
3995	27
3996	18
3997	30
3998	30
3999	32
4000	32
4001	29
4002	27
4003	28
4004	20
4005	27
4006	27
4007	28
4008	20
4009	25
4010	28
4011	30
4012	31
4013	38
4014	22
4015	35
4016	31
4017	36
4018	29
4019	26
4020	24
4021	25
4022	21
4023	23
4024	30
4025	29
4026	41
4027	26
4028	31
4029	38
4030	32
4031	28
4032	30
4033	22
4034	29
4035	19
4036	28
4037	24
4038	32
4039	33
4040	27
4041	34
4042	37
4043	31
4044	35
4045	42
4046	34
4047	24
4048	33
4049	28
4050	26
4051	29
4052	30
4053	32
4054	26
4055	34
4056	31
4057	38
4058	38
4059	36
4060	30
4061	38
4062	24
4063	29
4064	24
4065	36
4066	26
4067	25
4068	35
4069	33
4070	22
4071	24
4072	31
4073	30
4074	35
4075	32
4076	31
4077	33
4078	28
4079	31
4080	34
4081	29
4082	25
4083	37
4084	37
4085	35
4086	19
4087	29
4088	30
4089	41
4090	24
4091	28
4092	25
4093	25
4094	23
4095	26
4096	27
4097	31
4098	24
4099	39
4100	28
4101	22
4102	35
4103	35
4104	34
4105	32
4106	36
4107	20
4108	26
4109	25
4110	38
4111	34
4112	35
4113	31
4114	31
4115	28
4116	27
4117	22
4118	39
4119	31
4120	23
4121	31
4122	27
4123	33
4124	30
4125	20
4126	27
4127	34
4128	24
4129	29
4130	20
4131	26
4132	28
4133	28
4134	41
4135	25
4136	29
4137	31
4138	22
4139	29
4140	25
4141	22
4142	35
4143	22
4144	28
4145	19
4146	36
4147	28
4148	42
4149	28
4150	15
4151	35
4152	25
4153	31
4154	32
4155	28
4156	33
4157	29
4158	29
4159	25
4160	38
4161	37
4162	25
4163	31
4164	19
4165	24
4166	27
4167	22
4168	27
4169	27
4170	35
4171	27
4172	34
4173	36
4174	23
4175	29
4176	28
4177	22
4178	30
4179	26
4180	20
4181	36
4182	22
4183	22
4184	24
4185	24
4186	21
4187	18
4188	24
4189	22
4190	23
4191	18
4192	26
4193	13
4194	22
4195	22
4196	26
4197	16
4198	14
4199	28
4200	23
4201	19
4202	26
4203	20
4204	22
4205	21
4206	20
4207	27
4208	27
4209	17
4210	24
4211	19
4212	26
4213	15
4214	21
4215	18
4216	16
4217	16
4218	17
4219	14
4220	14
4221	20
4222	18
4223	15
4224	13
4225	18
4226	31
4227	14
4228	23
4229	19
4230	17
4231	15
4232	17
4233	20
4234	18
4235	20
4236	19
4237	12
4238	11
4239	17
4240	8
4241	17
4242	16
4243	10
4244	7
4245	12
4246	16
4247	9
4248	16
4249	11
4250	15
4251	20
4252	15
4253	11
4254	21
4255	15
4256	16
4257	16
4258	12
4259	27
4260	10
4261	10
4262	18
4263	10
4264	10
4265	11
4266	15
4267	11
4268	11
4269	7
4270	13
4271	12
4272	15
4273	10
4274	9
4275	15
4276	9
4277	12
4278	9
4279	5
4280	13
4281	13
4282	7
4283	9
4284	10
4285	12
4286	21
4287	16
4288	18
4289	6
4290	10
4291	9
4292	7
4293	11
4294	10
4295	7
4296	10
4297	15
4298	11
4299	9
4300	6
4301	9
4302	12
4303	5
4304	12
4305	9
4306	8
4307	13
4308	5
4309	6
4310	8
4311	9
4312	5
4313	8
4314	11
4315	6
4316	9
4317	11
4318	1
4319	5
4320	8
4321	10
4322	8
4323	7
4324	10
4325	4
4326	6
4327	7
4328	10
4329	3
4330	6
4331	7
4332	9
4333	4
4334	9
4335	5
4336	9
4337	5
4338	5
4339	10
4340	6
4341	4
4342	4
4343	8
4344	5
4345	4
4346	5
4347	3
4348	7
4349	2
4350	5
4351	9
4352	4
4353	4
4354	2
4355	4
4356	4
4357	4
4358	4
4359	4
4360	3
4361	8
4362	2
4363	6
4364	3
4365	3
4366	4
4367	1
4368	3
4369	4
4370	1
4371	4
4372	3
4373	9
4374	1
4375	3
4376	2
4377	6
4378	1
4379	6
4380	3
4381	4
4382	6
4383	1
4384	8
4385	5
4386	2
4387	2
4388	1
4389	3
4390	1
4391	3
4392	2
4393	5
4394	3
4395	1
4396	4
4397	3
4398	5
4399	5
4400	1
4401	2
4402	5
4403	2
4404	2
4405	2
4406	7
4407	0
4408	4
4409	2
4410	3
4411	2
4412	1
4413	1
4414	4
4415	3
4416	1
4417	3
4418	3
4419	2
4420	1
4421	1
4422	1
4423	3
4424	1
4425	3
4426	4
4427	3
4428	3
4429	3
4430	2
4431	1
4432	1
4433	2
4434	3
4435	2
4436	1
4437	0
4438	0
4439	2
4440	5
4441	2
4442	4
4443	0
4444	1
4445	1
4446	2
4447	0
4448	2
4449	0
4450	1
4451	1
4452	0
4453	3
4454	2
4455	1
4456	0
4457	2
4458	1
4459	3
4460	1
4461	1
4462	3
4463	0
4464	0
4465	0
4466	2
4467	2
4468	2
4469	0
4470	3
4471	2
4472	2
4473	1
4474	2
4475	2
4476	2
4477	1
4478	1
4479	2
4480	1
4481	0
4482	0
4483	2
4484	2
4485	2
4486	0
4487	2
4488	0
4489	1
4490	1
4491	0
4492	1
4493	0
4494	5
4495	1
4496	0
4497	0
4498	0
4499	2
4500	3
4501	0
4502	1
4503	1
4504	1
4505	1
4506	0
4507	2
4508	1
4509	1
4510	0
4511	4
4512	1
4513	1
4514	1
4515	1
4516	0
4517	1
4518	1
4519	1
4520	3
4521	1
4522	3
4523	0
4524	1
4525	1
4526	3
4527	2
4528	0
4529	1
4530	1
4531	1
4532	0
4533	2
4534	1
4535	1
4536	1
4537	0
4538	1
4539	0
4540	2
4541	0
4542	1
4543	1
4544	1
4545	1
4546	2
4547	1
4548	2
4549	1
4550	2
4551	1
4552	1
4553	0
4554	0
4555	1
4556	3
4557	0
4558	0
4559	0
4560	0
4561	2
4562	0
4563	0
4564	1
4565	0
4566	0
4567	0
4568	0
4569	2
4570	2
4571	0
4572	0
4573	1
4574	1
4575	0
4576	0
4577	0
4578	0
4579	1
4580	0
4581	2
4582	1
4583	1
4584	3
4585	4
4586	0
4587	0
4588	0
4589	2
4590	1
4591	0
4592	2
4593	2
4594	1
4595	1
4596	0
4597	1
4598	2
4599	2
4600	0
4601	0
4602	0
4603	0
4604	0
4605	0
4606	0
4607	0
4608	0
4609	0
4610	1
4611	1
4612	1
4613	1
4614	0
4615	0
4616	1
4617	3
4618	0
4619	0
4620	0
4621	0
4622	2
4623	1
4624	1
4625	0
4626	0
4627	0
4628	1
4629	1
4630	0
4631	2
4632	2
4633	1
4634	1
4635	1
4636	2
4637	2
4638	0
4639	0
4640	1
4641	1
4642	1
4643	0
4644	1
4645	0
4646	3
4647	0
4648	0
4649	0
4650	2
4651	1
4652	1
4653	0
4654	1
4655	2
4656	1
4657	1
4658	1
4659	0
4660	0
4661	0
4662	2
4663	1
4664	1
4665	1
4666	2
4667	2
4668	0
4669	1
4670	1
4671	2
4672	1
4673	0
4674	2
4675	0
4676	0
4677	3
4678	2
4679	1
4680	2
4681	0
4682	0
4683	0
4684	0
4685	0
4686	2
4687	0
4688	0
4689	2
4690	2
4691	3
4692	1
4693	0
4694	0
4695	0
4696	2
4697	0
4698	2
4699	2
4700	0
4701	1
4702	2
4703	1
4704	0
4705	0
4706	0
4707	0
4708	0
4709	1
4710	0
4711	0
4712	0
4713	0
4714	1
4715	0
4716	3
4717	1
4718	0
4719	0
4720	0
4721	1
4722	2
4723	2
4724	0
4725	0
4726	0
4727	0
4728	0
4729	2
4730	0
4731	0
4732	1
4733	0
4734	0
4735	0
4736	0
4737	0
4738	2
4739	0
4740	5
4741	0
4742	1
4743	0
4744	1
4745	1
4746	2
4747	0
4748	0
4749	0
4750	1
4751	0
4752	0
4753	3
4754	2
4755	0
4756	0
4757	0
4758	0
4759	0
4760	1
4761	1
4762	1
4763	1
4764	1
4765	0
4766	1
4767	1
4768	0
4769	1
4770	1
4771	0
4772	1
4773	1
4774	0
4775	1
4776	1
4777	0
4778	0
4779	0
4780	3
4781	0
4782	0
4783	0
4784	4
4785	0
4786	0
4787	0
4788	1
4789	1
4790	0
4791	1
4792	1
4793	0
4794	2
4795	1
4796	0
4797	1
4798	0
4799	0
4800	0
4801	0
4802	2
4803	1
4804	0
4805	1
4806	2
4807	0
4808	0
4809	0
4810	1
4811	1
4812	1
4813	1
4814	4
4815	1
4816	0
4817	3
4818	1
4819	0
4820	0
4821	1
4822	0
4823	1
4824	1
4825	0
4826	1
4827	0
4828	0
4829	0
4830	1
4831	0
4832	1
4833	1
4834	0
4835	2
4836	0
4837	1
4838	0
4839	1
4840	1
4841	1
4842	1
4843	0
4844	1
4845	2
4846	0
4847	1
4848	1
4849	0
4850	2
4851	1
4852	1
4853	3
4854	2
4855	1
4856	0
4857	1
4858	1
4859	1
4860	0
4861	1
4862	1
4863	0
4864	3
4865	0
4866	0
4867	1
4868	0
4869	0
4870	1
4871	0
4872	0
4873	1
4874	0
4875	1
4876	2
4877	2
4878	1
4879	1
4880	1
4881	2
4882	2
4883	1
4884	1
4885	3
4886	2
4887	0
4888	0
4889	0
4890	0
4891	2
4892	1
4893	0
4894	1
4895	0
4896	2
4897	2
4898	2
4899	4
4900	0
4901	0
4902	0
4903	0
4904	1
4905	1
4906	0
4907	1
4908	0
4909	1
4910	2
4911	0
4912	1
4913	1
4914	0
4915	2
4916	1
4917	2
4918	0
4919	0
4920	0
4921	0
4922	0
4923	0
4924	0
4925	1
4926	1
4927	2
4928	1
4929	1
4930	2
4931	1
4932	2
4933	0
4934	1
4935	0
4936	1
4937	1
4938	4
4939	1
4940	0
4941	0
4942	1
4943	1
4944	1
4945	1
4946	0
4947	1
4948	1
4949	0
4950	2
4951	0
4952	1
4953	4
4954	0
4955	1
4956	0
4957	0
4958	0
4959	1
4960	0
4961	1
4962	0
4963	1
4964	2
4965	1
4966	0
4967	2
4968	1
4969	1
4970	0
4971	0
4972	1
4973	0
4974	1
4975	0
4976	0
4977	0
4978	1
4979	0
4980	1
4981	1
4982	2
4983	0
4984	1
4985	0
4986	3
4987	0
4988	0
4989	0
4990	3
4991	0
4992	1
4993	0
4994	0
4995	1
4996	0
4997	1
4998	0
4999	1
5000	1
5001	1
5002	0
5003	2
5004	0
5005	1
5006	0
5007	1
5008	0
5009	0
5010	1
5011	2
5012	2
5013	1
5014	0
5015	0
5016	0
5017	2
5018	1
5019	0
5020	1
5021	0
5022	1
5023	1
5024	3
5025	0
5026	1
5027	1
5028	1
5029	0
5030	0
5031	1
5032	1
5033	1
5034	2
5035	0
5036	1
5037	1
5038	1
5039	1
5040	2
5041	0
5042	1
5043	0
5044	0
5045	1
5046	0
5047	1
5048	2
5049	0
5050	0
5051	1
5052	0
5053	0
5054	0
5055	2
5056	1
5057	1
5058	0
5059	2
5060	0
5061	0
5062	2
5063	1
5064	1
5065	2
5066	0
5067	1
5068	1
5069	1
5070	1
5071	1
5072	0
5073	0
5074	2
5075	0
5076	1
5077	1
5078	2
5079	1
5080	2
5081	0
5082	0
5083	1
5084	0
5085	3
5086	0
5087	2
5088	0
5089	0
5090	2
5091	0
5092	0
5093	0
5094	0
5095	2
5096	0
5097	0
5098	1
5099	0
5100	0
5101	1
5102	0
5103	1
5104	1
5105	0
5106	0
5107	3
5108	0
5109	0
5110	0
5111	1
5112	1
5113	1
5114	0
5115	0
5116	3
5117	0
5118	1
5119	1
5120	1
5121	1
5122	0
5123	1
5124	2
5125	0
5126	1
5127	3
5128	1
5129	0
5130	0
5131	0
5132	1
5133	0
5134	2
5135	2
5136	0
5137	1
5138	1
5139	0
5140	1
5141	0
5142	0
5143	1
5144	1
5145	1
5146	1
5147	1
5148	1
5149	1
5150	0
5151	1
5152	1
5153	2
5154	2
5155	0
5156	4
5157	0
5158	2
5159	0
5160	0
5161	2
5162	1
5163	1
5164	0
5165	2
5166	0
5167	1
5168	1
5169	0
5170	1
5171	1
5172	1
5173	1
5174	0
5175	2
5176	0
5177	0
5178	0
5179	0
5180	0
5181	0
5182	1
5183	0
5184	1
5185	2
5186	1
5187	1
5188	0
5189	0
5190	0
5191	0
5192	1
5193	2
5194	0
5195	2
5196	0
5197	2
5198	2
5199	0
5200	1
5201	1
5202	0
5203	1
5204	1
5205	0
5206	1
5207	1
5208	0
5209	0
5210	1
5211	0
5212	1
5213	0
5214	0
5215	2
5216	0
5217	1
5218	0
5219	3
5220	0
5221	0
5222	2
5223	1
5224	0
5225	0
5226	0
5227	3
5228	1
5229	0
5230	0
5231	2
5232	0
5233	1
5234	0
5235	3
5236	0
5237	1
5238	0
5239	0
5240	0
5241	0
5242	1
5243	0
5244	1
5245	2
5246	1
5247	0
5248	0
5249	0
5250	0
5251	1
5252	1
5253	0
5254	1
5255	3
5256	1
5257	0
5258	0
5259	1
5260	2
5261	0
5262	1
5263	1
5264	0
5265	3
5266	3
5267	1
5268	0
5269	4
5270	1
5271	0
5272	0
5273	2
5274	0
5275	1
5276	0
5277	1
5278	0
5279	0
5280	2
5281	1
5282	1
5283	0
5284	1
5285	0
5286	1
5287	3
5288	0
5289	0
5290	0
5291	0
5292	0
5293	0
5294	0
5295	1
5296	0
5297	0
5298	1
5299	0
5300	0
5301	3
5302	5
5303	1
5304	0
5305	1
5306	2
5307	1
5308	1
5309	0
5310	0
5311	1
5312	0
5313	0
5314	1
5315	2
5316	2
5317	1
5318	1
5319	2
5320	1
5321	2
5322	1
5323	1
5324	0
5325	0
5326	0
5327	1
5328	0
5329	2
5330	2
5331	2
5332	2
5333	1
5334	0
5335	2
5336	2
5337	1
5338	0
5339	0
5340	0
5341	0
5342	1
5343	0
5344	0
5345	1
5346	0
5347	1
5348	0
5349	1
5350	0
5351	1
5352	2
5353	1
5354	0
5355	1
5356	0
5357	0
5358	2
5359	0
5360	0
5361	1
5362	1
5363	2
5364	2
5365	0
5366	0
5367	0
5368	1
5369	0
5370	2
5371	2
5372	0
5373	1
5374	1
5375	3
5376	0
5377	0
5378	0
5379	0
5380	0
5381	0
5382	0
5383	0
5384	0
5385	1
5386	0
5387	0
5388	2
5389	1
5390	1
5391	0
5392	1
5393	0
5394	3
5395	0
5396	0
5397	1
5398	1
5399	1
5400	1
5401	0
5402	0
5403	0
5404	0
5405	0
5406	1
5407	1
5408	1
5409	0
5410	0
5411	0
5412	0
5413	0
5414	2
5415	0
5416	0
5417	3
5418	1
5419	1
5420	2
5421	1
5422	0
5423	1
5424	1
5425	0
5426	1
5427	1
5428	2
5429	0
5430	1
5431	1
5432	0
5433	0
5434	1
5435	0
5436	0
5437	1
5438	1
5439	1
5440	0
5441	1
5442	0
5443	0
5444	1
5445	1
5446	0
5447	0
5448	2
5449	0
5450	2
5451	2
5452	1
5453	0
5454	1
5455	1
5456	0
5457	1
5458	3
5459	0
5460	0
5461	1
5462	1
5463	0
5464	1
5465	2
5466	0
5467	0
5468	0
5469	0
5470	2
5471	0
5472	1
5473	2
5474	1
5475	1
5476	0
5477	1
5478	0
5479	0
5480	0
5481	1
5482	1
5483	0
5484	2
5485	0
5486	0
5487	1
5488	1
5489	0
5490	1
5491	1
5492	4
5493	1
5494	0
5495	0
5496	0
5497	1
5498	0
5499	1
5500	0
5501	2
5502	0
5503	0
5504	1
5505	1
5506	0
5507	0
5508	1
5509	0
5510	0
5511	0
5512	1
5513	1
5514	1
5515	0
5516	0
5517	1
5518	2
5519	0
5520	0
5521	0
5522	0
5523	0
5524	1
5525	0
5526	0
5527	1
5528	0
5529	2
5530	0
5531	1
5532	1
5533	0
5534	0
5535	0
5536	1
5537	0
5538	0
5539	0
5540	1
5541	1
5542	0
5543	1
5544	1
5545	2
5546	0
5547	1
5548	1
5549	0
5550	0
5551	0
5552	1
5553	1
5554	0
5555	0
5556	1
5557	1
5558	1
5559	0
5560	0
5561	1
5562	1
5563	0
5564	0
5565	0
5566	1
5567	0
5568	1
5569	0
5570	0
5571	0
5572	0
5573	0
5574	1
5575	0
5576	1
5577	0
5578	0
5579	0
5580	1
5581	0
5582	2
5583	3
5584	0
5585	1
5586	0
5587	1
5588	0
5589	0
5590	1
5591	1
5592	2
5593	0
5594	1
5595	2
5596	1
5597	1
5598	1
5599	0
5600	0
5601	0
5602	1
5603	0
5604	0
5605	3
5606	2
5607	0
5608	1
5609	0
5610	1
5611	0
5612	0
5613	1
5614	2
5615	1
5616	1
5617	0
5618	0
5619	1
5620	0
5621	0
5622	3
5623	0
5624	1
5625	2
5626	1
5627	3
5628	1
5629	1
5630	1
5631	2
5632	1
5633	1
5634	1
5635	0
5636	1
5637	0
5638	1
5639	0
5640	3
5641	2
5642	0
5643	0
5644	1
5645	1
5646	1
5647	1
5648	1
5649	0
5650	0
5651	0
5652	1
5653	0
5654	0
5655	0
5656	1
5657	1
5658	1
5659	3
5660	0
5661	0
5662	0
5663	0
5664	0
5665	0
5666	1
5667	1
5668	0
5669	1
5670	2
5671	0
5672	1
5673	1
5674	0
5675	1
5676	0
5677	1
5678	1
5679	0
5680	1
5681	3
5682	0
5683	0
5684	0
5685	1
5686	0
5687	0
5688	3
5689	2
5690	2
5691	1
5692	0
5693	0
5694	1
5695	0
5696	0
5697	1
5698	2
5699	2
5700	0
5701	1
5702	0
5703	0
5704	0
5705	0
5706	0
5707	2
5708	0
5709	1
5710	3
5711	2
5712	0
5713	0
5714	1
5715	0
5716	0
5717	0
5718	0
5719	1
5720	2
5721	2
5722	1
5723	0
5724	0
5725	1
5726	0
5727	0
5728	2
5729	0
5730	0
5731	1
5732	3
5733	0
5734	2
5735	1
5736	0
5737	1
5738	1
5739	0
5740	0
5741	0
5742	1
5743	0
5744	0
5745	0
5746	1
5747	0
5748	0
5749	0
5750	1
5751	1
5752	0
5753	0
5754	0
5755	1
5756	1
5757	0
5758	0
5759	1
5760	2
5761	2
5762	1
5763	0
5764	2
5765	1
5766	0
5767	0
5768	0
5769	0
5770	0
5771	0
5772	1
5773	0
5774	0
5775	1
5776	0
5777	0
5778	0
5779	0
5780	2
5781	0
5782	1
5783	0
5784	0
5785	0
5786	2
5787	0
5788	1
5789	0
5790	1
5791	1
5792	2
5793	0
5794	1
5795	1
5796	1
5797	1
5798	0
5799	0
5800	1
5801	1
5802	0
5803	1
5804	1
5805	0
5806	0
5807	0
5808	1
5809	0
5810	0
5811	0
5812	1
5813	0
5814	1
5815	1
5816	0
5817	0
5818	1
5819	0
5820	0
5821	1
5822	1
5823	2
5824	0
5825	0
5826	0
5827	1
5828	2
5829	0
5830	0
5831	0
5832	1
5833	3
5834	0
5835	1
5836	1
5837	1
5838	0
5839	1
5840	0
5841	2
5842	1
5843	0
5844	1
5845	0
5846	0
5847	2
5848	0
5849	1
5850	1
5851	0
5852	1
5853	0
5854	0
5855	1
5856	0
5857	0
5858	0
5859	1
5860	0
5861	2
5862	1
5863	0
5864	0
5865	0
5866	0
5867	0
5868	1
5869	1
5870	0
5871	1
5872	0
5873	0
5874	1
5875	0
5876	1
5877	0
5878	0
5879	0
5880	2
5881	0
5882	0
5883	2
5884	2
5885	0
5886	0
5887	0
5888	0
5889	2
5890	0
5891	0
5892	1
5893	0
5894	2
5895	1
5896	0
5897	1
5898	0
5899	0
5900	1
5901	1
5902	2
5903	0
5904	0
5905	1
5906	0
5907	0
5908	1
5909	0
5910	0
5911	0
5912	0
5913	0
5914	0
5915	0
5916	1
5917	0
5918	0
5919	0
5920	0
5921	1
5922	0
5923	1
5924	0
5925	0
5926	0
5927	0
5928	0
5929	0
5930	0
5931	0
5932	0
5933	1
5934	0
5935	0
5936	0
5937	0
5938	0
5939	2
5940	1
5941	1
5942	1
5943	1
5944	0
5945	1
5946	0
5947	1
5948	0
5949	1
5950	0
5951	0
5952	0
5953	0
5954	0
5955	0
5956	0
5957	0
5958	0
5959	0
5960	1
5961	0
5962	0
5963	2
5964	0
5965	0
5966	0
5967	1
5968	2
5969	0
5970	0
5971	2
5972	0
5973	0
5974	0
5975	1
5976	0
5977	1
5978	2
5979	0
5980	0
5981	0
5982	1
5983	0
5984	1
5985	1
5986	0
5987	1
5988	1
5989	0
5990	0
5991	0
5992	1
5993	0
5994	0
5995	1
5996	1
5997	2
5998	1
5999	0
6000	0
6001	0
6002	1
6003	0
6004	4
6005	1
6006	0
6007	0
6008	0
6009	1
6010	0
6011	1
6012	1
6013	0
6014	0
6015	0
6016	0
6017	1
6018	0
6019	0
6020	2
6021	0
6022	2
6023	0
6024	0
6025	2
6026	0
6027	0
6028	0
6029	2
6030	0
6031	0
6032	1
6033	1
6034	1
6035	1
6036	0
6037	1
6038	0
6039	0
6040	1
6041	0
6042	1
6043	0
6044	1
6045	1
6046	1
6047	1
6048	0
6049	0
6050	0
6051	1
6052	2
6053	0
6054	0
6055	0
6056	0
6057	1
6058	0
6059	1
6060	1
6061	0
6062	1
6063	0
6064	0
6065	1
6066	1
6067	0
6068	0
6069	0
6070	1
6071	0
6072	0
6073	0
6074	1
6075	1
6076	2
6077	0
6078	0
6079	0
6080	0
6081	0
6082	2
6083	1
6084	1
6085	0
6086	0
6087	0
6088	1
6089	0
6090	1
6091	0
6092	0
6093	1
6094	0
6095	0
6096	1
6097	1
6098	0
6099	0
6100	0
6101	0
6102	1
6103	0
6104	2
6105	1
6106	0
6107	0
6108	0
6109	0
6110	0
6111	0
6112	0
6113	0
6114	2
6115	1
6116	0
6117	0
6118	0
6119	2
6120	0
6121	0
6122	0
6123	0
6124	2
6125	1
6126	0
6127	2
6128	1
6129	0
6130	1
6131	0
6132	1
6133	1
6134	1
6135	1
6136	1
6137	0
6138	1
6139	0
6140	0
6141	1
6142	0
6143	0
6144	0
6145	0
6146	0
6147	0
6148	1
6149	1
6150	1
6151	0
6152	1
6153	1
6154	0
6155	0
6156	1
6157	0
6158	0
6159	0
6160	1
6161	0
6162	1
6163	0
6164	0
6165	0
6166	0
6167	0
6168	0
6169	0
6170	0
6171	0
6172	0
6173	2
6174	1
6175	0
6176	0
6177	0
6178	0
6179	0
6180	2
6181	1
6182	1
6183	1
6184	1
6185	1
6186	1
6187	0
6188	0
6189	1
6190	1
6191	1
6192	0
6193	0
6194	0
6195	1
6196	2
6197	2
6198	1
6199	1
6200	0
6201	0
6202	0
6203	2
6204	0
6205	1
6206	0
6207	0
6208	0
6209	1
6210	0
6211	0
6212	0
6213	0
6214	0
6215	1
6216	0
6217	0
6218	1
6219	0
6220	0
6221	0
6222	0
6223	0
6224	0
6225	2
6226	2
6227	0
6228	1
6229	1
6230	1
6231	0
6232	2
6233	2
6234	0
6235	1
6236	1
6237	0
6238	0
6239	0
6240	0
6241	1
6242	2
6243	1
6244	1
6245	0
6246	2
6247	0
6248	1
6249	0
6250	3
6251	0
6252	0
6253	2
6254	0
6255	0
6256	0
6257	0
6258	1
6259	1
6260	0
6261	2
6262	0
6263	0
6264	0
6265	0
6266	0
6267	0
6268	1
6269	1
6270	1
6271	0
6272	0
6273	0
6274	1
6275	0
6276	0
6277	0
6278	0
6279	0
6280	0
6281	0
6282	2
6283	0
6284	1
6285	1
6286	0
6287	1
6288	0
6289	0
6290	0
6291	0
6292	0
6293	1
6294	2
6295	0
6296	0
6297	1
6298	1
6299	0
6300	0
6301	0
6302	0
6303	2
6304	0
6305	0
6306	1
6307	0
6308	0
6309	0
6310	0
6311	0
6312	1
6313	0
6314	1
6315	3
6316	1
6317	2
6318	0
6319	1
6320	2
6321	0
6322	0
6323	1
6324	1
6325	1
6326	0
6327	3
6328	1
6329	1
6330	1
6331	1
6332	0
6333	1
6334	0
6335	1
6336	0
6337	0
6338	0
6339	0
6340	0
6341	0
6342	1
6343	0
6344	3
6345	0
6346	0
6347	0
6348	1
6349	0
6350	1
6351	2
6352	0
6353	0
6354	1
6355	0
6356	0
6357	0
6358	0
6359	0
6360	1
6361	2
6362	1
6363	3
6364	0
6365	0
6366	1
6367	1
6368	0
6369	0
6370	0
6371	0
6372	1
6373	0
6374	0
6375	0
6376	1
6377	0
6378	1
6379	0
6380	1
6381	1
6382	0
6383	0
6384	1
6385	1
6386	0
6387	1
6388	1
6389	0
6390	0
6391	0
6392	1
6393	0
6394	0
6395	2
6396	0
6397	0
6398	0
6399	0
6400	0
6401	0
6402	0
6403	0
6404	0
6405	0
6406	1
6407	1
6408	1
6409	2
6410	1
6411	0
6412	1
6413	0
6414	1
6415	0
6416	0
6417	0
6418	2
6419	0
6420	0
6421	0
6422	0
6423	1
6424	1
6425	2
6426	0
6427	0
6428	1
6429	0
6430	1
6431	0
6432	2
6433	0
6434	0
6435	1
6436	1
6437	2
6438	1
6439	1
6440	0
6441	0
6442	0
6443	0
6444	1
6445	1
6446	0
6447	0
6448	0
6449	1
6450	1
6451	0
6452	0
6453	0
6454	0
6455	0
6456	1
6457	1
6458	0
6459	0
6460	0
6461	1
6462	0
6463	0
6464	0
6465	1
6466	0
6467	1
6468	0
6469	1
6470	0
6471	0
6472	0
6473	1
6474	2
6475	0
6476	0
6477	0
6478	0
6479	0
6480	0
6481	1
6482	0
6483	0
6484	0
6485	0
6486	1
6487	0
6488	1
6489	1
6490	1
6491	2
6492	0
6493	0
6494	0
6495	0
6496	0
6497	0
6498	0
6499	0
6500	0
6501	0
6502	0
6503	1
6504	0
6505	1
6506	0
6507	2
6508	1
6509	1
6510	0
6511	0
6512	0
6513	1
6514	0
6515	0
6516	0
6517	0
6518	0
6519	1
6520	2
6521	0
6522	1
6523	0
6524	0
6525	0
6526	0
6527	0
6528	2
6529	2
6530	0
6531	1
6532	0
6533	1
6534	1
6535	0
6536	0
6537	0
6538	0
6539	0
6540	0
6541	0
6542	0
6543	0
6544	0
6545	0
6546	1
6547	0
6548	1
6549	1
6550	0
6551	0
6552	0
6553	0
6554	0
6555	0
6556	2
6557	0
6558	2
6559	2
6560	1
6561	0
6562	1
6563	1
6564	2
6565	0
6566	0
6567	0
6568	0
6569	0
6570	0
6571	0
6572	0
6573	0
6574	0
6575	1
6576	1
6577	1
6578	0
6579	0
6580	0
6581	0
6582	1
6583	0
6584	0
6585	0
6586	0
6587	0
6588	1
6589	0
6590	0
6591	1
6592	0
6593	0
6594	0
6595	0
6596	1
6597	1
6598	1
6599	1
6600	0
6601	0
6602	1
6603	0
6604	1
6605	2
6606	1
6607	0
6608	0
6609	2
6610	1
6611	0
6612	0
6613	0
6614	1
6615	0
6616	0
6617	0
6618	0
6619	0
6620	1
6621	1
6622	1
6623	1
6624	0
6625	0
6626	0
6627	1
6628	0
6629	0
6630	2
6631	2
6632	1
6633	0
6634	0
6635	0
6636	0
6637	0
6638	0
6639	0
6640	4
6641	1
6642	1
6643	0
6644	0
6645	1
6646	0
6647	0
6648	1
6649	0
6650	0
6651	2
6652	0
6653	0
6654	0
6655	0
6656	0
6657	0
6658	2
6659	1
6660	0
6661	0
6662	1
6663	0
6664	0
6665	1
6666	0
6667	0
6668	1
6669	1
6670	1
6671	3
6672	2
6673	0
6674	1
6675	0
6676	2
6677	0
6678	0
6679	0
6680	1
6681	0
6682	1
6683	1
6684	0
6685	0
6686	1
6687	0
6688	0
6689	0
6690	1
6691	1
6692	1
6693	0
6694	0
6695	0
6696	0
6697	0
6698	1
6699	0
6700	1
6701	1
6702	2
6703	1
6704	0
6705	0
6706	1
6707	0
6708	0
6709	0
6710	2
6711	1
6712	3
6713	1
6714	0
6715	0
6716	1
6717	0
6718	3
6719	2
6720	1
6721	0
6722	1
6723	1
6724	0
6725	0
6726	0
6727	1
6728	0
6729	0
6730	0
6731	0
6732	0
6733	0
6734	0
6735	0
6736	1
6737	0
6738	0
6739	0
6740	0
6741	0
6742	0
6743	0
6744	1
6745	0
6746	1
6747	0
6748	1
6749	1
6750	0
6751	1
6752	0
6753	0
6754	4
6755	0
6756	0
6757	1
6758	0
6759	0
6760	0
6761	0
6762	1
6763	1
6764	3
6765	0
6766	0
6767	1
6768	0
6769	1
6770	0
6771	1
6772	1
6773	0
6774	1
6775	0
6776	2
6777	1
6778	1
6779	0
6780	2
6781	0
6782	0
6783	0
6784	0
6785	1
6786	0
6787	0
6788	1
6789	2
6790	1
6791	0
6792	0
6793	0
6794	0
6795	0
6796	0
6797	0
6798	0
6799	1
6800	2
6801	0
6802	0
6803	0
6804	0
6805	0
6806	1
6807	0
6808	1
6809	0
6810	0
6811	0
6812	0
6813	0
6814	1
6815	0
6816	0
6817	2
6818	1
6819	0
6820	1
6821	1
6822	0
6823	0
6824	0
6825	1
6826	2
6827	0
6828	1
6829	1
6830	1
6831	0
6832	1
6833	0
6834	0
6835	1
6836	0
6837	1
6838	1
6839	0
6840	1
6841	0
6842	1
6843	1
6844	0
6845	2
6846	0
6847	0
6848	1
6849	0
6850	0
6851	1
6852	0
6853	0
6854	0
6855	2
6856	1
6857	1
6858	0
6859	1
6860	0
6861	0
6862	1
6863	0
6864	3
6865	0
6866	0
6867	1
6868	1
6869	2
6870	1
6871	0
6872	0
6873	0
6874	2
6875	0
6876	0
6877	1
6878	1
6879	0
6880	0
6881	0
6882	2
6883	1
6884	0
6885	2
6886	1
6887	0
6888	1
6889	0
6890	1
6891	0
6892	0
6893	1
6894	0
6895	1
6896	1
6897	1
6898	0
6899	1
6900	0
6901	0
6902	1
6903	3
6904	0
6905	0
6906	0
6907	1
6908	1
6909	0
6910	0
6911	1
6912	0
6913	1
6914	1
6915	0
6916	0
6917	0
6918	2
6919	0
6920	1
6921	2
6922	1
6923	2
6924	0
6925	1
6926	1
6927	0
6928	1
6929	0
6930	1
6931	0
6932	2
6933	2
6934	0
6935	1
6936	1
6937	1
6938	1
6939	0
6940	0
6941	0
6942	1
6943	1
6944	1
6945	0
6946	1
6947	1
6948	1
6949	0
6950	0
6951	0
6952	0
6953	1
6954	0
6955	1
6956	0
6957	1
6958	1
6959	1
6960	0
6961	0
6962	0
6963	2
6964	0
6965	0
6966	2
6967	0
6968	0
6969	1
6970	0
6971	0
6972	1
6973	0
6974	0
6975	1
6976	1
6977	0
6978	1
6979	2
6980	0
6981	2
6982	1
6983	0
6984	0
6985	0
6986	0
6987	0
6988	0
6989	1
6990	0
6991	1
6992	0
6993	0
6994	0
6995	0
6996	1
6997	0
6998	0
6999	0
7000	2
7001	1
7002	1
7003	1
7004	0
7005	0
7006	0
7007	1
7008	1
7009	1
7010	0
7011	1
7012	1
7013	1
7014	1
7015	1
7016	0
7017	0
7018	1
7019	0
7020	1
7021	1
7022	0
7023	0
7024	1
7025	0
7026	1
7027	1
7028	0
7029	0
7030	0
7031	0
7032	1
7033	2
7034	1
7035	1
7036	0
7037	0
7038	1
7039	0
7040	2
7041	1
7042	0
7043	3
7044	0
7045	0
7046	1
7047	0
7048	0
7049	0
7050	2
7051	1
7052	2
7053	1
7054	0
7055	0
7056	1
7057	2
7058	1
7059	0
7060	0
7061	0
7062	0
7063	0
7064	1
7065	1
7066	2
7067	0
7068	1
7069	0
7070	1
7071	2
7072	0
7073	0
7074	0
7075	0
7076	0
7077	0
7078	0
7079	1
7080	1
7081	1
7082	0
7083	3
7084	1
7085	0
7086	0
7087	0
7088	1
7089	0
7090	0
7091	0
7092	0
7093	1
7094	1
7095	1
7096	0
7097	0
7098	0
7099	1
7100	0
7101	0
7102	1
7103	1
7104	0
7105	0
7106	1
7107	0
7108	0
7109	0
7110	0
7111	1
7112	0
7113	1
7114	1
7115	0
7116	0
7117	1
7118	0
7119	3
7120	1
7121	0
7122	0
7123	0
7124	0
7125	0
7126	0
7127	0
7128	1
7129	2
7130	0
7131	1
7132	0
7133	0
7134	0
7135	1
7136	0
7137	1
7138	1
7139	0
7140	1
7141	1
7142	0
7143	0
7144	0
7145	2
7146	0
7147	1
7148	2
7149	1
7150	1
7151	0
7152	1
7153	2
7154	0
7155	1
7156	1
7157	0
7158	1
7159	0
7160	0
7161	1
7162	0
7163	2
7164	0
7165	1
7166	1
7167	0
7168	1
7169	0
7170	0
7171	1
7172	0
7173	0
7174	3
7175	1
7176	1
7177	0
7178	1
7179	1
7180	1
7181	0
7182	0
7183	0
7184	1
7185	3
7186	0
7187	1
7188	0
7189	0
7190	2
7191	0
7192	0
7193	1
7194	1
7195	0
7196	0
7197	0
7198	0
7199	0
7200	2
7201	1
7202	0
7203	3
7204	0
7205	0
7206	1
7207	0
7208	1
7209	0
7210	4
7211	0
7212	0
7213	0
7214	1
7215	1
7216	0
7217	0
7218	0
7219	0
7220	0
7221	2
7222	0
7223	0
7224	0
7225	2
7226	0
7227	0
7228	0
7229	1
7230	0
7231	0
7232	2
7233	3
7234	0
7235	0
7236	1
7237	0
7238	1
7239	1
7240	0
7241	2
7242	0
7243	2
7244	1
7245	0
7246	1
7247	0
7248	0
7249	1
7250	1
7251	0
7252	1
7253	1
7254	0
7255	0
7256	0
7257	0
7258	1
7259	0
7260	0
7261	0
7262	1
7263	1
7264	1
7265	1
7266	2
7267	0
7268	1
7269	0
7270	0
7271	0
7272	0
7273	0
7274	0
7275	0
7276	0
7277	1
7278	0
7279	1
7280	1
7281	0
7282	0
7283	0
7284	2
7285	0
7286	0
7287	0
7288	0
7289	2
7290	2
7291	1
7292	0
7293	2
7294	0
7295	0
7296	2
7297	0
7298	1
7299	0
7300	0
7301	0
7302	0
7303	1
7304	1
7305	1
7306	0
7307	0
7308	1
7309	0
7310	0
7311	1
7312	0
7313	0
7314	0
7315	0
7316	1
7317	2
7318	0
7319	0
7320	0
7321	0
7322	2
7323	1
7324	0
7325	0
7326	1
7327	2
7328	3
7329	0
7330	0
7331	0
7332	0
7333	1
7334	1
7335	1
7336	0
7337	1
7338	0
7339	1
7340	1
7341	0
7342	1
7343	0
7344	1
7345	0
7346	2
7347	3
7348	3
7349	0
7350	1
7351	0
7352	0
7353	0
7354	1
7355	0
7356	0
7357	0
7358	1
7359	0
7360	1
7361	1
7362	1
7363	0
7364	1
7365	1
7366	0
7367	0
7368	0
7369	0
7370	1
7371	0
7372	0
7373	1
7374	0
7375	0
7376	0
7377	0
7378	0
7379	0
7380	0
7381	0
7382	0
7383	0
7384	1
7385	0
7386	1
7387	2
7388	0
7389	1
7390	1
7391	0
7392	0
7393	1
7394	0
7395	0
7396	0
7397	1
7398	0
7399	0
7400	0
7401	1
7402	0
7403	1
7404	0
7405	1
7406	0
7407	1
7408	3
7409	0
7410	1
7411	0
7412	0
7413	0
7414	0
7415	0
7416	0
7417	0
7418	0
7419	1
7420	0
7421	1
7422	0
7423	0
7424	0
7425	0
7426	0
7427	0
7428	0
7429	0
7430	0
7431	0
7432	0
7433	0
7434	0
7435	0
7436	0
7437	1
7438	0
7439	0
7440	2
7441	0
7442	1
7443	1
7444	0
7445	1
7446	0
7447	0
7448	2
7449	0
7450	0
7451	1
7452	0
7453	0
7454	1
7455	1
7456	0
7457	1
7458	0
7459	0
7460	0
7461	0
7462	0
7463	0
7464	0
7465	0
7466	0
7467	1
7468	2
7469	1
7470	0
7471	0
7472	0
7473	0
7474	0
7475	0
7476	0
7477	1
7478	0
7479	0
7480	0
7481	0
7482	0
7483	0
7484	0
7485	0
7486	1
7487	0
7488	0
7489	1
7490	0
7491	1
7492	0
7493	1
7494	0
7495	2
7496	0
7497	0
7498	0
7499	0
7500	0
7501	0
7502	0
7503	0
7504	1
7505	0
7506	0
7507	0
7508	0
7509	0
7510	1
7511	0
7512	0
7513	1
7514	0
7515	0
7516	0
7517	0
7518	0
7519	1
7520	1
7521	0
7522	1
7523	1
7524	1
7525	1
7526	0
7527	1
7528	0
7529	0
7530	0
7531	1
7532	0
7533	0
7534	1
7535	0
7536	0
7537	0
7538	0
7539	0
7540	0
7541	0
7542	0
7543	0
7544	1
7545	0
7546	0
7547	0
7548	1
7549	0
7550	0
7551	0
7552	0
7553	0
7554	0
7555	2
7556	1
7557	0
7558	0
7559	0
7560	0
7561	0
7562	0
7563	0
7564	1
7565	0
7566	0
7567	1
7568	0
7569	0
7570	0
7571	0
7572	1
7573	0
7574	0
7575	0
7576	0
7577	0
7578	0
7579	0
7580	1
7581	0
7582	0
7583	0
7584	0
7585	0
7586	0
7587	0
7588	0
7589	0
7590	0
7591	0
7592	0
7593	1
7594	0
7595	1
7596	0
7597	0
7598	0
7599	2
7600	0
7601	2
7602	0
7603	1
7604	1
7605	0
7606	0
7607	0
7608	0
7609	0
7610	0
7611	1
7612	0
7613	0
7614	0
7615	0
7616	0
7617	0
7618	0
7619	0
7620	0
7621	0
7622	0
7623	0
7624	0
7625	0
7626	0
7627	0
7628	0
7629	1
7630	0
7631	0
7632	1
7633	1
7634	0
7635	0
7636	0
7637	0
7638	1
7639	0
7640	0
7641	0
7642	0
7643	0
7644	0
7645	0
7646	0
7647	1
7648	0
7649	0
7650	0
7651	0
7652	0
7653	0
7654	0
7655	0
7656	0
7657	0
7658	1
7659	0
7660	0
7661	0
7662	0
7663	1
7664	0
7665	0
7666	0
7667	1
7668	0
7669	0
7670	1
7671	0
7672	0
7673	1
7674	0
7675	0
7676	0
7677	0
7678	0
7679	0
7680	0
7681	0
7682	0
7683	0
7684	0
7685	0
7686	1
7687	0
7688	0
7689	0
7690	0
7691	1
7692	1
7693	1
7694	0
7695	0
7696	0
7697	1
7698	0
7699	2
7700	0
7701	0
7702	0
7703	0
7704	0
7705	0
7706	0
7707	0
7708	0
7709	0
7710	0
7711	0
7712	0
7713	0
7714	0
7715	0
7716	0
7717	1
7718	1
7719	0
7720	0
7721	0
7722	0
7723	0
7724	1
7725	0
7726	0
7727	0
7728	1
7729	0
7730	0
7731	0
7732	1
7733	0
7734	0
7735	0
7736	0
7737	0
7738	0
7739	0
7740	0
7741	0
7742	1
7743	0
7744	0
7745	0
7746	0
7747	0
7748	0
7749	1
7750	1
7751	0
7752	1
7753	0
7754	0
7755	0
7756	1
7757	0
7758	0
7759	1
7760	0
7761	0
7762	1
7763	0
7764	0
7765	1
7766	0
7767	0
7768	0
7769	0
7770	0
7771	0
7772	0
7773	1
7774	1
7775	0
7776	1
7777	0
7778	0
7779	0
7780	0
7781	0
7782	0
7783	0
7784	0
7785	0
7786	1
7787	0
7788	1
7789	0
7790	0
7791	0
7792	0
7793	0
7794	0
7795	0
7796	1
7797	1
7798	0
7799	0
7800	0
7801	0
7802	1
7803	0
7804	0
7805	0
7806	0
7807	0
7808	1
7809	2
7810	0
7811	1
7812	0
7813	0
7814	0
7815	0
7816	0
7817	1
7818	0
7819	0
7820	1
7821	0
7822	0
7823	0
7824	0
7825	1
7826	1
7827	0
7828	0
7829	1
7830	0
7831	0
7832	0
7833	0
7834	0
7835	0
7836	0
7837	0
7838	0
7839	1
7840	0
7841	0
7842	1
7843	1
7844	0
7845	0
7846	0
7847	1
7848	1
7849	1
7850	0
7851	1
7852	1
7853	0
7854	0
7855	0
7856	0
7857	0
7858	0
7859	1
7860	1
7861	0
7862	0
7863	0
7864	0
7865	0
7866	0
7867	0
7868	0
7869	0
7870	1
7871	0
7872	1
7873	1
7874	1
7875	0
7876	1
7877	1
7878	0
7879	0
7880	0
7881	0
7882	0
7883	1
7884	0
7885	0
7886	0
7887	0
7888	0
7889	0
7890	0
7891	0
7892	1
7893	1
7894	1
7895	0
7896	0
7897	0
7898	1
7899	0
7900	0
7901	0
7902	1
7903	0
7904	0
7905	0
7906	0
7907	0
7908	0
7909	1
7910	0
7911	0
7912	0
7913	0
7914	0
7915	0
7916	0
7917	0
7918	0
7919	0
7920	0
7921	0
7922	0
7923	0
7924	0
7925	0
7926	0
7927	0
7928	0
7929	0
7930	0
7931	0
7932	0
7933	0
7934	0
7935	0
7936	0
7937	0
7938	0
7939	0
7940	0
7941	0
7942	0
7943	0
7944	0
7945	0
7946	0
7947	0
7948	0
7949	0
7950	0
7951	0
7952	0
7953	0
7954	0
7955	0
7956	0
7957	0
7958	0
7959	0
7960	0
7961	0
7962	0
7963	0
7964	0
7965	0
7966	0
7967	0
7968	0
7969	0
7970	0
7971	0
7972	0
7973	0
7974	0
7975	0
7976	0
7977	0
7978	0
7979	0
7980	0
7981	0
7982	0
7983	0
7984	0
7985	0
7986	0
7987	0
7988	0
7989	0
7990	0
7991	0
7992	0
7993	0
7994	0
7995	0
7996	0
7997	0
7998	0
7999	0
8000	0
8001	0
8002	0
8003	0
8004	0
8005	0
8006	0
8007	0
8008	0
8009	0
8010	0
8011	0
8012	0
8013	0
8014	0
8015	0
8016	0
8017	0
8018	0
8019	0
8020	0
8021	0
8022	0
8023	0
8024	0
8025	0
8026	0
8027	0
8028	0
8029	0
8030	0
8031	0
8032	0
8033	0
8034	0
8035	0
8036	0
8037	0
8038	0
8039	0
8040	0
8041	0
8042	0
8043	0
8044	0
8045	0
8046	0
8047	0
8048	0
8049	0
8050	0
8051	0
8052	0
8053	0
8054	0
8055	0
8056	0
8057	0
8058	0
8059	0
8060	0
8061	0
8062	0
8063	0
8064	0
8065	0
8066	0
8067	0
8068	0
8069	0
8070	0
8071	0
8072	0
8073	0
8074	0
8075	0
8076	0
8077	0
8078	0
8079	0
8080	0
8081	0
8082	0
8083	0
8084	0
8085	0
8086	0
8087	0
8088	0
8089	0
8090	0
8091	0
8092	0
8093	0
8094	0
8095	0
8096	0
8097	0
8098	0
8099	0
8100	0
8101	0
8102	0
8103	0
8104	0
8105	0
8106	0
8107	0
8108	0
8109	0
8110	0
8111	0
8112	0
8113	0
8114	0
8115	0
8116	0
8117	0
8118	0
8119	0
8120	0
8121	0
8122	0
8123	0
8124	0
8125	0
8126	0
8127	0
8128	0
8129	0
8130	0
8131	0
8132	0
8133	0
8134	0
8135	0
8136	0
8137	0
8138	0
8139	0
8140	0
8141	0
8142	0
8143	0
8144	0
8145	0
8146	0
8147	0
8148	0
8149	0
8150	0
8151	0
8152	0
8153	0
8154	0
8155	0
8156	0
8157	0
8158	0
8159	0
8160	0
8161	0
8162	0
8163	0
8164	0
8165	0
8166	0
8167	0
8168	0
8169	0
8170	0
8171	0
8172	0
8173	0
8174	0
8175	0
8176	0
8177	0
8178	0
8179	0
8180	0
8181	0
8182	0
8183	0
8184	0
8185	0
8186	0
8187	0
8188	0
8189	0
8190	0
8191	0
