0	0
1	0
2	0
3	0
4	0
5	0
6	0
7	0
8	0
9	0
10	0
11	0
12	0
13	0
14	0
15	0
16	0
17	0
18	0
19	0
20	0
21	0
22	0
23	0
24	0
25	0
26	0
27	0
28	0
29	0
30	0
31	0
32	0
33	0
34	0
35	0
36	0
37	0
38	0
39	0
40	0
41	0
42	0
43	0
44	0
45	0
46	0
47	0
48	0
49	0
50	0
51	0
52	0
53	0
54	0
55	0
56	0
57	0
58	0
59	0
60	0
61	0
62	0
63	0
64	0
65	0
66	0
67	0
68	0
69	0
70	0
71	0
72	0
73	0
74	0
75	0
76	0
77	0
78	0
79	0
80	0
81	0
82	0
83	3
84	13
85	18
86	16
87	8
88	21
89	10
90	13
91	17
92	14
93	27
94	15
95	18
96	18
97	21
98	13
99	11
100	15
101	18
102	13
103	16
104	15
105	14
106	13
107	14
108	18
109	18
110	26
111	16
112	13
113	16
114	16
115	13
116	21
117	18
118	20
119	15
120	26
121	15
122	18
123	13
124	10
125	15
126	12
127	19
128	22
129	15
130	13
131	19
132	15
133	11
134	12
135	15
136	18
137	15
138	18
139	15
140	13
141	9
142	12
143	15
144	17
145	16
146	16
147	22
148	16
149	15
150	8
151	16
152	11
153	17
154	19
155	23
156	13
157	15
158	15
159	11
160	17
161	20
162	18
163	20
164	16
165	21
166	19
167	23
168	15
169	13
170	16
171	21
172	19
173	14
174	19
175	18
176	14
177	13
178	15
179	16
180	20
181	19
182	18
183	12
184	11
185	26
186	19
187	17
188	17
189	22
190	16
191	15
192	22
193	18
194	12
195	19
196	17
197	17
198	12
199	25
200	14
201	11
202	17
203	18
204	20
205	19
206	10
207	16
208	12
209	15
210	21
211	14
212	19
213	20
214	17
215	13
216	14
217	17
218	15
219	16
220	11
221	18
222	17
223	13
224	18
225	11
226	22
227	23
228	10
229	19
230	21
231	19
232	21
233	18
234	14
235	18
236	22
237	18
238	24
239	16
240	18
241	28
242	17
243	24
244	13
245	16
246	16
247	11
248	23
249	16
250	15
251	15
252	18
253	22
254	16
255	14
256	15
257	19
258	14
259	14
260	23
261	11
262	17
263	16
264	12
265	14
266	10
267	16
268	14
269	17
270	18
271	20
272	25
273	16
274	12
275	21
276	18
277	26
278	22
279	20
280	13
281	16
282	20
283	15
284	14
285	15
286	20
287	21
288	28
289	24
290	24
291	16
292	17
293	19
294	17
295	13
296	20
297	23
298	28
299	19
300	18
301	26
302	14
303	29
304	16
305	15
306	15
307	21
308	25
309	20
310	22
311	20
312	23
313	30
314	20
315	18
316	17
317	20
318	24
319	15
320	14
321	18
322	17
323	18
324	20
325	22
326	22
327	18
328	13
329	27
330	15
331	13
332	21
333	18
334	15
335	12
336	24
337	19
338	22
339	21
340	14
341	19
342	17
343	23
344	14
345	20
346	21
347	22
348	13
349	15
350	19
351	14
352	23
353	17
354	24
355	18
356	20
357	16
358	18
359	16
360	22
361	21
362	22
363	19
364	19
365	12
366	21
367	28
368	13
369	10
370	19
371	17
372	12
373	13
374	17
375	21
376	14
377	17
378	22
379	23
380	15
381	12
382	19
383	16
384	19
385	15
386	24
387	18
388	17
389	24
390	26
391	14
392	13
393	18
394	23
395	14
396	17
397	18
398	15
399	18
400	21
401	18
402	30
403	24
404	17
405	23
406	17
407	20
408	19
409	15
410	15
411	22
412	15
413	20
414	18
415	27
416	18
417	20
418	14
419	16
420	21
421	19
422	17
423	16
424	13
425	15
426	18
427	22
428	28
429	19
430	20
431	15
432	20
433	26
434	17
435	29
436	23
437	26
438	21
439	29
440	12
441	17
442	24
443	18
444	25
445	15
446	33
447	23
448	21
449	34
450	26
451	22
452	23
453	21
454	27
455	20
456	31
457	30
458	20
459	19
460	20
461	27
462	27
463	26
464	25
465	20
466	24
467	26
468	35
469	24
470	31
471	32
472	22
473	23
474	32
475	35
476	30
477	25
478	30
479	31
480	28
481	24
482	34
483	27
484	39
485	27
486	38
487	34
488	34
489	24
490	22
491	21
492	31
493	26
494	24
495	16
496	27
497	39
498	36
499	29
500	33
501	35
502	38
503	39
504	31
505	26
506	26
507	28
508	44
509	27
510	31
511	27
512	36
513	24
514	41
515	35
516	31
517	42
518	38
519	32
520	30
521	37
522	33
523	32
524	24
525	32
526	40
527	21
528	38
529	34
530	31
531	31
532	30
533	33
534	25
535	30
536	28
537	24
538	32
539	38
540	39
541	30
542	20
543	25
544	24
545	29
546	28
547	25
548	32
549	29
550	31
551	31
552	33
553	21
554	29
555	27
556	29
557	35
558	29
559	26
560	32
561	33
562	23
563	37
564	29
565	31
566	30
567	28
568	32
569	22
570	28
571	33
572	23
573	27
574	26
575	20
576	22
577	32
578	26
579	30
580	34
581	33
582	29
583	30
584	36
585	22
586	17
587	21
588	30
589	29
590	31
591	20
592	38
593	32
594	26
595	24
596	28
597	22
598	22
599	27
600	33
601	17
602	31
603	23
604	31
605	35
606	30
607	23
608	26
609	30
610	21
611	37
612	22
613	19
614	30
615	25
616	27
617	18
618	29
619	25
620	26
621	21
622	31
623	28
624	24
625	30
626	34
627	33
628	27
629	25
630	30
631	31
632	16
633	21
634	20
635	37
636	21
637	33
638	16
639	28
640	32
641	25
642	30
643	41
644	26
645	34
646	23
647	29
648	21
649	27
650	34
651	38
652	24
653	24
654	23
655	29
656	21
657	22
658	36
659	23
660	29
661	34
662	26
663	27
664	17
665	30
666	33
667	22
668	18
669	23
670	22
671	24
672	31
673	33
674	32
675	34
676	34
677	24
678	30
679	19
680	26
681	24
682	22
683	20
684	22
685	17
686	35
687	33
688	21
689	25
690	35
691	30
692	28
693	38
694	26
695	30
696	28
697	36
698	31
699	32
700	28
701	23
702	32
703	39
704	23
705	31
706	24
707	20
708	34
709	28
710	33
711	24
712	26
713	16
714	26
715	33
716	27
717	29
718	40
719	26
720	22
721	18
722	32
723	20
724	27
725	20
726	28
727	38
728	27
729	32
730	21
731	29
732	27
733	23
734	24
735	17
736	35
737	27
738	29
739	34
740	27
741	32
742	29
743	36
744	32
745	25
746	30
747	25
748	36
749	31
750	33
751	25
752	37
753	21
754	26
755	25
756	27
757	20
758	24
759	34
760	33
761	29
762	30
763	27
764	27
765	31
766	27
767	33
768	34
769	31
770	30
771	23
772	31
773	31
774	29
775	35
776	24
777	42
778	34
779	21
780	25
781	29
782	27
783	28
784	36
785	29
786	27
787	22
788	31
789	32
790	36
791	32
792	37
793	43
794	31
795	37
796	34
797	31
798	30
799	43
800	29
801	26
802	41
803	34
804	35
805	37
806	33
807	41
808	32
809	23
810	33
811	44
812	42
813	35
814	28
815	27
816	37
817	29
818	31
819	27
820	38
821	25
822	42
823	35
824	31
825	28
826	28
827	31
828	33
829	30
830	40
831	34
832	32
833	23
834	39
835	35
836	21
837	29
838	42
839	35
840	35
841	35
842	30
843	40
844	33
845	34
846	39
847	37
848	32
849	38
850	28
851	38
852	33
853	32
854	34
855	23
856	42
857	32
858	38
859	29
860	41
861	37
862	39
863	33
864	26
865	33
866	37
867	22
868	47
869	28
870	24
871	35
872	35
873	35
874	24
875	32
876	26
877	41
878	36
879	42
880	43
881	50
882	36
883	42
884	40
885	28
886	36
887	42
888	33
889	23
890	35
891	33
892	33
893	32
894	39
895	46
896	39
897	34
898	36
899	49
900	42
901	28
902	33
903	36
904	38
905	32
906	41
907	37
908	35
909	22
910	34
911	40
912	43
913	40
914	38
915	54
916	33
917	32
918	50
919	36
920	35
921	43
922	35
923	33
924	44
925	41
926	27
927	40
928	31
929	38
930	42
931	31
932	40
933	34
934	49
935	51
936	38
937	26
938	43
939	35
940	41
941	35
942	52
943	36
944	33
945	31
946	35
947	40
948	49
949	32
950	42
951	36
952	46
953	22
954	39
955	39
956	31
957	44
958	47
959	34
960	50
961	44
962	38
963	45
964	39
965	37
966	36
967	40
968	35
969	34
970	37
971	28
972	44
973	36
974	46
975	45
976	35
977	37
978	32
979	26
980	28
981	47
982	40
983	44
984	25
985	36
986	50
987	45
988	39
989	33
990	41
991	41
992	38
993	28
994	32
995	33
996	40
997	29
998	47
999	53
1000	47
1001	36
1002	36
1003	34
1004	31
1005	30
1006	54
1007	36
1008	39
1009	41
1010	37
1011	35
1012	35
1013	28
1014	28
1015	53
1016	44
1017	34
1018	42
1019	49
1020	46
1021	38
1022	43
1023	40
1024	39
1025	50
1026	43
1027	44
1028	34
1029	44
1030	35
1031	34
1032	34
1033	38
1034	43
1035	39
1036	43
1037	42
1038	40
1039	47
1040	33
1041	51
1042	51
1043	41
1044	46
1045	35
1046	47
1047	41
1048	41
1049	32
1050	39
1051	40
1052	37
1053	37
1054	38
1055	38
1056	32
1057	39
1058	44
1059	46
1060	40
1061	38
1062	40
1063	36
1064	37
1065	35
1066	26
1067	49
1068	38
1069	32
1070	38
1071	40
1072	43
1073	49
1074	31
1075	34
1076	40
1077	47
1078	44
1079	45
1080	40
1081	45
1082	40
1083	36
1084	35
1085	44
1086	43
1087	45
1088	49
1089	29
1090	39
1091	36
1092	54
1093	48
1094	36
1095	44
1096	37
1097	41
1098	43
1099	46
1100	47
1101	41
1102	37
1103	47
1104	43
1105	37
1106	46
1107	38
1108	45
1109	38
1110	37
1111	25
1112	31
1113	56
1114	52
1115	40
1116	34
1117	33
1118	32
1119	34
1120	45
1121	41
1122	40
1123	41
1124	57
1125	43
1126	45
1127	36
1128	38
1129	32
1130	48
1131	36
1132	42
1133	33
1134	45
1135	47
1136	51
1137	24
1138	44
1139	39
1140	36
1141	42
1142	42
1143	54
1144	27
1145	42
1146	26
1147	45
1148	39
1149	43
1150	42
1151	43
1152	45
1153	36
1154	44
1155	44
1156	43
1157	31
1158	39
1159	39
1160	48
1161	45
1162	41
1163	38
1164	37
1165	49
1166	51
1167	42
1168	33
1169	46
1170	45
1171	44
1172	41
1173	43
1174	47
1175	48
1176	40
1177	50
1178	38
1179	51
1180	43
1181	55
1182	37
1183	49
1184	57
1185	48
1186	41
1187	50
1188	39
1189	50
1190	49
1191	37
1192	43
1193	37
1194	40
1195	45
1196	44
1197	41
1198	41
1199	46
1200	42
1201	49
1202	35
1203	38
1204	42
1205	42
1206	51
1207	42
1208	43
1209	43
1210	47
1211	46
1212	46
1213	52
1214	38
1215	39
1216	37
1217	34
1218	42
1219	48
1220	39
1221	38
1222	42
1223	49
1224	50
1225	40
1226	54
1227	31
1228	43
1229	44
1230	35
1231	38
1232	40
1233	46
1234	34
1235	48
1236	51
1237	39
1238	40
1239	56
1240	67
1241	54
1242	35
1243	53
1244	37
1245	54
1246	42
1247	51
1248	43
1249	37
1250	32
1251	44
1252	41
1253	34
1254	43
1255	45
1256	49
1257	39
1258	41
1259	43
1260	47
1261	45
1262	29
1263	42
1264	50
1265	64
1266	38
1267	55
1268	38
1269	45
1270	65
1271	51
1272	50
1273	44
1274	57
1275	51
1276	51
1277	37
1278	37
1279	37
1280	56
1281	39
1282	30
1283	42
1284	56
1285	49
1286	38
1287	43
1288	42
1289	42
1290	46
1291	49
1292	45
1293	35
1294	41
1295	32
1296	46
1297	51
1298	58
1299	41
1300	44
1301	52
1302	28
1303	46
1304	44
1305	39
1306	46
1307	46
1308	54
1309	44
1310	58
1311	51
1312	45
1313	46
1314	45
1315	37
1316	43
1317	49
1318	55
1319	29
1320	52
1321	45
1322	46
1323	44
1324	48
1325	41
1326	43
1327	47
1328	49
1329	55
1330	47
1331	41
1332	54
1333	52
1334	46
1335	44
1336	48
1337	45
1338	37
1339	53
1340	46
1341	43
1342	48
1343	51
1344	44
1345	60
1346	49
1347	28
1348	41
1349	48
1350	47
1351	37
1352	50
1353	49
1354	37
1355	46
1356	46
1357	51
1358	48
1359	31
1360	50
1361	45
1362	52
1363	40
1364	52
1365	50
1366	50
1367	40
1368	36
1369	29
1370	36
1371	50
1372	38
1373	45
1374	32
1375	39
1376	40
1377	41
1378	36
1379	37
1380	45
1381	39
1382	43
1383	35
1384	40
1385	42
1386	45
1387	40
1388	53
1389	26
1390	38
1391	43
1392	35
1393	23
1394	44
1395	49
1396	44
1397	42
1398	44
1399	39
1400	35
1401	46
1402	32
1403	39
1404	54
1405	48
1406	43
1407	40
1408	34
1409	44
1410	36
1411	46
1412	47
1413	39
1414	46
1415	43
1416	40
1417	43
1418	41
1419	45
1420	36
1421	33
1422	47
1423	33
1424	39
1425	37
1426	39
1427	41
1428	39
1429	36
1430	42
1431	53
1432	40
1433	32
1434	32
1435	25
1436	38
1437	39
1438	33
1439	42
1440	42
1441	53
1442	32
1443	40
1444	31
1445	44
1446	38
1447	41
1448	54
1449	36
1450	41
1451	22
1452	39
1453	42
1454	42
1455	34
1456	46
1457	41
1458	31
1459	38
1460	36
1461	30
1462	41
1463	33
1464	37
1465	34
1466	35
1467	38
1468	40
1469	40
1470	41
1471	38
1472	47
1473	29
1474	36
1475	31
1476	35
1477	40
1478	25
1479	29
1480	38
1481	40
1482	40
1483	31
1484	50
1485	49
1486	35
1487	45
1488	39
1489	34
1490	36
1491	40
1492	46
1493	33
1494	37
1495	38
1496	31
1497	27
1498	35
1499	36
1500	32
1501	26
1502	24
1503	35
1504	25
1505	40
1506	33
1507	36
1508	41
1509	33
1510	24
1511	22
1512	37
1513	28
1514	38
1515	43
1516	26
1517	30
1518	31
1519	31
1520	31
1521	25
1522	36
1523	34
1524	37
1525	43
1526	23
1527	40
1528	25
1529	33
1530	33
1531	32
1532	36
1533	20
1534	37
1535	39
1536	30
1537	39
1538	26
1539	28
1540	25
1541	39
1542	37
1543	30
1544	31
1545	48
1546	40
1547	37
1548	25
1549	33
1550	34
1551	31
1552	41
1553	33
1554	28
1555	30
1556	30
1557	32
1558	23
1559	24
1560	33
1561	45
1562	28
1563	30
1564	34
1565	29
1566	38
1567	32
1568	37
1569	34
1570	32
1571	34
1572	43
1573	23
1574	41
1575	39
1576	32
1577	29
1578	34
1579	29
1580	42
1581	26
1582	40
1583	40
1584	37
1585	31
1586	40
1587	28
1588	38
1589	35
1590	33
1591	29
1592	31
1593	29
1594	29
1595	30
1596	16
1597	34
1598	32
1599	31
1600	28
1601	34
1602	28
1603	38
1604	25
1605	30
1606	29
1607	35
1608	37
1609	33
1610	24
1611	29
1612	26
1613	29
1614	35
1615	18
1616	26
1617	36
1618	26
1619	36
1620	32
1621	33
1622	34
1623	27
1624	39
1625	22
1626	26
1627	23
1628	43
1629	31
1630	24
1631	32
1632	29
1633	30
1634	42
1635	27
1636	32
1637	27
1638	24
1639	27
1640	28
1641	39
1642	29
1643	29
1644	39
1645	35
1646	18
1647	34
1648	30
1649	24
1650	34
1651	42
1652	38
1653	29
1654	30
1655	26
1656	38
1657	28
1658	27
1659	22
1660	28
1661	24
1662	22
1663	31
1664	33
1665	33
1666	30
1667	29
1668	23
1669	37
1670	35
1671	33
1672	26
1673	34
1674	44
1675	24
1676	34
1677	33
1678	23
1679	36
1680	28
1681	27
1682	24
1683	35
1684	31
1685	24
1686	26
1687	29
1688	25
1689	29
1690	32
1691	22
1692	34
1693	24
1694	33
1695	19
1696	29
1697	28
1698	35
1699	36
1700	36
1701	29
1702	34
1703	30
1704	37
1705	29
1706	20
1707	26
1708	32
1709	28
1710	21
1711	31
1712	24
1713	21
1714	23
1715	25
1716	39
1717	20
1718	35
1719	21
1720	38
1721	33
1722	29
1723	36
1724	35
1725	31
1726	25
1727	38
1728	26
1729	37
1730	22
1731	28
1732	22
1733	27
1734	28
1735	22
1736	34
1737	29
1738	30
1739	23
1740	30
1741	31
1742	28
1743	24
1744	30
1745	31
1746	28
1747	27
1748	26
1749	27
1750	32
1751	37
1752	34
1753	30
1754	32
1755	22
1756	26
1757	32
1758	28
1759	24
1760	26
1761	32
1762	27
1763	25
1764	26
1765	26
1766	39
1767	28
1768	30
1769	16
1770	25
1771	37
1772	23
1773	29
1774	34
1775	34
1776	32
1777	31
1778	33
1779	27
1780	33
1781	27
1782	23
1783	27
1784	26
1785	29
1786	16
1787	31
1788	24
1789	29
1790	28
1791	24
1792	29
1793	25
1794	24
1795	23
1796	23
1797	30
1798	28
1799	30
1800	20
1801	21
1802	28
1803	26
1804	23
1805	24
1806	25
1807	28
1808	30
1809	25
1810	15
1811	25
1812	26
1813	26
1814	27
1815	34
1816	29
1817	16
1818	33
1819	17
1820	24
1821	26
1822	29
1823	34
1824	39
1825	20
1826	34
1827	24
1828	25
1829	24
1830	27
1831	21
1832	34
1833	29
1834	33
1835	31
1836	29
1837	25
1838	32
1839	23
1840	31
1841	39
1842	20
1843	29
1844	38
1845	27
1846	21
1847	25
1848	20
1849	28
1850	26
1851	23
1852	27
1853	31
1854	26
1855	29
1856	30
1857	23
1858	29
1859	29
1860	22
1861	23
1862	25
1863	35
1864	29
1865	27
1866	20
1867	23
1868	21
1869	29
1870	24
1871	24
1872	29
1873	29
1874	32
1875	34
1876	29
1877	29
1878	21
1879	33
1880	32
1881	27
1882	28
1883	24
1884	20
1885	29
1886	16
1887	23
1888	20
1889	24
1890	23
1891	19
1892	23
1893	21
1894	19
1895	28
1896	23
1897	23
1898	28
1899	23
1900	27
1901	31
1902	21
1903	35
1904	22
1905	27
1906	22
1907	29
1908	20
1909	24
1910	16
1911	21
1912	31
1913	33
1914	23
1915	23
1916	31
1917	36
1918	27
1919	24
1920	27
1921	26
1922	19
1923	29
1924	31
1925	26
1926	17
1927	30
1928	38
1929	27
1930	30
1931	24
1932	25
1933	24
1934	24
1935	24
1936	28
1937	31
1938	35
1939	21
1940	23
1941	31
1942	25
1943	23
1944	17
1945	30
1946	18
1947	25
1948	27
1949	27
1950	25
1951	20
1952	21
1953	29
1954	28
1955	22
1956	37
1957	26
1958	16
1959	21
1960	27
1961	21
1962	22
1963	17
1964	24
1965	28
1966	34
1967	24
1968	28
1969	27
1970	30
1971	23
1972	28
1973	22
1974	30
1975	22
1976	17
1977	19
1978	17
1979	33
1980	20
1981	31
1982	19
1983	25
1984	29
1985	21
1986	26
1987	28
1988	24
1989	22
1990	18
1991	23
1992	24
1993	28
1994	20
1995	26
1996	23
1997	20
1998	19
1999	31
2000	22
2001	29
2002	23
2003	23
2004	37
2005	27
2006	14
2007	31
2008	25
2009	19
2010	18
2011	29
2012	33
2013	23
2014	23
2015	19
2016	19
2017	21
2018	25
2019	19
2020	27
2021	20
2022	21
2023	27
2024	29
2025	28
2026	19
2027	27
2028	29
2029	29
2030	24
2031	23
2032	20
2033	22
2034	20
2035	24
2036	26
2037	22
2038	25
2039	31
2040	21
2041	21
2042	20
2043	26
2044	19
2045	31
2046	31
2047	14
2048	38
2049	19
2050	24
2051	19
2052	28
2053	21
2054	28
2055	27
2056	23
2057	22
2058	22
2059	28
2060	24
2061	16
2062	21
2063	27
2064	27
2065	22
2066	25
2067	20
2068	29
2069	15
2070	32
2071	18
2072	34
2073	18
2074	22
2075	26
2076	21
2077	20
2078	23
2079	21
2080	24
2081	19
2082	22
2083	21
2084	21
2085	21
2086	23
2087	18
2088	35
2089	22
2090	37
2091	21
2092	25
2093	19
2094	27
2095	26
2096	19
2097	26
2098	22
2099	32
2100	24
2101	22
2102	19
2103	20
2104	24
2105	19
2106	14
2107	20
2108	21
2109	23
2110	26
2111	28
2112	30
2113	28
2114	21
2115	22
2116	29
2117	22
2118	22
2119	26
2120	27
2121	33
2122	23
2123	21
2124	23
2125	22
2126	13
2127	14
2128	17
2129	37
2130	22
2131	18
2132	25
2133	22
2134	27
2135	20
2136	27
2137	23
2138	22
2139	27
2140	15
2141	17
2142	26
2143	27
2144	21
2145	17
2146	24
2147	21
2148	31
2149	24
2150	13
2151	25
2152	16
2153	23
2154	23
2155	21
2156	19
2157	26
2158	21
2159	29
2160	25
2161	23
2162	23
2163	22
2164	10
2165	21
2166	15
2167	31
2168	25
2169	27
2170	25
2171	19
2172	23
2173	24
2174	29
2175	14
2176	19
2177	16
2178	24
2179	22
2180	19
2181	19
2182	26
2183	20
2184	25
2185	21
2186	18
2187	18
2188	21
2189	18
2190	24
2191	11
2192	19
2193	19
2194	20
2195	28
2196	14
2197	25
2198	18
2199	24
2200	22
2201	25
2202	33
2203	20
2204	16
2205	25
2206	21
2207	24
2208	22
2209	28
2210	24
2211	23
2212	15
2213	17
2214	17
2215	25
2216	24
2217	17
2218	17
2219	15
2220	13
2221	24
2222	23
2223	25
2224	19
2225	19
2226	20
2227	24
2228	28
2229	33
2230	23
2231	17
2232	21
2233	24
2234	18
2235	15
2236	18
2237	19
2238	21
2239	27
2240	22
2241	16
2242	16
2243	18
2244	19
2245	20
2246	29
2247	33
2248	23
2249	23
2250	18
2251	23
2252	23
2253	28
2254	23
2255	20
2256	22
2257	28
2258	27
2259	19
2260	18
2261	31
2262	18
2263	20
2264	19
2265	24
2266	24
2267	26
2268	16
2269	15
2270	23
2271	27
2272	25
2273	29
2274	22
2275	21
2276	15
2277	22
2278	19
2279	19
2280	20
2281	15
2282	19
2283	20
2284	31
2285	25
2286	17
2287	22
2288	24
2289	15
2290	18
2291	18
2292	24
2293	23
2294	20
2295	22
2296	20
2297	23
2298	30
2299	22
2300	20
2301	15
2302	24
2303	21
2304	27
2305	18
2306	24
2307	24
2308	25
2309	20
2310	25
2311	10
2312	19
2313	18
2314	24
2315	18
2316	18
2317	23
2318	26
2319	23
2320	29
2321	20
2322	17
2323	25
2324	18
2325	23
2326	22
2327	22
2328	26
2329	14
2330	21
2331	19
2332	13
2333	24
2334	20
2335	18
2336	20
2337	13
2338	23
2339	17
2340	9
2341	16
2342	15
2343	13
2344	20
2345	20
2346	23
2347	24
2348	13
2349	13
2350	19
2351	25
2352	18
2353	15
2354	15
2355	25
2356	19
2357	15
2358	26
2359	14
2360	21
2361	13
2362	14
2363	19
2364	14
2365	21
2366	18
2367	23
2368	27
2369	19
2370	19
2371	20
2372	21
2373	19
2374	14
2375	20
2376	14
2377	22
2378	25
2379	28
2380	27
2381	17
2382	10
2383	16
2384	27
2385	21
2386	26
2387	21
2388	25
2389	19
2390	18
2391	21
2392	11
2393	12
2394	14
2395	21
2396	18
2397	21
2398	25
2399	16
2400	16
2401	12
2402	22
2403	19
2404	17
2405	21
2406	15
2407	19
2408	18
2409	17
2410	16
2411	22
2412	12
2413	16
2414	20
2415	20
2416	18
2417	19
2418	14
2419	15
2420	26
2421	31
2422	24
2423	18
2424	23
2425	11
2426	15
2427	26
2428	12
2429	18
2430	25
2431	13
2432	27
2433	22
2434	17
2435	28
2436	14
2437	21
2438	11
2439	20
2440	15
2441	25
2442	24
2443	14
2444	21
2445	18
2446	20
2447	25
2448	23
2449	19
2450	18
2451	11
2452	13
2453	25
2454	24
2455	17
2456	28
2457	16
2458	21
2459	26
2460	22
2461	27
2462	27
2463	18
2464	23
2465	21
2466	27
2467	14
2468	15
2469	25
2470	20
2471	25
2472	17
2473	25
2474	18
2475	21
2476	17
2477	19
2478	17
2479	18
2480	17
2481	29
2482	19
2483	19
2484	17
2485	25
2486	18
2487	21
2488	15
2489	18
2490	19
2491	18
2492	18
2493	26
2494	14
2495	19
2496	16
2497	18
2498	22
2499	17
2500	22
2501	13
2502	20
2503	27
2504	19
2505	14
2506	21
2507	17
2508	18
2509	29
2510	13
2511	18
2512	24
2513	20
2514	20
2515	21
2516	21
2517	23
2518	14
2519	16
2520	18
2521	13
2522	25
2523	18
2524	33
2525	22
2526	20
2527	19
2528	17
2529	14
2530	16
2531	23
2532	22
2533	19
2534	19
2535	16
2536	14
2537	11
2538	26
2539	15
2540	24
2541	16
2542	13
2543	13
2544	18
2545	16
2546	20
2547	18
2548	18
2549	20
2550	17
2551	25
2552	9
2553	13
2554	22
2555	22
2556	26
2557	14
2558	20
2559	19
2560	16
2561	19
2562	15
2563	13
2564	28
2565	12
2566	27
2567	16
2568	25
2569	13
2570	13
2571	22
2572	13
2573	20
2574	21
2575	9
2576	13
2577	21
2578	25
2579	20
2580	19
2581	15
2582	21
2583	15
2584	16
2585	14
2586	12
2587	9
2588	18
2589	15
2590	21
2591	19
2592	18
2593	17
2594	21
2595	25
2596	13
2597	25
2598	17
2599	22
2600	18
2601	19
2602	16
2603	15
2604	24
2605	20
2606	17
2607	24
2608	23
2609	13
2610	16
2611	15
2612	16
2613	25
2614	21
2615	21
2616	22
2617	28
2618	23
2619	18
2620	24
2621	21
2622	18
2623	18
2624	17
2625	19
2626	16
2627	30
2628	15
2629	19
2630	14
2631	14
2632	19
2633	11
2634	15
2635	13
2636	8
2637	22
2638	19
2639	13
2640	25
2641	16
2642	21
2643	19
2644	14
2645	19
2646	24
2647	20
2648	23
2649	16
2650	15
2651	17
2652	20
2653	12
2654	20
2655	16
2656	15
2657	20
2658	11
2659	16
2660	20
2661	18
2662	17
2663	17
2664	14
2665	15
2666	24
2667	20
2668	19
2669	14
2670	16
2671	21
2672	23
2673	16
2674	17
2675	13
2676	19
2677	16
2678	15
2679	14
2680	16
2681	23
2682	19
2683	14
2684	23
2685	16
2686	18
2687	18
2688	18
2689	27
2690	15
2691	25
2692	15
2693	12
2694	19
2695	14
2696	19
2697	16
2698	27
2699	16
2700	17
2701	24
2702	21
2703	16
2704	18
2705	21
2706	23
2707	13
2708	17
2709	25
2710	13
2711	13
2712	17
2713	18
2714	18
2715	15
2716	16
2717	19
2718	23
2719	23
2720	15
2721	17
2722	26
2723	17
2724	21
2725	22
2726	9
2727	15
2728	16
2729	11
2730	14
2731	13
2732	23
2733	14
2734	10
2735	18
2736	17
2737	15
2738	19
2739	22
2740	21
2741	15
2742	18
2743	12
2744	17
2745	19
2746	16
2747	27
2748	15
2749	20
2750	15
2751	21
2752	18
2753	23
2754	16
2755	14
2756	11
2757	30
2758	15
2759	18
2760	14
2761	19
2762	21
2763	22
2764	9
2765	14
2766	13
2767	22
2768	18
2769	16
2770	19
2771	20
2772	18
2773	23
2774	20
2775	20
2776	16
2777	24
2778	21
2779	22
2780	16
2781	13
2782	21
2783	19
2784	22
2785	13
2786	15
2787	14
2788	15
2789	20
2790	16
2791	18
2792	25
2793	24
2794	23
2795	13
2796	10
2797	19
2798	12
2799	17
2800	17
2801	20
2802	18
2803	25
2804	13
2805	16
2806	22
2807	21
2808	21
2809	21
2810	15
2811	16
2812	17
2813	13
2814	10
2815	16
2816	25
2817	9
2818	20
2819	18
2820	12
2821	19
2822	20
2823	19
2824	12
2825	16
2826	21
2827	13
2828	24
2829	19
2830	27
2831	14
2832	21
2833	25
2834	17
2835	16
2836	21
2837	18
2838	13
2839	16
2840	21
2841	17
2842	20
2843	14
2844	16
2845	18
2846	20
2847	8
2848	16
2849	12
2850	12
2851	23
2852	18
2853	15
2854	8
2855	13
2856	18
2857	16
2858	25
2859	15
2860	25
2861	16
2862	18
2863	15
2864	13
2865	27
2866	21
2867	17
2868	16
2869	16
2870	17
2871	27
2872	21
2873	14
2874	16
2875	18
2876	29
2877	13
2878	12
2879	12
2880	19
2881	13
2882	21
2883	15
2884	17
2885	6
2886	24
2887	10
2888	14
2889	13
2890	10
2891	13
2892	16
2893	18
2894	13
2895	16
2896	10
2897	18
2898	26
2899	19
2900	12
2901	18
2902	14
2903	13
2904	14
2905	13
2906	9
2907	20
2908	18
2909	17
2910	15
2911	22
2912	15
2913	14
2914	21
2915	5
2916	11
2917	15
2918	16
2919	14
2920	13
2921	13
2922	15
2923	17
2924	12
2925	12
2926	16
2927	15
2928	14
2929	16
2930	20
2931	15
2932	20
2933	18
2934	10
2935	14
2936	14
2937	19
2938	18
2939	25
2940	11
2941	17
2942	16
2943	21
2944	8
2945	17
2946	9
2947	11
2948	17
2949	13
2950	15
2951	16
2952	11
2953	18
2954	16
2955	11
2956	16
2957	9
2958	17
2959	20
2960	15
2961	14
2962	18
2963	14
2964	21
2965	15
2966	16
2967	18
2968	21
2969	11
2970	15
2971	10
2972	12
2973	17
2974	11
2975	11
2976	16
2977	14
2978	17
2979	16
2980	13
2981	12
2982	12
2983	13
2984	19
2985	17
2986	17
2987	22
2988	15
2989	9
2990	16
2991	12
2992	15
2993	16
2994	18
2995	17
2996	13
2997	9
2998	13
2999	11
3000	11
3001	14
3002	11
3003	14
3004	20
3005	14
3006	9
3007	14
3008	10
3009	18
3010	14
3011	13
3012	15
3013	15
3014	21
3015	19
3016	7
3017	14
3018	18
3019	18
3020	20
3021	12
3022	17
3023	19
3024	10
3025	13
3026	14
3027	16
3028	17
3029	12
3030	24
3031	9
3032	16
3033	8
3034	14
3035	13
3036	12
3037	15
3038	12
3039	18
3040	15
3041	12
3042	21
3043	12
3044	13
3045	16
3046	16
3047	22
3048	15
3049	17
3050	13
3051	22
3052	9
3053	16
3054	11
3055	12
3056	14
3057	13
3058	21
3059	21
3060	12
3061	13
3062	13
3063	16
3064	15
3065	14
3066	17
3067	13
3068	12
3069	16
3070	16
3071	22
3072	11
3073	14
3074	17
3075	12
3076	13
3077	21
3078	17
3079	16
3080	17
3081	16
3082	15
3083	16
3084	16
3085	14
3086	14
3087	10
3088	21
3089	17
3090	13
3091	10
3092	22
3093	20
3094	21
3095	14
3096	14
3097	15
3098	22
3099	22
3100	15
3101	17
3102	14
3103	11
3104	13
3105	19
3106	17
3107	20
3108	6
3109	16
3110	13
3111	14
3112	19
3113	16
3114	14
3115	20
3116	17
3117	17
3118	9
3119	19
3120	13
3121	16
3122	14
3123	13
3124	18
3125	18
3126	16
3127	14
3128	11
3129	17
3130	14
3131	18
3132	10
3133	12
3134	10
3135	10
3136	11
3137	14
3138	9
3139	17
3140	16
3141	22
3142	17
3143	11
3144	15
3145	12
3146	15
3147	14
3148	7
3149	14
3150	22
3151	7
3152	14
3153	11
3154	15
3155	20
3156	13
3157	18
3158	16
3159	9
3160	11
3161	16
3162	8
3163	8
3164	18
3165	14
3166	17
3167	16
3168	17
3169	15
3170	21
3171	12
3172	13
3173	13
3174	15
3175	14
3176	15
3177	21
3178	9
3179	8
3180	14
3181	16
3182	9
3183	15
3184	13
3185	10
3186	17
3187	9
3188	14
3189	16
3190	15
3191	17
3192	11
3193	13
3194	18
3195	16
3196	13
3197	19
3198	18
3199	12
3200	11
3201	22
3202	16
3203	14
3204	19
3205	12
3206	11
3207	9
3208	12
3209	17
3210	12
3211	15
3212	19
3213	17
3214	14
3215	17
3216	11
3217	20
3218	14
3219	11
3220	11
3221	11
3222	11
3223	16
3224	16
3225	21
3226	10
3227	21
3228	17
3229	12
3230	14
3231	15
3232	11
3233	10
3234	11
3235	13
3236	18
3237	11
3238	14
3239	10
3240	13
3241	17
3242	15
3243	14
3244	25
3245	21
3246	7
3247	18
3248	23
3249	14
3250	10
3251	19
3252	13
3253	11
3254	14
3255	13
3256	18
3257	9
3258	13
3259	19
3260	12
3261	15
3262	12
3263	13
3264	14
3265	14
3266	18
3267	11
3268	13
3269	9
3270	14
3271	19
3272	14
3273	13
3274	12
3275	16
3276	8
3277	15
3278	11
3279	12
3280	20
3281	12
3282	15
3283	20
3284	11
3285	15
3286	22
3287	12
3288	16
3289	23
3290	16
3291	17
3292	10
3293	13
3294	12
3295	15
3296	11
3297	16
3298	9
3299	19
3300	15
3301	14
3302	14
3303	17
3304	5
3305	6
3306	19
3307	10
3308	12
3309	18
3310	13
3311	20
3312	11
3313	16
3314	21
3315	13
3316	12
3317	17
3318	17
3319	21
3320	17
3321	8
3322	26
3323	14
3324	11
3325	18
3326	10
3327	14
3328	16
3329	18
3330	16
3331	22
3332	17
3333	10
3334	9
3335	16
3336	24
3337	18
3338	16
3339	8
3340	17
3341	11
3342	12
3343	17
3344	19
3345	22
3346	13
3347	12
3348	15
3349	14
3350	14
3351	18
3352	11
3353	14
3354	16
3355	15
3356	10
3357	17
3358	9
3359	17
3360	17
3361	17
3362	20
3363	10
3364	18
3365	14
3366	10
3367	12
3368	16
3369	13
3370	9
3371	12
3372	11
3373	19
3374	17
3375	18
3376	22
3377	17
3378	14
3379	12
3380	20
3381	8
3382	14
3383	10
3384	21
3385	17
3386	17
3387	18
3388	11
3389	9
3390	12
3391	16
3392	16
3393	16
3394	13
3395	16
3396	18
3397	18
3398	19
3399	12
3400	23
3401	14
3402	15
3403	13
3404	16
3405	16
3406	11
3407	15
3408	11
3409	14
3410	20
3411	17
3412	12
3413	10
3414	11
3415	13
3416	20
3417	11
3418	12
3419	12
3420	18
3421	16
3422	6
3423	5
3424	15
3425	11
3426	18
3427	13
3428	13
3429	11
3430	16
3431	20
3432	10
3433	16
3434	13
3435	24
3436	20
3437	13
3438	14
3439	10
3440	11
3441	8
3442	14
3443	10
3444	11
3445	15
3446	11
3447	12
3448	18
3449	16
3450	8
3451	14
3452	16
3453	11
3454	14
3455	15
3456	13
3457	14
3458	17
3459	14
3460	20
3461	18
3462	18
3463	13
3464	19
3465	14
3466	8
3467	16
3468	7
3469	24
3470	12
3471	13
3472	13
3473	19
3474	19
3475	12
3476	16
3477	13
3478	16
3479	24
3480	14
3481	16
3482	8
3483	23
3484	12
3485	13
3486	19
3487	15
3488	10
3489	16
3490	18
3491	21
3492	8
3493	18
3494	9
3495	14
3496	14
3497	17
3498	14
3499	11
3500	18
3501	19
3502	18
3503	21
3504	12
3505	13
3506	18
3507	18
3508	9
3509	13
3510	14
3511	27
3512	16
3513	18
3514	14
3515	15
3516	22
3517	16
3518	14
3519	13
3520	10
3521	17
3522	15
3523	18
3524	15
3525	18
3526	11
3527	14
3528	11
3529	13
3530	25
3531	13
3532	19
3533	17
3534	12
3535	13
3536	14
3537	21
3538	10
3539	14
3540	14
3541	22
3542	9
3543	11
3544	16
3545	15
3546	18
3547	18
3548	19
3549	18
3550	17
3551	15
3552	16
3553	18
3554	14
3555	11
3556	17
3557	20
3558	18
3559	15
3560	19
3561	13
3562	15
3563	11
3564	17
3565	13
3566	27
3567	19
3568	14
3569	10
3570	16
3571	10
3572	15
3573	15
3574	17
3575	18
3576	16
3577	19
3578	13
3579	15
3580	25
3581	15
3582	16
3583	19
3584	9
3585	17
3586	19
3587	19
3588	17
3589	9
3590	12
3591	29
3592	17
3593	9
3594	17
3595	14
3596	16
3597	20
3598	9
3599	16
3600	16
3601	22
3602	19
3603	15
3604	11
3605	9
3606	15
3607	16
3608	12
3609	17
3610	8
3611	14
3612	14
3613	10
3614	12
3615	15
3616	8
3617	16
3618	14
3619	23
3620	13
3621	13
3622	19
3623	18
3624	18
3625	15
3626	16
3627	15
3628	18
3629	14
3630	12
3631	11
3632	15
3633	17
3634	13
3635	24
3636	17
3637	8
3638	14
3639	20
3640	10
3641	13
3642	12
3643	13
3644	12
3645	22
3646	16
3647	10
3648	18
3649	7
3650	16
3651	13
3652	19
3653	10
3654	14
3655	10
3656	14
3657	13
3658	21
3659	18
3660	21
3661	12
3662	18
3663	21
3664	13
3665	12
3666	17
3667	15
3668	21
3669	15
3670	11
3671	17
3672	14
3673	11
3674	17
3675	14
3676	15
3677	10
3678	17
3679	17
3680	13
3681	20
3682	18
3683	16
3684	11
3685	18
3686	12
3687	18
3688	16
3689	13
3690	8
3691	16
3692	17
3693	16
3694	22
3695	17
3696	21
3697	13
3698	18
3699	14
3700	12
3701	17
3702	17
3703	17
3704	14
3705	22
3706	18
3707	12
3708	20
3709	16
3710	23
3711	12
3712	18
3713	18
3714	21
3715	13
3716	20
3717	17
3718	15
3719	19
3720	11
3721	16
3722	19
3723	17
3724	18
3725	26
3726	14
3727	27
3728	17
3729	18
3730	17
3731	14
3732	18
3733	22
3734	14
3735	16
3736	11
3737	16
3738	16
3739	18
3740	20
3741	12
3742	10
3743	15
3744	11
3745	14
3746	15
3747	17
3748	25
3749	17
3750	18
3751	21
3752	14
3753	21
3754	14
3755	17
3756	13
3757	15
3758	14
3759	14
3760	20
3761	15
3762	13
3763	9
3764	21
3765	10
3766	11
3767	22
3768	16
3769	20
3770	19
3771	14
3772	18
3773	22
3774	17
3775	16
3776	18
3777	19
3778	18
3779	19
3780	13
3781	18
3782	15
3783	15
3784	13
3785	28
3786	13
3787	8
3788	15
3789	14
3790	17
3791	15
3792	21
3793	15
3794	14
3795	25
3796	15
3797	14
3798	25
3799	11
3800	13
3801	17
3802	12
3803	20
3804	18
3805	27
3806	16
3807	16
3808	15
3809	12
3810	10
3811	17
3812	14
3813	24
3814	17
3815	13
3816	20
3817	24
3818	18
3819	11
3820	18
3821	13
3822	25
3823	13
3824	19
3825	19
3826	12
3827	24
3828	23
3829	17
3830	22
3831	29
3832	21
3833	12
3834	10
3835	22
3836	19
3837	20
3838	19
3839	22
3840	22
3841	18
3842	28
3843	19
3844	23
3845	13
3846	20
3847	15
3848	18
3849	26
3850	21
3851	13
3852	20
3853	11
3854	18
3855	18
3856	21
3857	16
3858	19
3859	25
3860	21
3861	22
3862	12
3863	13
3864	24
3865	26
3866	14
3867	9
3868	28
3869	24
3870	27
3871	17
3872	23
3873	19
3874	17
3875	24
3876	25
3877	14
3878	23
3879	21
3880	25
3881	20
3882	16
3883	17
3884	15
3885	26
3886	25
3887	21
3888	23
3889	18
3890	20
3891	25
3892	16
3893	25
3894	16
3895	18
3896	18
3897	23
3898	20
3899	27
3900	17
3901	22
3902	21
3903	21
3904	18
3905	22
3906	24
3907	19
3908	22
3909	19
3910	25
3911	24
3912	27
3913	27
3914	20
3915	24
3916	18
3917	20
3918	19
3919	14
3920	23
3921	26
3922	24
3923	20
3924	25
3925	19
3926	27
3927	24
3928	27
3929	16
3930	24
3931	22
3932	20
3933	22
3934	20
3935	23
3936	22
3937	27
3938	23
3939	17
3940	21
3941	34
3942	23
3943	24
3944	31
3945	26
3946	18
3947	22
3948	19
3949	19
3950	23
3951	23
3952	26
3953	28
3954	30
3955	31
3956	33
3957	18
3958	32
3959	25
3960	23
3961	28
3962	28
3963	24
3964	19
3965	31
3966	17
3967	26
3968	25
3969	27
3970	32
3971	32
3972	25
3973	18
3974	18
3975	29
3976	22
3977	27
3978	28
3979	26
3980	24
3981	28
3982	26
3983	30
3984	38
3985	21
3986	17
3987	22
3988	29
3989	28
3990	30
3991	26
3992	33
3993	31
3994	34
3995	24
3996	21
3997	32
3998	28
3999	22
4000	23
4001	31
4002	15
4003	28
4004	14
4005	32
4006	35
4007	31
4008	31
4009	30
4010	28
4011	33
4012	32
4013	29
4014	29
4015	34
4016	31
4017	21
4018	29
4019	16
4020	19
4021	30
4022	23
4023	25
4024	28
4025	31
4026	30
4027	22
4028	31
4029	36
4030	29
4031	28
4032	23
4033	27
4034	25
4035	32
4036	37
4037	26
4038	23
4039	34
4040	38
4041	36
4042	30
4043	31
4044	26
4045	19
4046	28
4047	29
4048	30
4049	21
4050	29
4051	28
4052	32
4053	22
4054	37
4055	32
4056	30
4057	30
4058	28
4059	25
4060	28
4061	25
4062	30
4063	21
4064	36
4065	23
4066	24
4067	37
4068	33
4069	38
4070	42
4071	32
4072	31
4073	35
4074	34
4075	25
4076	36
4077	37
4078	40
4079	23
4080	28
4081	33
4082	26
4083	21
4084	30
4085	29
4086	29
4087	33
4088	31
4089	28
4090	28
4091	26
4092	19
4093	28
4094	30
4095	26
4096	28
4097	21
4098	28
4099	32
4100	39
4101	29
4102	31
4103	26
4104	28
4105	29
4106	25
4107	33
4108	19
4109	26
4110	32
4111	28
4112	25
4113	30
4114	19
4115	25
4116	27
4117	26
4118	29
4119	40
4120	27
4121	37
4122	33
4123	34
4124	31
4125	33
4126	22
4127	24
4128	33
4129	28
4130	28
4131	22
4132	30
4133	23
4134	28
4135	25
4136	29
4137	25
4138	34
4139	24
4140	24
4141	35
4142	29
4143	35
4144	30
4145	30
4146	28
4147	36
4148	28
4149	37
4150	21
4151	28
4152	17
4153	23
4154	27
4155	25
4156	22
4157	24
4158	21
4159	16
4160	16
4161	28
4162	32
4163	28
4164	27
4165	31
4166	22
4167	21
4168	19
4169	26
4170	26
4171	26
4172	27
4173	18
4174	19
4175	25
4176	27
4177	20
4178	29
4179	21
4180	31
4181	28
4182	27
4183	24
4184	30
4185	13
4186	36
4187	30
4188	24
4189	24
4190	16
4191	30
4192	27
4193	26
4194	20
4195	17
4196	31
4197	29
4198	21
4199	14
4200	20
4201	33
4202	24
4203	16
4204	17
4205	27
4206	18
4207	26
4208	17
4209	19
4210	20
4211	24
4212	21
4213	21
4214	17
4215	19
4216	19
4217	22
4218	20
4219	18
4220	17
4221	25
4222	21
4223	16
4224	23
4225	24
4226	21
4227	14
4228	16
4229	19
4230	17
4231	21
4232	13
4233	12
4234	14
4235	19
4236	15
4237	15
4238	16
4239	9
4240	15
4241	11
4242	16
4243	11
4244	15
4245	20
4246	13
4247	18
4248	15
4249	13
4250	15
4251	13
4252	13
4253	11
4254	17
4255	14
4256	12
4257	11
4258	13
4259	13
4260	9
4261	14
4262	13
4263	10
4264	11
4265	17
4266	17
4267	13
4268	16
4269	13
4270	13
4271	11
4272	22
4273	13
4274	16
4275	17
4276	11
4277	20
4278	12
4279	12
4280	8
4281	9
4282	9
4283	9
4284	18
4285	13
4286	11
4287	10
4288	10
4289	10
4290	9
4291	6
4292	5
4293	12
4294	10
4295	12
4296	14
4297	7
4298	8
4299	10
4300	8
4301	11
4302	7
4303	16
4304	9
4305	12
4306	10
4307	5
4308	7
4309	16
4310	11
4311	5
4312	8
4313	6
4314	8
4315	4
4316	8
4317	8
4318	9
4319	9
4320	9
4321	11
4322	8
4323	3
4324	3
4325	7
4326	7
4327	6
4328	6
4329	7
4330	10
4331	7
4332	10
4333	6
4334	3
4335	7
4336	4
4337	8
4338	6
4339	6
4340	9
4341	5
4342	4
4343	4
4344	4
4345	3
4346	2
4347	4
4348	2
4349	6
4350	6
4351	3
4352	4
4353	6
4354	7
4355	8
4356	3
4357	4
4358	4
4359	5
4360	3
4361	2
4362	9
4363	3
4364	6
4365	4
4366	3
4367	5
4368	4
4369	8
4370	5
4371	5
4372	4
4373	2
4374	3
4375	1
4376	5
4377	4
4378	6
4379	1
4380	3
4381	2
4382	5
4383	2
4384	4
4385	5
4386	0
4387	0
4388	1
4389	2
4390	3
4391	1
4392	4
4393	3
4394	4
4395	4
4396	3
4397	2
4398	1
4399	2
4400	2
4401	0
4402	2
4403	0
4404	2
4405	1
4406	1
4407	5
4408	3
4409	2
4410	2
4411	1
4412	3
4413	0
4414	1
4415	2
4416	1
4417	2
4418	1
4419	1
4420	1
4421	2
4422	4
4423	2
4424	1
4425	1
4426	1
4427	2
4428	2
4429	2
4430	4
4431	0
4432	2
4433	3
4434	1
4435	3
4436	0
4437	1
4438	1
4439	5
4440	1
4441	2
4442	1
4443	2
4444	1
4445	3
4446	0
4447	1
4448	3
4449	2
4450	1
4451	1
4452	0
4453	1
4454	1
4455	1
4456	1
4457	1
4458	1
4459	2
4460	1
4461	3
4462	3
4463	0
4464	1
4465	2
4466	0
4467	2
4468	0
4469	1
4470	0
4471	3
4472	0
4473	1
4474	1
4475	1
4476	2
4477	2
4478	2
4479	0
4480	2
4481	2
4482	0
4483	0
4484	3
4485	0
4486	2
4487	2
4488	3
4489	2
4490	0
4491	0
4492	3
4493	0
4494	0
4495	0
4496	3
4497	1
4498	2
4499	1
4500	1
4501	0
4502	1
4503	1
4504	0
4505	1
4506	2
4507	0
4508	0
4509	1
4510	0
4511	0
4512	0
4513	0
4514	2
4515	2
4516	3
4517	0
4518	0
4519	1
4520	0
4521	2
4522	1
4523	3
4524	1
4525	0
4526	0
4527	2
4528	1
4529	3
4530	0
4531	0
4532	1
4533	2
4534	0
4535	0
4536	3
4537	2
4538	0
4539	1
4540	3
4541	1
4542	0
4543	0
4544	0
4545	1
4546	1
4547	1
4548	2
4549	1
4550	0
4551	0
4552	1
4553	0
4554	0
4555	1
4556	0
4557	1
4558	0
4559	0
4560	1
4561	2
4562	0
4563	0
4564	0
4565	2
4566	1
4567	1
4568	1
4569	1
4570	1
4571	1
4572	0
4573	0
4574	1
4575	0
4576	0
4577	2
4578	1
4579	2
4580	1
4581	0
4582	1
4583	0
4584	3
4585	2
4586	0
4587	2
4588	0
4589	0
4590	1
4591	1
4592	0
4593	1
4594	0
4595	2
4596	0
4597	1
4598	1
4599	1
4600	0
4601	0
4602	2
4603	4
4604	1
4605	1
4606	1
4607	0
4608	2
4609	2
4610	0
4611	1
4612	2
4613	1
4614	0
4615	3
4616	1
4617	0
4618	0
4619	0
4620	1
4621	2
4622	1
4623	1
4624	1
4625	0
4626	1
4627	0
4628	0
4629	0
4630	0
4631	3
4632	0
4633	1
4634	1
4635	0
4636	0
4637	1
4638	1
4639	0
4640	0
4641	0
4642	1
4643	5
4644	1
4645	1
4646	1
4647	0
4648	1
4649	2
4650	1
4651	1
4652	1
4653	1
4654	0
4655	1
4656	0
4657	0
4658	0
4659	1
4660	1
4661	0
4662	1
4663	1
4664	1
4665	1
4666	2
4667	1
4668	1
4669	0
4670	2
4671	0
4672	0
4673	1
4674	1
4675	0
4676	0
4677	0
4678	1
4679	0
4680	0
4681	0
4682	1
4683	2
4684	1
4685	3
4686	0
4687	1
4688	2
4689	1
4690	0
4691	0
4692	0
4693	2
4694	1
4695	0
4696	1
4697	1
4698	1
4699	2
4700	0
4701	3
4702	0
4703	1
4704	0
4705	0
4706	0
4707	1
4708	1
4709	2
4710	0
4711	0
4712	1
4713	3
4714	2
4715	3
4716	0
4717	0
4718	1
4719	1
4720	0
4721	2
4722	1
4723	0
4724	1
4725	0
4726	0
4727	2
4728	4
4729	0
4730	0
4731	0
4732	0
4733	1
4734	1
4735	0
4736	1
4737	0
4738	0
4739	1
4740	0
4741	0
4742	0
4743	0
4744	0
4745	0
4746	0
4747	0
4748	0
4749	1
4750	2
4751	0
4752	4
4753	2
4754	4
4755	0
4756	2
4757	2
4758	2
4759	1
4760	1
4761	0
4762	1
4763	0
4764	0
4765	2
4766	1
4767	1
4768	0
4769	1
4770	2
4771	0
4772	0
4773	1
4774	0
4775	1
4776	0
4777	0
4778	1
4779	0
4780	1
4781	0
4782	3
4783	0
4784	0
4785	0
4786	1
4787	1
4788	1
4789	1
4790	0
4791	2
4792	1
4793	1
4794	1
4795	0
4796	1
4797	1
4798	0
4799	1
4800	1
4801	2
4802	0
4803	0
4804	0
4805	2
4806	0
4807	0
4808	1
4809	0
4810	2
4811	1
4812	1
4813	0
4814	2
4815	0
4816	0
4817	0
4818	1
4819	1
4820	1
4821	0
4822	0
4823	0
4824	2
4825	1
4826	0
4827	1
4828	1
4829	0
4830	1
4831	2
4832	1
4833	1
4834	0
4835	1
4836	0
4837	0
4838	0
4839	1
4840	0
4841	1
4842	0
4843	2
4844	0
4845	0
4846	0
4847	0
4848	1
4849	1
4850	0
4851	1
4852	0
4853	0
4854	1
4855	0
4856	0
4857	1
4858	0
4859	1
4860	0
4861	0
4862	1
4863	4
4864	2
4865	1
4866	1
4867	0
4868	0
4869	0
4870	1
4871	2
4872	0
4873	1
4874	2
4875	0
4876	1
4877	0
4878	0
4879	2
4880	0
4881	1
4882	0
4883	0
4884	1
4885	1
4886	1
4887	0
4888	0
4889	0
4890	0
4891	0
4892	0
4893	2
4894	1
4895	0
4896	1
4897	1
4898	3
4899	1
4900	0
4901	1
4902	3
4903	0
4904	0
4905	2
4906	1
4907	2
4908	0
4909	0
4910	0
4911	0
4912	0
4913	4
4914	3
4915	0
4916	3
4917	1
4918	1
4919	0
4920	1
4921	2
4922	0
4923	1
4924	0
4925	0
4926	1
4927	0
4928	2
4929	1
4930	0
4931	0
4932	3
4933	0
4934	3
4935	0
4936	0
4937	2
4938	0
4939	0
4940	0
4941	0
4942	1
4943	0
4944	0
4945	0
4946	2
4947	0
4948	0
4949	1
4950	0
4951	0
4952	1
4953	0
4954	1
4955	1
4956	0
4957	1
4958	1
4959	1
4960	2
4961	0
4962	0
4963	0
4964	1
4965	3
4966	0
4967	0
4968	2
4969	1
4970	1
4971	0
4972	0
4973	0
4974	0
4975	0
4976	2
4977	0
4978	1
4979	1
4980	0
4981	2
4982	0
4983	0
4984	2
4985	0
4986	1
4987	0
4988	0
4989	0
4990	0
4991	0
4992	1
4993	0
4994	1
4995	0
4996	0
4997	1
4998	1
4999	0
5000	0
5001	0
5002	0
5003	4
5004	0
5005	0
5006	1
5007	1
5008	0
5009	0
5010	0
5011	0
5012	0
5013	1
5014	1
5015	0
5016	0
5017	0
5018	1
5019	0
5020	1
5021	1
5022	0
5023	1
5024	1
5025	1
5026	1
5027	0
5028	1
5029	1
5030	0
5031	0
5032	0
5033	1
5034	1
5035	1
5036	2
5037	0
5038	2
5039	2
5040	0
5041	0
5042	0
5043	1
5044	1
5045	0
5046	0
5047	0
5048	0
5049	1
5050	0
5051	0
5052	0
5053	1
5054	0
5055	0
5056	1
5057	0
5058	0
5059	2
5060	0
5061	2
5062	0
5063	0
5064	3
5065	2
5066	0
5067	1
5068	0
5069	0
5070	0
5071	0
5072	1
5073	1
5074	0
5075	0
5076	1
5077	0
5078	0
5079	0
5080	1
5081	0
5082	2
5083	0
5084	0
5085	1
5086	2
5087	2
5088	3
5089	0
5090	1
5091	0
5092	0
5093	1
5094	0
5095	2
5096	1
5097	0
5098	0
5099	0
5100	1
5101	0
5102	1
5103	1
5104	0
5105	2
5106	0
5107	1
5108	2
5109	0
5110	1
5111	1
5112	2
5113	0
5114	2
5115	0
5116	0
5117	0
5118	0
5119	0
5120	0
5121	1
5122	0
5123	2
5124	2
5125	1
5126	0
5127	0
5128	0
5129	2
5130	1
5131	0
5132	1
5133	1
5134	0
5135	0
5136	2
5137	0
5138	2
5139	2
5140	1
5141	0
5142	1
5143	3
5144	1
5145	1
5146	1
5147	0
5148	0
5149	1
5150	1
5151	0
5152	2
5153	0
5154	1
5155	0
5156	0
5157	0
5158	1
5159	2
5160	2
5161	1
5162	3
5163	2
5164	0
5165	2
5166	0
5167	3
5168	0
5169	0
5170	0
5171	0
5172	0
5173	0
5174	0
5175	0
5176	0
5177	1
5178	0
5179	2
5180	2
5181	0
5182	1
5183	2
5184	0
5185	1
5186	1
5187	2
5188	1
5189	0
5190	1
5191	1
5192	0
5193	0
5194	1
5195	0
5196	1
5197	1
5198	0
5199	2
5200	0
5201	3
5202	0
5203	1
5204	0
5205	0
5206	1
5207	0
5208	1
5209	1
5210	0
5211	1
5212	0
5213	1
5214	1
5215	0
5216	0
5217	1
5218	1
5219	0
5220	0
5221	0
5222	0
5223	0
5224	1
5225	1
5226	0
5227	1
5228	2
5229	1
5230	0
5231	1
5232	0
5233	1
5234	2
5235	1
5236	0
5237	0
5238	1
5239	1
5240	0
5241	1
5242	2
5243	0
5244	1
5245	0
5246	1
5247	1
5248	0
5249	2
5250	1
5251	0
5252	2
5253	2
5254	0
5255	0
5256	1
5257	0
5258	1
5259	0
5260	1
5261	0
5262	0
5263	0
5264	0
5265	0
5266	1
5267	1
5268	2
5269	1
5270	1
5271	0
5272	0
5273	0
5274	0
5275	2
5276	1
5277	2
5278	0
5279	1
5280	0
5281	0
5282	1
5283	2
5284	0
5285	2
5286	0
5287	2
5288	2
5289	1
5290	0
5291	1
5292	0
5293	2
5294	1
5295	1
5296	0
5297	0
5298	0
5299	0
5300	0
5301	1
5302	0
5303	0
5304	0
5305	0
5306	2
5307	1
5308	1
5309	1
5310	1
5311	0
5312	1
5313	1
5314	0
5315	0
5316	1
5317	2
5318	0
5319	0
5320	3
5321	1
5322	1
5323	0
5324	1
5325	1
5326	0
5327	1
5328	0
5329	1
5330	0
5331	0
5332	0
5333	0
5334	3
5335	0
5336	1
5337	0
5338	0
5339	1
5340	0
5341	0
5342	1
5343	0
5344	1
5345	0
5346	1
5347	1
5348	2
5349	1
5350	0
5351	2
5352	2
5353	1
5354	1
5355	1
5356	1
5357	1
5358	1
5359	1
5360	1
5361	2
5362	0
5363	1
5364	0
5365	1
5366	0
5367	0
5368	0
5369	0
5370	3
5371	1
5372	1
5373	1
5374	1
5375	1
5376	0
5377	1
5378	0
5379	0
5380	3
5381	0
5382	0
5383	1
5384	1
5385	0
5386	0
5387	0
5388	1
5389	1
5390	1
5391	1
5392	0
5393	1
5394	1
5395	0
5396	0
5397	1
5398	1
5399	1
5400	0
5401	2
5402	0
5403	0
5404	0
5405	0
5406	2
5407	1
5408	1
5409	0
5410	0
5411	0
5412	0
5413	0
5414	0
5415	0
5416	0
5417	2
5418	1
5419	1
5420	1
5421	0
5422	2
5423	0
5424	0
5425	0
5426	0
5427	0
5428	0
5429	0
5430	1
5431	0
5432	1
5433	1
5434	0
5435	0
5436	0
5437	0
5438	0
5439	0
5440	0
5441	0
5442	1
5443	0
5444	0
5445	0
5446	0
5447	0
5448	1
5449	2
5450	2
5451	1
5452	0
5453	0
5454	1
5455	2
5456	1
5457	2
5458	2
5459	0
5460	0
5461	1
5462	0
5463	0
5464	0
5465	1
5466	1
5467	0
5468	1
5469	1
5470	0
5471	1
5472	1
5473	1
5474	0
5475	1
5476	0
5477	0
5478	2
5479	0
5480	0
5481	0
5482	1
5483	2
5484	2
5485	1
5486	0
5487	1
5488	0
5489	1
5490	0
5491	1
5492	0
5493	2
5494	2
5495	0
5496	2
5497	0
5498	1
5499	1
5500	1
5501	1
5502	2
5503	3
5504	2
5505	1
5506	0
5507	0
5508	1
5509	2
5510	1
5511	2
5512	0
5513	0
5514	1
5515	0
5516	0
5517	2
5518	1
5519	1
5520	1
5521	0
5522	0
5523	0
5524	2
5525	0
5526	0
5527	1
5528	0
5529	1
5530	1
5531	0
5532	1
5533	0
5534	0
5535	0
5536	1
5537	1
5538	0
5539	0
5540	0
5541	1
5542	0
5543	0
5544	1
5545	1
5546	0
5547	0
5548	1
5549	3
5550	0
5551	1
5552	0
5553	0
5554	1
5555	0
5556	0
5557	0
5558	0
5559	0
5560	1
5561	0
5562	0
5563	0
5564	0
5565	1
5566	1
5567	0
5568	1
5569	0
5570	0
5571	0
5572	1
5573	2
5574	2
5575	0
5576	0
5577	1
5578	0
5579	2
5580	0
5581	2
5582	0
5583	2
5584	0
5585	2
5586	0
5587	1
5588	0
5589	2
5590	0
5591	1
5592	2
5593	0
5594	0
5595	3
5596	1
5597	1
5598	1
5599	1
5600	0
5601	1
5602	0
5603	0
5604	1
5605	0
5606	0
5607	0
5608	0
5609	2
5610	0
5611	0
5612	1
5613	1
5614	0
5615	0
5616	2
5617	0
5618	0
5619	0
5620	0
5621	0
5622	0
5623	0
5624	0
5625	0
5626	1
5627	0
5628	1
5629	0
5630	1
5631	2
5632	0
5633	2
5634	2
5635	0
5636	0
5637	0
5638	2
5639	2
5640	3
5641	0
5642	3
5643	1
5644	1
5645	1
5646	1
5647	0
5648	0
5649	1
5650	5
5651	1
5652	1
5653	0
5654	0
5655	0
5656	1
5657	0
5658	1
5659	0
5660	1
5661	1
5662	1
5663	1
5664	1
5665	0
5666	0
5667	0
5668	1
5669	1
5670	1
5671	1
5672	0
5673	0
5674	0
5675	0
5676	0
5677	0
5678	0
5679	2
5680	2
5681	0
5682	0
5683	0
5684	1
5685	0
5686	3
5687	0
5688	1
5689	0
5690	1
5691	0
5692	0
5693	1
5694	1
5695	2
5696	1
5697	1
5698	1
5699	0
5700	0
5701	0
5702	0
5703	0
5704	1
5705	0
5706	2
5707	1
5708	1
5709	2
5710	0
5711	0
5712	2
5713	0
5714	2
5715	0
5716	1
5717	0
5718	2
5719	2
5720	0
5721	1
5722	0
5723	0
5724	0
5725	1
5726	0
5727	0
5728	1
5729	1
5730	2
5731	0
5732	1
5733	1
5734	1
5735	1
5736	0
5737	1
5738	0
5739	1
5740	1
5741	1
5742	0
5743	0
5744	3
5745	2
5746	0
5747	1
5748	1
5749	1
5750	0
5751	0
5752	0
5753	0
5754	3
5755	1
5756	1
5757	0
5758	1
5759	2
5760	1
5761	0
5762	0
5763	0
5764	1
5765	1
5766	0
5767	1
5768	2
5769	2
5770	1
5771	1
5772	0
5773	1
5774	0
5775	1
5776	0
5777	0
5778	0
5779	0
5780	0
5781	1
5782	2
5783	2
5784	0
5785	0
5786	2
5787	1
5788	0
5789	1
5790	0
5791	2
5792	0
5793	1
5794	0
5795	0
5796	2
5797	0
5798	0
5799	0
5800	0
5801	2
5802	0
5803	0
5804	0
5805	0
5806	1
5807	0
5808	1
5809	0
5810	1
5811	0
5812	0
5813	0
5814	0
5815	0
5816	2
5817	1
5818	1
5819	1
5820	1
5821	2
5822	0
5823	0
5824	2
5825	1
5826	1
5827	0
5828	0
5829	1
5830	1
5831	1
5832	0
5833	1
5834	0
5835	1
5836	0
5837	1
5838	1
5839	2
5840	0
5841	1
5842	2
5843	2
5844	2
5845	0
5846	1
5847	0
5848	0
5849	0
5850	0
5851	0
5852	1
5853	0
5854	0
5855	0
5856	0
5857	1
5858	0
5859	0
5860	0
5861	0
5862	2
5863	0
5864	0
5865	2
5866	0
5867	0
5868	0
5869	0
5870	1
5871	0
5872	3
5873	2
5874	0
5875	0
5876	0
5877	0
5878	0
5879	0
5880	0
5881	1
5882	0
5883	0
5884	0
5885	1
5886	2
5887	0
5888	0
5889	0
5890	2
5891	1
5892	1
5893	0
5894	0
5895	0
5896	0
5897	0
5898	0
5899	0
5900	0
5901	0
5902	0
5903	1
5904	1
5905	1
5906	1
5907	1
5908	0
5909	2
5910	0
5911	1
5912	0
5913	0
5914	1
5915	0
5916	0
5917	0
5918	0
5919	1
5920	0
5921	0
5922	0
5923	0
5924	1
5925	2
5926	0
5927	0
5928	0
5929	0
5930	0
5931	0
5932	2
5933	0
5934	0
5935	1
5936	0
5937	0
5938	1
5939	1
5940	0
5941	2
5942	0
5943	0
5944	0
5945	1
5946	0
5947	0
5948	0
5949	2
5950	1
5951	1
5952	0
5953	1
5954	1
5955	0
5956	0
5957	0
5958	0
5959	0
5960	0
5961	1
5962	0
5963	0
5964	0
5965	1
5966	1
5967	1
5968	0
5969	0
5970	0
5971	0
5972	2
5973	0
5974	1
5975	0
5976	1
5977	0
5978	1
5979	0
5980	1
5981	0
5982	0
5983	0
5984	1
5985	1
5986	0
5987	0
5988	4
5989	0
5990	1
5991	0
5992	2
5993	1
5994	1
5995	0
5996	1
5997	0
5998	1
5999	3
6000	1
6001	0
6002	1
6003	1
6004	1
6005	0
6006	2
6007	1
6008	1
6009	0
6010	1
6011	0
6012	0
6013	0
6014	2
6015	1
6016	2
6017	1
6018	1
6019	0
6020	1
6021	0
6022	1
6023	1
6024	1
6025	1
6026	0
6027	0
6028	1
6029	0
6030	1
6031	0
6032	0
6033	0
6034	1
6035	1
6036	0
6037	1
6038	1
6039	0
6040	1
6041	2
6042	1
6043	1
6044	0
6045	1
6046	1
6047	0
6048	0
6049	2
6050	0
6051	2
6052	1
6053	2
6054	0
6055	0
6056	1
6057	0
6058	0
6059	0
6060	1
6061	0
6062	0
6063	2
6064	0
6065	0
6066	1
6067	1
6068	1
6069	0
6070	0
6071	2
6072	3
6073	1
6074	0
6075	0
6076	1
6077	1
6078	0
6079	0
6080	1
6081	0
6082	0
6083	0
6084	0
6085	1
6086	2
6087	1
6088	0
6089	1
6090	0
6091	1
6092	0
6093	0
6094	0
6095	0
6096	0
6097	0
6098	0
6099	0
6100	1
6101	0
6102	0
6103	1
6104	0
6105	1
6106	0
6107	1
6108	1
6109	0
6110	1
6111	0
6112	2
6113	0
6114	0
6115	0
6116	0
6117	1
6118	1
6119	0
6120	0
6121	2
6122	0
6123	1
6124	3
6125	1
6126	1
6127	2
6128	0
6129	0
6130	1
6131	0
6132	2
6133	0
6134	0
6135	0
6136	1
6137	1
6138	1
6139	0
6140	2
6141	0
6142	0
6143	1
6144	0
6145	1
6146	0
6147	0
6148	1
6149	0
6150	1
6151	2
6152	0
6153	0
6154	1
6155	0
6156	0
6157	0
6158	3
6159	2
6160	0
6161	0
6162	0
6163	0
6164	0
6165	0
6166	0
6167	0
6168	1
6169	0
6170	1
6171	0
6172	0
6173	0
6174	1
6175	0
6176	0
6177	0
6178	0
6179	0
6180	1
6181	0
6182	0
6183	1
6184	1
6185	0
6186	1
6187	1
6188	0
6189	0
6190	0
6191	0
6192	0
6193	0
6194	0
6195	0
6196	0
6197	0
6198	0
6199	0
6200	0
6201	0
6202	0
6203	0
6204	1
6205	2
6206	0
6207	0
6208	0
6209	1
6210	1
6211	0
6212	0
6213	1
6214	0
6215	1
6216	1
6217	3
6218	0
6219	1
6220	0
6221	0
6222	0
6223	0
6224	0
6225	0
6226	0
6227	1
6228	2
6229	1
6230	0
6231	0
6232	1
6233	0
6234	0
6235	0
6236	0
6237	0
6238	0
6239	2
6240	1
6241	0
6242	0
6243	0
6244	0
6245	1
6246	0
6247	1
6248	0
6249	0
6250	0
6251	0
6252	0
6253	2
6254	0
6255	0
6256	0
6257	0
6258	1
6259	0
6260	0
6261	1
6262	1
6263	0
6264	1
6265	0
6266	0
6267	2
6268	2
6269	0
6270	0
6271	0
6272	2
6273	0
6274	1
6275	0
6276	0
6277	0
6278	1
6279	0
6280	0
6281	0
6282	1
6283	0
6284	2
6285	0
6286	0
6287	0
6288	0
6289	3
6290	0
6291	0
6292	0
6293	0
6294	0
6295	0
6296	0
6297	0
6298	0
6299	1
6300	1
6301	0
6302	0
6303	0
6304	0
6305	0
6306	1
6307	0
6308	0
6309	0
6310	1
6311	0
6312	1
6313	0
6314	0
6315	0
6316	1
6317	0
6318	0
6319	0
6320	2
6321	1
6322	0
6323	0
6324	0
6325	1
6326	1
6327	1
6328	0
6329	1
6330	0
6331	1
6332	0
6333	1
6334	0
6335	2
6336	1
6337	1
6338	0
6339	1
6340	0
6341	0
6342	1
6343	1
6344	0
6345	1
6346	0
6347	1
6348	1
6349	1
6350	1
6351	0
6352	1
6353	1
6354	0
6355	0
6356	0
6357	0
6358	0
6359	0
6360	0
6361	0
6362	0
6363	0
6364	0
6365	0
6366	0
6367	0
6368	0
6369	0
6370	1
6371	0
6372	0
6373	2
6374	0
6375	0
6376	1
6377	0
6378	0
6379	0
6380	1
6381	0
6382	0
6383	1
6384	0
6385	1
6386	0
6387	0
6388	0
6389	0
6390	1
6391	0
6392	0
6393	1
6394	0
6395	0
6396	1
6397	0
6398	1
6399	0
6400	0
6401	0
6402	0
6403	0
6404	0
6405	1
6406	0
6407	0
6408	1
6409	0
6410	1
6411	0
6412	0
6413	1
6414	1
6415	0
6416	0
6417	0
6418	1
6419	0
6420	1
6421	1
6422	0
6423	0
6424	0
6425	1
6426	1
6427	0
6428	1
6429	1
6430	0
6431	1
6432	0
6433	0
6434	0
6435	0
6436	0
6437	1
6438	0
6439	2
6440	0
6441	0
6442	0
6443	1
6444	0
6445	1
6446	1
6447	2
6448	0
6449	1
6450	0
6451	0
6452	1
6453	0
6454	1
6455	0
6456	1
6457	2
6458	2
6459	0
6460	0
6461	0
6462	2
6463	0
6464	0
6465	0
6466	0
6467	2
6468	1
6469	1
6470	0
6471	0
6472	0
6473	0
6474	0
6475	0
6476	0
6477	0
6478	1
6479	0
6480	1
6481	0
6482	0
6483	0
6484	1
6485	0
6486	0
6487	0
6488	0
6489	1
6490	0
6491	2
6492	0
6493	1
6494	0
6495	0
6496	1
6497	1
6498	0
6499	0
6500	2
6501	1
6502	0
6503	1
6504	0
6505	0
6506	1
6507	1
6508	0
6509	0
6510	0
6511	0
6512	0
6513	0
6514	1
6515	0
6516	1
6517	0
6518	1
6519	0
6520	1
6521	0
6522	0
6523	0
6524	2
6525	0
6526	1
6527	0
6528	2
6529	0
6530	1
6531	0
6532	0
6533	0
6534	2
6535	0
6536	3
6537	1
6538	0
6539	1
6540	1
6541	0
6542	0
6543	1
6544	0
6545	1
6546	0
6547	0
6548	0
6549	0
6550	1
6551	1
6552	1
6553	0
6554	0
6555	0
6556	0
6557	1
6558	1
6559	0
6560	0
6561	0
6562	3
6563	1
6564	0
6565	0
6566	0
6567	0
6568	1
6569	2
6570	0
6571	0
6572	0
6573	1
6574	0
6575	0
6576	0
6577	1
6578	0
6579	0
6580	1
6581	1
6582	0
6583	0
6584	0
6585	0
6586	0
6587	0
6588	0
6589	1
6590	0
6591	0
6592	0
6593	0
6594	3
6595	1
6596	0
6597	0
6598	0
6599	0
6600	1
6601	2
6602	0
6603	0
6604	1
6605	2
6606	2
6607	0
6608	0
6609	1
6610	0
6611	0
6612	0
6613	0
6614	1
6615	0
6616	0
6617	1
6618	0
6619	0
6620	0
6621	2
6622	1
6623	0
6624	0
6625	0
6626	0
6627	0
6628	1
6629	1
6630	1
6631	0
6632	0
6633	0
6634	0
6635	2
6636	0
6637	1
6638	1
6639	0
6640	0
6641	1
6642	0
6643	0
6644	1
6645	0
6646	2
6647	0
6648	2
6649	1
6650	0
6651	0
6652	0
6653	0
6654	0
6655	0
6656	0
6657	0
6658	0
6659	1
6660	0
6661	0
6662	0
6663	1
6664	1
6665	0
6666	0
6667	0
6668	1
6669	0
6670	0
6671	0
6672	0
6673	0
6674	0
6675	0
6676	0
6677	0
6678	0
6679	0
6680	0
6681	1
6682	0
6683	1
6684	0
6685	0
6686	1
6687	0
6688	1
6689	0
6690	0
6691	1
6692	1
6693	2
6694	0
6695	0
6696	0
6697	1
6698	0
6699	0
6700	0
6701	0
6702	0
6703	1
6704	0
6705	0
6706	0
6707	0
6708	0
6709	0
6710	1
6711	0
6712	1
6713	0
6714	0
6715	1
6716	0
6717	0
6718	0
6719	0
6720	2
6721	0
6722	2
6723	1
6724	1
6725	2
6726	1
6727	0
6728	0
6729	1
6730	1
6731	0
6732	0
6733	1
6734	2
6735	1
6736	0
6737	0
6738	1
6739	2
6740	0
6741	1
6742	0
6743	0
6744	3
6745	0
6746	0
6747	0
6748	0
6749	1
6750	1
6751	0
6752	1
6753	0
6754	1
6755	1
6756	2
6757	1
6758	0
6759	0
6760	2
6761	1
6762	0
6763	0
6764	2
6765	1
6766	1
6767	0
6768	2
6769	0
6770	0
6771	2
6772	0
6773	1
6774	1
6775	0
6776	2
6777	0
6778	0
6779	0
6780	0
6781	1
6782	1
6783	0
6784	0
6785	0
6786	0
6787	2
6788	0
6789	1
6790	0
6791	0
6792	1
6793	1
6794	0
6795	2
6796	0
6797	1
6798	0
6799	0
6800	0
6801	1
6802	1
6803	0
6804	0
6805	1
6806	1
6807	0
6808	0
6809	2
6810	0
6811	0
6812	0
6813	0
6814	1
6815	0
6816	0
6817	0
6818	1
6819	2
6820	0
6821	1
6822	0
6823	0
6824	2
6825	1
6826	2
6827	0
6828	1
6829	0
6830	0
6831	1
6832	0
6833	0
6834	1
6835	0
6836	0
6837	0
6838	0
6839	1
6840	0
6841	0
6842	2
6843	1
6844	2
6845	0
6846	1
6847	0
6848	0
6849	0
6850	1
6851	0
6852	0
6853	1
6854	0
6855	0
6856	1
6857	1
6858	1
6859	1
6860	1
6861	0
6862	0
6863	0
6864	2
6865	0
6866	0
6867	0
6868	0
6869	1
6870	2
6871	0
6872	1
6873	0
6874	0
6875	1
6876	0
6877	0
6878	0
6879	1
6880	1
6881	0
6882	1
6883	0
6884	1
6885	0
6886	0
6887	0
6888	0
6889	3
6890	0
6891	1
6892	1
6893	0
6894	0
6895	1
6896	0
6897	0
6898	1
6899	1
6900	0
6901	1
6902	1
6903	1
6904	1
6905	0
6906	3
6907	0
6908	1
6909	0
6910	1
6911	0
6912	0
6913	0
6914	0
6915	0
6916	1
6917	1
6918	1
6919	3
6920	0
6921	0
6922	0
6923	0
6924	1
6925	0
6926	1
6927	1
6928	3
6929	2
6930	0
6931	1
6932	1
6933	0
6934	1
6935	0
6936	0
6937	0
6938	0
6939	0
6940	0
6941	1
6942	0
6943	0
6944	0
6945	0
6946	0
6947	1
6948	0
6949	0
6950	1
6951	0
6952	1
6953	1
6954	0
6955	0
6956	0
6957	0
6958	0
6959	1
6960	0
6961	0
6962	0
6963	1
6964	0
6965	0
6966	0
6967	1
6968	0
6969	0
6970	0
6971	0
6972	0
6973	0
6974	0
6975	0
6976	1
6977	0
6978	1
6979	0
6980	0
6981	0
6982	0
6983	1
6984	1
6985	1
6986	1
6987	2
6988	0
6989	1
6990	0
6991	0
6992	1
6993	1
6994	0
6995	1
6996	0
6997	0
6998	0
6999	1
7000	1
7001	0
7002	0
7003	0
7004	2
7005	0
7006	1
7007	0
7008	0
7009	0
7010	1
7011	0
7012	1
7013	0
7014	0
7015	0
7016	0
7017	1
7018	1
7019	1
7020	1
7021	4
7022	2
7023	0
7024	1
7025	1
7026	1
7027	1
7028	0
7029	0
7030	0
7031	0
7032	0
7033	1
7034	1
7035	0
7036	2
7037	0
7038	1
7039	1
7040	1
7041	0
7042	0
7043	0
7044	0
7045	0
7046	2
7047	0
7048	0
7049	0
7050	0
7051	1
7052	2
7053	1
7054	0
7055	1
7056	1
7057	0
7058	2
7059	0
7060	0
7061	0
7062	2
7063	0
7064	1
7065	0
7066	0
7067	1
7068	1
7069	1
7070	1
7071	0
7072	0
7073	1
7074	0
7075	1
7076	0
7077	0
7078	0
7079	1
7080	0
7081	1
7082	0
7083	0
7084	0
7085	0
7086	0
7087	0
7088	0
7089	1
7090	0
7091	0
7092	0
7093	1
7094	0
7095	0
7096	1
7097	1
7098	2
7099	1
7100	2
7101	0
7102	0
7103	1
7104	0
7105	0
7106	0
7107	0
7108	1
7109	0
7110	0
7111	1
7112	3
7113	1
7114	0
7115	0
7116	0
7117	1
7118	0
7119	1
7120	1
7121	0
7122	1
7123	0
7124	0
7125	0
7126	1
7127	1
7128	2
7129	0
7130	0
7131	0
7132	0
7133	0
7134	0
7135	2
7136	0
7137	0
7138	1
7139	1
7140	0
7141	0
7142	2
7143	0
7144	0
7145	2
7146	1
7147	0
7148	0
7149	0
7150	0
7151	0
7152	0
7153	0
7154	0
7155	1
7156	0
7157	0
7158	0
7159	0
7160	1
7161	1
7162	2
7163	1
7164	0
7165	0
7166	1
7167	0
7168	0
7169	1
7170	1
7171	2
7172	1
7173	0
7174	1
7175	1
7176	2
7177	0
7178	1
7179	1
7180	0
7181	0
7182	2
7183	0
7184	0
7185	0
7186	1
7187	0
7188	1
7189	0
7190	1
7191	0
7192	2
7193	1
7194	0
7195	0
7196	0
7197	0
7198	0
7199	0
7200	0
7201	0
7202	0
7203	2
7204	2
7205	2
7206	1
7207	0
7208	1
7209	0
7210	1
7211	0
7212	0
7213	0
7214	1
7215	0
7216	2
7217	3
7218	0
7219	0
7220	1
7221	0
7222	1
7223	1
7224	0
7225	1
7226	0
7227	2
7228	0
7229	1
7230	0
7231	0
7232	1
7233	1
7234	0
7235	2
7236	2
7237	0
7238	2
7239	0
7240	0
7241	0
7242	2
7243	1
7244	0
7245	1
7246	1
7247	2
7248	0
7249	1
7250	1
7251	0
7252	0
7253	1
7254	0
7255	0
7256	0
7257	0
7258	0
7259	1
7260	1
7261	0
7262	0
7263	1
7264	0
7265	1
7266	0
7267	1
7268	0
7269	1
7270	0
7271	1
7272	0
7273	1
7274	1
7275	0
7276	0
7277	0
7278	0
7279	0
7280	3
7281	0
7282	0
7283	0
7284	0
7285	0
7286	1
7287	0
7288	0
7289	2
7290	1
7291	0
7292	0
7293	1
7294	1
7295	0
7296	1
7297	1
7298	1
7299	1
7300	0
7301	2
7302	0
7303	0
7304	0
7305	0
7306	0
7307	0
7308	2
7309	2
7310	1
7311	0
7312	0
7313	0
7314	1
7315	0
7316	1
7317	0
7318	0
7319	1
7320	0
7321	2
7322	0
7323	0
7324	0
7325	1
7326	1
7327	2
7328	0
7329	1
7330	0
7331	1
7332	0
7333	0
7334	0
7335	0
7336	1
7337	2
7338	3
7339	1
7340	0
7341	0
7342	1
7343	0
7344	1
7345	0
7346	0
7347	0
7348	1
7349	2
7350	1
7351	0
7352	0
7353	1
7354	0
7355	0
7356	1
7357	0
7358	0
7359	1
7360	0
7361	0
7362	0
7363	1
7364	0
7365	0
7366	0
7367	0
7368	1
7369	0
7370	2
7371	0
7372	1
7373	1
7374	0
7375	0
7376	0
7377	0
7378	0
7379	0
7380	0
7381	0
7382	0
7383	2
7384	0
7385	1
7386	0
7387	0
7388	0
7389	0
7390	0
7391	0
7392	0
7393	0
7394	0
7395	0
7396	0
7397	0
7398	0
7399	0
7400	1
7401	0
7402	0
7403	1
7404	0
7405	0
7406	0
7407	0
7408	0
7409	0
7410	0
7411	0
7412	0
7413	0
7414	0
7415	0
7416	0
7417	0
7418	1
7419	0
7420	0
7421	1
7422	0
7423	2
7424	0
7425	0
7426	0
7427	0
7428	0
7429	1
7430	1
7431	1
7432	1
7433	0
7434	1
7435	0
7436	0
7437	0
7438	0
7439	0
7440	0
7441	1
7442	0
7443	0
7444	1
7445	1
7446	0
7447	0
7448	1
7449	0
7450	0
7451	0
7452	0
7453	0
7454	1
7455	0
7456	0
7457	1
7458	0
7459	1
7460	0
7461	1
7462	0
7463	2
7464	0
7465	0
7466	0
7467	0
7468	0
7469	0
7470	0
7471	0
7472	0
7473	0
7474	0
7475	0
7476	0
7477	0
7478	0
7479	0
7480	0
7481	0
7482	0
7483	0
7484	0
7485	0
7486	0
7487	0
7488	0
7489	0
7490	0
7491	0
7492	0
7493	0
7494	0
7495	1
7496	0
7497	0
7498	0
7499	0
7500	0
7501	1
7502	1
7503	0
7504	0
7505	0
7506	0
7507	0
7508	1
7509	0
7510	0
7511	0
7512	0
7513	2
7514	0
7515	0
7516	0
7517	1
7518	0
7519	0
7520	0
7521	0
7522	0
7523	1
7524	0
7525	0
7526	1
7527	0
7528	1
7529	0
7530	0
7531	0
7532	0
7533	0
7534	0
7535	1
7536	0
7537	0
7538	1
7539	1
7540	0
7541	1
7542	0
7543	0
7544	1
7545	0
7546	0
7547	0
7548	0
7549	1
7550	0
7551	1
7552	0
7553	0
7554	0
7555	1
7556	0
7557	0
7558	0
7559	0
7560	2
7561	0
7562	1
7563	0
7564	0
7565	0
7566	0
7567	1
7568	0
7569	0
7570	0
7571	0
7572	1
7573	1
7574	0
7575	0
7576	0
7577	0
7578	0
7579	1
7580	1
7581	1
7582	0
7583	1
7584	0
7585	0
7586	1
7587	0
7588	1
7589	0
7590	0
7591	1
7592	0
7593	0
7594	1
7595	0
7596	0
7597	1
7598	0
7599	0
7600	0
7601	0
7602	1
7603	0
7604	0
7605	0
7606	0
7607	0
7608	0
7609	1
7610	1
7611	0
7612	0
7613	0
7614	1
7615	0
7616	0
7617	0
7618	0
7619	0
7620	0
7621	0
7622	1
7623	0
7624	0
7625	0
7626	0
7627	1
7628	0
7629	1
7630	0
7631	0
7632	0
7633	0
7634	0
7635	0
7636	0
7637	0
7638	0
7639	0
7640	0
7641	0
7642	0
7643	1
7644	1
7645	0
7646	0
7647	1
7648	1
7649	0
7650	0
7651	1
7652	0
7653	0
7654	0
7655	0
7656	1
7657	0
7658	1
7659	0
7660	0
7661	0
7662	0
7663	0
7664	0
7665	0
7666	1
7667	1
7668	0
7669	2
7670	0
7671	0
7672	0
7673	0
7674	0
7675	0
7676	0
7677	1
7678	1
7679	2
7680	0
7681	1
7682	0
7683	0
7684	1
7685	0
7686	0
7687	0
7688	0
7689	0
7690	0
7691	1
7692	0
7693	0
7694	0
7695	0
7696	0
7697	0
7698	0
7699	1
7700	0
7701	1
7702	0
7703	0
7704	0
7705	0
7706	0
7707	0
7708	0
7709	0
7710	0
7711	0
7712	0
7713	1
7714	0
7715	0
7716	0
7717	0
7718	0
7719	1
7720	0
7721	0
7722	0
7723	1
7724	1
7725	0
7726	0
7727	0
7728	0
7729	0
7730	1
7731	1
7732	1
7733	0
7734	1
7735	0
7736	0
7737	0
7738	0
7739	0
7740	0
7741	0
7742	0
7743	1
7744	1
7745	0
7746	0
7747	0
7748	1
7749	0
7750	0
7751	0
7752	0
7753	2
7754	1
7755	0
7756	0
7757	0
7758	0
7759	1
7760	1
7761	0
7762	0
7763	0
7764	0
7765	0
7766	0
7767	0
7768	0
7769	0
7770	0
7771	0
7772	0
7773	0
7774	0
7775	0
7776	0
7777	0
7778	0
7779	0
7780	0
7781	2
7782	0
7783	0
7784	0
7785	0
7786	0
7787	0
7788	1
7789	0
7790	0
7791	0
7792	0
7793	1
7794	0
7795	0
7796	0
7797	0
7798	1
7799	2
7800	0
7801	0
7802	0
7803	0
7804	0
7805	1
7806	0
7807	0
7808	1
7809	0
7810	0
7811	0
7812	0
7813	0
7814	0
7815	1
7816	0
7817	1
7818	0
7819	0
7820	1
7821	1
7822	0
7823	0
7824	2
7825	0
7826	0
7827	1
7828	1
7829	0
7830	0
7831	0
7832	0
7833	1
7834	0
7835	1
7836	1
7837	0
7838	0
7839	0
7840	0
7841	0
7842	0
7843	0
7844	0
7845	0
7846	0
7847	0
7848	0
7849	0
7850	0
7851	0
7852	0
7853	1
7854	1
7855	0
7856	0
7857	0
7858	1
7859	0
7860	1
7861	0
7862	0
7863	0
7864	1
7865	1
7866	0
7867	1
7868	0
7869	1
7870	0
7871	0
7872	1
7873	0
7874	1
7875	0
7876	0
7877	1
7878	0
7879	1
7880	0
7881	0
7882	0
7883	0
7884	0
7885	0
7886	0
7887	0
7888	1
7889	1
7890	0
7891	0
7892	0
7893	0
7894	1
7895	0
7896	0
7897	0
7898	0
7899	0
7900	1
7901	0
7902	0
7903	0
7904	0
7905	0
7906	1
7907	0
7908	1
7909	0
7910	1
7911	0
7912	0
7913	0
7914	0
7915	0
7916	0
7917	0
7918	0
7919	0
7920	0
7921	0
7922	0
7923	0
7924	0
7925	0
7926	0
7927	0
7928	0
7929	0
7930	0
7931	0
7932	0
7933	0
7934	0
7935	0
7936	0
7937	0
7938	0
7939	0
7940	0
7941	0
7942	0
7943	0
7944	0
7945	0
7946	0
7947	0
7948	0
7949	0
7950	0
7951	0
7952	0
7953	0
7954	0
7955	0
7956	0
7957	0
7958	0
7959	0
7960	0
7961	0
7962	0
7963	0
7964	0
7965	0
7966	0
7967	0
7968	0
7969	0
7970	0
7971	0
7972	0
7973	0
7974	0
7975	0
7976	0
7977	0
7978	0
7979	0
7980	0
7981	0
7982	0
7983	0
7984	0
7985	0
7986	0
7987	0
7988	0
7989	0
7990	0
7991	0
7992	0
7993	0
7994	0
7995	0
7996	0
7997	0
7998	0
7999	0
8000	0
8001	0
8002	0
8003	0
8004	0
8005	0
8006	0
8007	0
8008	0
8009	0
8010	0
8011	0
8012	0
8013	0
8014	0
8015	0
8016	0
8017	0
8018	0
8019	0
8020	0
8021	0
8022	0
8023	0
8024	0
8025	0
8026	0
8027	0
8028	0
8029	0
8030	0
8031	0
8032	0
8033	0
8034	0
8035	0
8036	0
8037	0
8038	0
8039	0
8040	0
8041	0
8042	0
8043	0
8044	0
8045	0
8046	0
8047	0
8048	0
8049	0
8050	0
8051	0
8052	0
8053	0
8054	0
8055	0
8056	0
8057	0
8058	0
8059	0
8060	0
8061	0
8062	0
8063	0
8064	0
8065	0
8066	0
8067	0
8068	0
8069	0
8070	0
8071	0
8072	0
8073	0
8074	0
8075	0
8076	0
8077	0
8078	0
8079	0
8080	0
8081	0
8082	0
8083	0
8084	0
8085	0
8086	0
8087	0
8088	0
8089	0
8090	0
8091	0
8092	0
8093	0
8094	0
8095	0
8096	0
8097	0
8098	0
8099	0
8100	0
8101	0
8102	0
8103	0
8104	0
8105	0
8106	0
8107	0
8108	0
8109	0
8110	0
8111	0
8112	0
8113	0
8114	0
8115	0
8116	0
8117	0
8118	0
8119	0
8120	0
8121	0
8122	0
8123	0
8124	0
8125	0
8126	0
8127	0
8128	0
8129	0
8130	0
8131	0
8132	0
8133	0
8134	0
8135	0
8136	0
8137	0
8138	0
8139	0
8140	0
8141	0
8142	0
8143	0
8144	0
8145	0
8146	0
8147	0
8148	0
8149	0
8150	0
8151	0
8152	0
8153	0
8154	0
8155	0
8156	0
8157	0
8158	0
8159	0
8160	0
8161	0
8162	0
8163	0
8164	0
8165	0
8166	0
8167	0
8168	0
8169	0
8170	0
8171	0
8172	0
8173	0
8174	0
8175	0
8176	0
8177	0
8178	0
8179	0
8180	0
8181	0
8182	0
8183	0
8184	0
8185	0
8186	0
8187	0
8188	0
8189	0
8190	0
8191	0
