0	0
1	0
2	0
3	0
4	0
5	0
6	0
7	0
8	0
9	0
10	0
11	0
12	0
13	0
14	0
15	0
16	0
17	0
18	0
19	0
20	0
21	0
22	0
23	0
24	0
25	0
26	0
27	0
28	0
29	0
30	0
31	0
32	0
33	0
34	0
35	0
36	0
37	0
38	0
39	0
40	0
41	0
42	0
43	0
44	0
45	0
46	0
47	0
48	0
49	0
50	0
51	0
52	0
53	0
54	0
55	0
56	0
57	0
58	0
59	0
60	0
61	0
62	0
63	0
64	0
65	0
66	0
67	0
68	0
69	0
70	0
71	0
72	0
73	0
74	0
75	0
76	0
77	0
78	0
79	0
80	0
81	0
82	0
83	2
84	6
85	26
86	11
87	21
88	17
89	13
90	14
91	19
92	9
93	26
94	16
95	16
96	22
97	21
98	19
99	14
100	16
101	11
102	14
103	11
104	17
105	20
106	15
107	15
108	19
109	17
110	16
111	18
112	19
113	21
114	23
115	14
116	23
117	15
118	12
119	11
120	9
121	21
122	19
123	17
124	13
125	14
126	27
127	13
128	22
129	13
130	22
131	22
132	14
133	15
134	15
135	15
136	21
137	21
138	23
139	31
140	20
141	15
142	19
143	20
144	16
145	21
146	15
147	12
148	14
149	15
150	21
151	18
152	16
153	25
154	22
155	19
156	20
157	14
158	13
159	19
160	11
161	16
162	33
163	16
164	28
165	10
166	21
167	16
168	25
169	20
170	16
171	25
172	18
173	18
174	19
175	20
176	21
177	22
178	16
179	14
180	17
181	21
182	18
183	22
184	17
185	18
186	21
187	10
188	21
189	26
190	24
191	23
192	22
193	20
194	19
195	21
196	16
197	19
198	27
199	16
200	25
201	18
202	16
203	20
204	31
205	27
206	19
207	14
208	9
209	14
210	17
211	21
212	24
213	19
214	11
215	17
216	22
217	14
218	27
219	23
220	21
221	19
222	17
223	21
224	17
225	18
226	26
227	25
228	23
229	18
230	18
231	18
232	17
233	17
234	25
235	18
236	15
237	16
238	28
239	17
240	14
241	25
242	18
243	24
244	24
245	25
246	31
247	19
248	18
249	20
250	11
251	27
252	19
253	23
254	21
255	17
256	23
257	17
258	23
259	17
260	23
261	17
262	27
263	15
264	24
265	18
266	30
267	22
268	22
269	22
270	20
271	13
272	29
273	24
274	20
275	13
276	27
277	13
278	16
279	22
280	20
281	24
282	25
283	26
284	21
285	27
286	17
287	11
288	16
289	23
290	31
291	22
292	17
293	25
294	32
295	23
296	17
297	16
298	22
299	21
300	20
301	24
302	22
303	31
304	27
305	15
306	22
307	15
308	22
309	29
310	27
311	29
312	25
313	12
314	15
315	25
316	21
317	18
318	16
319	20
320	17
321	23
322	29
323	15
324	20
325	15
326	22
327	18
328	25
329	18
330	16
331	23
332	18
333	16
334	17
335	27
336	28
337	25
338	23
339	13
340	18
341	15
342	35
343	25
344	21
345	25
346	24
347	17
348	24
349	18
350	22
351	23
352	24
353	25
354	23
355	23
356	27
357	21
358	21
359	19
360	27
361	28
362	19
363	20
364	21
365	20
366	25
367	19
368	16
369	18
370	19
371	17
372	14
373	19
374	27
375	24
376	20
377	21
378	12
379	17
380	17
381	19
382	17
383	14
384	23
385	26
386	18
387	14
388	22
389	27
390	13
391	19
392	22
393	17
394	20
395	25
396	24
397	24
398	34
399	19
400	26
401	26
402	22
403	22
404	25
405	19
406	30
407	20
408	19
409	38
410	23
411	17
412	17
413	26
414	22
415	19
416	23
417	25
418	23
419	21
420	19
421	25
422	23
423	24
424	20
425	17
426	36
427	34
428	23
429	17
430	25
431	15
432	25
433	19
434	31
435	21
436	22
437	28
438	17
439	26
440	24
441	19
442	17
443	22
444	20
445	22
446	16
447	23
448	36
449	21
450	32
451	23
452	25
453	26
454	30
455	18
456	24
457	23
458	18
459	28
460	26
461	29
462	23
463	36
464	33
465	32
466	33
467	29
468	30
469	36
470	22
471	29
472	41
473	40
474	30
475	27
476	30
477	24
478	36
479	32
480	28
481	39
482	32
483	38
484	26
485	35
486	26
487	40
488	40
489	27
490	31
491	25
492	32
493	41
494	29
495	35
496	37
497	37
498	41
499	36
500	29
501	42
502	31
503	33
504	36
505	36
506	35
507	43
508	30
509	39
510	33
511	45
512	39
513	44
514	38
515	40
516	40
517	39
518	37
519	37
520	31
521	29
522	35
523	54
524	45
525	36
526	37
527	32
528	43
529	40
530	33
531	34
532	35
533	37
534	33
535	35
536	32
537	38
538	34
539	28
540	41
541	36
542	39
543	35
544	29
545	23
546	27
547	30
548	33
549	19
550	30
551	31
552	45
553	37
554	28
555	35
556	31
557	34
558	31
559	34
560	38
561	32
562	19
563	30
564	30
565	30
566	22
567	29
568	39
569	30
570	32
571	27
572	34
573	28
574	25
575	25
576	30
577	25
578	36
579	26
580	36
581	29
582	34
583	23
584	33
585	32
586	32
587	23
588	37
589	30
590	30
591	23
592	36
593	30
594	34
595	34
596	33
597	38
598	34
599	32
600	30
601	23
602	41
603	31
604	28
605	38
606	34
607	27
608	22
609	35
610	23
611	30
612	26
613	22
614	23
615	23
616	25
617	24
618	27
619	30
620	35
621	41
622	30
623	33
624	30
625	22
626	26
627	19
628	21
629	23
630	28
631	30
632	31
633	26
634	26
635	30
636	30
637	22
638	23
639	27
640	27
641	21
642	26
643	33
644	23
645	24
646	30
647	30
648	18
649	21
650	29
651	28
652	25
653	37
654	19
655	30
656	33
657	36
658	25
659	32
660	23
661	27
662	31
663	23
664	31
665	26
666	32
667	29
668	29
669	32
670	24
671	28
672	32
673	31
674	25
675	35
676	30
677	35
678	22
679	33
680	30
681	24
682	31
683	32
684	32
685	25
686	24
687	28
688	34
689	36
690	29
691	27
692	28
693	35
694	31
695	29
696	33
697	35
698	24
699	23
700	33
701	34
702	33
703	36
704	29
705	32
706	35
707	33
708	22
709	29
710	30
711	20
712	38
713	24
714	33
715	33
716	22
717	28
718	31
719	31
720	40
721	32
722	29
723	32
724	37
725	29
726	19
727	34
728	19
729	30
730	32
731	35
732	31
733	36
734	27
735	24
736	26
737	35
738	30
739	33
740	23
741	40
742	36
743	36
744	29
745	23
746	28
747	24
748	22
749	28
750	31
751	38
752	36
753	26
754	26
755	29
756	33
757	30
758	31
759	38
760	26
761	43
762	40
763	33
764	29
765	33
766	29
767	36
768	27
769	36
770	36
771	27
772	40
773	35
774	35
775	28
776	42
777	38
778	41
779	34
780	25
781	37
782	24
783	35
784	36
785	29
786	40
787	28
788	36
789	31
790	37
791	47
792	36
793	29
794	29
795	44
796	41
797	30
798	39
799	38
800	29
801	39
802	25
803	31
804	37
805	37
806	36
807	36
808	33
809	36
810	30
811	32
812	33
813	36
814	40
815	30
816	37
817	37
818	35
819	37
820	35
821	37
822	41
823	33
824	30
825	38
826	22
827	26
828	31
829	34
830	32
831	47
832	35
833	33
834	30
835	32
836	37
837	47
838	41
839	42
840	37
841	29
842	47
843	46
844	36
845	33
846	37
847	33
848	44
849	36
850	36
851	27
852	31
853	39
854	26
855	34
856	40
857	44
858	29
859	52
860	26
861	39
862	45
863	36
864	40
865	31
866	57
867	36
868	45
869	56
870	37
871	33
872	31
873	33
874	45
875	40
876	52
877	34
878	42
879	41
880	39
881	41
882	41
883	43
884	51
885	34
886	41
887	30
888	33
889	39
890	48
891	49
892	36
893	38
894	47
895	45
896	29
897	37
898	39
899	43
900	40
901	41
902	28
903	39
904	32
905	39
906	36
907	49
908	51
909	45
910	45
911	37
912	41
913	42
914	42
915	40
916	27
917	60
918	41
919	41
920	33
921	34
922	51
923	44
924	41
925	26
926	39
927	48
928	46
929	49
930	40
931	35
932	42
933	41
934	35
935	36
936	42
937	42
938	43
939	52
940	36
941	41
942	46
943	38
944	37
945	36
946	36
947	41
948	33
949	47
950	41
951	45
952	42
953	40
954	51
955	52
956	32
957	37
958	37
959	32
960	31
961	49
962	40
963	43
964	51
965	46
966	36
967	37
968	34
969	31
970	40
971	44
972	53
973	42
974	43
975	43
976	53
977	43
978	51
979	54
980	43
981	49
982	39
983	42
984	42
985	43
986	36
987	36
988	45
989	44
990	50
991	43
992	39
993	35
994	45
995	46
996	41
997	38
998	42
999	44
1000	47
1001	36
1002	31
1003	41
1004	45
1005	48
1006	32
1007	52
1008	36
1009	30
1010	47
1011	37
1012	46
1013	42
1014	52
1015	36
1016	41
1017	48
1018	48
1019	44
1020	40
1021	43
1022	43
1023	51
1024	34
1025	44
1026	43
1027	37
1028	49
1029	32
1030	46
1031	31
1032	42
1033	44
1034	37
1035	46
1036	43
1037	41
1038	40
1039	37
1040	40
1041	47
1042	33
1043	48
1044	36
1045	37
1046	45
1047	36
1048	34
1049	37
1050	38
1051	54
1052	42
1053	46
1054	40
1055	37
1056	37
1057	47
1058	37
1059	47
1060	40
1061	47
1062	38
1063	43
1064	54
1065	44
1066	51
1067	39
1068	45
1069	37
1070	51
1071	41
1072	39
1073	43
1074	47
1075	58
1076	45
1077	51
1078	38
1079	41
1080	41
1081	38
1082	43
1083	46
1084	41
1085	58
1086	44
1087	57
1088	41
1089	34
1090	46
1091	30
1092	44
1093	48
1094	34
1095	38
1096	49
1097	38
1098	37
1099	44
1100	36
1101	46
1102	62
1103	44
1104	48
1105	44
1106	44
1107	46
1108	38
1109	46
1110	37
1111	44
1112	41
1113	46
1114	44
1115	42
1116	44
1117	47
1118	37
1119	44
1120	52
1121	43
1122	45
1123	40
1124	46
1125	51
1126	45
1127	47
1128	43
1129	39
1130	44
1131	43
1132	35
1133	38
1134	49
1135	39
1136	44
1137	45
1138	57
1139	44
1140	47
1141	52
1142	50
1143	38
1144	44
1145	45
1146	47
1147	46
1148	47
1149	46
1150	60
1151	50
1152	40
1153	43
1154	48
1155	51
1156	30
1157	40
1158	35
1159	41
1160	38
1161	50
1162	46
1163	46
1164	39
1165	55
1166	31
1167	59
1168	38
1169	53
1170	38
1171	36
1172	47
1173	55
1174	46
1175	45
1176	41
1177	42
1178	45
1179	49
1180	37
1181	30
1182	48
1183	60
1184	44
1185	30
1186	53
1187	47
1188	46
1189	49
1190	32
1191	53
1192	31
1193	62
1194	46
1195	55
1196	52
1197	59
1198	60
1199	35
1200	37
1201	47
1202	48
1203	36
1204	39
1205	42
1206	51
1207	48
1208	46
1209	43
1210	47
1211	53
1212	42
1213	42
1214	50
1215	57
1216	46
1217	60
1218	52
1219	54
1220	43
1221	45
1222	36
1223	44
1224	58
1225	43
1226	54
1227	47
1228	59
1229	44
1230	42
1231	49
1232	41
1233	49
1234	41
1235	41
1236	43
1237	37
1238	45
1239	40
1240	46
1241	55
1242	46
1243	50
1244	57
1245	38
1246	43
1247	58
1248	49
1249	51
1250	55
1251	56
1252	43
1253	55
1254	43
1255	51
1256	53
1257	39
1258	44
1259	46
1260	50
1261	51
1262	44
1263	54
1264	50
1265	48
1266	46
1267	46
1268	63
1269	42
1270	44
1271	45
1272	49
1273	49
1274	46
1275	50
1276	69
1277	52
1278	52
1279	40
1280	42
1281	53
1282	42
1283	44
1284	45
1285	58
1286	56
1287	69
1288	35
1289	39
1290	62
1291	43
1292	42
1293	51
1294	40
1295	51
1296	38
1297	58
1298	41
1299	34
1300	44
1301	53
1302	47
1303	42
1304	54
1305	47
1306	57
1307	39
1308	55
1309	53
1310	30
1311	57
1312	41
1313	50
1314	57
1315	39
1316	48
1317	53
1318	35
1319	56
1320	41
1321	42
1322	46
1323	47
1324	44
1325	43
1326	57
1327	38
1328	46
1329	40
1330	59
1331	41
1332	52
1333	55
1334	53
1335	51
1336	36
1337	51
1338	56
1339	48
1340	56
1341	39
1342	44
1343	46
1344	47
1345	50
1346	61
1347	42
1348	37
1349	40
1350	48
1351	41
1352	54
1353	47
1354	54
1355	50
1356	56
1357	53
1358	47
1359	44
1360	31
1361	52
1362	48
1363	59
1364	48
1365	39
1366	49
1367	45
1368	57
1369	45
1370	44
1371	51
1372	46
1373	39
1374	47
1375	32
1376	44
1377	46
1378	41
1379	43
1380	44
1381	50
1382	59
1383	52
1384	46
1385	42
1386	42
1387	38
1388	51
1389	52
1390	46
1391	36
1392	43
1393	47
1394	48
1395	57
1396	49
1397	45
1398	33
1399	42
1400	45
1401	34
1402	45
1403	50
1404	40
1405	55
1406	39
1407	44
1408	47
1409	47
1410	43
1411	49
1412	40
1413	51
1414	40
1415	47
1416	49
1417	41
1418	32
1419	44
1420	46
1421	47
1422	46
1423	47
1424	39
1425	48
1426	43
1427	44
1428	49
1429	45
1430	29
1431	28
1432	41
1433	45
1434	47
1435	43
1436	42
1437	31
1438	51
1439	40
1440	27
1441	32
1442	45
1443	34
1444	32
1445	40
1446	46
1447	37
1448	44
1449	54
1450	34
1451	38
1452	37
1453	39
1454	48
1455	45
1456	46
1457	34
1458	42
1459	48
1460	40
1461	34
1462	41
1463	52
1464	46
1465	28
1466	42
1467	41
1468	43
1469	44
1470	47
1471	49
1472	45
1473	40
1474	44
1475	44
1476	40
1477	40
1478	46
1479	35
1480	39
1481	37
1482	35
1483	33
1484	41
1485	40
1486	37
1487	29
1488	45
1489	29
1490	34
1491	37
1492	39
1493	45
1494	42
1495	38
1496	29
1497	33
1498	44
1499	31
1500	35
1501	43
1502	39
1503	45
1504	27
1505	50
1506	32
1507	36
1508	40
1509	37
1510	37
1511	42
1512	47
1513	49
1514	34
1515	44
1516	44
1517	47
1518	42
1519	46
1520	25
1521	30
1522	35
1523	28
1524	37
1525	44
1526	50
1527	39
1528	33
1529	32
1530	43
1531	31
1532	36
1533	41
1534	53
1535	40
1536	44
1537	34
1538	48
1539	44
1540	38
1541	45
1542	28
1543	32
1544	46
1545	36
1546	36
1547	34
1548	38
1549	45
1550	41
1551	35
1552	38
1553	42
1554	45
1555	42
1556	44
1557	39
1558	48
1559	45
1560	39
1561	50
1562	41
1563	47
1564	39
1565	40
1566	48
1567	45
1568	37
1569	43
1570	42
1571	34
1572	46
1573	47
1574	51
1575	41
1576	53
1577	35
1578	52
1579	39
1580	45
1581	35
1582	49
1583	39
1584	44
1585	43
1586	46
1587	45
1588	41
1589	42
1590	46
1591	50
1592	30
1593	47
1594	43
1595	46
1596	41
1597	38
1598	37
1599	43
1600	35
1601	52
1602	41
1603	44
1604	38
1605	46
1606	49
1607	31
1608	52
1609	42
1610	40
1611	29
1612	43
1613	45
1614	48
1615	54
1616	43
1617	45
1618	33
1619	51
1620	49
1621	37
1622	50
1623	48
1624	42
1625	50
1626	39
1627	46
1628	44
1629	30
1630	48
1631	36
1632	44
1633	55
1634	56
1635	47
1636	46
1637	61
1638	52
1639	45
1640	46
1641	35
1642	60
1643	39
1644	52
1645	45
1646	57
1647	45
1648	52
1649	48
1650	43
1651	54
1652	38
1653	45
1654	49
1655	56
1656	53
1657	47
1658	58
1659	53
1660	49
1661	52
1662	50
1663	42
1664	55
1665	64
1666	69
1667	49
1668	42
1669	48
1670	47
1671	47
1672	59
1673	46
1674	41
1675	54
1676	50
1677	60
1678	66
1679	45
1680	41
1681	60
1682	58
1683	47
1684	43
1685	46
1686	62
1687	56
1688	62
1689	59
1690	42
1691	56
1692	53
1693	51
1694	60
1695	57
1696	56
1697	70
1698	60
1699	52
1700	65
1701	78
1702	48
1703	66
1704	62
1705	70
1706	56
1707	55
1708	60
1709	60
1710	64
1711	50
1712	38
1713	51
1714	62
1715	60
1716	56
1717	69
1718	50
1719	58
1720	51
1721	49
1722	61
1723	44
1724	50
1725	57
1726	56
1727	46
1728	60
1729	57
1730	50
1731	59
1732	64
1733	62
1734	47
1735	54
1736	54
1737	65
1738	50
1739	65
1740	51
1741	54
1742	62
1743	49
1744	67
1745	55
1746	58
1747	53
1748	54
1749	51
1750	57
1751	53
1752	45
1753	44
1754	62
1755	63
1756	56
1757	53
1758	51
1759	58
1760	64
1761	56
1762	67
1763	62
1764	56
1765	63
1766	60
1767	67
1768	51
1769	52
1770	59
1771	62
1772	62
1773	41
1774	50
1775	52
1776	68
1777	63
1778	58
1779	66
1780	57
1781	46
1782	71
1783	66
1784	56
1785	51
1786	57
1787	47
1788	52
1789	62
1790	46
1791	51
1792	55
1793	68
1794	42
1795	50
1796	64
1797	60
1798	51
1799	62
1800	54
1801	40
1802	56
1803	37
1804	53
1805	54
1806	53
1807	63
1808	50
1809	44
1810	51
1811	58
1812	54
1813	53
1814	49
1815	51
1816	44
1817	52
1818	51
1819	56
1820	51
1821	50
1822	48
1823	52
1824	55
1825	41
1826	54
1827	47
1828	45
1829	42
1830	50
1831	36
1832	48
1833	52
1834	47
1835	46
1836	44
1837	51
1838	56
1839	37
1840	53
1841	48
1842	50
1843	33
1844	45
1845	49
1846	55
1847	40
1848	42
1849	50
1850	45
1851	39
1852	43
1853	44
1854	35
1855	43
1856	52
1857	47
1858	45
1859	37
1860	40
1861	38
1862	38
1863	38
1864	42
1865	45
1866	43
1867	36
1868	54
1869	47
1870	51
1871	39
1872	45
1873	28
1874	36
1875	37
1876	45
1877	48
1878	42
1879	46
1880	29
1881	45
1882	36
1883	47
1884	60
1885	42
1886	48
1887	31
1888	25
1889	35
1890	46
1891	36
1892	50
1893	30
1894	44
1895	36
1896	30
1897	38
1898	37
1899	32
1900	43
1901	39
1902	34
1903	40
1904	53
1905	37
1906	34
1907	42
1908	42
1909	32
1910	36
1911	30
1912	34
1913	33
1914	32
1915	26
1916	26
1917	32
1918	31
1919	30
1920	39
1921	35
1922	37
1923	28
1924	36
1925	34
1926	29
1927	30
1928	35
1929	36
1930	32
1931	30
1932	33
1933	37
1934	22
1935	34
1936	34
1937	31
1938	34
1939	24
1940	36
1941	25
1942	22
1943	30
1944	32
1945	37
1946	32
1947	30
1948	37
1949	40
1950	28
1951	31
1952	29
1953	27
1954	23
1955	33
1956	33
1957	33
1958	32
1959	32
1960	33
1961	40
1962	34
1963	27
1964	34
1965	30
1966	25
1967	25
1968	25
1969	32
1970	30
1971	25
1972	23
1973	43
1974	38
1975	27
1976	38
1977	36
1978	24
1979	36
1980	34
1981	30
1982	23
1983	26
1984	35
1985	33
1986	26
1987	25
1988	32
1989	21
1990	31
1991	27
1992	27
1993	26
1994	30
1995	26
1996	24
1997	27
1998	33
1999	38
2000	24
2001	22
2002	30
2003	22
2004	27
2005	40
2006	43
2007	33
2008	31
2009	28
2010	34
2011	24
2012	30
2013	20
2014	21
2015	22
2016	31
2017	27
2018	26
2019	32
2020	34
2021	26
2022	36
2023	27
2024	30
2025	27
2026	35
2027	31
2028	26
2029	28
2030	26
2031	29
2032	25
2033	31
2034	24
2035	22
2036	34
2037	37
2038	27
2039	16
2040	24
2041	29
2042	26
2043	31
2044	23
2045	26
2046	27
2047	25
2048	22
2049	21
2050	40
2051	18
2052	25
2053	24
2054	31
2055	23
2056	17
2057	30
2058	31
2059	25
2060	23
2061	31
2062	26
2063	24
2064	26
2065	26
2066	28
2067	33
2068	23
2069	24
2070	25
2071	26
2072	30
2073	32
2074	30
2075	29
2076	23
2077	22
2078	33
2079	31
2080	31
2081	24
2082	27
2083	20
2084	26
2085	30
2086	25
2087	25
2088	31
2089	28
2090	28
2091	19
2092	25
2093	30
2094	36
2095	19
2096	20
2097	29
2098	31
2099	37
2100	22
2101	32
2102	29
2103	22
2104	30
2105	30
2106	28
2107	35
2108	30
2109	26
2110	22
2111	24
2112	29
2113	24
2114	24
2115	27
2116	23
2117	16
2118	22
2119	30
2120	25
2121	20
2122	31
2123	27
2124	26
2125	21
2126	23
2127	32
2128	28
2129	30
2130	26
2131	20
2132	29
2133	27
2134	36
2135	23
2136	26
2137	27
2138	24
2139	22
2140	19
2141	26
2142	28
2143	30
2144	15
2145	25
2146	23
2147	25
2148	28
2149	24
2150	21
2151	25
2152	24
2153	22
2154	25
2155	24
2156	19
2157	25
2158	20
2159	20
2160	27
2161	30
2162	15
2163	16
2164	28
2165	24
2166	25
2167	21
2168	20
2169	17
2170	21
2171	17
2172	22
2173	16
2174	27
2175	22
2176	24
2177	19
2178	28
2179	20
2180	22
2181	24
2182	26
2183	22
2184	30
2185	35
2186	22
2187	21
2188	30
2189	41
2190	24
2191	24
2192	23
2193	26
2194	18
2195	23
2196	17
2197	20
2198	16
2199	24
2200	24
2201	28
2202	25
2203	23
2204	31
2205	32
2206	24
2207	33
2208	26
2209	18
2210	20
2211	26
2212	23
2213	26
2214	22
2215	23
2216	16
2217	34
2218	20
2219	18
2220	27
2221	34
2222	25
2223	18
2224	16
2225	22
2226	22
2227	30
2228	37
2229	25
2230	25
2231	25
2232	23
2233	21
2234	33
2235	29
2236	24
2237	28
2238	20
2239	26
2240	18
2241	21
2242	27
2243	34
2244	28
2245	32
2246	16
2247	28
2248	23
2249	25
2250	25
2251	22
2252	23
2253	22
2254	33
2255	33
2256	16
2257	21
2258	24
2259	22
2260	25
2261	15
2262	28
2263	26
2264	14
2265	19
2266	15
2267	29
2268	19
2269	17
2270	21
2271	27
2272	21
2273	24
2274	25
2275	31
2276	27
2277	25
2278	31
2279	23
2280	22
2281	21
2282	19
2283	31
2284	21
2285	22
2286	23
2287	15
2288	22
2289	18
2290	27
2291	23
2292	19
2293	26
2294	21
2295	17
2296	14
2297	22
2298	18
2299	20
2300	28
2301	22
2302	20
2303	32
2304	23
2305	25
2306	20
2307	26
2308	21
2309	27
2310	17
2311	31
2312	32
2313	26
2314	21
2315	26
2316	37
2317	26
2318	19
2319	26
2320	18
2321	25
2322	20
2323	24
2324	23
2325	24
2326	21
2327	27
2328	19
2329	23
2330	26
2331	23
2332	21
2333	13
2334	29
2335	23
2336	16
2337	21
2338	21
2339	22
2340	14
2341	20
2342	17
2343	18
2344	27
2345	17
2346	18
2347	22
2348	25
2349	22
2350	31
2351	27
2352	27
2353	13
2354	21
2355	27
2356	24
2357	21
2358	27
2359	18
2360	13
2361	25
2362	15
2363	16
2364	25
2365	26
2366	23
2367	25
2368	36
2369	20
2370	24
2371	31
2372	20
2373	13
2374	26
2375	19
2376	14
2377	17
2378	28
2379	28
2380	21
2381	21
2382	16
2383	18
2384	22
2385	22
2386	26
2387	28
2388	26
2389	23
2390	16
2391	24
2392	29
2393	12
2394	18
2395	25
2396	33
2397	21
2398	24
2399	20
2400	17
2401	26
2402	21
2403	21
2404	26
2405	15
2406	18
2407	27
2408	27
2409	18
2410	14
2411	21
2412	20
2413	29
2414	26
2415	22
2416	18
2417	26
2418	25
2419	23
2420	13
2421	24
2422	16
2423	14
2424	23
2425	13
2426	29
2427	19
2428	27
2429	25
2430	15
2431	25
2432	21
2433	21
2434	18
2435	26
2436	26
2437	21
2438	19
2439	26
2440	21
2441	13
2442	20
2443	21
2444	14
2445	24
2446	26
2447	23
2448	28
2449	14
2450	25
2451	26
2452	21
2453	27
2454	22
2455	23
2456	21
2457	21
2458	21
2459	23
2460	26
2461	11
2462	20
2463	26
2464	19
2465	20
2466	20
2467	17
2468	24
2469	27
2470	15
2471	16
2472	25
2473	22
2474	23
2475	24
2476	21
2477	20
2478	20
2479	16
2480	14
2481	18
2482	21
2483	23
2484	13
2485	23
2486	21
2487	29
2488	17
2489	22
2490	23
2491	26
2492	23
2493	24
2494	22
2495	30
2496	17
2497	21
2498	25
2499	21
2500	19
2501	17
2502	20
2503	17
2504	17
2505	19
2506	25
2507	22
2508	23
2509	24
2510	25
2511	21
2512	20
2513	21
2514	17
2515	20
2516	18
2517	24
2518	25
2519	24
2520	13
2521	17
2522	28
2523	24
2524	13
2525	24
2526	19
2527	19
2528	21
2529	21
2530	23
2531	17
2532	18
2533	26
2534	13
2535	18
2536	26
2537	21
2538	24
2539	15
2540	23
2541	21
2542	20
2543	22
2544	16
2545	14
2546	18
2547	23
2548	31
2549	25
2550	18
2551	25
2552	18
2553	24
2554	23
2555	25
2556	22
2557	14
2558	16
2559	20
2560	24
2561	19
2562	16
2563	20
2564	12
2565	19
2566	18
2567	20
2568	14
2569	18
2570	28
2571	25
2572	27
2573	13
2574	18
2575	15
2576	25
2577	24
2578	17
2579	22
2580	17
2581	30
2582	13
2583	21
2584	25
2585	27
2586	17
2587	23
2588	21
2589	21
2590	22
2591	27
2592	33
2593	22
2594	22
2595	21
2596	14
2597	15
2598	25
2599	26
2600	18
2601	21
2602	14
2603	20
2604	22
2605	19
2606	22
2607	14
2608	28
2609	21
2610	17
2611	23
2612	21
2613	22
2614	22
2615	28
2616	17
2617	21
2618	26
2619	23
2620	21
2621	22
2622	15
2623	12
2624	18
2625	22
2626	22
2627	16
2628	28
2629	15
2630	17
2631	20
2632	17
2633	27
2634	22
2635	19
2636	15
2637	19
2638	21
2639	29
2640	22
2641	18
2642	26
2643	16
2644	20
2645	33
2646	21
2647	25
2648	20
2649	18
2650	29
2651	24
2652	15
2653	12
2654	29
2655	15
2656	20
2657	20
2658	19
2659	26
2660	15
2661	20
2662	20
2663	21
2664	24
2665	15
2666	21
2667	23
2668	21
2669	21
2670	25
2671	20
2672	18
2673	23
2674	19
2675	23
2676	10
2677	22
2678	13
2679	24
2680	12
2681	22
2682	16
2683	22
2684	18
2685	21
2686	16
2687	17
2688	25
2689	30
2690	17
2691	16
2692	21
2693	11
2694	13
2695	14
2696	25
2697	24
2698	18
2699	22
2700	20
2701	21
2702	26
2703	26
2704	31
2705	26
2706	17
2707	12
2708	23
2709	18
2710	22
2711	11
2712	17
2713	29
2714	13
2715	15
2716	32
2717	18
2718	22
2719	21
2720	15
2721	25
2722	17
2723	20
2724	23
2725	16
2726	20
2727	20
2728	15
2729	18
2730	18
2731	25
2732	18
2733	23
2734	24
2735	18
2736	19
2737	18
2738	23
2739	16
2740	18
2741	15
2742	20
2743	14
2744	33
2745	9
2746	21
2747	20
2748	21
2749	21
2750	17
2751	17
2752	27
2753	18
2754	21
2755	12
2756	24
2757	19
2758	17
2759	22
2760	21
2761	19
2762	16
2763	20
2764	23
2765	23
2766	27
2767	20
2768	18
2769	22
2770	18
2771	18
2772	18
2773	18
2774	16
2775	18
2776	11
2777	28
2778	19
2779	23
2780	21
2781	24
2782	22
2783	17
2784	14
2785	19
2786	23
2787	22
2788	26
2789	14
2790	19
2791	16
2792	22
2793	24
2794	28
2795	20
2796	17
2797	15
2798	21
2799	19
2800	23
2801	15
2802	21
2803	16
2804	12
2805	22
2806	13
2807	20
2808	19
2809	15
2810	23
2811	25
2812	16
2813	25
2814	20
2815	15
2816	13
2817	20
2818	12
2819	15
2820	22
2821	15
2822	24
2823	16
2824	21
2825	20
2826	19
2827	16
2828	17
2829	11
2830	20
2831	23
2832	14
2833	18
2834	20
2835	27
2836	17
2837	26
2838	20
2839	17
2840	20
2841	22
2842	20
2843	16
2844	13
2845	10
2846	20
2847	23
2848	19
2849	13
2850	16
2851	21
2852	20
2853	15
2854	16
2855	20
2856	20
2857	20
2858	20
2859	19
2860	20
2861	31
2862	15
2863	13
2864	23
2865	16
2866	16
2867	24
2868	20
2869	18
2870	20
2871	20
2872	17
2873	12
2874	19
2875	17
2876	21
2877	16
2878	15
2879	12
2880	23
2881	18
2882	24
2883	16
2884	16
2885	23
2886	12
2887	17
2888	9
2889	16
2890	16
2891	16
2892	8
2893	22
2894	13
2895	10
2896	24
2897	29
2898	18
2899	14
2900	12
2901	14
2902	22
2903	19
2904	17
2905	17
2906	22
2907	16
2908	18
2909	16
2910	13
2911	12
2912	17
2913	19
2914	19
2915	18
2916	16
2917	14
2918	10
2919	15
2920	25
2921	23
2922	19
2923	16
2924	14
2925	15
2926	22
2927	18
2928	20
2929	16
2930	17
2931	18
2932	20
2933	12
2934	13
2935	21
2936	19
2937	16
2938	21
2939	17
2940	12
2941	16
2942	14
2943	14
2944	10
2945	14
2946	15
2947	23
2948	13
2949	22
2950	24
2951	16
2952	18
2953	15
2954	16
2955	18
2956	22
2957	17
2958	16
2959	22
2960	18
2961	18
2962	22
2963	17
2964	9
2965	18
2966	15
2967	21
2968	16
2969	15
2970	24
2971	17
2972	17
2973	18
2974	21
2975	14
2976	17
2977	20
2978	16
2979	20
2980	22
2981	16
2982	23
2983	17
2984	9
2985	18
2986	17
2987	18
2988	15
2989	23
2990	17
2991	9
2992	17
2993	20
2994	13
2995	20
2996	18
2997	14
2998	14
2999	23
3000	18
3001	14
3002	17
3003	17
3004	12
3005	14
3006	16
3007	24
3008	6
3009	15
3010	15
3011	14
3012	24
3013	19
3014	17
3015	24
3016	10
3017	13
3018	15
3019	17
3020	19
3021	12
3022	10
3023	20
3024	19
3025	14
3026	15
3027	15
3028	19
3029	12
3030	6
3031	16
3032	21
3033	19
3034	24
3035	18
3036	17
3037	11
3038	16
3039	14
3040	12
3041	12
3042	15
3043	18
3044	16
3045	12
3046	16
3047	10
3048	13
3049	11
3050	11
3051	22
3052	18
3053	13
3054	14
3055	16
3056	28
3057	18
3058	16
3059	14
3060	14
3061	15
3062	14
3063	14
3064	18
3065	28
3066	13
3067	17
3068	21
3069	14
3070	17
3071	22
3072	15
3073	12
3074	20
3075	22
3076	17
3077	18
3078	17
3079	20
3080	13
3081	21
3082	11
3083	16
3084	21
3085	26
3086	17
3087	10
3088	17
3089	17
3090	19
3091	14
3092	17
3093	22
3094	16
3095	19
3096	18
3097	18
3098	15
3099	23
3100	13
3101	17
3102	25
3103	24
3104	18
3105	17
3106	24
3107	11
3108	17
3109	16
3110	12
3111	15
3112	21
3113	16
3114	21
3115	9
3116	8
3117	18
3118	15
3119	12
3120	17
3121	12
3122	13
3123	19
3124	15
3125	16
3126	20
3127	14
3128	16
3129	12
3130	15
3131	21
3132	12
3133	18
3134	13
3135	22
3136	20
3137	22
3138	16
3139	15
3140	14
3141	19
3142	12
3143	15
3144	13
3145	17
3146	21
3147	22
3148	18
3149	12
3150	18
3151	24
3152	16
3153	22
3154	7
3155	10
3156	18
3157	22
3158	14
3159	14
3160	20
3161	19
3162	18
3163	25
3164	24
3165	14
3166	23
3167	19
3168	16
3169	20
3170	15
3171	9
3172	15
3173	19
3174	20
3175	17
3176	21
3177	21
3178	24
3179	13
3180	7
3181	22
3182	23
3183	15
3184	15
3185	21
3186	12
3187	20
3188	15
3189	14
3190	24
3191	20
3192	20
3193	9
3194	15
3195	18
3196	26
3197	20
3198	19
3199	17
3200	17
3201	22
3202	27
3203	18
3204	16
3205	16
3206	16
3207	23
3208	13
3209	15
3210	11
3211	15
3212	18
3213	18
3214	21
3215	16
3216	15
3217	22
3218	20
3219	15
3220	19
3221	17
3222	14
3223	17
3224	17
3225	16
3226	14
3227	15
3228	24
3229	17
3230	16
3231	21
3232	20
3233	17
3234	19
3235	10
3236	18
3237	10
3238	21
3239	21
3240	15
3241	23
3242	20
3243	26
3244	17
3245	11
3246	20
3247	16
3248	19
3249	14
3250	13
3251	19
3252	19
3253	24
3254	15
3255	23
3256	10
3257	23
3258	19
3259	14
3260	16
3261	19
3262	16
3263	23
3264	19
3265	18
3266	26
3267	14
3268	18
3269	18
3270	17
3271	9
3272	18
3273	13
3274	11
3275	17
3276	20
3277	21
3278	21
3279	22
3280	14
3281	14
3282	19
3283	22
3284	17
3285	11
3286	6
3287	11
3288	17
3289	17
3290	19
3291	17
3292	15
3293	12
3294	13
3295	22
3296	16
3297	24
3298	22
3299	14
3300	13
3301	17
3302	11
3303	20
3304	19
3305	13
3306	12
3307	9
3308	23
3309	17
3310	12
3311	21
3312	14
3313	7
3314	17
3315	14
3316	13
3317	18
3318	16
3319	14
3320	15
3321	20
3322	12
3323	20
3324	17
3325	17
3326	23
3327	21
3328	22
3329	17
3330	15
3331	18
3332	22
3333	18
3334	19
3335	19
3336	14
3337	18
3338	10
3339	20
3340	10
3341	17
3342	15
3343	19
3344	23
3345	16
3346	12
3347	20
3348	15
3349	21
3350	21
3351	12
3352	19
3353	8
3354	16
3355	22
3356	18
3357	16
3358	11
3359	25
3360	11
3361	10
3362	14
3363	19
3364	14
3365	8
3366	8
3367	21
3368	16
3369	11
3370	14
3371	16
3372	21
3373	21
3374	23
3375	12
3376	16
3377	23
3378	18
3379	8
3380	15
3381	15
3382	14
3383	20
3384	13
3385	13
3386	15
3387	15
3388	6
3389	22
3390	17
3391	21
3392	14
3393	17
3394	10
3395	22
3396	17
3397	11
3398	17
3399	12
3400	23
3401	21
3402	20
3403	15
3404	16
3405	15
3406	16
3407	20
3408	18
3409	15
3410	14
3411	12
3412	17
3413	17
3414	15
3415	20
3416	22
3417	16
3418	15
3419	14
3420	10
3421	16
3422	12
3423	18
3424	20
3425	25
3426	16
3427	20
3428	24
3429	16
3430	17
3431	17
3432	20
3433	15
3434	20
3435	19
3436	18
3437	16
3438	16
3439	28
3440	25
3441	13
3442	10
3443	15
3444	20
3445	19
3446	19
3447	14
3448	16
3449	15
3450	11
3451	8
3452	24
3453	15
3454	19
3455	19
3456	22
3457	25
3458	15
3459	14
3460	24
3461	16
3462	13
3463	16
3464	13
3465	12
3466	13
3467	15
3468	18
3469	12
3470	9
3471	13
3472	18
3473	25
3474	16
3475	19
3476	16
3477	15
3478	16
3479	25
3480	22
3481	14
3482	22
3483	16
3484	22
3485	10
3486	18
3487	11
3488	16
3489	19
3490	18
3491	9
3492	24
3493	23
3494	17
3495	12
3496	20
3497	9
3498	15
3499	17
3500	17
3501	26
3502	17
3503	14
3504	9
3505	17
3506	13
3507	25
3508	14
3509	22
3510	15
3511	18
3512	13
3513	14
3514	14
3515	15
3516	20
3517	19
3518	22
3519	22
3520	16
3521	11
3522	18
3523	7
3524	13
3525	13
3526	15
3527	18
3528	19
3529	20
3530	26
3531	14
3532	14
3533	18
3534	14
3535	25
3536	20
3537	16
3538	24
3539	18
3540	16
3541	21
3542	15
3543	19
3544	11
3545	22
3546	20
3547	19
3548	18
3549	21
3550	15
3551	19
3552	18
3553	21
3554	20
3555	16
3556	20
3557	20
3558	20
3559	16
3560	17
3561	14
3562	16
3563	14
3564	11
3565	14
3566	18
3567	7
3568	23
3569	19
3570	10
3571	22
3572	19
3573	10
3574	21
3575	14
3576	21
3577	17
3578	16
3579	8
3580	21
3581	20
3582	13
3583	18
3584	12
3585	16
3586	16
3587	13
3588	18
3589	17
3590	19
3591	16
3592	15
3593	17
3594	12
3595	23
3596	14
3597	14
3598	16
3599	16
3600	19
3601	18
3602	12
3603	13
3604	23
3605	12
3606	18
3607	26
3608	20
3609	14
3610	19
3611	13
3612	22
3613	13
3614	17
3615	20
3616	14
3617	20
3618	11
3619	19
3620	23
3621	16
3622	20
3623	14
3624	12
3625	10
3626	15
3627	16
3628	18
3629	20
3630	15
3631	17
3632	14
3633	13
3634	17
3635	17
3636	12
3637	23
3638	11
3639	18
3640	22
3641	12
3642	22
3643	17
3644	22
3645	13
3646	16
3647	15
3648	20
3649	16
3650	18
3651	19
3652	16
3653	21
3654	17
3655	19
3656	15
3657	24
3658	20
3659	23
3660	18
3661	23
3662	19
3663	18
3664	12
3665	14
3666	15
3667	14
3668	17
3669	18
3670	18
3671	18
3672	18
3673	22
3674	18
3675	10
3676	18
3677	18
3678	18
3679	17
3680	14
3681	21
3682	18
3683	12
3684	17
3685	23
3686	17
3687	25
3688	27
3689	14
3690	22
3691	15
3692	17
3693	20
3694	14
3695	17
3696	17
3697	12
3698	21
3699	5
3700	21
3701	20
3702	13
3703	13
3704	17
3705	14
3706	14
3707	26
3708	14
3709	14
3710	13
3711	18
3712	22
3713	13
3714	15
3715	24
3716	18
3717	20
3718	19
3719	14
3720	23
3721	19
3722	24
3723	10
3724	16
3725	22
3726	16
3727	10
3728	15
3729	14
3730	14
3731	22
3732	21
3733	19
3734	11
3735	21
3736	12
3737	24
3738	13
3739	17
3740	14
3741	11
3742	15
3743	19
3744	25
3745	20
3746	20
3747	19
3748	19
3749	18
3750	17
3751	21
3752	15
3753	18
3754	27
3755	24
3756	24
3757	12
3758	20
3759	21
3760	15
3761	11
3762	15
3763	15
3764	19
3765	31
3766	11
3767	20
3768	24
3769	18
3770	25
3771	23
3772	18
3773	22
3774	24
3775	20
3776	18
3777	13
3778	18
3779	17
3780	23
3781	23
3782	13
3783	13
3784	18
3785	26
3786	24
3787	16
3788	26
3789	25
3790	21
3791	21
3792	19
3793	18
3794	15
3795	19
3796	24
3797	20
3798	23
3799	16
3800	19
3801	14
3802	29
3803	22
3804	33
3805	13
3806	21
3807	27
3808	23
3809	16
3810	15
3811	25
3812	18
3813	27
3814	23
3815	24
3816	13
3817	23
3818	28
3819	22
3820	21
3821	17
3822	19
3823	18
3824	23
3825	19
3826	28
3827	21
3828	21
3829	16
3830	18
3831	26
3832	27
3833	18
3834	19
3835	31
3836	22
3837	20
3838	25
3839	24
3840	17
3841	19
3842	24
3843	30
3844	12
3845	29
3846	22
3847	26
3848	22
3849	16
3850	24
3851	17
3852	24
3853	22
3854	28
3855	25
3856	26
3857	22
3858	23
3859	16
3860	21
3861	19
3862	35
3863	20
3864	16
3865	31
3866	20
3867	21
3868	16
3869	19
3870	30
3871	18
3872	20
3873	21
3874	21
3875	28
3876	29
3877	22
3878	24
3879	29
3880	21
3881	27
3882	15
3883	27
3884	20
3885	24
3886	21
3887	16
3888	27
3889	19
3890	27
3891	24
3892	20
3893	32
3894	29
3895	20
3896	19
3897	18
3898	31
3899	20
3900	20
3901	25
3902	27
3903	20
3904	34
3905	22
3906	21
3907	23
3908	19
3909	23
3910	26
3911	31
3912	21
3913	17
3914	17
3915	25
3916	26
3917	31
3918	24
3919	39
3920	28
3921	22
3922	23
3923	32
3924	27
3925	31
3926	32
3927	22
3928	22
3929	28
3930	32
3931	16
3932	28
3933	30
3934	29
3935	37
3936	25
3937	34
3938	27
3939	26
3940	29
3941	30
3942	25
3943	25
3944	26
3945	35
3946	33
3947	20
3948	33
3949	28
3950	26
3951	30
3952	34
3953	31
3954	27
3955	30
3956	22
3957	33
3958	21
3959	38
3960	26
3961	30
3962	31
3963	25
3964	37
3965	28
3966	22
3967	29
3968	39
3969	31
3970	32
3971	31
3972	41
3973	38
3974	28
3975	23
3976	32
3977	30
3978	34
3979	24
3980	28
3981	29
3982	24
3983	32
3984	33
3985	32
3986	30
3987	21
3988	23
3989	35
3990	31
3991	27
3992	21
3993	34
3994	23
3995	34
3996	25
3997	36
3998	47
3999	23
4000	33
4001	27
4002	23
4003	37
4004	31
4005	26
4006	32
4007	28
4008	35
4009	37
4010	36
4011	33
4012	45
4013	28
4014	25
4015	25
4016	31
4017	25
4018	37
4019	34
4020	41
4021	37
4022	19
4023	30
4024	26
4025	34
4026	35
4027	27
4028	38
4029	24
4030	49
4031	30
4032	33
4033	26
4034	21
4035	49
4036	26
4037	35
4038	31
4039	31
4040	30
4041	31
4042	39
4043	33
4044	39
4045	34
4046	26
4047	35
4048	41
4049	27
4050	38
4051	35
4052	42
4053	42
4054	32
4055	36
4056	28
4057	38
4058	34
4059	29
4060	42
4061	45
4062	38
4063	43
4064	26
4065	40
4066	44
4067	29
4068	34
4069	30
4070	38
4071	22
4072	37
4073	38
4074	30
4075	39
4076	28
4077	26
4078	36
4079	39
4080	32
4081	30
4082	32
4083	50
4084	32
4085	36
4086	34
4087	38
4088	34
4089	35
4090	37
4091	42
4092	35
4093	32
4094	44
4095	24
4096	36
4097	26
4098	45
4099	37
4100	36
4101	28
4102	33
4103	34
4104	35
4105	30
4106	36
4107	39
4108	27
4109	36
4110	27
4111	38
4112	37
4113	31
4114	33
4115	38
4116	33
4117	34
4118	32
4119	36
4120	27
4121	39
4122	36
4123	35
4124	32
4125	38
4126	31
4127	31
4128	33
4129	26
4130	31
4131	38
4132	29
4133	39
4134	33
4135	35
4136	28
4137	34
4138	31
4139	31
4140	31
4141	30
4142	38
4143	22
4144	38
4145	23
4146	38
4147	37
4148	37
4149	23
4150	26
4151	35
4152	29
4153	27
4154	22
4155	31
4156	38
4157	29
4158	39
4159	27
4160	36
4161	31
4162	28
4163	22
4164	24
4165	21
4166	32
4167	26
4168	23
4169	21
4170	33
4171	35
4172	31
4173	25
4174	29
4175	30
4176	35
4177	28
4178	20
4179	31
4180	33
4181	29
4182	35
4183	24
4184	29
4185	26
4186	26
4187	30
4188	26
4189	29
4190	41
4191	16
4192	32
4193	20
4194	21
4195	27
4196	20
4197	26
4198	21
4199	31
4200	23
4201	29
4202	19
4203	19
4204	23
4205	24
4206	29
4207	25
4208	31
4209	25
4210	27
4211	15
4212	22
4213	8
4214	25
4215	19
4216	24
4217	14
4218	22
4219	20
4220	19
4221	22
4222	12
4223	20
4224	24
4225	18
4226	12
4227	23
4228	20
4229	25
4230	23
4231	25
4232	22
4233	17
4234	16
4235	20
4236	21
4237	20
4238	20
4239	16
4240	20
4241	16
4242	18
4243	14
4244	27
4245	9
4246	15
4247	13
4248	15
4249	9
4250	18
4251	19
4252	13
4253	20
4254	17
4255	18
4256	18
4257	22
4258	18
4259	22
4260	19
4261	13
4262	15
4263	15
4264	14
4265	22
4266	11
4267	17
4268	13
4269	10
4270	5
4271	13
4272	10
4273	16
4274	18
4275	14
4276	18
4277	9
4278	18
4279	13
4280	16
4281	8
4282	15
4283	13
4284	12
4285	14
4286	16
4287	6
4288	19
4289	11
4290	11
4291	14
4292	11
4293	4
4294	10
4295	7
4296	12
4297	14
4298	12
4299	9
4300	13
4301	10
4302	14
4303	12
4304	10
4305	9
4306	10
4307	7
4308	8
4309	6
4310	10
4311	13
4312	7
4313	19
4314	14
4315	11
4316	12
4317	11
4318	10
4319	7
4320	11
4321	11
4322	10
4323	11
4324	12
4325	10
4326	8
4327	7
4328	4
4329	13
4330	10
4331	9
4332	6
4333	4
4334	7
4335	10
4336	5
4337	11
4338	9
4339	7
4340	7
4341	6
4342	8
4343	6
4344	5
4345	2
4346	2
4347	8
4348	9
4349	6
4350	2
4351	4
4352	5
4353	5
4354	5
4355	2
4356	6
4357	4
4358	6
4359	4
4360	4
4361	3
4362	6
4363	4
4364	2
4365	4
4366	7
4367	3
4368	6
4369	0
4370	0
4371	1
4372	5
4373	4
4374	5
4375	1
4376	0
4377	3
4378	4
4379	1
4380	4
4381	1
4382	1
4383	3
4384	5
4385	4
4386	2
4387	2
4388	0
4389	2
4390	6
4391	2
4392	1
4393	7
4394	4
4395	6
4396	3
4397	2
4398	2
4399	1
4400	3
4401	4
4402	2
4403	4
4404	3
4405	2
4406	3
4407	7
4408	2
4409	1
4410	1
4411	2
4412	4
4413	3
4414	2
4415	2
4416	0
4417	3
4418	2
4419	4
4420	1
4421	2
4422	3
4423	3
4424	2
4425	5
4426	1
4427	1
4428	2
4429	3
4430	2
4431	1
4432	3
4433	0
4434	2
4435	5
4436	2
4437	1
4438	2
4439	1
4440	1
4441	0
4442	0
4443	0
4444	1
4445	1
4446	1
4447	0
4448	1
4449	2
4450	3
4451	0
4452	1
4453	1
4454	3
4455	0
4456	1
4457	1
4458	2
4459	0
4460	0
4461	3
4462	2
4463	1
4464	3
4465	1
4466	2
4467	2
4468	1
4469	1
4470	1
4471	3
4472	1
4473	0
4474	2
4475	2
4476	0
4477	1
4478	1
4479	0
4480	0
4481	2
4482	1
4483	0
4484	0
4485	0
4486	0
4487	1
4488	2
4489	0
4490	1
4491	3
4492	0
4493	1
4494	3
4495	0
4496	1
4497	2
4498	4
4499	1
4500	2
4501	0
4502	0
4503	0
4504	0
4505	0
4506	1
4507	2
4508	3
4509	0
4510	1
4511	1
4512	1
4513	1
4514	0
4515	2
4516	0
4517	0
4518	2
4519	1
4520	2
4521	0
4522	1
4523	2
4524	0
4525	0
4526	0
4527	1
4528	1
4529	0
4530	0
4531	0
4532	1
4533	1
4534	2
4535	1
4536	1
4537	1
4538	0
4539	1
4540	1
4541	2
4542	3
4543	1
4544	2
4545	3
4546	0
4547	1
4548	1
4549	1
4550	0
4551	1
4552	1
4553	1
4554	1
4555	5
4556	1
4557	0
4558	0
4559	3
4560	0
4561	1
4562	0
4563	1
4564	0
4565	1
4566	0
4567	1
4568	0
4569	0
4570	0
4571	5
4572	1
4573	0
4574	3
4575	0
4576	0
4577	0
4578	1
4579	2
4580	0
4581	0
4582	0
4583	1
4584	0
4585	0
4586	2
4587	0
4588	0
4589	0
4590	2
4591	0
4592	0
4593	1
4594	2
4595	1
4596	2
4597	1
4598	1
4599	0
4600	0
4601	0
4602	0
4603	0
4604	2
4605	0
4606	0
4607	1
4608	0
4609	3
4610	0
4611	0
4612	2
4613	1
4614	2
4615	2
4616	1
4617	1
4618	0
4619	0
4620	1
4621	1
4622	0
4623	0
4624	1
4625	0
4626	2
4627	1
4628	0
4629	1
4630	0
4631	0
4632	0
4633	2
4634	1
4635	0
4636	0
4637	0
4638	2
4639	1
4640	2
4641	2
4642	0
4643	1
4644	0
4645	0
4646	0
4647	0
4648	1
4649	1
4650	0
4651	0
4652	2
4653	2
4654	0
4655	0
4656	0
4657	1
4658	1
4659	1
4660	2
4661	0
4662	1
4663	0
4664	0
4665	1
4666	2
4667	2
4668	3
4669	1
4670	1
4671	0
4672	0
4673	2
4674	0
4675	1
4676	1
4677	0
4678	0
4679	1
4680	2
4681	1
4682	0
4683	2
4684	1
4685	0
4686	1
4687	2
4688	0
4689	1
4690	0
4691	1
4692	1
4693	1
4694	0
4695	1
4696	1
4697	0
4698	0
4699	0
4700	1
4701	1
4702	1
4703	0
4704	0
4705	2
4706	1
4707	0
4708	0
4709	0
4710	1
4711	1
4712	0
4713	1
4714	1
4715	3
4716	2
4717	1
4718	1
4719	0
4720	1
4721	1
4722	1
4723	1
4724	0
4725	0
4726	2
4727	0
4728	1
4729	1
4730	0
4731	0
4732	1
4733	2
4734	0
4735	0
4736	1
4737	1
4738	3
4739	1
4740	1
4741	0
4742	1
4743	3
4744	3
4745	0
4746	1
4747	1
4748	2
4749	0
4750	2
4751	1
4752	2
4753	0
4754	1
4755	2
4756	2
4757	0
4758	0
4759	2
4760	2
4761	0
4762	0
4763	1
4764	1
4765	2
4766	0
4767	1
4768	0
4769	1
4770	1
4771	0
4772	2
4773	0
4774	1
4775	4
4776	0
4777	1
4778	0
4779	0
4780	0
4781	0
4782	2
4783	1
4784	0
4785	1
4786	3
4787	1
4788	0
4789	0
4790	1
4791	2
4792	0
4793	2
4794	2
4795	0
4796	0
4797	2
4798	2
4799	2
4800	1
4801	2
4802	0
4803	1
4804	1
4805	3
4806	1
4807	0
4808	0
4809	2
4810	1
4811	0
4812	1
4813	0
4814	0
4815	1
4816	1
4817	1
4818	1
4819	1
4820	1
4821	1
4822	1
4823	1
4824	0
4825	0
4826	0
4827	1
4828	1
4829	1
4830	0
4831	1
4832	2
4833	1
4834	2
4835	0
4836	0
4837	1
4838	1
4839	1
4840	0
4841	1
4842	1
4843	0
4844	1
4845	3
4846	1
4847	0
4848	1
4849	1
4850	0
4851	1
4852	0
4853	2
4854	3
4855	0
4856	1
4857	0
4858	0
4859	0
4860	2
4861	1
4862	0
4863	1
4864	0
4865	0
4866	2
4867	1
4868	1
4869	0
4870	0
4871	0
4872	0
4873	0
4874	1
4875	0
4876	0
4877	1
4878	0
4879	0
4880	2
4881	0
4882	1
4883	1
4884	1
4885	1
4886	1
4887	0
4888	3
4889	0
4890	0
4891	1
4892	1
4893	0
4894	0
4895	1
4896	1
4897	0
4898	0
4899	2
4900	2
4901	0
4902	2
4903	1
4904	0
4905	1
4906	1
4907	0
4908	2
4909	1
4910	0
4911	1
4912	0
4913	1
4914	0
4915	0
4916	1
4917	0
4918	0
4919	0
4920	1
4921	0
4922	0
4923	3
4924	0
4925	2
4926	4
4927	1
4928	0
4929	2
4930	3
4931	1
4932	4
4933	2
4934	2
4935	0
4936	0
4937	0
4938	3
4939	1
4940	4
4941	0
4942	2
4943	0
4944	0
4945	1
4946	1
4947	0
4948	0
4949	0
4950	0
4951	0
4952	2
4953	3
4954	1
4955	0
4956	1
4957	1
4958	0
4959	1
4960	2
4961	0
4962	0
4963	2
4964	0
4965	1
4966	1
4967	0
4968	0
4969	0
4970	2
4971	1
4972	1
4973	0
4974	2
4975	0
4976	1
4977	1
4978	0
4979	1
4980	1
4981	0
4982	1
4983	0
4984	2
4985	1
4986	0
4987	1
4988	0
4989	1
4990	2
4991	3
4992	0
4993	0
4994	1
4995	0
4996	0
4997	0
4998	1
4999	0
5000	1
5001	1
5002	1
5003	1
5004	1
5005	1
5006	0
5007	0
5008	1
5009	1
5010	3
5011	0
5012	1
5013	0
5014	1
5015	1
5016	1
5017	0
5018	0
5019	2
5020	1
5021	0
5022	0
5023	0
5024	0
5025	1
5026	1
5027	1
5028	1
5029	0
5030	2
5031	0
5032	1
5033	0
5034	0
5035	0
5036	0
5037	0
5038	0
5039	0
5040	1
5041	0
5042	0
5043	0
5044	0
5045	0
5046	0
5047	1
5048	0
5049	0
5050	0
5051	0
5052	1
5053	1
5054	2
5055	0
5056	1
5057	0
5058	0
5059	0
5060	1
5061	0
5062	1
5063	1
5064	1
5065	0
5066	0
5067	0
5068	1
5069	0
5070	1
5071	1
5072	0
5073	1
5074	1
5075	0
5076	2
5077	0
5078	2
5079	4
5080	1
5081	1
5082	1
5083	0
5084	0
5085	1
5086	2
5087	1
5088	1
5089	0
5090	0
5091	0
5092	0
5093	1
5094	2
5095	0
5096	1
5097	0
5098	2
5099	1
5100	0
5101	1
5102	2
5103	0
5104	1
5105	0
5106	0
5107	0
5108	0
5109	1
5110	0
5111	1
5112	0
5113	0
5114	1
5115	1
5116	0
5117	0
5118	2
5119	0
5120	1
5121	1
5122	0
5123	0
5124	1
5125	0
5126	2
5127	0
5128	0
5129	0
5130	0
5131	1
5132	2
5133	2
5134	2
5135	0
5136	0
5137	0
5138	0
5139	0
5140	1
5141	0
5142	1
5143	1
5144	0
5145	0
5146	1
5147	1
5148	0
5149	0
5150	0
5151	1
5152	0
5153	0
5154	2
5155	1
5156	4
5157	0
5158	0
5159	3
5160	1
5161	0
5162	1
5163	0
5164	1
5165	0
5166	1
5167	1
5168	0
5169	1
5170	0
5171	2
5172	1
5173	2
5174	1
5175	0
5176	0
5177	1
5178	1
5179	0
5180	1
5181	0
5182	1
5183	1
5184	2
5185	0
5186	0
5187	1
5188	0
5189	0
5190	1
5191	0
5192	1
5193	1
5194	0
5195	0
5196	1
5197	1
5198	1
5199	1
5200	0
5201	2
5202	1
5203	1
5204	0
5205	2
5206	1
5207	0
5208	0
5209	0
5210	1
5211	0
5212	0
5213	1
5214	0
5215	1
5216	0
5217	0
5218	0
5219	0
5220	0
5221	1
5222	0
5223	1
5224	0
5225	2
5226	2
5227	1
5228	1
5229	2
5230	0
5231	1
5232	1
5233	2
5234	0
5235	0
5236	2
5237	2
5238	1
5239	1
5240	0
5241	1
5242	1
5243	0
5244	0
5245	1
5246	0
5247	1
5248	0
5249	0
5250	1
5251	0
5252	0
5253	0
5254	0
5255	2
5256	1
5257	1
5258	1
5259	2
5260	0
5261	0
5262	2
5263	0
5264	1
5265	1
5266	0
5267	1
5268	1
5269	0
5270	1
5271	0
5272	1
5273	0
5274	2
5275	1
5276	0
5277	1
5278	1
5279	2
5280	1
5281	0
5282	2
5283	1
5284	0
5285	0
5286	0
5287	0
5288	0
5289	0
5290	1
5291	0
5292	1
5293	0
5294	1
5295	0
5296	0
5297	0
5298	1
5299	1
5300	0
5301	0
5302	0
5303	2
5304	0
5305	3
5306	1
5307	1
5308	1
5309	1
5310	1
5311	1
5312	0
5313	0
5314	1
5315	0
5316	0
5317	0
5318	0
5319	0
5320	1
5321	0
5322	0
5323	2
5324	0
5325	1
5326	0
5327	2
5328	0
5329	2
5330	0
5331	0
5332	3
5333	0
5334	1
5335	1
5336	0
5337	1
5338	2
5339	1
5340	0
5341	0
5342	1
5343	0
5344	1
5345	0
5346	1
5347	2
5348	1
5349	1
5350	0
5351	0
5352	0
5353	0
5354	0
5355	0
5356	2
5357	2
5358	0
5359	2
5360	1
5361	0
5362	0
5363	1
5364	0
5365	0
5366	1
5367	1
5368	1
5369	1
5370	2
5371	0
5372	1
5373	2
5374	0
5375	1
5376	0
5377	1
5378	0
5379	0
5380	0
5381	2
5382	0
5383	2
5384	0
5385	0
5386	2
5387	1
5388	1
5389	0
5390	0
5391	0
5392	1
5393	0
5394	0
5395	0
5396	1
5397	0
5398	0
5399	0
5400	1
5401	1
5402	2
5403	0
5404	0
5405	0
5406	1
5407	1
5408	0
5409	1
5410	1
5411	0
5412	1
5413	0
5414	1
5415	0
5416	0
5417	2
5418	2
5419	0
5420	2
5421	0
5422	1
5423	1
5424	0
5425	2
5426	1
5427	0
5428	3
5429	1
5430	2
5431	0
5432	0
5433	2
5434	1
5435	0
5436	0
5437	1
5438	1
5439	0
5440	0
5441	0
5442	1
5443	1
5444	0
5445	3
5446	0
5447	0
5448	0
5449	0
5450	1
5451	0
5452	0
5453	1
5454	0
5455	1
5456	0
5457	1
5458	0
5459	0
5460	1
5461	2
5462	1
5463	1
5464	1
5465	1
5466	1
5467	0
5468	0
5469	1
5470	0
5471	0
5472	0
5473	0
5474	1
5475	1
5476	1
5477	2
5478	0
5479	1
5480	0
5481	0
5482	0
5483	1
5484	0
5485	2
5486	0
5487	0
5488	0
5489	1
5490	3
5491	0
5492	0
5493	0
5494	0
5495	1
5496	0
5497	1
5498	1
5499	1
5500	2
5501	2
5502	0
5503	2
5504	1
5505	0
5506	1
5507	2
5508	1
5509	1
5510	1
5511	0
5512	0
5513	0
5514	2
5515	0
5516	1
5517	0
5518	0
5519	3
5520	1
5521	0
5522	0
5523	2
5524	0
5525	1
5526	3
5527	1
5528	0
5529	2
5530	1
5531	2
5532	0
5533	0
5534	2
5535	0
5536	1
5537	1
5538	0
5539	0
5540	0
5541	0
5542	2
5543	1
5544	1
5545	0
5546	0
5547	0
5548	1
5549	1
5550	2
5551	0
5552	0
5553	2
5554	1
5555	0
5556	3
5557	0
5558	0
5559	1
5560	2
5561	0
5562	0
5563	0
5564	2
5565	0
5566	1
5567	2
5568	0
5569	0
5570	1
5571	0
5572	1
5573	1
5574	1
5575	2
5576	0
5577	0
5578	2
5579	1
5580	1
5581	1
5582	0
5583	1
5584	0
5585	0
5586	0
5587	1
5588	0
5589	0
5590	1
5591	0
5592	1
5593	0
5594	0
5595	0
5596	1
5597	1
5598	1
5599	2
5600	1
5601	1
5602	0
5603	0
5604	2
5605	0
5606	2
5607	1
5608	1
5609	0
5610	0
5611	0
5612	0
5613	0
5614	1
5615	0
5616	0
5617	1
5618	0
5619	1
5620	0
5621	3
5622	0
5623	1
5624	1
5625	1
5626	2
5627	0
5628	0
5629	0
5630	1
5631	0
5632	1
5633	1
5634	0
5635	1
5636	0
5637	4
5638	2
5639	0
5640	1
5641	0
5642	3
5643	2
5644	0
5645	0
5646	1
5647	0
5648	0
5649	1
5650	0
5651	0
5652	2
5653	0
5654	0
5655	1
5656	0
5657	0
5658	0
5659	0
5660	0
5661	0
5662	0
5663	1
5664	2
5665	2
5666	1
5667	0
5668	0
5669	1
5670	1
5671	0
5672	0
5673	0
5674	3
5675	0
5676	1
5677	2
5678	0
5679	0
5680	2
5681	1
5682	1
5683	0
5684	0
5685	0
5686	0
5687	2
5688	1
5689	0
5690	1
5691	0
5692	0
5693	0
5694	1
5695	1
5696	1
5697	1
5698	0
5699	1
5700	1
5701	2
5702	0
5703	0
5704	1
5705	0
5706	1
5707	0
5708	0
5709	2
5710	2
5711	0
5712	0
5713	1
5714	2
5715	1
5716	2
5717	0
5718	1
5719	1
5720	0
5721	0
5722	2
5723	2
5724	0
5725	1
5726	0
5727	0
5728	0
5729	2
5730	1
5731	2
5732	1
5733	0
5734	2
5735	0
5736	1
5737	1
5738	0
5739	1
5740	0
5741	1
5742	1
5743	0
5744	1
5745	0
5746	2
5747	1
5748	1
5749	0
5750	1
5751	3
5752	0
5753	0
5754	1
5755	0
5756	0
5757	2
5758	1
5759	0
5760	1
5761	1
5762	0
5763	2
5764	0
5765	1
5766	0
5767	1
5768	1
5769	1
5770	0
5771	1
5772	2
5773	1
5774	1
5775	0
5776	2
5777	1
5778	0
5779	0
5780	0
5781	0
5782	1
5783	4
5784	0
5785	1
5786	1
5787	0
5788	0
5789	0
5790	1
5791	2
5792	0
5793	0
5794	0
5795	0
5796	0
5797	3
5798	0
5799	1
5800	0
5801	0
5802	0
5803	3
5804	0
5805	1
5806	1
5807	2
5808	0
5809	0
5810	0
5811	0
5812	2
5813	1
5814	0
5815	0
5816	1
5817	0
5818	0
5819	0
5820	2
5821	2
5822	0
5823	3
5824	1
5825	0
5826	1
5827	1
5828	0
5829	0
5830	2
5831	0
5832	0
5833	4
5834	0
5835	0
5836	0
5837	0
5838	0
5839	2
5840	0
5841	0
5842	1
5843	0
5844	0
5845	0
5846	0
5847	0
5848	0
5849	1
5850	0
5851	0
5852	1
5853	0
5854	0
5855	0
5856	0
5857	1
5858	0
5859	1
5860	1
5861	1
5862	1
5863	2
5864	0
5865	0
5866	0
5867	0
5868	0
5869	0
5870	1
5871	1
5872	0
5873	0
5874	0
5875	0
5876	1
5877	0
5878	0
5879	0
5880	0
5881	0
5882	0
5883	0
5884	1
5885	0
5886	0
5887	1
5888	2
5889	0
5890	0
5891	1
5892	1
5893	3
5894	1
5895	1
5896	0
5897	1
5898	1
5899	1
5900	1
5901	2
5902	0
5903	3
5904	2
5905	0
5906	0
5907	0
5908	0
5909	1
5910	0
5911	1
5912	0
5913	3
5914	0
5915	0
5916	1
5917	0
5918	0
5919	0
5920	0
5921	0
5922	0
5923	1
5924	1
5925	0
5926	1
5927	2
5928	0
5929	0
5930	0
5931	0
5932	0
5933	0
5934	0
5935	0
5936	1
5937	0
5938	0
5939	1
5940	1
5941	0
5942	0
5943	2
5944	2
5945	0
5946	3
5947	1
5948	0
5949	2
5950	0
5951	0
5952	2
5953	0
5954	1
5955	0
5956	1
5957	1
5958	2
5959	0
5960	1
5961	0
5962	0
5963	0
5964	0
5965	0
5966	1
5967	2
5968	0
5969	0
5970	3
5971	0
5972	0
5973	0
5974	1
5975	0
5976	0
5977	0
5978	0
5979	1
5980	1
5981	0
5982	0
5983	1
5984	1
5985	0
5986	0
5987	1
5988	0
5989	1
5990	2
5991	1
5992	1
5993	1
5994	0
5995	0
5996	0
5997	0
5998	1
5999	1
6000	0
6001	2
6002	0
6003	2
6004	0
6005	1
6006	2
6007	0
6008	0
6009	0
6010	2
6011	1
6012	1
6013	1
6014	0
6015	2
6016	3
6017	2
6018	0
6019	0
6020	2
6021	0
6022	1
6023	0
6024	0
6025	1
6026	2
6027	0
6028	0
6029	2
6030	1
6031	0
6032	1
6033	0
6034	0
6035	1
6036	0
6037	1
6038	1
6039	0
6040	3
6041	0
6042	0
6043	2
6044	0
6045	0
6046	1
6047	0
6048	1
6049	0
6050	1
6051	0
6052	0
6053	0
6054	0
6055	1
6056	0
6057	0
6058	0
6059	0
6060	0
6061	1
6062	0
6063	0
6064	1
6065	1
6066	0
6067	1
6068	1
6069	0
6070	0
6071	2
6072	0
6073	2
6074	0
6075	1
6076	1
6077	1
6078	0
6079	2
6080	0
6081	0
6082	0
6083	0
6084	0
6085	0
6086	1
6087	0
6088	1
6089	0
6090	0
6091	0
6092	0
6093	2
6094	0
6095	0
6096	2
6097	0
6098	0
6099	0
6100	0
6101	0
6102	1
6103	0
6104	1
6105	0
6106	3
6107	1
6108	1
6109	2
6110	0
6111	0
6112	0
6113	0
6114	1
6115	1
6116	0
6117	0
6118	0
6119	0
6120	0
6121	1
6122	0
6123	1
6124	0
6125	0
6126	1
6127	0
6128	1
6129	1
6130	0
6131	0
6132	0
6133	1
6134	2
6135	1
6136	0
6137	1
6138	1
6139	0
6140	0
6141	1
6142	0
6143	1
6144	0
6145	1
6146	1
6147	1
6148	0
6149	0
6150	0
6151	0
6152	0
6153	1
6154	0
6155	0
6156	0
6157	3
6158	1
6159	1
6160	1
6161	0
6162	0
6163	0
6164	0
6165	0
6166	1
6167	0
6168	0
6169	1
6170	0
6171	1
6172	0
6173	0
6174	0
6175	1
6176	1
6177	1
6178	0
6179	1
6180	0
6181	0
6182	0
6183	0
6184	0
6185	2
6186	1
6187	1
6188	0
6189	0
6190	0
6191	0
6192	0
6193	0
6194	0
6195	1
6196	1
6197	0
6198	1
6199	0
6200	0
6201	0
6202	1
6203	0
6204	1
6205	1
6206	1
6207	0
6208	0
6209	0
6210	0
6211	3
6212	0
6213	1
6214	1
6215	1
6216	0
6217	1
6218	0
6219	2
6220	1
6221	1
6222	0
6223	0
6224	0
6225	0
6226	0
6227	0
6228	0
6229	0
6230	0
6231	0
6232	0
6233	1
6234	1
6235	1
6236	0
6237	0
6238	0
6239	0
6240	1
6241	0
6242	0
6243	1
6244	1
6245	0
6246	1
6247	1
6248	0
6249	0
6250	0
6251	0
6252	0
6253	0
6254	0
6255	0
6256	0
6257	1
6258	1
6259	0
6260	0
6261	0
6262	0
6263	0
6264	0
6265	0
6266	1
6267	0
6268	1
6269	2
6270	1
6271	1
6272	0
6273	2
6274	0
6275	0
6276	0
6277	2
6278	1
6279	0
6280	2
6281	0
6282	0
6283	0
6284	0
6285	0
6286	0
6287	1
6288	0
6289	0
6290	0
6291	0
6292	0
6293	1
6294	0
6295	1
6296	0
6297	1
6298	0
6299	0
6300	1
6301	0
6302	1
6303	2
6304	0
6305	0
6306	0
6307	0
6308	0
6309	0
6310	0
6311	1
6312	0
6313	1
6314	1
6315	0
6316	0
6317	2
6318	1
6319	1
6320	1
6321	1
6322	0
6323	2
6324	1
6325	1
6326	0
6327	1
6328	0
6329	0
6330	1
6331	0
6332	0
6333	1
6334	1
6335	0
6336	1
6337	0
6338	0
6339	0
6340	0
6341	1
6342	1
6343	1
6344	1
6345	1
6346	0
6347	0
6348	1
6349	0
6350	0
6351	1
6352	0
6353	0
6354	0
6355	0
6356	0
6357	0
6358	0
6359	2
6360	0
6361	1
6362	0
6363	0
6364	0
6365	1
6366	2
6367	0
6368	0
6369	0
6370	1
6371	1
6372	1
6373	0
6374	1
6375	0
6376	0
6377	1
6378	0
6379	0
6380	0
6381	0
6382	0
6383	0
6384	0
6385	0
6386	0
6387	1
6388	0
6389	1
6390	0
6391	0
6392	0
6393	0
6394	3
6395	1
6396	0
6397	0
6398	1
6399	1
6400	0
6401	1
6402	0
6403	0
6404	0
6405	0
6406	0
6407	2
6408	0
6409	0
6410	2
6411	0
6412	0
6413	0
6414	1
6415	0
6416	1
6417	0
6418	1
6419	1
6420	0
6421	1
6422	0
6423	0
6424	1
6425	1
6426	0
6427	1
6428	0
6429	1
6430	0
6431	0
6432	0
6433	0
6434	1
6435	0
6436	0
6437	1
6438	0
6439	0
6440	0
6441	1
6442	0
6443	1
6444	0
6445	1
6446	0
6447	1
6448	0
6449	0
6450	1
6451	0
6452	0
6453	0
6454	0
6455	0
6456	0
6457	0
6458	0
6459	1
6460	0
6461	2
6462	0
6463	2
6464	0
6465	1
6466	0
6467	0
6468	1
6469	0
6470	0
6471	0
6472	0
6473	0
6474	1
6475	0
6476	1
6477	0
6478	1
6479	2
6480	1
6481	0
6482	0
6483	0
6484	0
6485	1
6486	1
6487	0
6488	0
6489	0
6490	0
6491	0
6492	0
6493	0
6494	0
6495	1
6496	0
6497	0
6498	0
6499	1
6500	0
6501	0
6502	0
6503	1
6504	0
6505	1
6506	1
6507	1
6508	1
6509	2
6510	1
6511	0
6512	0
6513	1
6514	1
6515	0
6516	0
6517	0
6518	2
6519	0
6520	0
6521	1
6522	0
6523	4
6524	1
6525	0
6526	0
6527	1
6528	0
6529	0
6530	0
6531	0
6532	0
6533	0
6534	0
6535	1
6536	0
6537	1
6538	0
6539	1
6540	0
6541	0
6542	0
6543	0
6544	1
6545	0
6546	0
6547	2
6548	0
6549	0
6550	0
6551	1
6552	1
6553	1
6554	0
6555	1
6556	0
6557	0
6558	1
6559	2
6560	0
6561	0
6562	0
6563	1
6564	0
6565	2
6566	0
6567	1
6568	1
6569	2
6570	0
6571	1
6572	0
6573	0
6574	0
6575	0
6576	2
6577	1
6578	0
6579	0
6580	1
6581	0
6582	0
6583	0
6584	0
6585	4
6586	0
6587	1
6588	0
6589	1
6590	1
6591	0
6592	0
6593	1
6594	0
6595	0
6596	1
6597	1
6598	0
6599	1
6600	1
6601	0
6602	0
6603	0
6604	0
6605	0
6606	1
6607	0
6608	0
6609	1
6610	0
6611	0
6612	0
6613	1
6614	0
6615	1
6616	0
6617	0
6618	0
6619	2
6620	0
6621	0
6622	0
6623	0
6624	0
6625	0
6626	1
6627	0
6628	0
6629	0
6630	1
6631	1
6632	2
6633	0
6634	0
6635	0
6636	0
6637	1
6638	2
6639	1
6640	0
6641	0
6642	0
6643	0
6644	0
6645	1
6646	0
6647	0
6648	1
6649	0
6650	0
6651	1
6652	1
6653	0
6654	1
6655	1
6656	1
6657	0
6658	1
6659	0
6660	1
6661	0
6662	0
6663	0
6664	0
6665	0
6666	0
6667	2
6668	0
6669	1
6670	0
6671	1
6672	0
6673	1
6674	0
6675	0
6676	0
6677	0
6678	0
6679	0
6680	1
6681	0
6682	0
6683	0
6684	0
6685	0
6686	0
6687	0
6688	2
6689	2
6690	0
6691	1
6692	1
6693	1
6694	2
6695	0
6696	1
6697	0
6698	1
6699	0
6700	1
6701	0
6702	0
6703	1
6704	0
6705	1
6706	0
6707	0
6708	0
6709	0
6710	2
6711	1
6712	0
6713	0
6714	0
6715	0
6716	1
6717	0
6718	0
6719	0
6720	0
6721	0
6722	1
6723	0
6724	0
6725	0
6726	1
6727	0
6728	0
6729	0
6730	0
6731	0
6732	0
6733	1
6734	1
6735	0
6736	0
6737	0
6738	0
6739	1
6740	0
6741	2
6742	1
6743	0
6744	1
6745	0
6746	0
6747	1
6748	1
6749	2
6750	0
6751	0
6752	0
6753	2
6754	0
6755	0
6756	1
6757	0
6758	1
6759	0
6760	0
6761	0
6762	0
6763	1
6764	3
6765	0
6766	0
6767	0
6768	0
6769	2
6770	0
6771	0
6772	2
6773	0
6774	0
6775	0
6776	0
6777	0
6778	1
6779	0
6780	1
6781	0
6782	0
6783	2
6784	0
6785	0
6786	0
6787	1
6788	1
6789	0
6790	0
6791	0
6792	1
6793	0
6794	0
6795	0
6796	1
6797	1
6798	1
6799	0
6800	1
6801	0
6802	2
6803	3
6804	0
6805	0
6806	0
6807	0
6808	0
6809	1
6810	1
6811	1
6812	0
6813	0
6814	1
6815	2
6816	1
6817	0
6818	0
6819	0
6820	2
6821	2
6822	1
6823	0
6824	0
6825	0
6826	1
6827	0
6828	0
6829	1
6830	1
6831	0
6832	0
6833	1
6834	0
6835	0
6836	1
6837	0
6838	0
6839	1
6840	0
6841	0
6842	0
6843	0
6844	0
6845	2
6846	0
6847	1
6848	0
6849	0
6850	0
6851	1
6852	0
6853	0
6854	1
6855	0
6856	0
6857	1
6858	0
6859	0
6860	2
6861	1
6862	1
6863	0
6864	0
6865	0
6866	0
6867	0
6868	1
6869	0
6870	2
6871	0
6872	0
6873	0
6874	1
6875	1
6876	1
6877	1
6878	1
6879	1
6880	2
6881	0
6882	0
6883	0
6884	0
6885	0
6886	1
6887	0
6888	0
6889	0
6890	0
6891	1
6892	1
6893	2
6894	1
6895	0
6896	0
6897	1
6898	0
6899	1
6900	0
6901	0
6902	0
6903	1
6904	0
6905	0
6906	1
6907	0
6908	1
6909	0
6910	0
6911	0
6912	1
6913	1
6914	0
6915	0
6916	1
6917	0
6918	0
6919	0
6920	1
6921	1
6922	0
6923	1
6924	0
6925	1
6926	1
6927	0
6928	1
6929	1
6930	0
6931	0
6932	1
6933	0
6934	0
6935	1
6936	1
6937	2
6938	2
6939	0
6940	1
6941	1
6942	0
6943	1
6944	1
6945	0
6946	0
6947	0
6948	1
6949	0
6950	2
6951	0
6952	0
6953	0
6954	0
6955	0
6956	2
6957	0
6958	0
6959	1
6960	0
6961	1
6962	1
6963	0
6964	0
6965	1
6966	2
6967	0
6968	1
6969	1
6970	0
6971	1
6972	0
6973	0
6974	0
6975	1
6976	2
6977	0
6978	0
6979	0
6980	2
6981	2
6982	1
6983	1
6984	0
6985	2
6986	3
6987	0
6988	0
6989	1
6990	1
6991	1
6992	0
6993	0
6994	0
6995	1
6996	1
6997	1
6998	0
6999	0
7000	1
7001	1
7002	0
7003	2
7004	0
7005	1
7006	0
7007	0
7008	0
7009	0
7010	1
7011	1
7012	1
7013	0
7014	1
7015	0
7016	1
7017	0
7018	1
7019	0
7020	1
7021	1
7022	0
7023	0
7024	0
7025	0
7026	0
7027	0
7028	1
7029	0
7030	0
7031	0
7032	1
7033	1
7034	0
7035	1
7036	0
7037	2
7038	3
7039	1
7040	2
7041	0
7042	1
7043	1
7044	0
7045	1
7046	0
7047	0
7048	0
7049	0
7050	0
7051	0
7052	0
7053	0
7054	0
7055	0
7056	0
7057	0
7058	1
7059	2
7060	0
7061	0
7062	0
7063	0
7064	0
7065	1
7066	2
7067	0
7068	1
7069	0
7070	0
7071	0
7072	2
7073	0
7074	1
7075	1
7076	1
7077	0
7078	0
7079	0
7080	0
7081	0
7082	0
7083	1
7084	0
7085	1
7086	0
7087	1
7088	0
7089	0
7090	0
7091	1
7092	0
7093	0
7094	0
7095	0
7096	1
7097	0
7098	0
7099	0
7100	1
7101	1
7102	0
7103	0
7104	0
7105	0
7106	1
7107	0
7108	0
7109	0
7110	0
7111	0
7112	0
7113	0
7114	1
7115	1
7116	0
7117	2
7118	1
7119	0
7120	0
7121	2
7122	0
7123	1
7124	1
7125	1
7126	0
7127	0
7128	0
7129	1
7130	2
7131	1
7132	1
7133	0
7134	1
7135	1
7136	0
7137	1
7138	1
7139	1
7140	1
7141	0
7142	0
7143	2
7144	0
7145	0
7146	0
7147	0
7148	0
7149	0
7150	2
7151	0
7152	0
7153	0
7154	2
7155	2
7156	1
7157	1
7158	0
7159	0
7160	0
7161	0
7162	0
7163	0
7164	0
7165	1
7166	1
7167	1
7168	2
7169	1
7170	1
7171	1
7172	0
7173	1
7174	1
7175	0
7176	0
7177	0
7178	1
7179	1
7180	0
7181	0
7182	1
7183	0
7184	1
7185	2
7186	2
7187	3
7188	0
7189	2
7190	0
7191	0
7192	1
7193	0
7194	1
7195	1
7196	1
7197	1
7198	1
7199	0
7200	0
7201	2
7202	0
7203	0
7204	0
7205	1
7206	0
7207	1
7208	0
7209	3
7210	1
7211	0
7212	0
7213	0
7214	0
7215	1
7216	0
7217	1
7218	0
7219	1
7220	0
7221	1
7222	0
7223	0
7224	0
7225	0
7226	0
7227	0
7228	1
7229	0
7230	1
7231	0
7232	0
7233	1
7234	1
7235	2
7236	1
7237	0
7238	1
7239	0
7240	0
7241	1
7242	0
7243	0
7244	0
7245	0
7246	0
7247	1
7248	0
7249	1
7250	1
7251	0
7252	0
7253	1
7254	1
7255	1
7256	0
7257	2
7258	2
7259	2
7260	0
7261	0
7262	0
7263	1
7264	0
7265	0
7266	0
7267	0
7268	0
7269	0
7270	2
7271	1
7272	0
7273	0
7274	0
7275	0
7276	2
7277	1
7278	0
7279	0
7280	0
7281	0
7282	1
7283	0
7284	1
7285	1
7286	0
7287	0
7288	2
7289	0
7290	1
7291	1
7292	0
7293	0
7294	0
7295	0
7296	0
7297	0
7298	0
7299	0
7300	2
7301	1
7302	1
7303	0
7304	0
7305	1
7306	0
7307	0
7308	0
7309	1
7310	0
7311	1
7312	0
7313	0
7314	0
7315	1
7316	0
7317	2
7318	1
7319	0
7320	0
7321	1
7322	0
7323	1
7324	0
7325	3
7326	0
7327	1
7328	0
7329	0
7330	1
7331	0
7332	0
7333	1
7334	0
7335	0
7336	0
7337	2
7338	1
7339	0
7340	1
7341	0
7342	0
7343	0
7344	0
7345	1
7346	0
7347	1
7348	1
7349	0
7350	0
7351	0
7352	0
7353	0
7354	0
7355	0
7356	0
7357	1
7358	0
7359	2
7360	0
7361	0
7362	0
7363	0
7364	0
7365	1
7366	0
7367	0
7368	1
7369	0
7370	1
7371	2
7372	1
7373	1
7374	0
7375	1
7376	1
7377	0
7378	0
7379	0
7380	0
7381	0
7382	1
7383	0
7384	1
7385	0
7386	0
7387	0
7388	0
7389	1
7390	2
7391	1
7392	1
7393	0
7394	0
7395	0
7396	0
7397	2
7398	1
7399	0
7400	0
7401	0
7402	1
7403	0
7404	0
7405	1
7406	1
7407	1
7408	0
7409	0
7410	0
7411	0
7412	0
7413	0
7414	1
7415	0
7416	1
7417	0
7418	0
7419	0
7420	0
7421	0
7422	1
7423	0
7424	0
7425	1
7426	0
7427	0
7428	0
7429	1
7430	1
7431	0
7432	0
7433	0
7434	0
7435	0
7436	0
7437	0
7438	0
7439	0
7440	0
7441	0
7442	0
7443	1
7444	1
7445	0
7446	0
7447	2
7448	0
7449	0
7450	0
7451	0
7452	0
7453	1
7454	0
7455	0
7456	1
7457	0
7458	0
7459	0
7460	0
7461	0
7462	1
7463	0
7464	1
7465	0
7466	0
7467	1
7468	0
7469	0
7470	0
7471	0
7472	0
7473	0
7474	0
7475	0
7476	0
7477	0
7478	1
7479	0
7480	0
7481	0
7482	1
7483	0
7484	0
7485	1
7486	0
7487	1
7488	1
7489	0
7490	0
7491	0
7492	0
7493	0
7494	0
7495	0
7496	1
7497	0
7498	0
7499	0
7500	0
7501	2
7502	0
7503	0
7504	0
7505	2
7506	1
7507	0
7508	0
7509	0
7510	0
7511	1
7512	0
7513	2
7514	0
7515	1
7516	0
7517	0
7518	0
7519	0
7520	0
7521	0
7522	0
7523	0
7524	0
7525	1
7526	0
7527	0
7528	0
7529	0
7530	2
7531	1
7532	0
7533	0
7534	0
7535	1
7536	0
7537	0
7538	0
7539	0
7540	0
7541	0
7542	0
7543	0
7544	1
7545	1
7546	1
7547	1
7548	0
7549	0
7550	0
7551	0
7552	0
7553	0
7554	0
7555	1
7556	1
7557	0
7558	0
7559	1
7560	0
7561	0
7562	0
7563	0
7564	0
7565	0
7566	0
7567	0
7568	0
7569	1
7570	0
7571	0
7572	0
7573	0
7574	0
7575	0
7576	2
7577	1
7578	0
7579	0
7580	0
7581	0
7582	0
7583	0
7584	0
7585	0
7586	0
7587	0
7588	0
7589	0
7590	1
7591	1
7592	0
7593	0
7594	0
7595	0
7596	0
7597	0
7598	1
7599	0
7600	0
7601	0
7602	0
7603	1
7604	0
7605	0
7606	0
7607	0
7608	0
7609	0
7610	0
7611	0
7612	0
7613	0
7614	0
7615	0
7616	0
7617	0
7618	2
7619	0
7620	1
7621	1
7622	0
7623	0
7624	0
7625	2
7626	1
7627	0
7628	0
7629	0
7630	0
7631	1
7632	0
7633	0
7634	0
7635	1
7636	0
7637	0
7638	0
7639	0
7640	1
7641	0
7642	1
7643	0
7644	0
7645	0
7646	1
7647	0
7648	0
7649	0
7650	0
7651	0
7652	1
7653	0
7654	0
7655	0
7656	1
7657	0
7658	0
7659	1
7660	0
7661	0
7662	1
7663	1
7664	0
7665	1
7666	0
7667	0
7668	1
7669	2
7670	1
7671	0
7672	0
7673	1
7674	1
7675	0
7676	0
7677	1
7678	0
7679	0
7680	0
7681	1
7682	0
7683	0
7684	1
7685	0
7686	0
7687	1
7688	0
7689	0
7690	1
7691	0
7692	2
7693	0
7694	0
7695	0
7696	0
7697	0
7698	0
7699	0
7700	0
7701	0
7702	1
7703	0
7704	0
7705	0
7706	0
7707	0
7708	0
7709	1
7710	0
7711	0
7712	0
7713	0
7714	0
7715	0
7716	1
7717	0
7718	0
7719	0
7720	0
7721	0
7722	0
7723	0
7724	0
7725	0
7726	0
7727	0
7728	0
7729	0
7730	1
7731	0
7732	1
7733	0
7734	0
7735	0
7736	0
7737	2
7738	1
7739	0
7740	0
7741	0
7742	0
7743	1
7744	0
7745	0
7746	0
7747	0
7748	0
7749	1
7750	0
7751	0
7752	0
7753	0
7754	0
7755	0
7756	0
7757	0
7758	0
7759	0
7760	1
7761	0
7762	1
7763	1
7764	0
7765	0
7766	0
7767	0
7768	0
7769	0
7770	1
7771	0
7772	0
7773	0
7774	0
7775	0
7776	0
7777	1
7778	0
7779	0
7780	0
7781	1
7782	0
7783	0
7784	1
7785	0
7786	0
7787	0
7788	0
7789	1
7790	0
7791	1
7792	0
7793	0
7794	0
7795	0
7796	0
7797	0
7798	0
7799	0
7800	0
7801	1
7802	0
7803	0
7804	0
7805	0
7806	0
7807	0
7808	0
7809	1
7810	0
7811	0
7812	1
7813	1
7814	0
7815	0
7816	1
7817	0
7818	0
7819	0
7820	1
7821	0
7822	1
7823	1
7824	1
7825	1
7826	0
7827	0
7828	1
7829	0
7830	0
7831	0
7832	0
7833	0
7834	1
7835	1
7836	1
7837	0
7838	1
7839	0
7840	0
7841	0
7842	0
7843	0
7844	0
7845	1
7846	0
7847	0
7848	0
7849	0
7850	1
7851	0
7852	0
7853	1
7854	1
7855	1
7856	0
7857	1
7858	1
7859	0
7860	1
7861	0
7862	0
7863	0
7864	0
7865	1
7866	1
7867	0
7868	0
7869	0
7870	0
7871	0
7872	0
7873	0
7874	0
7875	0
7876	0
7877	0
7878	0
7879	0
7880	0
7881	2
7882	1
7883	0
7884	0
7885	0
7886	0
7887	0
7888	0
7889	0
7890	0
7891	0
7892	1
7893	2
7894	0
7895	0
7896	1
7897	0
7898	0
7899	0
7900	1
7901	0
7902	0
7903	1
7904	1
7905	0
7906	2
7907	0
7908	0
7909	0
7910	0
7911	0
7912	0
7913	0
7914	0
7915	0
7916	0
7917	0
7918	0
7919	0
7920	0
7921	0
7922	0
7923	0
7924	0
7925	0
7926	0
7927	0
7928	0
7929	0
7930	0
7931	0
7932	0
7933	0
7934	0
7935	0
7936	0
7937	0
7938	0
7939	0
7940	0
7941	0
7942	0
7943	0
7944	0
7945	0
7946	0
7947	0
7948	0
7949	0
7950	0
7951	0
7952	0
7953	0
7954	0
7955	0
7956	0
7957	0
7958	0
7959	0
7960	0
7961	0
7962	0
7963	0
7964	0
7965	0
7966	0
7967	0
7968	0
7969	0
7970	0
7971	0
7972	0
7973	0
7974	0
7975	0
7976	0
7977	0
7978	0
7979	0
7980	0
7981	0
7982	0
7983	0
7984	0
7985	0
7986	0
7987	0
7988	0
7989	0
7990	0
7991	0
7992	0
7993	0
7994	0
7995	0
7996	0
7997	0
7998	0
7999	0
8000	0
8001	0
8002	0
8003	0
8004	0
8005	0
8006	0
8007	0
8008	0
8009	0
8010	0
8011	0
8012	0
8013	0
8014	0
8015	0
8016	0
8017	0
8018	0
8019	0
8020	0
8021	0
8022	0
8023	0
8024	0
8025	0
8026	0
8027	0
8028	0
8029	0
8030	0
8031	0
8032	0
8033	0
8034	0
8035	0
8036	0
8037	0
8038	0
8039	0
8040	0
8041	0
8042	0
8043	0
8044	0
8045	0
8046	0
8047	0
8048	0
8049	0
8050	0
8051	0
8052	0
8053	0
8054	0
8055	0
8056	0
8057	0
8058	0
8059	0
8060	0
8061	0
8062	0
8063	0
8064	0
8065	0
8066	0
8067	0
8068	0
8069	0
8070	0
8071	0
8072	0
8073	0
8074	0
8075	0
8076	0
8077	0
8078	0
8079	0
8080	0
8081	0
8082	0
8083	0
8084	0
8085	0
8086	0
8087	0
8088	0
8089	0
8090	0
8091	0
8092	0
8093	0
8094	0
8095	0
8096	0
8097	0
8098	0
8099	0
8100	0
8101	0
8102	0
8103	0
8104	0
8105	0
8106	0
8107	0
8108	0
8109	0
8110	0
8111	0
8112	0
8113	0
8114	0
8115	0
8116	0
8117	0
8118	0
8119	0
8120	0
8121	0
8122	0
8123	0
8124	0
8125	0
8126	0
8127	0
8128	0
8129	0
8130	0
8131	0
8132	0
8133	0
8134	0
8135	0
8136	0
8137	0
8138	0
8139	0
8140	0
8141	0
8142	0
8143	0
8144	0
8145	0
8146	0
8147	0
8148	0
8149	0
8150	0
8151	0
8152	0
8153	0
8154	0
8155	0
8156	0
8157	0
8158	0
8159	0
8160	0
8161	0
8162	0
8163	0
8164	0
8165	0
8166	0
8167	0
8168	0
8169	0
8170	0
8171	0
8172	0
8173	0
8174	0
8175	0
8176	0
8177	0
8178	0
8179	0
8180	0
8181	0
8182	0
8183	0
8184	0
8185	0
8186	0
8187	0
8188	0
8189	0
8190	0
8191	0
