0	0
1	0
2	0
3	0
4	0
5	0
6	0
7	0
8	0
9	0
10	0
11	0
12	0
13	0
14	0
15	0
16	0
17	0
18	0
19	0
20	0
21	0
22	0
23	0
24	0
25	0
26	0
27	0
28	0
29	0
30	0
31	0
32	0
33	0
34	0
35	0
36	0
37	0
38	0
39	0
40	0
41	0
42	0
43	0
44	0
45	0
46	0
47	0
48	0
49	0
50	0
51	0
52	0
53	0
54	0
55	0
56	0
57	0
58	0
59	0
60	0
61	0
62	0
63	0
64	0
65	0
66	0
67	0
68	0
69	0
70	0
71	0
72	0
73	0
74	0
75	0
76	0
77	0
78	0
79	0
80	0
81	0
82	1
83	1
84	11
85	18
86	20
87	20
88	12
89	13
90	11
91	14
92	17
93	11
94	22
95	15
96	19
97	14
98	20
99	17
100	10
101	16
102	9
103	12
104	11
105	21
106	17
107	17
108	14
109	18
110	29
111	17
112	16
113	16
114	12
115	15
116	14
117	19
118	12
119	22
120	20
121	20
122	16
123	18
124	10
125	15
126	22
127	13
128	20
129	16
130	14
131	15
132	19
133	24
134	17
135	19
136	21
137	22
138	20
139	17
140	16
141	17
142	32
143	14
144	20
145	17
146	11
147	18
148	13
149	15
150	11
151	11
152	15
153	19
154	18
155	24
156	15
157	18
158	19
159	20
160	16
161	13
162	13
163	23
164	16
165	16
166	22
167	24
168	20
169	15
170	18
171	15
172	18
173	21
174	22
175	26
176	16
177	20
178	14
179	29
180	25
181	15
182	20
183	21
184	16
185	24
186	18
187	16
188	17
189	16
190	24
191	23
192	13
193	20
194	11
195	27
196	22
197	23
198	17
199	15
200	20
201	26
202	21
203	13
204	15
205	20
206	27
207	12
208	18
209	24
210	24
211	29
212	22
213	16
214	18
215	20
216	19
217	17
218	15
219	16
220	19
221	15
222	16
223	19
224	17
225	25
226	16
227	24
228	20
229	11
230	18
231	21
232	16
233	23
234	18
235	17
236	20
237	19
238	16
239	16
240	17
241	17
242	13
243	20
244	18
245	22
246	16
247	19
248	21
249	14
250	14
251	13
252	17
253	14
254	13
255	21
256	21
257	23
258	17
259	14
260	16
261	23
262	16
263	18
264	9
265	20
266	20
267	27
268	21
269	14
270	17
271	19
272	20
273	20
274	17
275	11
276	17
277	19
278	21
279	16
280	24
281	17
282	18
283	23
284	25
285	23
286	19
287	21
288	18
289	19
290	28
291	22
292	21
293	14
294	22
295	18
296	9
297	23
298	18
299	23
300	21
301	13
302	21
303	21
304	19
305	15
306	17
307	22
308	28
309	15
310	22
311	17
312	36
313	25
314	15
315	25
316	24
317	23
318	20
319	22
320	15
321	21
322	19
323	25
324	19
325	29
326	22
327	28
328	21
329	22
330	13
331	15
332	19
333	13
334	23
335	15
336	13
337	14
338	28
339	14
340	19
341	17
342	20
343	20
344	18
345	18
346	25
347	18
348	17
349	23
350	19
351	18
352	16
353	26
354	16
355	22
356	24
357	19
358	15
359	19
360	20
361	36
362	18
363	15
364	19
365	19
366	22
367	12
368	17
369	20
370	25
371	24
372	18
373	11
374	15
375	19
376	20
377	12
378	26
379	21
380	17
381	15
382	19
383	22
384	14
385	23
386	17
387	14
388	15
389	24
390	18
391	16
392	26
393	18
394	24
395	23
396	20
397	19
398	25
399	16
400	13
401	16
402	32
403	23
404	20
405	16
406	15
407	19
408	21
409	16
410	25
411	25
412	22
413	19
414	23
415	22
416	25
417	25
418	25
419	20
420	12
421	23
422	23
423	26
424	28
425	25
426	21
427	19
428	22
429	25
430	30
431	29
432	20
433	19
434	23
435	20
436	19
437	15
438	24
439	21
440	18
441	26
442	28
443	27
444	25
445	15
446	15
447	24
448	28
449	21
450	23
451	25
452	29
453	20
454	24
455	12
456	25
457	22
458	22
459	30
460	24
461	27
462	30
463	28
464	23
465	28
466	28
467	34
468	31
469	18
470	32
471	28
472	32
473	22
474	25
475	21
476	23
477	27
478	25
479	28
480	32
481	26
482	24
483	36
484	35
485	28
486	30
487	26
488	27
489	28
490	35
491	30
492	34
493	40
494	33
495	45
496	26
497	36
498	28
499	36
500	24
501	37
502	32
503	36
504	27
505	33
506	41
507	32
508	30
509	40
510	41
511	41
512	27
513	33
514	33
515	53
516	32
517	47
518	32
519	44
520	28
521	31
522	31
523	36
524	33
525	41
526	36
527	34
528	31
529	33
530	33
531	31
532	35
533	34
534	28
535	25
536	24
537	42
538	36
539	41
540	30
541	21
542	27
543	37
544	35
545	29
546	30
547	33
548	34
549	34
550	39
551	32
552	28
553	35
554	31
555	44
556	29
557	30
558	21
559	30
560	20
561	27
562	31
563	27
564	33
565	28
566	35
567	36
568	23
569	32
570	32
571	19
572	38
573	37
574	28
575	28
576	37
577	26
578	35
579	31
580	27
581	33
582	24
583	32
584	32
585	23
586	19
587	33
588	21
589	31
590	22
591	33
592	29
593	32
594	38
595	30
596	30
597	26
598	31
599	26
600	28
601	23
602	27
603	29
604	20
605	29
606	31
607	44
608	30
609	24
610	24
611	22
612	33
613	26
614	24
615	36
616	17
617	33
618	27
619	34
620	27
621	27
622	30
623	27
624	30
625	21
626	24
627	30
628	21
629	18
630	27
631	37
632	30
633	27
634	23
635	19
636	33
637	25
638	33
639	22
640	22
641	23
642	26
643	17
644	31
645	28
646	26
647	29
648	30
649	31
650	28
651	28
652	36
653	28
654	27
655	32
656	29
657	22
658	34
659	33
660	19
661	28
662	28
663	24
664	27
665	31
666	35
667	26
668	35
669	25
670	34
671	22
672	28
673	29
674	21
675	36
676	32
677	32
678	30
679	28
680	28
681	26
682	26
683	28
684	26
685	32
686	27
687	29
688	28
689	24
690	20
691	20
692	32
693	31
694	37
695	33
696	34
697	28
698	27
699	35
700	22
701	37
702	23
703	20
704	33
705	22
706	26
707	31
708	24
709	25
710	31
711	28
712	23
713	35
714	34
715	29
716	37
717	35
718	18
719	38
720	32
721	27
722	29
723	29
724	38
725	24
726	22
727	22
728	27
729	39
730	23
731	33
732	26
733	21
734	27
735	41
736	23
737	29
738	30
739	42
740	38
741	36
742	32
743	38
744	29
745	24
746	31
747	25
748	33
749	25
750	31
751	37
752	33
753	33
754	23
755	28
756	38
757	39
758	25
759	35
760	30
761	38
762	38
763	33
764	35
765	25
766	37
767	33
768	32
769	36
770	29
771	29
772	33
773	38
774	37
775	35
776	25
777	34
778	42
779	39
780	31
781	29
782	29
783	23
784	30
785	31
786	38
787	24
788	37
789	32
790	30
791	44
792	38
793	33
794	25
795	31
796	32
797	29
798	37
799	40
800	46
801	37
802	30
803	31
804	28
805	39
806	32
807	38
808	31
809	38
810	44
811	39
812	45
813	29
814	39
815	35
816	41
817	28
818	32
819	32
820	38
821	40
822	44
823	38
824	31
825	28
826	29
827	33
828	38
829	38
830	31
831	33
832	29
833	35
834	35
835	40
836	45
837	40
838	35
839	43
840	32
841	32
842	26
843	32
844	37
845	40
846	37
847	33
848	49
849	25
850	37
851	32
852	30
853	34
854	43
855	28
856	29
857	42
858	35
859	36
860	40
861	38
862	33
863	36
864	30
865	43
866	39
867	40
868	41
869	29
870	36
871	47
872	37
873	34
874	33
875	27
876	29
877	35
878	31
879	24
880	50
881	40
882	33
883	43
884	40
885	53
886	39
887	37
888	36
889	29
890	34
891	34
892	36
893	36
894	38
895	40
896	34
897	28
898	36
899	44
900	34
901	38
902	34
903	28
904	45
905	48
906	44
907	34
908	47
909	35
910	36
911	36
912	37
913	48
914	42
915	43
916	32
917	31
918	37
919	39
920	32
921	38
922	34
923	42
924	38
925	38
926	33
927	44
928	29
929	31
930	39
931	41
932	50
933	46
934	47
935	42
936	40
937	32
938	31
939	36
940	37
941	49
942	38
943	35
944	44
945	43
946	44
947	38
948	42
949	36
950	39
951	32
952	36
953	32
954	45
955	34
956	38
957	37
958	31
959	46
960	44
961	27
962	47
963	35
964	46
965	40
966	39
967	36
968	36
969	44
970	42
971	47
972	50
973	44
974	35
975	30
976	38
977	42
978	37
979	47
980	41
981	44
982	44
983	45
984	34
985	35
986	36
987	39
988	30
989	58
990	34
991	34
992	43
993	47
994	40
995	37
996	45
997	47
998	31
999	48
1000	26
1001	29
1002	37
1003	43
1004	41
1005	44
1006	40
1007	46
1008	34
1009	44
1010	32
1011	30
1012	47
1013	33
1014	36
1015	43
1016	28
1017	45
1018	45
1019	38
1020	38
1021	31
1022	33
1023	34
1024	36
1025	35
1026	37
1027	43
1028	33
1029	39
1030	49
1031	37
1032	47
1033	33
1034	31
1035	43
1036	56
1037	38
1038	37
1039	51
1040	42
1041	47
1042	45
1043	49
1044	33
1045	39
1046	40
1047	34
1048	34
1049	42
1050	42
1051	46
1052	35
1053	33
1054	39
1055	35
1056	37
1057	46
1058	45
1059	38
1060	45
1061	50
1062	46
1063	37
1064	42
1065	48
1066	41
1067	24
1068	38
1069	46
1070	47
1071	46
1072	39
1073	41
1074	47
1075	36
1076	47
1077	54
1078	45
1079	35
1080	33
1081	51
1082	47
1083	45
1084	41
1085	35
1086	45
1087	39
1088	42
1089	35
1090	51
1091	42
1092	54
1093	37
1094	40
1095	38
1096	43
1097	51
1098	45
1099	44
1100	52
1101	47
1102	58
1103	41
1104	39
1105	46
1106	47
1107	35
1108	37
1109	50
1110	41
1111	48
1112	37
1113	55
1114	50
1115	42
1116	45
1117	44
1118	42
1119	43
1120	47
1121	46
1122	38
1123	41
1124	52
1125	48
1126	34
1127	35
1128	45
1129	39
1130	39
1131	49
1132	49
1133	48
1134	43
1135	35
1136	46
1137	40
1138	57
1139	34
1140	37
1141	45
1142	42
1143	38
1144	50
1145	50
1146	46
1147	28
1148	41
1149	55
1150	37
1151	38
1152	47
1153	45
1154	43
1155	74
1156	50
1157	47
1158	44
1159	52
1160	54
1161	45
1162	34
1163	55
1164	46
1165	33
1166	43
1167	30
1168	41
1169	43
1170	38
1171	49
1172	45
1173	57
1174	49
1175	44
1176	43
1177	45
1178	48
1179	49
1180	44
1181	51
1182	51
1183	35
1184	52
1185	49
1186	44
1187	42
1188	43
1189	35
1190	38
1191	47
1192	46
1193	36
1194	49
1195	27
1196	41
1197	33
1198	49
1199	46
1200	52
1201	32
1202	43
1203	60
1204	53
1205	55
1206	49
1207	44
1208	48
1209	40
1210	50
1211	42
1212	44
1213	49
1214	47
1215	57
1216	42
1217	46
1218	40
1219	42
1220	48
1221	37
1222	39
1223	36
1224	45
1225	45
1226	34
1227	66
1228	36
1229	55
1230	51
1231	47
1232	40
1233	41
1234	59
1235	50
1236	47
1237	42
1238	46
1239	44
1240	40
1241	52
1242	39
1243	45
1244	46
1245	47
1246	42
1247	47
1248	49
1249	46
1250	46
1251	58
1252	54
1253	36
1254	54
1255	29
1256	53
1257	51
1258	60
1259	44
1260	43
1261	46
1262	50
1263	43
1264	50
1265	43
1266	43
1267	51
1268	48
1269	46
1270	52
1271	50
1272	32
1273	38
1274	46
1275	34
1276	44
1277	51
1278	55
1279	44
1280	44
1281	44
1282	51
1283	37
1284	49
1285	51
1286	48
1287	36
1288	42
1289	45
1290	41
1291	43
1292	36
1293	47
1294	53
1295	57
1296	52
1297	52
1298	54
1299	44
1300	40
1301	50
1302	40
1303	38
1304	42
1305	42
1306	36
1307	50
1308	41
1309	40
1310	45
1311	50
1312	38
1313	37
1314	45
1315	44
1316	55
1317	44
1318	45
1319	33
1320	50
1321	48
1322	54
1323	39
1324	40
1325	33
1326	44
1327	47
1328	52
1329	50
1330	35
1331	50
1332	47
1333	44
1334	41
1335	48
1336	35
1337	46
1338	32
1339	48
1340	54
1341	39
1342	53
1343	44
1344	44
1345	37
1346	33
1347	31
1348	38
1349	36
1350	43
1351	53
1352	56
1353	45
1354	47
1355	34
1356	52
1357	37
1358	42
1359	43
1360	41
1361	55
1362	51
1363	47
1364	38
1365	41
1366	38
1367	45
1368	45
1369	53
1370	37
1371	47
1372	45
1373	46
1374	45
1375	49
1376	49
1377	40
1378	52
1379	41
1380	42
1381	50
1382	44
1383	42
1384	47
1385	53
1386	46
1387	39
1388	49
1389	36
1390	44
1391	48
1392	44
1393	34
1394	43
1395	41
1396	52
1397	45
1398	35
1399	44
1400	42
1401	41
1402	48
1403	44
1404	39
1405	35
1406	38
1407	48
1408	43
1409	34
1410	43
1411	33
1412	43
1413	35
1414	47
1415	37
1416	40
1417	46
1418	41
1419	34
1420	32
1421	44
1422	36
1423	42
1424	43
1425	38
1426	39
1427	51
1428	42
1429	42
1430	35
1431	44
1432	39
1433	37
1434	45
1435	42
1436	47
1437	43
1438	21
1439	44
1440	49
1441	35
1442	39
1443	31
1444	43
1445	34
1446	41
1447	33
1448	30
1449	38
1450	34
1451	35
1452	39
1453	43
1454	41
1455	32
1456	35
1457	26
1458	36
1459	32
1460	36
1461	43
1462	40
1463	34
1464	46
1465	46
1466	37
1467	34
1468	40
1469	51
1470	35
1471	39
1472	52
1473	41
1474	28
1475	32
1476	45
1477	45
1478	37
1479	36
1480	39
1481	33
1482	28
1483	34
1484	39
1485	26
1486	36
1487	34
1488	22
1489	35
1490	43
1491	34
1492	38
1493	25
1494	36
1495	43
1496	39
1497	35
1498	46
1499	52
1500	35
1501	30
1502	39
1503	36
1504	36
1505	40
1506	34
1507	40
1508	34
1509	41
1510	41
1511	38
1512	41
1513	42
1514	29
1515	39
1516	31
1517	38
1518	27
1519	37
1520	37
1521	39
1522	37
1523	40
1524	32
1525	30
1526	43
1527	37
1528	31
1529	34
1530	38
1531	33
1532	40
1533	39
1534	36
1535	32
1536	30
1537	38
1538	36
1539	39
1540	29
1541	33
1542	31
1543	40
1544	23
1545	36
1546	30
1547	28
1548	42
1549	42
1550	30
1551	27
1552	32
1553	32
1554	44
1555	27
1556	30
1557	31
1558	28
1559	42
1560	39
1561	42
1562	31
1563	47
1564	30
1565	26
1566	27
1567	34
1568	21
1569	24
1570	26
1571	28
1572	34
1573	33
1574	42
1575	29
1576	28
1577	41
1578	30
1579	24
1580	29
1581	37
1582	32
1583	27
1584	39
1585	31
1586	35
1587	33
1588	32
1589	37
1590	26
1591	24
1592	29
1593	38
1594	36
1595	41
1596	42
1597	31
1598	27
1599	39
1600	36
1601	33
1602	37
1603	24
1604	36
1605	36
1606	47
1607	32
1608	36
1609	37
1610	36
1611	47
1612	24
1613	26
1614	27
1615	24
1616	34
1617	33
1618	38
1619	30
1620	30
1621	30
1622	30
1623	31
1624	40
1625	36
1626	43
1627	29
1628	26
1629	25
1630	31
1631	31
1632	37
1633	32
1634	22
1635	34
1636	33
1637	26
1638	33
1639	25
1640	23
1641	34
1642	33
1643	31
1644	35
1645	36
1646	35
1647	35
1648	36
1649	25
1650	32
1651	36
1652	43
1653	28
1654	30
1655	35
1656	22
1657	30
1658	40
1659	39
1660	33
1661	22
1662	40
1663	33
1664	34
1665	36
1666	26
1667	28
1668	34
1669	28
1670	47
1671	24
1672	26
1673	23
1674	42
1675	28
1676	26
1677	31
1678	25
1679	24
1680	31
1681	38
1682	34
1683	36
1684	30
1685	37
1686	34
1687	26
1688	22
1689	32
1690	37
1691	24
1692	28
1693	35
1694	20
1695	25
1696	35
1697	39
1698	40
1699	34
1700	34
1701	31
1702	34
1703	26
1704	37
1705	30
1706	32
1707	30
1708	22
1709	22
1710	38
1711	23
1712	26
1713	34
1714	27
1715	30
1716	28
1717	26
1718	37
1719	42
1720	26
1721	30
1722	31
1723	20
1724	34
1725	34
1726	20
1727	26
1728	36
1729	34
1730	44
1731	25
1732	36
1733	34
1734	31
1735	36
1736	31
1737	41
1738	28
1739	31
1740	28
1741	36
1742	41
1743	34
1744	33
1745	24
1746	26
1747	30
1748	31
1749	22
1750	37
1751	29
1752	34
1753	34
1754	34
1755	27
1756	34
1757	33
1758	30
1759	26
1760	38
1761	38
1762	47
1763	33
1764	31
1765	31
1766	21
1767	24
1768	22
1769	36
1770	39
1771	31
1772	29
1773	38
1774	21
1775	33
1776	42
1777	37
1778	33
1779	28
1780	32
1781	30
1782	32
1783	35
1784	31
1785	22
1786	20
1787	33
1788	28
1789	29
1790	32
1791	25
1792	24
1793	34
1794	29
1795	23
1796	26
1797	28
1798	30
1799	32
1800	30
1801	40
1802	21
1803	37
1804	29
1805	39
1806	32
1807	29
1808	23
1809	39
1810	30
1811	25
1812	34
1813	30
1814	31
1815	30
1816	25
1817	31
1818	38
1819	29
1820	30
1821	24
1822	37
1823	31
1824	34
1825	34
1826	28
1827	27
1828	25
1829	26
1830	31
1831	32
1832	17
1833	35
1834	36
1835	27
1836	23
1837	28
1838	39
1839	33
1840	37
1841	32
1842	26
1843	21
1844	32
1845	21
1846	23
1847	29
1848	23
1849	33
1850	24
1851	29
1852	20
1853	33
1854	32
1855	37
1856	32
1857	22
1858	23
1859	27
1860	37
1861	21
1862	34
1863	27
1864	25
1865	36
1866	34
1867	27
1868	29
1869	24
1870	27
1871	30
1872	18
1873	42
1874	21
1875	36
1876	29
1877	30
1878	29
1879	21
1880	33
1881	29
1882	26
1883	34
1884	28
1885	27
1886	23
1887	31
1888	32
1889	32
1890	25
1891	21
1892	26
1893	22
1894	26
1895	18
1896	27
1897	32
1898	37
1899	19
1900	24
1901	24
1902	24
1903	35
1904	24
1905	20
1906	34
1907	31
1908	26
1909	18
1910	24
1911	22
1912	29
1913	29
1914	30
1915	25
1916	25
1917	38
1918	28
1919	29
1920	20
1921	36
1922	25
1923	30
1924	32
1925	27
1926	21
1927	35
1928	27
1929	32
1930	33
1931	16
1932	24
1933	21
1934	34
1935	31
1936	26
1937	17
1938	25
1939	26
1940	22
1941	31
1942	31
1943	38
1944	31
1945	29
1946	31
1947	29
1948	24
1949	23
1950	26
1951	37
1952	25
1953	34
1954	31
1955	31
1956	30
1957	23
1958	17
1959	22
1960	32
1961	23
1962	24
1963	32
1964	19
1965	24
1966	32
1967	27
1968	32
1969	28
1970	32
1971	23
1972	31
1973	32
1974	26
1975	34
1976	22
1977	21
1978	32
1979	31
1980	28
1981	17
1982	24
1983	24
1984	29
1985	22
1986	23
1987	36
1988	24
1989	25
1990	23
1991	30
1992	28
1993	28
1994	27
1995	28
1996	24
1997	27
1998	20
1999	24
2000	29
2001	40
2002	26
2003	23
2004	31
2005	19
2006	34
2007	22
2008	25
2009	24
2010	27
2011	29
2012	29
2013	24
2014	26
2015	25
2016	23
2017	30
2018	22
2019	27
2020	33
2021	38
2022	25
2023	25
2024	23
2025	25
2026	25
2027	25
2028	19
2029	26
2030	24
2031	36
2032	20
2033	15
2034	20
2035	20
2036	33
2037	38
2038	35
2039	19
2040	31
2041	28
2042	41
2043	13
2044	29
2045	26
2046	23
2047	29
2048	22
2049	33
2050	26
2051	23
2052	25
2053	23
2054	23
2055	22
2056	22
2057	26
2058	26
2059	26
2060	21
2061	28
2062	28
2063	38
2064	25
2065	24
2066	24
2067	38
2068	24
2069	23
2070	24
2071	28
2072	25
2073	28
2074	16
2075	26
2076	21
2077	24
2078	13
2079	23
2080	26
2081	23
2082	27
2083	20
2084	24
2085	22
2086	22
2087	18
2088	24
2089	27
2090	29
2091	30
2092	31
2093	31
2094	19
2095	25
2096	25
2097	25
2098	21
2099	21
2100	27
2101	31
2102	20
2103	27
2104	21
2105	26
2106	21
2107	28
2108	23
2109	26
2110	29
2111	25
2112	25
2113	26
2114	17
2115	25
2116	21
2117	21
2118	24
2119	16
2120	22
2121	15
2122	32
2123	28
2124	26
2125	14
2126	21
2127	22
2128	21
2129	30
2130	23
2131	23
2132	19
2133	20
2134	30
2135	23
2136	27
2137	21
2138	28
2139	30
2140	31
2141	36
2142	24
2143	24
2144	22
2145	15
2146	22
2147	20
2148	21
2149	25
2150	21
2151	27
2152	19
2153	24
2154	32
2155	30
2156	32
2157	34
2158	18
2159	31
2160	28
2161	24
2162	20
2163	23
2164	21
2165	33
2166	34
2167	23
2168	23
2169	17
2170	28
2171	21
2172	16
2173	24
2174	29
2175	19
2176	22
2177	19
2178	19
2179	23
2180	22
2181	27
2182	30
2183	20
2184	27
2185	25
2186	25
2187	25
2188	26
2189	23
2190	28
2191	25
2192	26
2193	20
2194	22
2195	25
2196	28
2197	24
2198	21
2199	23
2200	30
2201	29
2202	28
2203	17
2204	23
2205	18
2206	24
2207	25
2208	28
2209	20
2210	28
2211	20
2212	24
2213	34
2214	25
2215	31
2216	24
2217	26
2218	20
2219	24
2220	25
2221	19
2222	16
2223	26
2224	30
2225	17
2226	22
2227	26
2228	27
2229	22
2230	20
2231	24
2232	25
2233	26
2234	23
2235	35
2236	27
2237	30
2238	18
2239	27
2240	25
2241	32
2242	26
2243	23
2244	22
2245	22
2246	24
2247	22
2248	30
2249	26
2250	26
2251	25
2252	35
2253	20
2254	27
2255	26
2256	26
2257	24
2258	21
2259	24
2260	20
2261	21
2262	19
2263	19
2264	24
2265	18
2266	25
2267	27
2268	15
2269	31
2270	22
2271	24
2272	29
2273	19
2274	23
2275	17
2276	16
2277	28
2278	29
2279	21
2280	12
2281	27
2282	24
2283	19
2284	17
2285	20
2286	19
2287	19
2288	26
2289	20
2290	27
2291	28
2292	19
2293	17
2294	15
2295	31
2296	20
2297	29
2298	32
2299	32
2300	22
2301	17
2302	27
2303	23
2304	25
2305	13
2306	22
2307	23
2308	25
2309	27
2310	24
2311	23
2312	23
2313	19
2314	32
2315	19
2316	26
2317	25
2318	22
2319	20
2320	15
2321	20
2322	20
2323	24
2324	23
2325	26
2326	28
2327	33
2328	24
2329	24
2330	24
2331	19
2332	19
2333	19
2334	24
2335	23
2336	15
2337	27
2338	20
2339	21
2340	22
2341	23
2342	27
2343	23
2344	23
2345	29
2346	25
2347	20
2348	17
2349	16
2350	24
2351	12
2352	22
2353	17
2354	21
2355	24
2356	13
2357	22
2358	20
2359	25
2360	21
2361	28
2362	21
2363	16
2364	11
2365	19
2366	22
2367	15
2368	23
2369	25
2370	26
2371	11
2372	28
2373	23
2374	23
2375	19
2376	25
2377	17
2378	24
2379	21
2380	23
2381	22
2382	19
2383	23
2384	20
2385	25
2386	21
2387	19
2388	22
2389	19
2390	18
2391	30
2392	21
2393	23
2394	26
2395	14
2396	24
2397	28
2398	31
2399	18
2400	24
2401	24
2402	17
2403	20
2404	27
2405	23
2406	16
2407	20
2408	22
2409	20
2410	21
2411	22
2412	24
2413	19
2414	18
2415	18
2416	20
2417	22
2418	31
2419	20
2420	19
2421	15
2422	19
2423	22
2424	17
2425	20
2426	27
2427	20
2428	29
2429	29
2430	24
2431	23
2432	25
2433	23
2434	29
2435	19
2436	17
2437	26
2438	20
2439	16
2440	17
2441	21
2442	20
2443	19
2444	20
2445	30
2446	23
2447	12
2448	16
2449	27
2450	23
2451	20
2452	15
2453	20
2454	27
2455	13
2456	17
2457	21
2458	23
2459	20
2460	19
2461	17
2462	21
2463	21
2464	19
2465	23
2466	21
2467	26
2468	22
2469	25
2470	14
2471	19
2472	20
2473	19
2474	21
2475	32
2476	14
2477	36
2478	28
2479	13
2480	19
2481	29
2482	24
2483	22
2484	26
2485	23
2486	23
2487	17
2488	20
2489	17
2490	16
2491	14
2492	25
2493	30
2494	24
2495	21
2496	18
2497	20
2498	15
2499	18
2500	24
2501	19
2502	27
2503	12
2504	22
2505	15
2506	15
2507	22
2508	25
2509	25
2510	26
2511	20
2512	15
2513	26
2514	23
2515	18
2516	26
2517	20
2518	20
2519	19
2520	27
2521	23
2522	13
2523	25
2524	18
2525	13
2526	23
2527	25
2528	18
2529	19
2530	18
2531	25
2532	21
2533	20
2534	27
2535	14
2536	20
2537	23
2538	21
2539	23
2540	25
2541	26
2542	21
2543	25
2544	14
2545	29
2546	19
2547	15
2548	23
2549	9
2550	14
2551	22
2552	36
2553	20
2554	17
2555	30
2556	23
2557	19
2558	19
2559	21
2560	28
2561	20
2562	22
2563	16
2564	14
2565	22
2566	19
2567	31
2568	22
2569	19
2570	23
2571	9
2572	14
2573	23
2574	23
2575	20
2576	21
2577	25
2578	21
2579	21
2580	34
2581	31
2582	15
2583	24
2584	21
2585	22
2586	20
2587	19
2588	27
2589	19
2590	19
2591	28
2592	21
2593	16
2594	22
2595	22
2596	18
2597	25
2598	22
2599	19
2600	22
2601	26
2602	23
2603	19
2604	15
2605	31
2606	27
2607	20
2608	15
2609	27
2610	19
2611	37
2612	14
2613	26
2614	19
2615	23
2616	24
2617	22
2618	24
2619	17
2620	18
2621	17
2622	15
2623	27
2624	27
2625	17
2626	24
2627	21
2628	19
2629	19
2630	11
2631	21
2632	21
2633	30
2634	19
2635	18
2636	25
2637	28
2638	22
2639	19
2640	30
2641	18
2642	21
2643	22
2644	17
2645	15
2646	15
2647	21
2648	19
2649	23
2650	20
2651	22
2652	20
2653	17
2654	15
2655	13
2656	16
2657	18
2658	22
2659	22
2660	15
2661	22
2662	18
2663	20
2664	20
2665	28
2666	20
2667	23
2668	20
2669	33
2670	25
2671	18
2672	26
2673	14
2674	26
2675	22
2676	21
2677	21
2678	15
2679	19
2680	25
2681	21
2682	22
2683	26
2684	20
2685	19
2686	21
2687	20
2688	9
2689	18
2690	14
2691	20
2692	21
2693	29
2694	26
2695	12
2696	20
2697	21
2698	12
2699	22
2700	23
2701	18
2702	20
2703	18
2704	15
2705	21
2706	18
2707	18
2708	18
2709	15
2710	24
2711	18
2712	20
2713	21
2714	23
2715	22
2716	11
2717	23
2718	13
2719	13
2720	17
2721	15
2722	21
2723	25
2724	33
2725	26
2726	23
2727	23
2728	20
2729	17
2730	17
2731	19
2732	18
2733	13
2734	14
2735	21
2736	12
2737	18
2738	20
2739	17
2740	21
2741	20
2742	16
2743	19
2744	16
2745	19
2746	16
2747	24
2748	19
2749	15
2750	16
2751	19
2752	29
2753	19
2754	22
2755	23
2756	22
2757	13
2758	16
2759	18
2760	20
2761	20
2762	22
2763	21
2764	22
2765	20
2766	18
2767	15
2768	15
2769	20
2770	15
2771	13
2772	18
2773	15
2774	12
2775	19
2776	8
2777	19
2778	28
2779	17
2780	16
2781	14
2782	16
2783	18
2784	14
2785	23
2786	23
2787	16
2788	15
2789	19
2790	14
2791	28
2792	12
2793	23
2794	24
2795	13
2796	26
2797	18
2798	19
2799	20
2800	10
2801	14
2802	22
2803	14
2804	19
2805	26
2806	16
2807	18
2808	12
2809	23
2810	25
2811	17
2812	19
2813	21
2814	22
2815	18
2816	8
2817	22
2818	23
2819	17
2820	22
2821	9
2822	23
2823	9
2824	15
2825	22
2826	19
2827	22
2828	7
2829	29
2830	17
2831	24
2832	16
2833	20
2834	19
2835	22
2836	19
2837	13
2838	21
2839	14
2840	19
2841	15
2842	16
2843	13
2844	12
2845	18
2846	17
2847	10
2848	19
2849	8
2850	18
2851	18
2852	11
2853	20
2854	16
2855	15
2856	18
2857	15
2858	19
2859	12
2860	25
2861	20
2862	19
2863	17
2864	24
2865	20
2866	21
2867	20
2868	19
2869	23
2870	17
2871	11
2872	18
2873	17
2874	18
2875	17
2876	16
2877	17
2878	22
2879	17
2880	17
2881	11
2882	17
2883	22
2884	14
2885	18
2886	15
2887	17
2888	14
2889	12
2890	18
2891	14
2892	23
2893	11
2894	16
2895	25
2896	13
2897	26
2898	21
2899	15
2900	15
2901	11
2902	16
2903	18
2904	24
2905	11
2906	16
2907	14
2908	20
2909	22
2910	19
2911	13
2912	19
2913	15
2914	24
2915	15
2916	22
2917	17
2918	18
2919	16
2920	14
2921	17
2922	20
2923	9
2924	24
2925	20
2926	20
2927	16
2928	13
2929	17
2930	20
2931	10
2932	10
2933	14
2934	10
2935	14
2936	13
2937	15
2938	18
2939	13
2940	21
2941	16
2942	13
2943	12
2944	15
2945	14
2946	24
2947	25
2948	17
2949	22
2950	25
2951	23
2952	14
2953	16
2954	14
2955	19
2956	15
2957	14
2958	9
2959	11
2960	16
2961	13
2962	15
2963	12
2964	16
2965	23
2966	18
2967	24
2968	14
2969	18
2970	15
2971	26
2972	17
2973	11
2974	19
2975	16
2976	22
2977	12
2978	23
2979	18
2980	14
2981	18
2982	15
2983	11
2984	15
2985	11
2986	13
2987	28
2988	26
2989	19
2990	22
2991	18
2992	15
2993	12
2994	18
2995	18
2996	17
2997	12
2998	13
2999	20
3000	20
3001	18
3002	15
3003	19
3004	14
3005	21
3006	14
3007	11
3008	19
3009	17
3010	19
3011	14
3012	15
3013	16
3014	11
3015	21
3016	9
3017	23
3018	11
3019	18
3020	16
3021	13
3022	15
3023	13
3024	21
3025	16
3026	17
3027	20
3028	9
3029	21
3030	20
3031	13
3032	14
3033	18
3034	12
3035	19
3036	14
3037	13
3038	19
3039	19
3040	16
3041	14
3042	16
3043	15
3044	14
3045	15
3046	18
3047	14
3048	12
3049	16
3050	17
3051	19
3052	16
3053	18
3054	16
3055	26
3056	13
3057	15
3058	12
3059	12
3060	13
3061	23
3062	15
3063	13
3064	14
3065	16
3066	16
3067	18
3068	23
3069	15
3070	23
3071	15
3072	15
3073	13
3074	12
3075	13
3076	10
3077	18
3078	21
3079	17
3080	18
3081	17
3082	21
3083	18
3084	13
3085	20
3086	19
3087	16
3088	23
3089	10
3090	15
3091	18
3092	11
3093	13
3094	15
3095	12
3096	12
3097	18
3098	18
3099	22
3100	12
3101	11
3102	18
3103	18
3104	19
3105	19
3106	20
3107	18
3108	15
3109	17
3110	11
3111	14
3112	16
3113	21
3114	20
3115	14
3116	11
3117	15
3118	14
3119	11
3120	14
3121	10
3122	15
3123	19
3124	16
3125	18
3126	13
3127	17
3128	14
3129	16
3130	16
3131	17
3132	15
3133	17
3134	18
3135	23
3136	17
3137	16
3138	19
3139	19
3140	17
3141	23
3142	19
3143	19
3144	24
3145	21
3146	22
3147	19
3148	14
3149	14
3150	18
3151	14
3152	22
3153	31
3154	15
3155	18
3156	13
3157	14
3158	24
3159	16
3160	16
3161	13
3162	15
3163	19
3164	15
3165	20
3166	16
3167	24
3168	18
3169	14
3170	15
3171	17
3172	17
3173	14
3174	13
3175	22
3176	17
3177	20
3178	20
3179	15
3180	16
3181	9
3182	14
3183	18
3184	14
3185	20
3186	13
3187	23
3188	10
3189	11
3190	17
3191	11
3192	15
3193	11
3194	18
3195	20
3196	15
3197	19
3198	14
3199	20
3200	19
3201	10
3202	17
3203	13
3204	14
3205	14
3206	18
3207	18
3208	18
3209	15
3210	17
3211	14
3212	14
3213	16
3214	16
3215	16
3216	24
3217	23
3218	16
3219	27
3220	16
3221	13
3222	14
3223	14
3224	16
3225	14
3226	14
3227	11
3228	13
3229	19
3230	23
3231	19
3232	11
3233	22
3234	12
3235	18
3236	18
3237	20
3238	16
3239	16
3240	16
3241	13
3242	20
3243	15
3244	20
3245	20
3246	20
3247	17
3248	17
3249	16
3250	9
3251	10
3252	11
3253	17
3254	22
3255	16
3256	20
3257	16
3258	19
3259	8
3260	16
3261	8
3262	26
3263	13
3264	17
3265	12
3266	15
3267	13
3268	18
3269	13
3270	19
3271	12
3272	11
3273	17
3274	21
3275	12
3276	21
3277	12
3278	23
3279	14
3280	17
3281	22
3282	21
3283	14
3284	10
3285	12
3286	24
3287	12
3288	25
3289	19
3290	15
3291	17
3292	18
3293	14
3294	20
3295	16
3296	12
3297	13
3298	20
3299	13
3300	12
3301	17
3302	17
3303	15
3304	19
3305	27
3306	14
3307	14
3308	15
3309	17
3310	19
3311	17
3312	21
3313	24
3314	14
3315	11
3316	19
3317	12
3318	19
3319	20
3320	15
3321	16
3322	15
3323	26
3324	20
3325	23
3326	8
3327	31
3328	11
3329	22
3330	17
3331	20
3332	13
3333	23
3334	18
3335	13
3336	16
3337	10
3338	22
3339	12
3340	15
3341	14
3342	17
3343	25
3344	20
3345	16
3346	20
3347	21
3348	19
3349	17
3350	20
3351	20
3352	12
3353	10
3354	15
3355	16
3356	15
3357	21
3358	27
3359	16
3360	19
3361	13
3362	16
3363	20
3364	11
3365	13
3366	22
3367	22
3368	15
3369	15
3370	15
3371	12
3372	15
3373	16
3374	18
3375	16
3376	15
3377	9
3378	15
3379	14
3380	17
3381	17
3382	20
3383	18
3384	21
3385	12
3386	13
3387	18
3388	22
3389	19
3390	19
3391	19
3392	18
3393	17
3394	14
3395	18
3396	11
3397	18
3398	13
3399	11
3400	14
3401	12
3402	13
3403	11
3404	22
3405	12
3406	13
3407	13
3408	22
3409	15
3410	13
3411	14
3412	18
3413	12
3414	19
3415	16
3416	17
3417	20
3418	11
3419	13
3420	22
3421	20
3422	14
3423	20
3424	15
3425	12
3426	25
3427	20
3428	16
3429	20
3430	22
3431	22
3432	11
3433	13
3434	18
3435	18
3436	16
3437	14
3438	18
3439	12
3440	23
3441	25
3442	22
3443	14
3444	17
3445	19
3446	15
3447	24
3448	18
3449	14
3450	15
3451	14
3452	16
3453	21
3454	16
3455	16
3456	23
3457	14
3458	21
3459	21
3460	15
3461	13
3462	18
3463	16
3464	19
3465	11
3466	16
3467	20
3468	17
3469	11
3470	9
3471	22
3472	25
3473	20
3474	16
3475	19
3476	15
3477	17
3478	19
3479	15
3480	13
3481	15
3482	15
3483	20
3484	21
3485	25
3486	12
3487	17
3488	19
3489	16
3490	21
3491	15
3492	12
3493	16
3494	17
3495	17
3496	17
3497	21
3498	15
3499	17
3500	18
3501	19
3502	15
3503	16
3504	15
3505	25
3506	11
3507	17
3508	16
3509	18
3510	19
3511	15
3512	16
3513	15
3514	18
3515	20
3516	18
3517	16
3518	24
3519	21
3520	14
3521	17
3522	15
3523	23
3524	25
3525	16
3526	27
3527	18
3528	20
3529	25
3530	8
3531	15
3532	24
3533	21
3534	17
3535	19
3536	19
3537	18
3538	17
3539	18
3540	19
3541	18
3542	11
3543	12
3544	10
3545	22
3546	30
3547	12
3548	28
3549	20
3550	15
3551	16
3552	19
3553	14
3554	15
3555	20
3556	19
3557	18
3558	27
3559	12
3560	17
3561	16
3562	13
3563	20
3564	19
3565	18
3566	19
3567	20
3568	19
3569	16
3570	13
3571	17
3572	28
3573	23
3574	18
3575	19
3576	24
3577	21
3578	22
3579	17
3580	12
3581	11
3582	20
3583	14
3584	16
3585	17
3586	16
3587	17
3588	11
3589	18
3590	23
3591	21
3592	20
3593	20
3594	23
3595	17
3596	28
3597	16
3598	28
3599	18
3600	19
3601	17
3602	18
3603	23
3604	10
3605	16
3606	23
3607	17
3608	23
3609	13
3610	19
3611	16
3612	19
3613	20
3614	20
3615	22
3616	23
3617	19
3618	21
3619	20
3620	16
3621	21
3622	22
3623	19
3624	16
3625	12
3626	20
3627	21
3628	24
3629	16
3630	19
3631	23
3632	15
3633	15
3634	27
3635	23
3636	24
3637	16
3638	15
3639	15
3640	16
3641	11
3642	18
3643	18
3644	25
3645	18
3646	20
3647	19
3648	16
3649	19
3650	28
3651	12
3652	14
3653	19
3654	20
3655	15
3656	19
3657	18
3658	17
3659	25
3660	19
3661	18
3662	17
3663	23
3664	22
3665	29
3666	16
3667	21
3668	10
3669	20
3670	15
3671	23
3672	11
3673	18
3674	10
3675	15
3676	16
3677	22
3678	19
3679	20
3680	20
3681	20
3682	12
3683	23
3684	18
3685	18
3686	19
3687	17
3688	21
3689	18
3690	28
3691	17
3692	20
3693	15
3694	22
3695	16
3696	16
3697	11
3698	25
3699	13
3700	15
3701	14
3702	19
3703	19
3704	14
3705	23
3706	14
3707	15
3708	21
3709	16
3710	23
3711	16
3712	11
3713	21
3714	17
3715	22
3716	22
3717	26
3718	22
3719	15
3720	20
3721	16
3722	16
3723	24
3724	18
3725	18
3726	18
3727	18
3728	20
3729	17
3730	9
3731	22
3732	17
3733	13
3734	26
3735	11
3736	22
3737	23
3738	18
3739	22
3740	15
3741	21
3742	19
3743	22
3744	13
3745	15
3746	17
3747	20
3748	19
3749	14
3750	20
3751	13
3752	26
3753	19
3754	23
3755	18
3756	16
3757	14
3758	14
3759	18
3760	22
3761	16
3762	12
3763	25
3764	12
3765	17
3766	18
3767	13
3768	17
3769	18
3770	15
3771	14
3772	26
3773	23
3774	26
3775	17
3776	20
3777	13
3778	13
3779	18
3780	19
3781	28
3782	12
3783	18
3784	23
3785	22
3786	17
3787	25
3788	19
3789	17
3790	18
3791	20
3792	19
3793	23
3794	15
3795	24
3796	18
3797	25
3798	27
3799	17
3800	23
3801	27
3802	23
3803	23
3804	18
3805	23
3806	20
3807	28
3808	15
3809	17
3810	18
3811	22
3812	29
3813	20
3814	16
3815	16
3816	21
3817	15
3818	31
3819	23
3820	19
3821	24
3822	21
3823	20
3824	13
3825	17
3826	29
3827	19
3828	16
3829	20
3830	19
3831	16
3832	20
3833	21
3834	22
3835	29
3836	9
3837	18
3838	18
3839	14
3840	25
3841	14
3842	16
3843	20
3844	20
3845	15
3846	24
3847	16
3848	27
3849	24
3850	22
3851	22
3852	20
3853	21
3854	19
3855	21
3856	24
3857	18
3858	17
3859	23
3860	19
3861	23
3862	24
3863	15
3864	21
3865	23
3866	19
3867	24
3868	24
3869	24
3870	19
3871	21
3872	12
3873	25
3874	26
3875	24
3876	20
3877	23
3878	20
3879	23
3880	30
3881	25
3882	21
3883	23
3884	21
3885	17
3886	34
3887	23
3888	19
3889	22
3890	31
3891	29
3892	27
3893	20
3894	20
3895	24
3896	26
3897	21
3898	21
3899	26
3900	30
3901	26
3902	29
3903	26
3904	24
3905	26
3906	21
3907	20
3908	24
3909	20
3910	21
3911	27
3912	15
3913	22
3914	25
3915	24
3916	25
3917	27
3918	20
3919	18
3920	27
3921	21
3922	27
3923	27
3924	19
3925	26
3926	25
3927	25
3928	20
3929	32
3930	24
3931	17
3932	17
3933	30
3934	26
3935	30
3936	24
3937	26
3938	33
3939	24
3940	31
3941	24
3942	22
3943	26
3944	27
3945	36
3946	29
3947	26
3948	18
3949	25
3950	31
3951	26
3952	27
3953	31
3954	32
3955	21
3956	26
3957	40
3958	37
3959	27
3960	30
3961	33
3962	30
3963	27
3964	29
3965	32
3966	27
3967	27
3968	29
3969	26
3970	31
3971	39
3972	24
3973	36
3974	24
3975	31
3976	31
3977	29
3978	20
3979	22
3980	25
3981	31
3982	39
3983	26
3984	34
3985	24
3986	31
3987	23
3988	38
3989	41
3990	27
3991	26
3992	35
3993	46
3994	29
3995	33
3996	27
3997	32
3998	27
3999	21
4000	34
4001	32
4002	36
4003	30
4004	31
4005	35
4006	33
4007	37
4008	19
4009	25
4010	32
4011	35
4012	30
4013	31
4014	35
4015	24
4016	37
4017	39
4018	29
4019	28
4020	34
4021	37
4022	25
4023	29
4024	27
4025	34
4026	48
4027	32
4028	29
4029	17
4030	22
4031	38
4032	32
4033	42
4034	34
4035	28
4036	31
4037	31
4038	25
4039	40
4040	33
4041	37
4042	30
4043	29
4044	34
4045	31
4046	28
4047	33
4048	32
4049	38
4050	31
4051	38
4052	36
4053	35
4054	33
4055	33
4056	37
4057	45
4058	25
4059	28
4060	34
4061	24
4062	32
4063	35
4064	42
4065	28
4066	34
4067	31
4068	26
4069	32
4070	27
4071	32
4072	38
4073	36
4074	28
4075	36
4076	42
4077	43
4078	43
4079	35
4080	45
4081	37
4082	31
4083	38
4084	41
4085	28
4086	37
4087	41
4088	29
4089	50
4090	33
4091	45
4092	28
4093	30
4094	42
4095	32
4096	30
4097	30
4098	34
4099	40
4100	42
4101	34
4102	42
4103	29
4104	34
4105	27
4106	33
4107	33
4108	32
4109	35
4110	32
4111	39
4112	37
4113	25
4114	30
4115	26
4116	37
4117	29
4118	38
4119	23
4120	24
4121	32
4122	38
4123	28
4124	31
4125	28
4126	31
4127	41
4128	28
4129	40
4130	31
4131	39
4132	26
4133	35
4134	36
4135	24
4136	32
4137	32
4138	32
4139	39
4140	31
4141	26
4142	24
4143	24
4144	32
4145	27
4146	27
4147	33
4148	35
4149	34
4150	27
4151	33
4152	34
4153	21
4154	27
4155	30
4156	33
4157	34
4158	31
4159	36
4160	23
4161	36
4162	28
4163	33
4164	27
4165	25
4166	29
4167	25
4168	29
4169	27
4170	38
4171	24
4172	20
4173	33
4174	27
4175	26
4176	28
4177	31
4178	33
4179	29
4180	31
4181	39
4182	24
4183	22
4184	26
4185	24
4186	29
4187	19
4188	28
4189	19
4190	32
4191	24
4192	32
4193	27
4194	25
4195	22
4196	22
4197	28
4198	31
4199	25
4200	25
4201	31
4202	34
4203	20
4204	29
4205	31
4206	21
4207	33
4208	22
4209	21
4210	25
4211	30
4212	27
4213	20
4214	14
4215	20
4216	19
4217	29
4218	19
4219	25
4220	18
4221	19
4222	27
4223	22
4224	22
4225	20
4226	16
4227	19
4228	22
4229	17
4230	16
4231	20
4232	16
4233	19
4234	24
4235	18
4236	21
4237	21
4238	19
4239	15
4240	24
4241	16
4242	19
4243	26
4244	26
4245	19
4246	21
4247	21
4248	17
4249	12
4250	18
4251	18
4252	17
4253	19
4254	13
4255	21
4256	12
4257	17
4258	11
4259	16
4260	18
4261	14
4262	19
4263	9
4264	12
4265	10
4266	9
4267	15
4268	13
4269	10
4270	10
4271	13
4272	17
4273	16
4274	17
4275	16
4276	15
4277	18
4278	15
4279	11
4280	12
4281	13
4282	7
4283	20
4284	12
4285	14
4286	12
4287	9
4288	16
4289	13
4290	9
4291	10
4292	5
4293	12
4294	11
4295	9
4296	7
4297	8
4298	8
4299	5
4300	11
4301	15
4302	12
4303	8
4304	11
4305	11
4306	4
4307	3
4308	11
4309	6
4310	8
4311	9
4312	7
4313	8
4314	10
4315	4
4316	10
4317	5
4318	9
4319	14
4320	11
4321	13
4322	9
4323	5
4324	3
4325	11
4326	9
4327	6
4328	8
4329	5
4330	6
4331	6
4332	13
4333	6
4334	4
4335	7
4336	6
4337	6
4338	9
4339	6
4340	2
4341	4
4342	6
4343	3
4344	6
4345	4
4346	8
4347	8
4348	4
4349	5
4350	4
4351	4
4352	2
4353	9
4354	3
4355	7
4356	5
4357	2
4358	5
4359	10
4360	2
4361	3
4362	8
4363	6
4364	6
4365	5
4366	7
4367	8
4368	5
4369	8
4370	6
4371	3
4372	1
4373	4
4374	2
4375	2
4376	7
4377	3
4378	4
4379	7
4380	2
4381	6
4382	1
4383	5
4384	4
4385	1
4386	2
4387	7
4388	3
4389	5
4390	2
4391	2
4392	3
4393	1
4394	2
4395	3
4396	6
4397	0
4398	1
4399	2
4400	2
4401	5
4402	2
4403	1
4404	3
4405	2
4406	1
4407	2
4408	4
4409	3
4410	1
4411	0
4412	3
4413	3
4414	1
4415	0
4416	2
4417	2
4418	2
4419	0
4420	3
4421	1
4422	0
4423	2
4424	4
4425	2
4426	3
4427	1
4428	1
4429	1
4430	3
4431	2
4432	2
4433	2
4434	0
4435	2
4436	2
4437	3
4438	2
4439	2
4440	1
4441	2
4442	2
4443	0
4444	3
4445	0
4446	0
4447	1
4448	3
4449	1
4450	0
4451	1
4452	1
4453	1
4454	1
4455	2
4456	1
4457	1
4458	3
4459	4
4460	1
4461	1
4462	0
4463	2
4464	4
4465	4
4466	0
4467	2
4468	1
4469	1
4470	1
4471	3
4472	1
4473	0
4474	2
4475	2
4476	0
4477	4
4478	1
4479	0
4480	2
4481	2
4482	0
4483	0
4484	2
4485	4
4486	0
4487	1
4488	2
4489	2
4490	0
4491	0
4492	1
4493	1
4494	1
4495	1
4496	0
4497	0
4498	1
4499	1
4500	0
4501	1
4502	0
4503	0
4504	0
4505	1
4506	2
4507	0
4508	1
4509	1
4510	1
4511	1
4512	1
4513	1
4514	0
4515	0
4516	1
4517	1
4518	0
4519	2
4520	0
4521	0
4522	1
4523	1
4524	0
4525	1
4526	1
4527	1
4528	0
4529	2
4530	0
4531	3
4532	2
4533	1
4534	2
4535	1
4536	1
4537	2
4538	0
4539	1
4540	2
4541	1
4542	1
4543	0
4544	2
4545	1
4546	1
4547	1
4548	0
4549	1
4550	0
4551	0
4552	0
4553	1
4554	1
4555	0
4556	1
4557	0
4558	1
4559	1
4560	0
4561	1
4562	3
4563	0
4564	2
4565	3
4566	0
4567	0
4568	1
4569	2
4570	1
4571	1
4572	0
4573	1
4574	1
4575	1
4576	1
4577	0
4578	1
4579	0
4580	0
4581	3
4582	0
4583	1
4584	3
4585	0
4586	2
4587	1
4588	0
4589	1
4590	1
4591	0
4592	1
4593	2
4594	2
4595	0
4596	3
4597	1
4598	1
4599	4
4600	1
4601	1
4602	0
4603	1
4604	0
4605	0
4606	1
4607	1
4608	1
4609	1
4610	0
4611	0
4612	1
4613	0
4614	1
4615	1
4616	1
4617	0
4618	2
4619	0
4620	1
4621	0
4622	0
4623	3
4624	1
4625	1
4626	2
4627	2
4628	0
4629	1
4630	2
4631	0
4632	1
4633	0
4634	0
4635	1
4636	2
4637	4
4638	0
4639	2
4640	1
4641	0
4642	2
4643	2
4644	0
4645	1
4646	2
4647	1
4648	0
4649	1
4650	1
4651	2
4652	0
4653	0
4654	1
4655	0
4656	1
4657	1
4658	0
4659	3
4660	0
4661	2
4662	1
4663	1
4664	0
4665	0
4666	1
4667	1
4668	0
4669	0
4670	0
4671	1
4672	3
4673	1
4674	1
4675	0
4676	1
4677	0
4678	0
4679	1
4680	0
4681	1
4682	2
4683	3
4684	0
4685	0
4686	0
4687	0
4688	1
4689	0
4690	0
4691	4
4692	2
4693	0
4694	1
4695	1
4696	2
4697	1
4698	0
4699	0
4700	1
4701	1
4702	1
4703	0
4704	1
4705	1
4706	0
4707	2
4708	1
4709	0
4710	0
4711	1
4712	0
4713	3
4714	0
4715	1
4716	0
4717	1
4718	1
4719	1
4720	1
4721	1
4722	1
4723	1
4724	0
4725	1
4726	1
4727	1
4728	2
4729	1
4730	1
4731	1
4732	0
4733	3
4734	0
4735	0
4736	1
4737	1
4738	0
4739	1
4740	1
4741	1
4742	1
4743	0
4744	0
4745	3
4746	1
4747	1
4748	1
4749	2
4750	2
4751	0
4752	0
4753	0
4754	1
4755	2
4756	1
4757	1
4758	0
4759	1
4760	1
4761	0
4762	2
4763	0
4764	1
4765	1
4766	0
4767	2
4768	0
4769	0
4770	1
4771	2
4772	1
4773	3
4774	0
4775	1
4776	1
4777	0
4778	0
4779	3
4780	0
4781	0
4782	0
4783	2
4784	0
4785	1
4786	2
4787	1
4788	1
4789	1
4790	1
4791	1
4792	1
4793	2
4794	0
4795	1
4796	0
4797	0
4798	1
4799	1
4800	0
4801	0
4802	2
4803	0
4804	0
4805	0
4806	2
4807	1
4808	3
4809	0
4810	0
4811	1
4812	1
4813	0
4814	2
4815	0
4816	0
4817	0
4818	1
4819	1
4820	2
4821	1
4822	1
4823	0
4824	1
4825	0
4826	0
4827	1
4828	0
4829	0
4830	2
4831	2
4832	0
4833	0
4834	0
4835	0
4836	0
4837	1
4838	4
4839	0
4840	0
4841	0
4842	0
4843	0
4844	0
4845	1
4846	2
4847	0
4848	1
4849	0
4850	2
4851	0
4852	0
4853	0
4854	0
4855	1
4856	2
4857	0
4858	1
4859	0
4860	1
4861	0
4862	0
4863	1
4864	2
4865	0
4866	2
4867	0
4868	1
4869	1
4870	1
4871	1
4872	0
4873	1
4874	1
4875	1
4876	0
4877	1
4878	0
4879	1
4880	0
4881	0
4882	0
4883	1
4884	3
4885	1
4886	1
4887	0
4888	0
4889	0
4890	1
4891	1
4892	0
4893	0
4894	1
4895	0
4896	1
4897	0
4898	0
4899	2
4900	0
4901	2
4902	1
4903	2
4904	0
4905	0
4906	0
4907	1
4908	1
4909	2
4910	1
4911	2
4912	1
4913	3
4914	0
4915	0
4916	0
4917	0
4918	2
4919	0
4920	2
4921	0
4922	1
4923	1
4924	0
4925	1
4926	2
4927	0
4928	0
4929	1
4930	0
4931	1
4932	0
4933	0
4934	2
4935	1
4936	1
4937	0
4938	0
4939	1
4940	0
4941	0
4942	1
4943	0
4944	1
4945	0
4946	1
4947	0
4948	2
4949	1
4950	2
4951	0
4952	3
4953	0
4954	0
4955	1
4956	0
4957	1
4958	1
4959	0
4960	1
4961	0
4962	2
4963	3
4964	0
4965	1
4966	2
4967	0
4968	0
4969	1
4970	0
4971	0
4972	0
4973	0
4974	0
4975	0
4976	0
4977	1
4978	0
4979	0
4980	1
4981	0
4982	0
4983	0
4984	0
4985	1
4986	1
4987	2
4988	0
4989	1
4990	1
4991	1
4992	2
4993	0
4994	1
4995	1
4996	0
4997	0
4998	1
4999	0
5000	1
5001	0
5002	1
5003	1
5004	2
5005	1
5006	1
5007	0
5008	2
5009	1
5010	1
5011	0
5012	1
5013	1
5014	1
5015	2
5016	1
5017	1
5018	0
5019	0
5020	0
5021	0
5022	1
5023	0
5024	0
5025	2
5026	0
5027	1
5028	1
5029	3
5030	1
5031	0
5032	0
5033	1
5034	2
5035	1
5036	0
5037	1
5038	2
5039	1
5040	2
5041	2
5042	0
5043	0
5044	0
5045	0
5046	0
5047	1
5048	0
5049	0
5050	1
5051	1
5052	0
5053	2
5054	0
5055	2
5056	0
5057	0
5058	0
5059	0
5060	0
5061	3
5062	1
5063	0
5064	1
5065	1
5066	0
5067	0
5068	0
5069	1
5070	1
5071	3
5072	0
5073	0
5074	1
5075	0
5076	0
5077	1
5078	0
5079	0
5080	0
5081	0
5082	0
5083	0
5084	1
5085	2
5086	0
5087	3
5088	0
5089	0
5090	2
5091	0
5092	1
5093	1
5094	0
5095	1
5096	1
5097	1
5098	2
5099	1
5100	0
5101	1
5102	2
5103	0
5104	0
5105	1
5106	1
5107	2
5108	1
5109	0
5110	1
5111	0
5112	0
5113	0
5114	1
5115	1
5116	0
5117	2
5118	0
5119	1
5120	0
5121	3
5122	0
5123	0
5124	0
5125	1
5126	0
5127	0
5128	2
5129	0
5130	0
5131	3
5132	0
5133	0
5134	2
5135	1
5136	0
5137	0
5138	1
5139	0
5140	1
5141	0
5142	1
5143	1
5144	0
5145	0
5146	2
5147	2
5148	1
5149	0
5150	0
5151	0
5152	0
5153	0
5154	0
5155	1
5156	1
5157	1
5158	1
5159	0
5160	3
5161	1
5162	1
5163	0
5164	1
5165	3
5166	1
5167	0
5168	0
5169	1
5170	2
5171	0
5172	0
5173	1
5174	0
5175	3
5176	0
5177	1
5178	0
5179	1
5180	0
5181	2
5182	0
5183	1
5184	0
5185	1
5186	0
5187	1
5188	0
5189	1
5190	1
5191	1
5192	1
5193	0
5194	1
5195	0
5196	0
5197	1
5198	0
5199	1
5200	1
5201	0
5202	0
5203	0
5204	1
5205	3
5206	2
5207	1
5208	0
5209	2
5210	0
5211	0
5212	0
5213	0
5214	1
5215	0
5216	1
5217	0
5218	0
5219	1
5220	0
5221	1
5222	0
5223	0
5224	0
5225	2
5226	2
5227	0
5228	2
5229	1
5230	0
5231	1
5232	1
5233	0
5234	1
5235	3
5236	1
5237	0
5238	0
5239	2
5240	4
5241	1
5242	0
5243	0
5244	1
5245	1
5246	1
5247	0
5248	2
5249	0
5250	0
5251	0
5252	3
5253	0
5254	2
5255	1
5256	0
5257	0
5258	1
5259	0
5260	0
5261	0
5262	1
5263	1
5264	2
5265	0
5266	0
5267	0
5268	1
5269	0
5270	2
5271	1
5272	1
5273	0
5274	1
5275	0
5276	0
5277	2
5278	0
5279	0
5280	1
5281	1
5282	0
5283	1
5284	0
5285	0
5286	0
5287	0
5288	0
5289	2
5290	1
5291	1
5292	0
5293	0
5294	1
5295	0
5296	1
5297	1
5298	0
5299	0
5300	0
5301	1
5302	0
5303	0
5304	2
5305	0
5306	2
5307	0
5308	1
5309	2
5310	0
5311	0
5312	1
5313	1
5314	2
5315	0
5316	1
5317	0
5318	0
5319	0
5320	0
5321	0
5322	1
5323	0
5324	0
5325	0
5326	0
5327	0
5328	0
5329	1
5330	0
5331	3
5332	0
5333	0
5334	2
5335	0
5336	0
5337	1
5338	0
5339	0
5340	0
5341	0
5342	0
5343	0
5344	1
5345	0
5346	0
5347	1
5348	0
5349	1
5350	1
5351	1
5352	0
5353	1
5354	0
5355	0
5356	1
5357	3
5358	0
5359	1
5360	2
5361	0
5362	0
5363	0
5364	1
5365	3
5366	0
5367	1
5368	0
5369	1
5370	0
5371	0
5372	2
5373	2
5374	2
5375	0
5376	0
5377	2
5378	1
5379	0
5380	2
5381	2
5382	0
5383	0
5384	0
5385	2
5386	0
5387	1
5388	0
5389	2
5390	1
5391	0
5392	0
5393	2
5394	1
5395	0
5396	1
5397	0
5398	0
5399	1
5400	0
5401	1
5402	1
5403	0
5404	1
5405	0
5406	0
5407	1
5408	1
5409	1
5410	1
5411	1
5412	0
5413	0
5414	0
5415	1
5416	1
5417	2
5418	2
5419	1
5420	0
5421	2
5422	0
5423	4
5424	0
5425	0
5426	0
5427	0
5428	0
5429	0
5430	0
5431	0
5432	0
5433	0
5434	1
5435	0
5436	0
5437	0
5438	0
5439	1
5440	0
5441	1
5442	2
5443	1
5444	1
5445	0
5446	0
5447	2
5448	0
5449	0
5450	2
5451	1
5452	1
5453	0
5454	1
5455	0
5456	0
5457	1
5458	0
5459	1
5460	1
5461	1
5462	1
5463	1
5464	1
5465	1
5466	0
5467	2
5468	0
5469	0
5470	0
5471	0
5472	0
5473	0
5474	2
5475	1
5476	0
5477	1
5478	2
5479	2
5480	1
5481	0
5482	0
5483	1
5484	2
5485	0
5486	1
5487	1
5488	1
5489	0
5490	0
5491	0
5492	0
5493	2
5494	0
5495	1
5496	0
5497	1
5498	0
5499	1
5500	0
5501	0
5502	0
5503	0
5504	1
5505	1
5506	1
5507	0
5508	0
5509	3
5510	1
5511	2
5512	1
5513	1
5514	2
5515	1
5516	0
5517	0
5518	0
5519	1
5520	1
5521	0
5522	0
5523	0
5524	0
5525	3
5526	2
5527	0
5528	0
5529	0
5530	0
5531	0
5532	0
5533	3
5534	3
5535	1
5536	2
5537	0
5538	2
5539	0
5540	1
5541	0
5542	1
5543	0
5544	0
5545	2
5546	0
5547	0
5548	1
5549	1
5550	2
5551	0
5552	0
5553	0
5554	0
5555	0
5556	0
5557	0
5558	2
5559	0
5560	0
5561	2
5562	0
5563	1
5564	0
5565	0
5566	0
5567	1
5568	0
5569	0
5570	1
5571	1
5572	1
5573	1
5574	0
5575	1
5576	1
5577	1
5578	0
5579	1
5580	1
5581	0
5582	1
5583	1
5584	2
5585	0
5586	1
5587	2
5588	0
5589	0
5590	1
5591	0
5592	0
5593	0
5594	1
5595	0
5596	2
5597	1
5598	0
5599	0
5600	1
5601	1
5602	1
5603	0
5604	1
5605	1
5606	2
5607	0
5608	1
5609	1
5610	1
5611	2
5612	1
5613	1
5614	0
5615	0
5616	1
5617	1
5618	0
5619	0
5620	0
5621	1
5622	1
5623	0
5624	0
5625	0
5626	1
5627	0
5628	0
5629	0
5630	0
5631	0
5632	2
5633	0
5634	0
5635	2
5636	0
5637	1
5638	0
5639	2
5640	1
5641	1
5642	0
5643	0
5644	0
5645	1
5646	0
5647	0
5648	2
5649	0
5650	1
5651	0
5652	2
5653	0
5654	0
5655	1
5656	0
5657	1
5658	1
5659	1
5660	3
5661	0
5662	1
5663	0
5664	0
5665	1
5666	3
5667	0
5668	2
5669	1
5670	0
5671	0
5672	0
5673	0
5674	2
5675	1
5676	2
5677	0
5678	0
5679	1
5680	0
5681	0
5682	1
5683	1
5684	0
5685	0
5686	1
5687	0
5688	0
5689	0
5690	1
5691	0
5692	1
5693	0
5694	0
5695	1
5696	2
5697	1
5698	1
5699	1
5700	1
5701	0
5702	1
5703	1
5704	0
5705	2
5706	0
5707	1
5708	1
5709	1
5710	0
5711	2
5712	0
5713	1
5714	0
5715	2
5716	1
5717	0
5718	1
5719	4
5720	1
5721	0
5722	2
5723	0
5724	2
5725	0
5726	0
5727	1
5728	0
5729	0
5730	2
5731	1
5732	4
5733	0
5734	0
5735	0
5736	2
5737	0
5738	0
5739	0
5740	0
5741	0
5742	1
5743	1
5744	4
5745	1
5746	2
5747	1
5748	0
5749	0
5750	1
5751	1
5752	0
5753	1
5754	1
5755	1
5756	1
5757	0
5758	0
5759	0
5760	0
5761	0
5762	1
5763	0
5764	0
5765	0
5766	1
5767	1
5768	0
5769	0
5770	0
5771	2
5772	0
5773	0
5774	1
5775	1
5776	1
5777	0
5778	1
5779	0
5780	2
5781	0
5782	0
5783	0
5784	1
5785	1
5786	1
5787	3
5788	1
5789	0
5790	0
5791	1
5792	1
5793	1
5794	0
5795	0
5796	0
5797	0
5798	1
5799	2
5800	1
5801	0
5802	1
5803	1
5804	0
5805	0
5806	0
5807	2
5808	1
5809	0
5810	0
5811	1
5812	1
5813	0
5814	0
5815	0
5816	1
5817	0
5818	1
5819	0
5820	0
5821	1
5822	1
5823	0
5824	1
5825	0
5826	0
5827	2
5828	1
5829	1
5830	0
5831	1
5832	1
5833	1
5834	1
5835	0
5836	0
5837	0
5838	0
5839	0
5840	1
5841	0
5842	0
5843	0
5844	2
5845	0
5846	2
5847	0
5848	1
5849	0
5850	1
5851	2
5852	1
5853	0
5854	0
5855	0
5856	0
5857	0
5858	3
5859	0
5860	1
5861	0
5862	1
5863	0
5864	1
5865	1
5866	2
5867	1
5868	0
5869	0
5870	0
5871	0
5872	0
5873	0
5874	0
5875	0
5876	2
5877	1
5878	2
5879	0
5880	0
5881	2
5882	0
5883	1
5884	0
5885	1
5886	0
5887	0
5888	0
5889	2
5890	1
5891	0
5892	2
5893	2
5894	0
5895	0
5896	0
5897	1
5898	1
5899	3
5900	1
5901	2
5902	1
5903	0
5904	1
5905	1
5906	0
5907	1
5908	1
5909	0
5910	3
5911	0
5912	3
5913	0
5914	0
5915	0
5916	3
5917	0
5918	2
5919	1
5920	0
5921	1
5922	0
5923	0
5924	1
5925	0
5926	1
5927	0
5928	0
5929	1
5930	0
5931	2
5932	2
5933	1
5934	0
5935	0
5936	0
5937	0
5938	0
5939	1
5940	0
5941	0
5942	0
5943	0
5944	0
5945	1
5946	0
5947	0
5948	2
5949	1
5950	1
5951	1
5952	0
5953	1
5954	2
5955	0
5956	0
5957	1
5958	1
5959	0
5960	0
5961	2
5962	0
5963	0
5964	2
5965	0
5966	1
5967	0
5968	0
5969	2
5970	0
5971	1
5972	1
5973	1
5974	1
5975	0
5976	0
5977	0
5978	1
5979	0
5980	2
5981	1
5982	2
5983	0
5984	2
5985	0
5986	3
5987	1
5988	0
5989	0
5990	3
5991	3
5992	0
5993	0
5994	1
5995	0
5996	0
5997	0
5998	0
5999	2
6000	0
6001	1
6002	0
6003	1
6004	2
6005	0
6006	0
6007	2
6008	0
6009	2
6010	2
6011	0
6012	0
6013	1
6014	1
6015	1
6016	0
6017	1
6018	1
6019	0
6020	0
6021	1
6022	1
6023	0
6024	1
6025	2
6026	0
6027	0
6028	0
6029	0
6030	0
6031	0
6032	1
6033	1
6034	1
6035	2
6036	0
6037	1
6038	1
6039	1
6040	2
6041	0
6042	0
6043	1
6044	0
6045	3
6046	0
6047	1
6048	1
6049	0
6050	0
6051	0
6052	1
6053	0
6054	1
6055	0
6056	0
6057	0
6058	0
6059	1
6060	0
6061	0
6062	0
6063	1
6064	1
6065	0
6066	3
6067	0
6068	2
6069	0
6070	2
6071	0
6072	1
6073	0
6074	2
6075	0
6076	0
6077	3
6078	0
6079	0
6080	0
6081	1
6082	0
6083	0
6084	0
6085	0
6086	0
6087	1
6088	1
6089	1
6090	0
6091	0
6092	0
6093	1
6094	0
6095	0
6096	0
6097	0
6098	1
6099	0
6100	0
6101	0
6102	0
6103	1
6104	0
6105	2
6106	0
6107	1
6108	0
6109	0
6110	0
6111	0
6112	0
6113	0
6114	0
6115	1
6116	2
6117	0
6118	1
6119	1
6120	2
6121	0
6122	0
6123	1
6124	0
6125	0
6126	0
6127	0
6128	2
6129	3
6130	0
6131	1
6132	1
6133	0
6134	0
6135	1
6136	0
6137	0
6138	1
6139	1
6140	1
6141	1
6142	2
6143	0
6144	0
6145	0
6146	1
6147	0
6148	0
6149	0
6150	0
6151	0
6152	0
6153	1
6154	0
6155	0
6156	0
6157	0
6158	1
6159	0
6160	0
6161	0
6162	1
6163	1
6164	0
6165	1
6166	0
6167	0
6168	0
6169	1
6170	1
6171	0
6172	1
6173	0
6174	0
6175	0
6176	0
6177	1
6178	1
6179	0
6180	0
6181	1
6182	0
6183	0
6184	0
6185	1
6186	0
6187	0
6188	0
6189	0
6190	1
6191	1
6192	1
6193	1
6194	1
6195	0
6196	0
6197	0
6198	0
6199	0
6200	0
6201	1
6202	0
6203	0
6204	2
6205	0
6206	1
6207	1
6208	0
6209	0
6210	1
6211	1
6212	0
6213	2
6214	1
6215	1
6216	3
6217	0
6218	1
6219	0
6220	2
6221	0
6222	1
6223	0
6224	0
6225	1
6226	3
6227	0
6228	0
6229	1
6230	0
6231	0
6232	1
6233	0
6234	1
6235	0
6236	0
6237	1
6238	1
6239	1
6240	1
6241	0
6242	0
6243	1
6244	0
6245	1
6246	0
6247	0
6248	0
6249	0
6250	0
6251	1
6252	0
6253	0
6254	0
6255	0
6256	2
6257	0
6258	0
6259	1
6260	1
6261	1
6262	0
6263	0
6264	0
6265	1
6266	0
6267	1
6268	0
6269	1
6270	0
6271	1
6272	0
6273	0
6274	0
6275	0
6276	0
6277	0
6278	1
6279	1
6280	2
6281	0
6282	0
6283	1
6284	0
6285	0
6286	0
6287	0
6288	0
6289	0
6290	1
6291	0
6292	1
6293	0
6294	0
6295	0
6296	0
6297	0
6298	0
6299	0
6300	1
6301	1
6302	1
6303	0
6304	0
6305	0
6306	0
6307	1
6308	1
6309	0
6310	1
6311	1
6312	0
6313	0
6314	0
6315	1
6316	1
6317	0
6318	2
6319	0
6320	0
6321	0
6322	0
6323	0
6324	3
6325	1
6326	0
6327	0
6328	0
6329	1
6330	0
6331	0
6332	1
6333	0
6334	0
6335	1
6336	2
6337	0
6338	0
6339	0
6340	0
6341	0
6342	0
6343	0
6344	0
6345	0
6346	0
6347	1
6348	2
6349	0
6350	0
6351	0
6352	2
6353	1
6354	0
6355	0
6356	0
6357	0
6358	1
6359	0
6360	0
6361	2
6362	1
6363	0
6364	0
6365	1
6366	3
6367	0
6368	1
6369	1
6370	1
6371	1
6372	0
6373	0
6374	0
6375	0
6376	1
6377	1
6378	0
6379	0
6380	0
6381	0
6382	0
6383	1
6384	2
6385	0
6386	1
6387	0
6388	0
6389	2
6390	0
6391	0
6392	0
6393	0
6394	1
6395	0
6396	0
6397	0
6398	0
6399	0
6400	1
6401	0
6402	0
6403	1
6404	0
6405	0
6406	1
6407	1
6408	0
6409	0
6410	1
6411	0
6412	1
6413	0
6414	0
6415	0
6416	0
6417	0
6418	1
6419	0
6420	0
6421	1
6422	0
6423	0
6424	0
6425	1
6426	0
6427	0
6428	0
6429	0
6430	0
6431	0
6432	1
6433	1
6434	0
6435	0
6436	0
6437	0
6438	1
6439	1
6440	0
6441	0
6442	0
6443	1
6444	0
6445	0
6446	0
6447	0
6448	2
6449	0
6450	0
6451	0
6452	1
6453	0
6454	0
6455	0
6456	0
6457	0
6458	0
6459	0
6460	0
6461	0
6462	2
6463	1
6464	1
6465	0
6466	0
6467	1
6468	2
6469	0
6470	0
6471	0
6472	0
6473	1
6474	0
6475	1
6476	0
6477	1
6478	0
6479	0
6480	0
6481	0
6482	0
6483	0
6484	1
6485	0
6486	0
6487	1
6488	0
6489	0
6490	0
6491	1
6492	0
6493	0
6494	0
6495	0
6496	0
6497	0
6498	0
6499	1
6500	0
6501	0
6502	0
6503	0
6504	0
6505	0
6506	0
6507	1
6508	0
6509	0
6510	1
6511	0
6512	1
6513	1
6514	1
6515	0
6516	0
6517	0
6518	2
6519	1
6520	1
6521	0
6522	0
6523	0
6524	0
6525	0
6526	0
6527	0
6528	1
6529	1
6530	0
6531	1
6532	0
6533	0
6534	0
6535	1
6536	1
6537	0
6538	1
6539	0
6540	0
6541	0
6542	1
6543	0
6544	0
6545	2
6546	1
6547	1
6548	0
6549	1
6550	0
6551	2
6552	0
6553	0
6554	0
6555	2
6556	1
6557	3
6558	0
6559	0
6560	0
6561	0
6562	0
6563	1
6564	0
6565	0
6566	1
6567	1
6568	1
6569	0
6570	2
6571	2
6572	1
6573	0
6574	2
6575	0
6576	0
6577	1
6578	1
6579	2
6580	3
6581	2
6582	0
6583	0
6584	0
6585	0
6586	0
6587	0
6588	0
6589	2
6590	1
6591	1
6592	1
6593	0
6594	0
6595	0
6596	0
6597	1
6598	0
6599	0
6600	0
6601	1
6602	2
6603	0
6604	0
6605	0
6606	1
6607	0
6608	1
6609	0
6610	1
6611	0
6612	1
6613	0
6614	1
6615	0
6616	1
6617	0
6618	0
6619	0
6620	0
6621	0
6622	0
6623	0
6624	0
6625	2
6626	0
6627	1
6628	0
6629	0
6630	0
6631	0
6632	1
6633	0
6634	0
6635	0
6636	1
6637	1
6638	0
6639	0
6640	0
6641	0
6642	0
6643	0
6644	1
6645	0
6646	0
6647	0
6648	1
6649	0
6650	0
6651	0
6652	0
6653	0
6654	0
6655	0
6656	1
6657	0
6658	0
6659	1
6660	0
6661	3
6662	0
6663	0
6664	0
6665	1
6666	2
6667	0
6668	0
6669	1
6670	0
6671	0
6672	0
6673	1
6674	0
6675	0
6676	2
6677	0
6678	1
6679	0
6680	1
6681	0
6682	1
6683	1
6684	0
6685	0
6686	0
6687	0
6688	1
6689	1
6690	0
6691	1
6692	1
6693	1
6694	1
6695	0
6696	0
6697	0
6698	0
6699	0
6700	0
6701	0
6702	1
6703	3
6704	1
6705	0
6706	0
6707	1
6708	0
6709	0
6710	0
6711	0
6712	0
6713	0
6714	1
6715	1
6716	1
6717	0
6718	1
6719	2
6720	0
6721	1
6722	1
6723	0
6724	0
6725	2
6726	0
6727	0
6728	0
6729	0
6730	0
6731	0
6732	2
6733	1
6734	0
6735	0
6736	2
6737	0
6738	0
6739	0
6740	0
6741	1
6742	0
6743	1
6744	0
6745	0
6746	0
6747	0
6748	0
6749	0
6750	0
6751	0
6752	1
6753	1
6754	0
6755	0
6756	0
6757	0
6758	1
6759	1
6760	2
6761	0
6762	0
6763	0
6764	1
6765	1
6766	0
6767	0
6768	1
6769	0
6770	2
6771	0
6772	1
6773	0
6774	2
6775	1
6776	2
6777	0
6778	0
6779	0
6780	0
6781	0
6782	1
6783	0
6784	1
6785	0
6786	1
6787	1
6788	1
6789	0
6790	0
6791	0
6792	0
6793	1
6794	0
6795	0
6796	1
6797	0
6798	1
6799	1
6800	0
6801	1
6802	0
6803	0
6804	0
6805	1
6806	2
6807	0
6808	1
6809	0
6810	0
6811	0
6812	1
6813	0
6814	0
6815	0
6816	0
6817	2
6818	0
6819	0
6820	0
6821	1
6822	0
6823	1
6824	0
6825	1
6826	0
6827	0
6828	2
6829	0
6830	1
6831	0
6832	0
6833	0
6834	0
6835	0
6836	0
6837	0
6838	0
6839	0
6840	1
6841	0
6842	0
6843	0
6844	1
6845	0
6846	0
6847	0
6848	1
6849	0
6850	1
6851	0
6852	2
6853	0
6854	0
6855	1
6856	1
6857	1
6858	1
6859	1
6860	2
6861	1
6862	1
6863	0
6864	2
6865	0
6866	0
6867	1
6868	0
6869	1
6870	0
6871	0
6872	2
6873	0
6874	0
6875	1
6876	1
6877	1
6878	0
6879	1
6880	0
6881	0
6882	0
6883	0
6884	0
6885	2
6886	0
6887	1
6888	0
6889	0
6890	0
6891	1
6892	0
6893	0
6894	0
6895	0
6896	0
6897	0
6898	2
6899	1
6900	0
6901	1
6902	1
6903	0
6904	2
6905	1
6906	1
6907	1
6908	1
6909	1
6910	0
6911	0
6912	1
6913	0
6914	2
6915	1
6916	1
6917	0
6918	0
6919	0
6920	1
6921	0
6922	0
6923	1
6924	1
6925	1
6926	1
6927	0
6928	0
6929	0
6930	2
6931	0
6932	0
6933	0
6934	0
6935	0
6936	1
6937	3
6938	0
6939	0
6940	3
6941	1
6942	0
6943	0
6944	0
6945	1
6946	0
6947	0
6948	0
6949	0
6950	0
6951	0
6952	1
6953	0
6954	0
6955	0
6956	1
6957	1
6958	1
6959	0
6960	0
6961	0
6962	0
6963	0
6964	0
6965	0
6966	1
6967	2
6968	1
6969	2
6970	1
6971	1
6972	0
6973	0
6974	0
6975	0
6976	1
6977	0
6978	1
6979	1
6980	0
6981	0
6982	0
6983	0
6984	1
6985	0
6986	0
6987	1
6988	1
6989	1
6990	0
6991	1
6992	1
6993	0
6994	1
6995	0
6996	1
6997	0
6998	1
6999	1
7000	0
7001	0
7002	1
7003	0
7004	2
7005	1
7006	0
7007	0
7008	0
7009	0
7010	0
7011	1
7012	0
7013	0
7014	1
7015	0
7016	0
7017	0
7018	1
7019	0
7020	2
7021	0
7022	0
7023	0
7024	0
7025	1
7026	1
7027	0
7028	1
7029	2
7030	1
7031	1
7032	0
7033	1
7034	0
7035	0
7036	0
7037	0
7038	0
7039	1
7040	0
7041	2
7042	1
7043	1
7044	2
7045	1
7046	1
7047	0
7048	0
7049	0
7050	1
7051	0
7052	0
7053	0
7054	0
7055	0
7056	0
7057	0
7058	0
7059	0
7060	0
7061	0
7062	0
7063	0
7064	0
7065	1
7066	1
7067	2
7068	2
7069	0
7070	1
7071	0
7072	1
7073	1
7074	0
7075	0
7076	0
7077	0
7078	0
7079	0
7080	0
7081	0
7082	3
7083	2
7084	1
7085	1
7086	1
7087	1
7088	2
7089	0
7090	1
7091	0
7092	0
7093	0
7094	1
7095	0
7096	0
7097	2
7098	0
7099	0
7100	0
7101	1
7102	0
7103	2
7104	2
7105	0
7106	0
7107	1
7108	1
7109	1
7110	2
7111	0
7112	1
7113	0
7114	0
7115	2
7116	1
7117	1
7118	1
7119	1
7120	1
7121	1
7122	2
7123	1
7124	0
7125	0
7126	1
7127	0
7128	1
7129	1
7130	2
7131	0
7132	0
7133	0
7134	2
7135	0
7136	1
7137	1
7138	0
7139	2
7140	0
7141	0
7142	1
7143	1
7144	1
7145	1
7146	0
7147	0
7148	2
7149	0
7150	2
7151	2
7152	0
7153	0
7154	1
7155	0
7156	0
7157	1
7158	1
7159	0
7160	2
7161	1
7162	0
7163	0
7164	0
7165	1
7166	0
7167	1
7168	0
7169	1
7170	0
7171	0
7172	0
7173	1
7174	0
7175	0
7176	0
7177	1
7178	1
7179	1
7180	0
7181	1
7182	1
7183	0
7184	1
7185	0
7186	0
7187	1
7188	0
7189	0
7190	3
7191	1
7192	0
7193	0
7194	1
7195	1
7196	0
7197	1
7198	2
7199	0
7200	0
7201	0
7202	1
7203	0
7204	0
7205	1
7206	0
7207	1
7208	0
7209	0
7210	1
7211	0
7212	1
7213	2
7214	0
7215	0
7216	0
7217	2
7218	1
7219	0
7220	0
7221	1
7222	0
7223	0
7224	0
7225	0
7226	1
7227	1
7228	0
7229	1
7230	0
7231	1
7232	0
7233	0
7234	1
7235	1
7236	1
7237	0
7238	0
7239	0
7240	0
7241	0
7242	0
7243	0
7244	3
7245	1
7246	1
7247	2
7248	0
7249	0
7250	0
7251	0
7252	0
7253	0
7254	0
7255	1
7256	0
7257	1
7258	0
7259	1
7260	0
7261	2
7262	0
7263	0
7264	2
7265	4
7266	0
7267	0
7268	0
7269	0
7270	0
7271	0
7272	0
7273	1
7274	0
7275	1
7276	1
7277	0
7278	0
7279	0
7280	1
7281	0
7282	1
7283	0
7284	1
7285	0
7286	0
7287	0
7288	1
7289	1
7290	2
7291	2
7292	0
7293	0
7294	0
7295	1
7296	0
7297	0
7298	0
7299	0
7300	1
7301	0
7302	0
7303	1
7304	0
7305	1
7306	1
7307	0
7308	0
7309	1
7310	0
7311	0
7312	0
7313	0
7314	1
7315	1
7316	0
7317	0
7318	1
7319	0
7320	0
7321	0
7322	0
7323	0
7324	1
7325	2
7326	0
7327	0
7328	1
7329	0
7330	1
7331	1
7332	0
7333	0
7334	0
7335	1
7336	2
7337	0
7338	1
7339	1
7340	0
7341	1
7342	2
7343	0
7344	0
7345	1
7346	1
7347	1
7348	0
7349	0
7350	0
7351	2
7352	0
7353	0
7354	1
7355	0
7356	1
7357	0
7358	0
7359	1
7360	0
7361	0
7362	1
7363	0
7364	0
7365	0
7366	3
7367	0
7368	0
7369	0
7370	1
7371	0
7372	0
7373	0
7374	0
7375	0
7376	0
7377	0
7378	0
7379	0
7380	1
7381	0
7382	0
7383	0
7384	0
7385	0
7386	0
7387	1
7388	1
7389	1
7390	0
7391	2
7392	0
7393	0
7394	0
7395	0
7396	0
7397	2
7398	0
7399	1
7400	0
7401	2
7402	2
7403	0
7404	0
7405	0
7406	1
7407	0
7408	1
7409	1
7410	0
7411	1
7412	1
7413	0
7414	0
7415	1
7416	2
7417	1
7418	0
7419	1
7420	0
7421	0
7422	1
7423	0
7424	2
7425	0
7426	0
7427	0
7428	1
7429	0
7430	0
7431	0
7432	0
7433	0
7434	0
7435	0
7436	0
7437	0
7438	1
7439	1
7440	1
7441	0
7442	0
7443	0
7444	0
7445	2
7446	0
7447	0
7448	0
7449	0
7450	0
7451	0
7452	0
7453	0
7454	0
7455	0
7456	0
7457	0
7458	0
7459	0
7460	0
7461	0
7462	0
7463	0
7464	0
7465	0
7466	1
7467	0
7468	0
7469	0
7470	0
7471	0
7472	0
7473	2
7474	0
7475	0
7476	0
7477	0
7478	0
7479	0
7480	1
7481	0
7482	0
7483	1
7484	0
7485	1
7486	0
7487	0
7488	0
7489	0
7490	0
7491	0
7492	0
7493	0
7494	0
7495	0
7496	1
7497	0
7498	0
7499	0
7500	0
7501	0
7502	0
7503	0
7504	0
7505	1
7506	0
7507	1
7508	0
7509	1
7510	0
7511	1
7512	0
7513	1
7514	0
7515	0
7516	0
7517	0
7518	1
7519	0
7520	0
7521	0
7522	0
7523	0
7524	0
7525	1
7526	0
7527	0
7528	0
7529	0
7530	0
7531	1
7532	0
7533	0
7534	0
7535	0
7536	0
7537	1
7538	0
7539	0
7540	1
7541	0
7542	0
7543	0
7544	0
7545	0
7546	1
7547	0
7548	0
7549	0
7550	0
7551	1
7552	0
7553	1
7554	0
7555	1
7556	0
7557	0
7558	1
7559	0
7560	1
7561	0
7562	0
7563	1
7564	2
7565	1
7566	0
7567	0
7568	1
7569	0
7570	0
7571	0
7572	1
7573	0
7574	0
7575	0
7576	0
7577	1
7578	1
7579	0
7580	0
7581	0
7582	0
7583	2
7584	0
7585	0
7586	0
7587	0
7588	1
7589	0
7590	1
7591	0
7592	1
7593	0
7594	0
7595	1
7596	0
7597	0
7598	0
7599	0
7600	0
7601	0
7602	1
7603	0
7604	1
7605	0
7606	0
7607	2
7608	0
7609	1
7610	1
7611	0
7612	0
7613	0
7614	1
7615	0
7616	0
7617	0
7618	0
7619	1
7620	0
7621	1
7622	1
7623	0
7624	0
7625	0
7626	0
7627	0
7628	0
7629	0
7630	0
7631	0
7632	0
7633	0
7634	1
7635	0
7636	0
7637	0
7638	0
7639	0
7640	1
7641	0
7642	0
7643	0
7644	0
7645	0
7646	0
7647	0
7648	1
7649	0
7650	0
7651	1
7652	0
7653	1
7654	0
7655	0
7656	0
7657	0
7658	0
7659	0
7660	0
7661	0
7662	0
7663	1
7664	0
7665	1
7666	0
7667	1
7668	1
7669	0
7670	0
7671	1
7672	0
7673	0
7674	0
7675	0
7676	0
7677	0
7678	1
7679	0
7680	0
7681	0
7682	1
7683	0
7684	0
7685	0
7686	1
7687	0
7688	1
7689	1
7690	1
7691	0
7692	0
7693	0
7694	0
7695	0
7696	0
7697	3
7698	0
7699	0
7700	0
7701	0
7702	0
7703	0
7704	0
7705	0
7706	0
7707	1
7708	0
7709	0
7710	0
7711	0
7712	0
7713	0
7714	0
7715	0
7716	1
7717	0
7718	1
7719	0
7720	0
7721	1
7722	0
7723	1
7724	0
7725	0
7726	0
7727	0
7728	0
7729	0
7730	0
7731	0
7732	1
7733	0
7734	1
7735	0
7736	0
7737	0
7738	0
7739	0
7740	0
7741	0
7742	1
7743	0
7744	0
7745	1
7746	0
7747	0
7748	0
7749	1
7750	0
7751	0
7752	0
7753	0
7754	0
7755	0
7756	0
7757	0
7758	0
7759	0
7760	0
7761	0
7762	1
7763	1
7764	0
7765	0
7766	0
7767	1
7768	1
7769	0
7770	0
7771	0
7772	1
7773	0
7774	0
7775	1
7776	1
7777	0
7778	0
7779	0
7780	1
7781	0
7782	2
7783	0
7784	0
7785	0
7786	0
7787	1
7788	0
7789	0
7790	1
7791	0
7792	0
7793	0
7794	1
7795	0
7796	0
7797	0
7798	1
7799	1
7800	0
7801	0
7802	0
7803	0
7804	0
7805	0
7806	0
7807	1
7808	1
7809	1
7810	1
7811	0
7812	0
7813	0
7814	1
7815	1
7816	0
7817	0
7818	0
7819	0
7820	0
7821	1
7822	1
7823	0
7824	0
7825	0
7826	0
7827	0
7828	0
7829	0
7830	2
7831	0
7832	0
7833	0
7834	0
7835	0
7836	1
7837	0
7838	0
7839	1
7840	0
7841	0
7842	0
7843	0
7844	0
7845	0
7846	0
7847	0
7848	0
7849	1
7850	0
7851	1
7852	1
7853	0
7854	1
7855	2
7856	0
7857	0
7858	0
7859	0
7860	0
7861	0
7862	0
7863	0
7864	0
7865	2
7866	0
7867	2
7868	0
7869	0
7870	1
7871	0
7872	0
7873	0
7874	0
7875	0
7876	0
7877	0
7878	0
7879	0
7880	0
7881	1
7882	0
7883	0
7884	1
7885	1
7886	0
7887	2
7888	2
7889	0
7890	1
7891	0
7892	0
7893	0
7894	0
7895	0
7896	0
7897	0
7898	1
7899	1
7900	0
7901	0
7902	0
7903	0
7904	0
7905	0
7906	1
7907	0
7908	0
7909	1
7910	0
7911	0
7912	0
7913	0
7914	0
7915	0
7916	0
7917	0
7918	0
7919	0
7920	0
7921	0
7922	0
7923	0
7924	0
7925	0
7926	0
7927	0
7928	0
7929	0
7930	0
7931	0
7932	0
7933	0
7934	0
7935	0
7936	0
7937	0
7938	0
7939	0
7940	0
7941	0
7942	0
7943	0
7944	0
7945	0
7946	0
7947	0
7948	0
7949	0
7950	0
7951	0
7952	0
7953	0
7954	0
7955	0
7956	0
7957	0
7958	0
7959	0
7960	0
7961	0
7962	0
7963	0
7964	0
7965	0
7966	0
7967	0
7968	0
7969	0
7970	0
7971	0
7972	0
7973	0
7974	0
7975	0
7976	0
7977	0
7978	0
7979	0
7980	0
7981	0
7982	0
7983	0
7984	0
7985	0
7986	0
7987	0
7988	0
7989	0
7990	0
7991	0
7992	0
7993	0
7994	0
7995	0
7996	0
7997	0
7998	0
7999	0
8000	0
8001	0
8002	0
8003	0
8004	0
8005	0
8006	0
8007	0
8008	0
8009	0
8010	0
8011	0
8012	0
8013	0
8014	0
8015	0
8016	0
8017	0
8018	0
8019	0
8020	0
8021	0
8022	0
8023	0
8024	0
8025	0
8026	0
8027	0
8028	0
8029	0
8030	0
8031	0
8032	0
8033	0
8034	0
8035	0
8036	0
8037	0
8038	0
8039	0
8040	0
8041	0
8042	0
8043	0
8044	0
8045	0
8046	0
8047	0
8048	0
8049	0
8050	0
8051	0
8052	0
8053	0
8054	0
8055	0
8056	0
8057	0
8058	0
8059	0
8060	0
8061	0
8062	0
8063	0
8064	0
8065	0
8066	0
8067	0
8068	0
8069	0
8070	0
8071	0
8072	0
8073	0
8074	0
8075	0
8076	0
8077	0
8078	0
8079	0
8080	0
8081	0
8082	0
8083	0
8084	0
8085	0
8086	0
8087	0
8088	0
8089	0
8090	0
8091	0
8092	0
8093	0
8094	0
8095	0
8096	0
8097	0
8098	0
8099	0
8100	0
8101	0
8102	0
8103	0
8104	0
8105	0
8106	0
8107	0
8108	0
8109	0
8110	0
8111	0
8112	0
8113	0
8114	0
8115	0
8116	0
8117	0
8118	0
8119	0
8120	0
8121	0
8122	0
8123	0
8124	0
8125	0
8126	0
8127	0
8128	0
8129	0
8130	0
8131	0
8132	0
8133	0
8134	0
8135	0
8136	0
8137	0
8138	0
8139	0
8140	0
8141	0
8142	0
8143	0
8144	0
8145	0
8146	0
8147	0
8148	0
8149	0
8150	0
8151	0
8152	0
8153	0
8154	0
8155	0
8156	0
8157	0
8158	0
8159	0
8160	0
8161	0
8162	0
8163	0
8164	0
8165	0
8166	0
8167	0
8168	0
8169	0
8170	0
8171	0
8172	0
8173	0
8174	0
8175	0
8176	0
8177	0
8178	0
8179	0
8180	0
8181	0
8182	0
8183	0
8184	0
8185	0
8186	0
8187	0
8188	0
8189	0
8190	0
8191	0
