0	0
1	0
2	0
3	0
4	0
5	0
6	0
7	0
8	0
9	0
10	0
11	0
12	0
13	0
14	0
15	0
16	0
17	0
18	0
19	0
20	0
21	0
22	0
23	0
24	0
25	0
26	0
27	0
28	0
29	0
30	0
31	0
32	0
33	0
34	0
35	0
36	0
37	0
38	0
39	0
40	0
41	0
42	0
43	0
44	0
45	0
46	0
47	0
48	0
49	0
50	0
51	0
52	0
53	0
54	0
55	0
56	0
57	0
58	0
59	0
60	0
61	0
62	0
63	0
64	0
65	0
66	0
67	0
68	0
69	0
70	0
71	0
72	0
73	0
74	0
75	0
76	0
77	0
78	0
79	0
80	0
81	0
82	1
83	4
84	17
85	14
86	15
87	15
88	19
89	14
90	13
91	18
92	11
93	17
94	10
95	22
96	15
97	16
98	22
99	10
100	18
101	12
102	15
103	11
104	12
105	17
106	18
107	9
108	13
109	9
110	16
111	17
112	22
113	15
114	13
115	7
116	13
117	15
118	12
119	16
120	14
121	19
122	17
123	18
124	17
125	13
126	21
127	12
128	9
129	14
130	17
131	20
132	14
133	15
134	10
135	18
136	17
137	13
138	21
139	15
140	9
141	18
142	12
143	17
144	14
145	18
146	19
147	10
148	10
149	20
150	15
151	14
152	15
153	12
154	11
155	14
156	16
157	13
158	17
159	11
160	11
161	17
162	22
163	13
164	18
165	14
166	23
167	19
168	11
169	13
170	20
171	16
172	15
173	15
174	21
175	18
176	13
177	12
178	7
179	18
180	18
181	15
182	14
183	19
184	15
185	16
186	11
187	17
188	10
189	17
190	22
191	12
192	16
193	17
194	12
195	17
196	15
197	14
198	16
199	13
200	16
201	17
202	12
203	19
204	14
205	13
206	20
207	10
208	16
209	16
210	17
211	19
212	17
213	19
214	15
215	17
216	14
217	14
218	15
219	16
220	16
221	10
222	14
223	11
224	24
225	17
226	13
227	22
228	18
229	14
230	15
231	14
232	20
233	19
234	21
235	24
236	12
237	17
238	8
239	16
240	21
241	15
242	22
243	13
244	13
245	17
246	18
247	11
248	6
249	16
250	16
251	19
252	6
253	17
254	15
255	21
256	14
257	13
258	12
259	17
260	11
261	17
262	20
263	14
264	14
265	19
266	18
267	17
268	16
269	16
270	32
271	10
272	18
273	18
274	17
275	15
276	21
277	23
278	22
279	18
280	13
281	9
282	18
283	15
284	20
285	20
286	16
287	9
288	18
289	22
290	16
291	17
292	14
293	21
294	14
295	18
296	22
297	22
298	18
299	24
300	19
301	20
302	19
303	17
304	12
305	15
306	19
307	15
308	10
309	18
310	15
311	24
312	23
313	24
314	16
315	21
316	17
317	14
318	12
319	18
320	18
321	18
322	22
323	16
324	16
325	15
326	21
327	14
328	18
329	19
330	16
331	17
332	29
333	27
334	25
335	13
336	17
337	14
338	18
339	18
340	18
341	12
342	17
343	20
344	14
345	21
346	21
347	16
348	9
349	22
350	26
351	24
352	16
353	19
354	18
355	11
356	21
357	14
358	23
359	14
360	20
361	14
362	21
363	22
364	24
365	17
366	19
367	15
368	14
369	15
370	13
371	15
372	22
373	24
374	15
375	17
376	13
377	14
378	16
379	16
380	17
381	12
382	11
383	14
384	22
385	16
386	24
387	17
388	19
389	16
390	14
391	15
392	15
393	12
394	18
395	20
396	13
397	17
398	23
399	18
400	21
401	15
402	15
403	10
404	12
405	19
406	15
407	19
408	23
409	24
410	18
411	12
412	18
413	22
414	24
415	19
416	15
417	20
418	25
419	22
420	18
421	23
422	25
423	13
424	19
425	21
426	23
427	23
428	18
429	21
430	22
431	22
432	21
433	19
434	22
435	14
436	18
437	16
438	22
439	17
440	22
441	22
442	16
443	20
444	23
445	14
446	17
447	20
448	21
449	22
450	30
451	20
452	24
453	14
454	21
455	25
456	13
457	16
458	32
459	22
460	28
461	19
462	18
463	26
464	23
465	19
466	22
467	25
468	25
469	23
470	24
471	14
472	19
473	21
474	27
475	24
476	30
477	22
478	25
479	32
480	23
481	28
482	27
483	26
484	21
485	23
486	23
487	25
488	28
489	32
490	24
491	25
492	28
493	23
494	30
495	21
496	31
497	25
498	23
499	21
500	32
501	24
502	23
503	33
504	34
505	24
506	23
507	28
508	28
509	34
510	26
511	40
512	20
513	22
514	15
515	23
516	29
517	22
518	27
519	29
520	36
521	26
522	28
523	20
524	24
525	26
526	25
527	27
528	18
529	29
530	24
531	25
532	23
533	36
534	19
535	31
536	30
537	33
538	22
539	18
540	26
541	30
542	25
543	25
544	21
545	30
546	32
547	22
548	25
549	17
550	30
551	25
552	24
553	28
554	25
555	28
556	21
557	20
558	27
559	25
560	25
561	26
562	26
563	31
564	22
565	26
566	29
567	17
568	27
569	19
570	24
571	26
572	41
573	34
574	21
575	35
576	31
577	17
578	26
579	24
580	22
581	30
582	22
583	23
584	30
585	23
586	30
587	28
588	28
589	25
590	28
591	23
592	24
593	25
594	28
595	25
596	21
597	33
598	19
599	30
600	20
601	17
602	32
603	24
604	32
605	15
606	21
607	27
608	23
609	30
610	28
611	17
612	16
613	23
614	18
615	26
616	28
617	23
618	21
619	13
620	21
621	22
622	32
623	22
624	16
625	18
626	17
627	21
628	26
629	22
630	19
631	15
632	30
633	17
634	26
635	30
636	18
637	25
638	24
639	32
640	24
641	18
642	18
643	23
644	18
645	27
646	23
647	17
648	17
649	19
650	27
651	29
652	27
653	30
654	28
655	21
656	28
657	22
658	23
659	23
660	26
661	23
662	22
663	22
664	22
665	27
666	37
667	28
668	22
669	17
670	31
671	27
672	31
673	22
674	30
675	28
676	22
677	20
678	28
679	20
680	19
681	22
682	22
683	32
684	28
685	26
686	21
687	31
688	33
689	22
690	20
691	29
692	24
693	34
694	24
695	24
696	25
697	26
698	29
699	40
700	25
701	20
702	22
703	32
704	32
705	19
706	17
707	22
708	23
709	26
710	24
711	30
712	32
713	23
714	29
715	27
716	21
717	29
718	32
719	18
720	22
721	27
722	24
723	37
724	29
725	14
726	20
727	21
728	20
729	30
730	30
731	19
732	27
733	16
734	23
735	23
736	22
737	35
738	28
739	19
740	20
741	24
742	27
743	33
744	29
745	24
746	22
747	30
748	36
749	25
750	32
751	31
752	23
753	17
754	23
755	29
756	28
757	27
758	19
759	18
760	36
761	18
762	18
763	19
764	24
765	32
766	33
767	22
768	27
769	31
770	32
771	16
772	27
773	19
774	21
775	30
776	33
777	35
778	29
779	22
780	29
781	24
782	28
783	35
784	29
785	33
786	25
787	29
788	24
789	34
790	22
791	24
792	19
793	22
794	32
795	31
796	18
797	29
798	28
799	17
800	22
801	28
802	36
803	38
804	32
805	30
806	23
807	32
808	21
809	33
810	35
811	30
812	22
813	24
814	22
815	29
816	25
817	27
818	31
819	26
820	28
821	26
822	26
823	16
824	33
825	31
826	21
827	30
828	30
829	33
830	40
831	26
832	30
833	35
834	30
835	22
836	34
837	29
838	29
839	34
840	25
841	33
842	28
843	31
844	31
845	28
846	29
847	20
848	24
849	27
850	31
851	30
852	34
853	31
854	35
855	30
856	27
857	17
858	24
859	30
860	35
861	33
862	28
863	29
864	22
865	35
866	21
867	41
868	20
869	28
870	33
871	33
872	29
873	37
874	33
875	28
876	25
877	28
878	33
879	16
880	27
881	34
882	42
883	31
884	32
885	29
886	39
887	37
888	28
889	32
890	34
891	30
892	27
893	26
894	36
895	30
896	31
897	36
898	28
899	31
900	28
901	23
902	23
903	28
904	28
905	31
906	29
907	34
908	30
909	23
910	31
911	28
912	34
913	35
914	30
915	23
916	31
917	28
918	40
919	31
920	45
921	36
922	33
923	33
924	32
925	30
926	36
927	36
928	25
929	32
930	29
931	26
932	27
933	29
934	34
935	35
936	26
937	44
938	43
939	34
940	37
941	36
942	35
943	42
944	25
945	32
946	29
947	32
948	49
949	22
950	34
951	29
952	36
953	45
954	28
955	38
956	34
957	30
958	27
959	40
960	30
961	23
962	39
963	28
964	29
965	27
966	37
967	31
968	42
969	27
970	44
971	33
972	25
973	34
974	36
975	38
976	42
977	31
978	28
979	32
980	36
981	34
982	32
983	30
984	27
985	27
986	32
987	39
988	37
989	34
990	32
991	36
992	31
993	32
994	40
995	30
996	30
997	35
998	29
999	27
1000	39
1001	28
1002	22
1003	36
1004	36
1005	30
1006	28
1007	37
1008	28
1009	37
1010	22
1011	24
1012	34
1013	36
1014	24
1015	37
1016	32
1017	32
1018	30
1019	37
1020	36
1021	34
1022	36
1023	29
1024	37
1025	32
1026	33
1027	28
1028	36
1029	23
1030	37
1031	39
1032	27
1033	39
1034	38
1035	38
1036	31
1037	32
1038	30
1039	33
1040	24
1041	31
1042	21
1043	32
1044	30
1045	30
1046	35
1047	32
1048	41
1049	42
1050	37
1051	49
1052	27
1053	31
1054	36
1055	40
1056	41
1057	31
1058	32
1059	29
1060	36
1061	36
1062	31
1063	31
1064	35
1065	46
1066	33
1067	22
1068	31
1069	38
1070	28
1071	31
1072	33
1073	31
1074	34
1075	35
1076	27
1077	49
1078	34
1079	24
1080	28
1081	46
1082	41
1083	37
1084	45
1085	26
1086	33
1087	34
1088	30
1089	25
1090	39
1091	42
1092	42
1093	29
1094	48
1095	32
1096	32
1097	26
1098	21
1099	25
1100	40
1101	27
1102	28
1103	28
1104	27
1105	46
1106	26
1107	36
1108	29
1109	31
1110	49
1111	34
1112	42
1113	32
1114	37
1115	25
1116	27
1117	43
1118	43
1119	43
1120	30
1121	51
1122	33
1123	44
1124	29
1125	30
1126	35
1127	44
1128	33
1129	30
1130	45
1131	31
1132	42
1133	37
1134	47
1135	25
1136	44
1137	47
1138	32
1139	26
1140	43
1141	31
1142	38
1143	36
1144	39
1145	38
1146	33
1147	36
1148	27
1149	39
1150	32
1151	33
1152	38
1153	40
1154	39
1155	44
1156	45
1157	35
1158	34
1159	37
1160	45
1161	34
1162	34
1163	36
1164	35
1165	42
1166	37
1167	33
1168	28
1169	32
1170	38
1171	41
1172	35
1173	37
1174	38
1175	35
1176	32
1177	37
1178	31
1179	39
1180	34
1181	29
1182	39
1183	51
1184	26
1185	29
1186	42
1187	55
1188	34
1189	45
1190	29
1191	37
1192	34
1193	35
1194	32
1195	39
1196	39
1197	48
1198	38
1199	43
1200	44
1201	47
1202	45
1203	48
1204	32
1205	28
1206	48
1207	42
1208	34
1209	39
1210	39
1211	43
1212	44
1213	50
1214	47
1215	46
1216	39
1217	39
1218	44
1219	23
1220	25
1221	38
1222	27
1223	30
1224	42
1225	45
1226	29
1227	39
1228	34
1229	25
1230	41
1231	42
1232	33
1233	39
1234	30
1235	30
1236	47
1237	36
1238	37
1239	31
1240	34
1241	26
1242	34
1243	35
1244	35
1245	37
1246	42
1247	32
1248	34
1249	33
1250	35
1251	36
1252	35
1253	38
1254	32
1255	30
1256	32
1257	35
1258	33
1259	32
1260	44
1261	38
1262	29
1263	39
1264	36
1265	43
1266	27
1267	36
1268	38
1269	37
1270	51
1271	37
1272	32
1273	37
1274	32
1275	39
1276	39
1277	36
1278	29
1279	20
1280	29
1281	42
1282	31
1283	36
1284	37
1285	42
1286	30
1287	34
1288	31
1289	30
1290	31
1291	41
1292	31
1293	39
1294	33
1295	32
1296	46
1297	43
1298	38
1299	37
1300	34
1301	42
1302	38
1303	32
1304	42
1305	31
1306	39
1307	31
1308	38
1309	23
1310	39
1311	32
1312	36
1313	33
1314	36
1315	28
1316	46
1317	40
1318	40
1319	40
1320	32
1321	44
1322	30
1323	36
1324	42
1325	33
1326	39
1327	28
1328	38
1329	26
1330	42
1331	43
1332	36
1333	23
1334	43
1335	34
1336	36
1337	21
1338	38
1339	36
1340	30
1341	25
1342	42
1343	32
1344	37
1345	30
1346	37
1347	30
1348	40
1349	45
1350	25
1351	34
1352	38
1353	36
1354	30
1355	33
1356	29
1357	39
1358	39
1359	29
1360	40
1361	42
1362	24
1363	34
1364	26
1365	43
1366	32
1367	27
1368	35
1369	42
1370	29
1371	26
1372	39
1373	20
1374	30
1375	36
1376	26
1377	30
1378	26
1379	33
1380	29
1381	35
1382	23
1383	31
1384	35
1385	39
1386	33
1387	35
1388	32
1389	28
1390	28
1391	39
1392	32
1393	44
1394	36
1395	24
1396	37
1397	43
1398	40
1399	32
1400	29
1401	34
1402	36
1403	28
1404	50
1405	39
1406	41
1407	31
1408	27
1409	33
1410	36
1411	35
1412	26
1413	23
1414	41
1415	30
1416	32
1417	37
1418	37
1419	30
1420	30
1421	39
1422	38
1423	30
1424	34
1425	25
1426	33
1427	30
1428	35
1429	41
1430	31
1431	26
1432	34
1433	28
1434	35
1435	35
1436	25
1437	39
1438	47
1439	25
1440	30
1441	39
1442	34
1443	41
1444	23
1445	30
1446	24
1447	32
1448	21
1449	40
1450	31
1451	35
1452	29
1453	32
1454	37
1455	24
1456	28
1457	34
1458	39
1459	32
1460	25
1461	37
1462	39
1463	32
1464	32
1465	33
1466	42
1467	29
1468	35
1469	26
1470	31
1471	43
1472	33
1473	37
1474	29
1475	29
1476	36
1477	35
1478	34
1479	39
1480	42
1481	42
1482	27
1483	31
1484	43
1485	28
1486	26
1487	21
1488	43
1489	41
1490	24
1491	36
1492	41
1493	41
1494	34
1495	29
1496	25
1497	34
1498	34
1499	34
1500	30
1501	28
1502	29
1503	39
1504	27
1505	19
1506	27
1507	26
1508	36
1509	17
1510	26
1511	27
1512	25
1513	45
1514	33
1515	29
1516	24
1517	22
1518	37
1519	28
1520	25
1521	23
1522	21
1523	25
1524	30
1525	31
1526	35
1527	36
1528	32
1529	36
1530	31
1531	39
1532	31
1533	24
1534	32
1535	30
1536	41
1537	33
1538	27
1539	26
1540	27
1541	29
1542	22
1543	38
1544	31
1545	33
1546	29
1547	26
1548	34
1549	42
1550	35
1551	28
1552	25
1553	40
1554	36
1555	33
1556	28
1557	34
1558	28
1559	37
1560	34
1561	31
1562	27
1563	36
1564	32
1565	31
1566	28
1567	30
1568	40
1569	37
1570	23
1571	41
1572	25
1573	39
1574	27
1575	27
1576	33
1577	43
1578	32
1579	27
1580	31
1581	25
1582	22
1583	28
1584	25
1585	36
1586	27
1587	22
1588	27
1589	25
1590	38
1591	24
1592	37
1593	30
1594	30
1595	33
1596	31
1597	37
1598	21
1599	31
1600	28
1601	26
1602	29
1603	37
1604	21
1605	30
1606	27
1607	23
1608	32
1609	27
1610	33
1611	25
1612	28
1613	23
1614	29
1615	26
1616	36
1617	24
1618	22
1619	33
1620	23
1621	28
1622	21
1623	28
1624	25
1625	30
1626	32
1627	35
1628	39
1629	25
1630	35
1631	36
1632	28
1633	31
1634	37
1635	20
1636	25
1637	22
1638	38
1639	30
1640	19
1641	23
1642	27
1643	31
1644	27
1645	24
1646	23
1647	13
1648	34
1649	40
1650	25
1651	30
1652	35
1653	33
1654	26
1655	22
1656	31
1657	27
1658	25
1659	19
1660	21
1661	33
1662	30
1663	25
1664	35
1665	30
1666	21
1667	33
1668	38
1669	26
1670	40
1671	26
1672	20
1673	27
1674	31
1675	29
1676	23
1677	34
1678	20
1679	30
1680	26
1681	28
1682	31
1683	25
1684	19
1685	17
1686	27
1687	29
1688	19
1689	32
1690	27
1691	34
1692	26
1693	21
1694	22
1695	27
1696	27
1697	26
1698	21
1699	34
1700	25
1701	31
1702	23
1703	27
1704	25
1705	21
1706	26
1707	22
1708	23
1709	28
1710	37
1711	27
1712	24
1713	27
1714	27
1715	22
1716	22
1717	24
1718	27
1719	36
1720	18
1721	38
1722	15
1723	23
1724	32
1725	30
1726	22
1727	24
1728	30
1729	35
1730	23
1731	33
1732	31
1733	35
1734	17
1735	23
1736	29
1737	14
1738	22
1739	29
1740	42
1741	33
1742	32
1743	28
1744	26
1745	16
1746	20
1747	26
1748	19
1749	30
1750	24
1751	23
1752	28
1753	26
1754	26
1755	25
1756	25
1757	25
1758	21
1759	27
1760	30
1761	24
1762	24
1763	24
1764	23
1765	31
1766	20
1767	30
1768	26
1769	40
1770	36
1771	18
1772	22
1773	25
1774	20
1775	27
1776	36
1777	19
1778	13
1779	31
1780	28
1781	27
1782	24
1783	26
1784	23
1785	17
1786	30
1787	25
1788	20
1789	19
1790	26
1791	21
1792	24
1793	21
1794	21
1795	33
1796	31
1797	30
1798	22
1799	26
1800	16
1801	26
1802	20
1803	28
1804	28
1805	33
1806	22
1807	22
1808	23
1809	13
1810	30
1811	21
1812	17
1813	28
1814	25
1815	16
1816	37
1817	33
1818	19
1819	23
1820	19
1821	20
1822	25
1823	22
1824	19
1825	17
1826	26
1827	27
1828	25
1829	18
1830	29
1831	23
1832	32
1833	26
1834	28
1835	26
1836	20
1837	30
1838	30
1839	20
1840	17
1841	38
1842	25
1843	24
1844	32
1845	22
1846	29
1847	26
1848	23
1849	28
1850	23
1851	22
1852	28
1853	29
1854	41
1855	22
1856	22
1857	26
1858	32
1859	29
1860	24
1861	19
1862	23
1863	25
1864	29
1865	31
1866	35
1867	25
1868	25
1869	20
1870	29
1871	32
1872	23
1873	32
1874	20
1875	27
1876	30
1877	27
1878	24
1879	19
1880	21
1881	29
1882	23
1883	23
1884	36
1885	19
1886	24
1887	31
1888	34
1889	23
1890	18
1891	26
1892	22
1893	34
1894	18
1895	24
1896	26
1897	26
1898	28
1899	27
1900	27
1901	24
1902	25
1903	21
1904	24
1905	22
1906	24
1907	19
1908	24
1909	26
1910	23
1911	16
1912	23
1913	28
1914	21
1915	20
1916	18
1917	36
1918	27
1919	30
1920	24
1921	23
1922	22
1923	17
1924	22
1925	22
1926	25
1927	23
1928	23
1929	23
1930	23
1931	28
1932	27
1933	22
1934	21
1935	21
1936	25
1937	25
1938	20
1939	31
1940	22
1941	21
1942	26
1943	19
1944	33
1945	15
1946	19
1947	24
1948	18
1949	17
1950	19
1951	27
1952	13
1953	24
1954	19
1955	19
1956	19
1957	14
1958	25
1959	25
1960	15
1961	27
1962	17
1963	23
1964	13
1965	24
1966	25
1967	21
1968	23
1969	20
1970	19
1971	29
1972	24
1973	26
1974	24
1975	23
1976	23
1977	32
1978	23
1979	17
1980	28
1981	21
1982	28
1983	24
1984	23
1985	27
1986	24
1987	20
1988	20
1989	20
1990	20
1991	19
1992	16
1993	23
1994	25
1995	24
1996	20
1997	17
1998	19
1999	18
2000	24
2001	37
2002	18
2003	29
2004	28
2005	20
2006	26
2007	18
2008	27
2009	30
2010	13
2011	26
2012	31
2013	21
2014	30
2015	28
2016	24
2017	23
2018	33
2019	17
2020	25
2021	25
2022	31
2023	22
2024	25
2025	21
2026	15
2027	20
2028	29
2029	28
2030	17
2031	19
2032	25
2033	29
2034	22
2035	18
2036	22
2037	17
2038	19
2039	26
2040	28
2041	23
2042	22
2043	34
2044	23
2045	26
2046	27
2047	29
2048	25
2049	19
2050	23
2051	17
2052	19
2053	18
2054	18
2055	23
2056	22
2057	29
2058	22
2059	21
2060	19
2061	33
2062	22
2063	29
2064	22
2065	32
2066	22
2067	10
2068	27
2069	14
2070	19
2071	21
2072	18
2073	24
2074	24
2075	21
2076	26
2077	24
2078	22
2079	24
2080	20
2081	21
2082	20
2083	26
2084	24
2085	24
2086	22
2087	31
2088	19
2089	16
2090	18
2091	26
2092	21
2093	15
2094	24
2095	25
2096	21
2097	20
2098	19
2099	33
2100	24
2101	19
2102	25
2103	18
2104	18
2105	22
2106	19
2107	27
2108	19
2109	25
2110	22
2111	22
2112	16
2113	28
2114	23
2115	25
2116	18
2117	19
2118	22
2119	14
2120	29
2121	28
2122	20
2123	20
2124	25
2125	23
2126	24
2127	22
2128	18
2129	17
2130	19
2131	22
2132	20
2133	29
2134	21
2135	23
2136	33
2137	19
2138	15
2139	22
2140	32
2141	18
2142	22
2143	23
2144	27
2145	22
2146	25
2147	22
2148	25
2149	22
2150	18
2151	25
2152	14
2153	29
2154	25
2155	24
2156	22
2157	20
2158	16
2159	19
2160	21
2161	25
2162	25
2163	24
2164	24
2165	25
2166	29
2167	23
2168	26
2169	11
2170	26
2171	23
2172	16
2173	17
2174	14
2175	30
2176	28
2177	24
2178	20
2179	22
2180	14
2181	19
2182	25
2183	26
2184	21
2185	25
2186	19
2187	30
2188	26
2189	27
2190	25
2191	23
2192	17
2193	18
2194	25
2195	17
2196	23
2197	22
2198	16
2199	29
2200	18
2201	21
2202	22
2203	30
2204	19
2205	19
2206	29
2207	19
2208	25
2209	12
2210	26
2211	24
2212	30
2213	21
2214	18
2215	16
2216	19
2217	21
2218	20
2219	26
2220	28
2221	25
2222	20
2223	23
2224	19
2225	27
2226	13
2227	19
2228	25
2229	19
2230	23
2231	19
2232	22
2233	19
2234	29
2235	19
2236	22
2237	22
2238	24
2239	23
2240	27
2241	24
2242	23
2243	18
2244	20
2245	20
2246	21
2247	18
2248	24
2249	16
2250	24
2251	21
2252	22
2253	18
2254	19
2255	21
2256	17
2257	21
2258	21
2259	24
2260	14
2261	27
2262	30
2263	26
2264	16
2265	23
2266	21
2267	13
2268	22
2269	21
2270	20
2271	17
2272	19
2273	21
2274	19
2275	14
2276	19
2277	28
2278	17
2279	19
2280	14
2281	22
2282	18
2283	22
2284	21
2285	20
2286	26
2287	20
2288	26
2289	28
2290	27
2291	25
2292	24
2293	18
2294	16
2295	23
2296	21
2297	17
2298	24
2299	25
2300	20
2301	21
2302	20
2303	26
2304	15
2305	26
2306	21
2307	25
2308	27
2309	26
2310	15
2311	22
2312	20
2313	29
2314	20
2315	24
2316	25
2317	14
2318	16
2319	19
2320	24
2321	25
2322	16
2323	12
2324	24
2325	27
2326	25
2327	21
2328	11
2329	18
2330	19
2331	16
2332	13
2333	22
2334	21
2335	20
2336	25
2337	16
2338	20
2339	22
2340	20
2341	23
2342	21
2343	24
2344	19
2345	18
2346	18
2347	30
2348	19
2349	19
2350	15
2351	18
2352	22
2353	16
2354	17
2355	23
2356	15
2357	19
2358	21
2359	21
2360	21
2361	13
2362	19
2363	21
2364	21
2365	14
2366	26
2367	21
2368	24
2369	20
2370	18
2371	22
2372	30
2373	21
2374	11
2375	29
2376	24
2377	14
2378	23
2379	23
2380	21
2381	14
2382	26
2383	26
2384	17
2385	25
2386	23
2387	20
2388	19
2389	25
2390	11
2391	17
2392	18
2393	22
2394	19
2395	19
2396	21
2397	14
2398	16
2399	16
2400	23
2401	19
2402	14
2403	23
2404	16
2405	30
2406	21
2407	15
2408	19
2409	17
2410	18
2411	17
2412	17
2413	24
2414	19
2415	25
2416	19
2417	24
2418	21
2419	14
2420	18
2421	13
2422	14
2423	16
2424	15
2425	14
2426	29
2427	24
2428	20
2429	19
2430	19
2431	28
2432	23
2433	31
2434	26
2435	30
2436	19
2437	16
2438	13
2439	14
2440	21
2441	13
2442	23
2443	20
2444	19
2445	24
2446	19
2447	23
2448	17
2449	21
2450	23
2451	34
2452	21
2453	26
2454	11
2455	19
2456	13
2457	20
2458	16
2459	24
2460	30
2461	17
2462	13
2463	20
2464	25
2465	21
2466	22
2467	13
2468	22
2469	28
2470	22
2471	18
2472	22
2473	19
2474	20
2475	21
2476	23
2477	18
2478	17
2479	23
2480	20
2481	16
2482	18
2483	15
2484	18
2485	18
2486	25
2487	19
2488	16
2489	24
2490	22
2491	27
2492	25
2493	19
2494	22
2495	15
2496	29
2497	10
2498	15
2499	13
2500	22
2501	10
2502	25
2503	26
2504	20
2505	21
2506	22
2507	19
2508	23
2509	14
2510	14
2511	20
2512	12
2513	22
2514	20
2515	18
2516	13
2517	30
2518	17
2519	18
2520	20
2521	10
2522	15
2523	25
2524	16
2525	18
2526	19
2527	16
2528	16
2529	24
2530	18
2531	16
2532	21
2533	21
2534	18
2535	22
2536	21
2537	17
2538	18
2539	20
2540	12
2541	10
2542	14
2543	16
2544	16
2545	18
2546	19
2547	21
2548	16
2549	25
2550	15
2551	20
2552	21
2553	20
2554	21
2555	24
2556	16
2557	14
2558	19
2559	14
2560	19
2561	25
2562	17
2563	21
2564	24
2565	18
2566	12
2567	20
2568	18
2569	16
2570	19
2571	17
2572	16
2573	17
2574	20
2575	14
2576	23
2577	20
2578	18
2579	16
2580	15
2581	15
2582	21
2583	20
2584	25
2585	24
2586	21
2587	20
2588	21
2589	17
2590	22
2591	16
2592	20
2593	24
2594	25
2595	23
2596	16
2597	23
2598	21
2599	13
2600	19
2601	14
2602	20
2603	15
2604	17
2605	14
2606	27
2607	20
2608	20
2609	18
2610	13
2611	28
2612	19
2613	21
2614	22
2615	10
2616	29
2617	14
2618	10
2619	24
2620	24
2621	15
2622	22
2623	27
2624	18
2625	12
2626	16
2627	15
2628	16
2629	20
2630	19
2631	16
2632	22
2633	15
2634	20
2635	17
2636	15
2637	22
2638	19
2639	22
2640	17
2641	26
2642	16
2643	11
2644	20
2645	8
2646	27
2647	19
2648	18
2649	24
2650	16
2651	14
2652	24
2653	27
2654	11
2655	16
2656	13
2657	22
2658	17
2659	15
2660	12
2661	20
2662	20
2663	24
2664	21
2665	22
2666	22
2667	12
2668	16
2669	14
2670	12
2671	17
2672	14
2673	21
2674	21
2675	18
2676	18
2677	29
2678	23
2679	23
2680	17
2681	12
2682	10
2683	21
2684	19
2685	22
2686	11
2687	19
2688	20
2689	30
2690	18
2691	24
2692	17
2693	22
2694	20
2695	17
2696	14
2697	16
2698	20
2699	22
2700	23
2701	9
2702	13
2703	20
2704	16
2705	15
2706	11
2707	15
2708	15
2709	17
2710	18
2711	13
2712	17
2713	23
2714	22
2715	22
2716	19
2717	25
2718	22
2719	21
2720	16
2721	15
2722	17
2723	28
2724	16
2725	14
2726	9
2727	15
2728	16
2729	24
2730	20
2731	15
2732	13
2733	17
2734	29
2735	21
2736	18
2737	23
2738	11
2739	12
2740	26
2741	23
2742	14
2743	21
2744	15
2745	14
2746	25
2747	17
2748	21
2749	17
2750	18
2751	19
2752	30
2753	20
2754	23
2755	15
2756	18
2757	11
2758	13
2759	22
2760	21
2761	23
2762	15
2763	18
2764	14
2765	14
2766	20
2767	14
2768	20
2769	14
2770	14
2771	19
2772	16
2773	20
2774	14
2775	12
2776	13
2777	17
2778	14
2779	17
2780	15
2781	29
2782	13
2783	20
2784	17
2785	14
2786	15
2787	17
2788	10
2789	12
2790	10
2791	12
2792	15
2793	14
2794	11
2795	17
2796	14
2797	19
2798	13
2799	11
2800	16
2801	26
2802	13
2803	17
2804	16
2805	12
2806	14
2807	12
2808	16
2809	12
2810	21
2811	19
2812	17
2813	13
2814	13
2815	9
2816	11
2817	12
2818	16
2819	24
2820	14
2821	21
2822	24
2823	15
2824	25
2825	23
2826	21
2827	16
2828	18
2829	24
2830	20
2831	23
2832	8
2833	17
2834	8
2835	25
2836	13
2837	17
2838	13
2839	14
2840	15
2841	14
2842	14
2843	20
2844	15
2845	18
2846	16
2847	14
2848	18
2849	20
2850	16
2851	19
2852	12
2853	12
2854	25
2855	7
2856	14
2857	14
2858	21
2859	19
2860	7
2861	19
2862	22
2863	14
2864	17
2865	14
2866	13
2867	13
2868	8
2869	16
2870	19
2871	24
2872	12
2873	13
2874	25
2875	23
2876	15
2877	16
2878	10
2879	13
2880	21
2881	11
2882	14
2883	19
2884	13
2885	13
2886	21
2887	13
2888	17
2889	15
2890	17
2891	12
2892	13
2893	15
2894	19
2895	8
2896	17
2897	15
2898	12
2899	14
2900	15
2901	17
2902	11
2903	17
2904	17
2905	14
2906	10
2907	18
2908	17
2909	20
2910	10
2911	21
2912	18
2913	15
2914	18
2915	15
2916	17
2917	15
2918	13
2919	18
2920	22
2921	12
2922	10
2923	20
2924	15
2925	13
2926	19
2927	9
2928	22
2929	12
2930	14
2931	14
2932	17
2933	17
2934	13
2935	11
2936	22
2937	11
2938	13
2939	20
2940	9
2941	14
2942	15
2943	17
2944	15
2945	14
2946	11
2947	18
2948	17
2949	18
2950	13
2951	16
2952	11
2953	18
2954	14
2955	14
2956	18
2957	16
2958	24
2959	22
2960	16
2961	12
2962	18
2963	17
2964	15
2965	20
2966	10
2967	12
2968	18
2969	11
2970	13
2971	14
2972	18
2973	25
2974	18
2975	11
2976	9
2977	18
2978	17
2979	20
2980	16
2981	18
2982	14
2983	14
2984	15
2985	14
2986	18
2987	12
2988	18
2989	9
2990	15
2991	30
2992	21
2993	22
2994	20
2995	14
2996	17
2997	13
2998	10
2999	20
3000	17
3001	10
3002	17
3003	11
3004	17
3005	16
3006	6
3007	14
3008	16
3009	16
3010	14
3011	16
3012	15
3013	19
3014	14
3015	23
3016	11
3017	10
3018	14
3019	16
3020	17
3021	16
3022	11
3023	6
3024	18
3025	17
3026	17
3027	17
3028	15
3029	16
3030	12
3031	17
3032	18
3033	19
3034	14
3035	11
3036	16
3037	11
3038	14
3039	20
3040	15
3041	12
3042	12
3043	10
3044	19
3045	15
3046	19
3047	13
3048	12
3049	23
3050	15
3051	9
3052	15
3053	11
3054	15
3055	15
3056	20
3057	17
3058	13
3059	10
3060	16
3061	8
3062	14
3063	16
3064	12
3065	16
3066	15
3067	14
3068	13
3069	17
3070	9
3071	9
3072	12
3073	12
3074	18
3075	7
3076	21
3077	13
3078	16
3079	18
3080	12
3081	13
3082	13
3083	18
3084	9
3085	19
3086	9
3087	17
3088	15
3089	9
3090	11
3091	18
3092	15
3093	17
3094	10
3095	17
3096	17
3097	17
3098	15
3099	17
3100	20
3101	20
3102	17
3103	21
3104	13
3105	17
3106	9
3107	14
3108	20
3109	21
3110	16
3111	11
3112	13
3113	13
3114	16
3115	17
3116	11
3117	14
3118	18
3119	22
3120	12
3121	15
3122	7
3123	13
3124	12
3125	13
3126	14
3127	8
3128	19
3129	9
3130	13
3131	18
3132	8
3133	10
3134	11
3135	20
3136	12
3137	15
3138	12
3139	14
3140	12
3141	13
3142	13
3143	9
3144	16
3145	17
3146	11
3147	11
3148	17
3149	11
3150	14
3151	15
3152	18
3153	18
3154	13
3155	19
3156	12
3157	16
3158	16
3159	17
3160	23
3161	24
3162	14
3163	15
3164	16
3165	16
3166	18
3167	14
3168	16
3169	18
3170	19
3171	16
3172	14
3173	20
3174	8
3175	9
3176	8
3177	15
3178	8
3179	21
3180	12
3181	9
3182	20
3183	11
3184	16
3185	20
3186	14
3187	20
3188	13
3189	16
3190	10
3191	14
3192	12
3193	12
3194	13
3195	11
3196	15
3197	21
3198	17
3199	20
3200	14
3201	17
3202	18
3203	12
3204	21
3205	26
3206	21
3207	18
3208	16
3209	13
3210	15
3211	12
3212	16
3213	20
3214	22
3215	20
3216	14
3217	14
3218	16
3219	18
3220	16
3221	10
3222	14
3223	18
3224	15
3225	15
3226	19
3227	13
3228	18
3229	20
3230	15
3231	18
3232	13
3233	20
3234	14
3235	20
3236	21
3237	19
3238	9
3239	13
3240	16
3241	6
3242	12
3243	12
3244	11
3245	16
3246	11
3247	19
3248	8
3249	17
3250	13
3251	15
3252	17
3253	18
3254	12
3255	13
3256	17
3257	15
3258	9
3259	10
3260	11
3261	13
3262	14
3263	17
3264	11
3265	8
3266	11
3267	21
3268	11
3269	12
3270	16
3271	15
3272	17
3273	13
3274	7
3275	9
3276	18
3277	5
3278	15
3279	7
3280	19
3281	8
3282	12
3283	16
3284	16
3285	12
3286	16
3287	13
3288	21
3289	15
3290	19
3291	13
3292	14
3293	12
3294	16
3295	9
3296	18
3297	9
3298	16
3299	15
3300	20
3301	12
3302	16
3303	11
3304	16
3305	16
3306	12
3307	20
3308	14
3309	15
3310	16
3311	15
3312	9
3313	14
3314	18
3315	11
3316	11
3317	9
3318	16
3319	17
3320	8
3321	19
3322	9
3323	18
3324	15
3325	16
3326	13
3327	14
3328	15
3329	12
3330	12
3331	11
3332	14
3333	12
3334	15
3335	15
3336	16
3337	15
3338	21
3339	13
3340	14
3341	24
3342	17
3343	15
3344	17
3345	14
3346	21
3347	14
3348	22
3349	15
3350	15
3351	17
3352	6
3353	19
3354	9
3355	14
3356	13
3357	14
3358	10
3359	9
3360	10
3361	14
3362	16
3363	14
3364	15
3365	18
3366	16
3367	13
3368	8
3369	15
3370	14
3371	14
3372	19
3373	9
3374	11
3375	15
3376	20
3377	19
3378	13
3379	13
3380	18
3381	15
3382	11
3383	13
3384	11
3385	16
3386	14
3387	13
3388	17
3389	25
3390	9
3391	22
3392	11
3393	12
3394	15
3395	18
3396	25
3397	17
3398	7
3399	19
3400	19
3401	10
3402	16
3403	10
3404	14
3405	13
3406	19
3407	12
3408	21
3409	19
3410	18
3411	11
3412	20
3413	12
3414	17
3415	12
3416	21
3417	19
3418	18
3419	14
3420	11
3421	19
3422	12
3423	18
3424	16
3425	15
3426	26
3427	13
3428	16
3429	11
3430	16
3431	13
3432	11
3433	21
3434	14
3435	14
3436	19
3437	18
3438	16
3439	17
3440	9
3441	4
3442	16
3443	8
3444	19
3445	10
3446	16
3447	13
3448	21
3449	13
3450	11
3451	13
3452	11
3453	12
3454	19
3455	6
3456	10
3457	11
3458	13
3459	9
3460	19
3461	7
3462	10
3463	15
3464	14
3465	13
3466	13
3467	21
3468	12
3469	10
3470	12
3471	19
3472	22
3473	17
3474	17
3475	17
3476	13
3477	15
3478	15
3479	17
3480	9
3481	12
3482	20
3483	11
3484	10
3485	8
3486	11
3487	12
3488	18
3489	17
3490	9
3491	20
3492	18
3493	21
3494	17
3495	15
3496	22
3497	12
3498	18
3499	13
3500	11
3501	12
3502	9
3503	10
3504	19
3505	12
3506	13
3507	13
3508	20
3509	12
3510	18
3511	13
3512	11
3513	17
3514	16
3515	17
3516	7
3517	11
3518	14
3519	13
3520	18
3521	18
3522	17
3523	9
3524	15
3525	15
3526	14
3527	16
3528	14
3529	19
3530	10
3531	18
3532	18
3533	11
3534	22
3535	11
3536	16
3537	8
3538	18
3539	20
3540	18
3541	9
3542	18
3543	11
3544	18
3545	17
3546	21
3547	9
3548	15
3549	17
3550	11
3551	15
3552	14
3553	13
3554	16
3555	13
3556	9
3557	11
3558	9
3559	19
3560	20
3561	12
3562	13
3563	11
3564	20
3565	24
3566	13
3567	11
3568	14
3569	12
3570	22
3571	14
3572	13
3573	11
3574	14
3575	11
3576	18
3577	15
3578	11
3579	17
3580	12
3581	15
3582	10
3583	21
3584	15
3585	10
3586	10
3587	16
3588	17
3589	22
3590	15
3591	14
3592	16
3593	20
3594	10
3595	11
3596	10
3597	18
3598	15
3599	11
3600	17
3601	19
3602	15
3603	20
3604	19
3605	19
3606	17
3607	17
3608	16
3609	15
3610	21
3611	9
3612	16
3613	14
3614	12
3615	16
3616	14
3617	16
3618	11
3619	10
3620	11
3621	15
3622	18
3623	19
3624	7
3625	25
3626	9
3627	14
3628	19
3629	20
3630	11
3631	14
3632	17
3633	9
3634	17
3635	17
3636	19
3637	10
3638	14
3639	16
3640	14
3641	15
3642	14
3643	14
3644	17
3645	16
3646	10
3647	26
3648	14
3649	16
3650	15
3651	13
3652	20
3653	11
3654	11
3655	25
3656	16
3657	10
3658	22
3659	13
3660	17
3661	17
3662	19
3663	17
3664	19
3665	12
3666	20
3667	12
3668	17
3669	8
3670	20
3671	18
3672	14
3673	21
3674	14
3675	14
3676	14
3677	11
3678	16
3679	18
3680	19
3681	11
3682	15
3683	19
3684	22
3685	16
3686	13
3687	16
3688	23
3689	14
3690	22
3691	16
3692	16
3693	20
3694	17
3695	15
3696	15
3697	12
3698	22
3699	14
3700	14
3701	17
3702	16
3703	19
3704	16
3705	28
3706	15
3707	16
3708	18
3709	18
3710	17
3711	16
3712	21
3713	15
3714	8
3715	17
3716	12
3717	19
3718	18
3719	9
3720	20
3721	18
3722	18
3723	22
3724	10
3725	17
3726	14
3727	18
3728	15
3729	9
3730	13
3731	16
3732	18
3733	12
3734	16
3735	17
3736	15
3737	13
3738	17
3739	12
3740	13
3741	14
3742	18
3743	20
3744	13
3745	16
3746	12
3747	18
3748	9
3749	19
3750	16
3751	17
3752	24
3753	15
3754	23
3755	16
3756	12
3757	14
3758	20
3759	4
3760	17
3761	19
3762	15
3763	22
3764	15
3765	25
3766	15
3767	24
3768	16
3769	14
3770	21
3771	18
3772	8
3773	10
3774	11
3775	19
3776	15
3777	19
3778	15
3779	10
3780	14
3781	13
3782	18
3783	19
3784	15
3785	17
3786	15
3787	14
3788	11
3789	14
3790	21
3791	16
3792	26
3793	22
3794	18
3795	17
3796	19
3797	16
3798	18
3799	24
3800	13
3801	25
3802	21
3803	22
3804	24
3805	20
3806	16
3807	20
3808	19
3809	13
3810	22
3811	21
3812	13
3813	19
3814	16
3815	24
3816	20
3817	17
3818	17
3819	11
3820	15
3821	16
3822	19
3823	15
3824	16
3825	9
3826	17
3827	16
3828	19
3829	16
3830	26
3831	13
3832	17
3833	17
3834	15
3835	20
3836	16
3837	22
3838	22
3839	18
3840	19
3841	21
3842	18
3843	13
3844	25
3845	21
3846	19
3847	17
3848	22
3849	15
3850	23
3851	19
3852	19
3853	24
3854	18
3855	23
3856	20
3857	16
3858	19
3859	10
3860	12
3861	19
3862	16
3863	20
3864	14
3865	19
3866	21
3867	14
3868	18
3869	24
3870	21
3871	16
3872	17
3873	19
3874	16
3875	15
3876	12
3877	14
3878	18
3879	20
3880	16
3881	21
3882	18
3883	30
3884	21
3885	15
3886	19
3887	18
3888	17
3889	19
3890	23
3891	31
3892	21
3893	14
3894	17
3895	17
3896	13
3897	21
3898	22
3899	25
3900	16
3901	27
3902	17
3903	26
3904	23
3905	15
3906	24
3907	24
3908	23
3909	26
3910	23
3911	26
3912	18
3913	25
3914	22
3915	13
3916	18
3917	16
3918	19
3919	22
3920	16
3921	22
3922	18
3923	29
3924	24
3925	22
3926	23
3927	26
3928	25
3929	14
3930	18
3931	20
3932	25
3933	21
3934	20
3935	18
3936	26
3937	13
3938	24
3939	25
3940	34
3941	24
3942	15
3943	21
3944	18
3945	19
3946	19
3947	23
3948	25
3949	22
3950	19
3951	17
3952	21
3953	15
3954	24
3955	24
3956	23
3957	19
3958	25
3959	24
3960	30
3961	26
3962	23
3963	30
3964	20
3965	23
3966	22
3967	19
3968	29
3969	28
3970	25
3971	25
3972	25
3973	29
3974	21
3975	19
3976	25
3977	23
3978	19
3979	21
3980	20
3981	20
3982	26
3983	24
3984	31
3985	29
3986	21
3987	28
3988	37
3989	22
3990	32
3991	23
3992	25
3993	27
3994	32
3995	28
3996	22
3997	27
3998	33
3999	29
4000	34
4001	32
4002	24
4003	29
4004	30
4005	25
4006	20
4007	31
4008	30
4009	23
4010	26
4011	30
4012	29
4013	28
4014	24
4015	19
4016	31
4017	26
4018	27
4019	24
4020	26
4021	27
4022	27
4023	29
4024	29
4025	19
4026	24
4027	25
4028	26
4029	23
4030	30
4031	33
4032	25
4033	30
4034	34
4035	30
4036	23
4037	27
4038	26
4039	22
4040	27
4041	24
4042	27
4043	24
4044	37
4045	30
4046	26
4047	41
4048	28
4049	33
4050	30
4051	32
4052	28
4053	30
4054	25
4055	28
4056	24
4057	42
4058	27
4059	27
4060	32
4061	28
4062	34
4063	19
4064	27
4065	33
4066	24
4067	21
4068	25
4069	30
4070	25
4071	33
4072	26
4073	42
4074	33
4075	28
4076	24
4077	28
4078	31
4079	32
4080	24
4081	29
4082	32
4083	34
4084	29
4085	29
4086	43
4087	33
4088	28
4089	19
4090	37
4091	32
4092	25
4093	31
4094	37
4095	21
4096	24
4097	22
4098	42
4099	22
4100	31
4101	35
4102	25
4103	23
4104	24
4105	30
4106	30
4107	17
4108	29
4109	24
4110	22
4111	30
4112	27
4113	19
4114	30
4115	32
4116	40
4117	38
4118	31
4119	36
4120	21
4121	33
4122	30
4123	27
4124	38
4125	33
4126	29
4127	23
4128	26
4129	24
4130	28
4131	28
4132	21
4133	34
4134	25
4135	25
4136	28
4137	29
4138	34
4139	24
4140	33
4141	27
4142	30
4143	36
4144	22
4145	25
4146	28
4147	26
4148	26
4149	30
4150	30
4151	29
4152	28
4153	25
4154	25
4155	24
4156	29
4157	29
4158	27
4159	25
4160	29
4161	26
4162	29
4163	20
4164	26
4165	35
4166	35
4167	25
4168	24
4169	32
4170	30
4171	18
4172	23
4173	29
4174	34
4175	30
4176	27
4177	21
4178	35
4179	21
4180	22
4181	28
4182	22
4183	22
4184	17
4185	29
4186	24
4187	22
4188	32
4189	27
4190	24
4191	28
4192	26
4193	20
4194	26
4195	16
4196	32
4197	27
4198	21
4199	18
4200	20
4201	22
4202	25
4203	18
4204	19
4205	18
4206	31
4207	20
4208	24
4209	28
4210	14
4211	23
4212	20
4213	17
4214	19
4215	25
4216	13
4217	22
4218	25
4219	15
4220	18
4221	22
4222	23
4223	18
4224	15
4225	18
4226	25
4227	22
4228	22
4229	17
4230	28
4231	14
4232	15
4233	17
4234	17
4235	19
4236	17
4237	21
4238	20
4239	20
4240	23
4241	23
4242	12
4243	15
4244	7
4245	13
4246	10
4247	14
4248	20
4249	14
4250	17
4251	14
4252	17
4253	18
4254	16
4255	9
4256	21
4257	20
4258	19
4259	14
4260	13
4261	23
4262	18
4263	14
4264	17
4265	11
4266	15
4267	15
4268	5
4269	15
4270	16
4271	12
4272	15
4273	12
4274	15
4275	13
4276	18
4277	13
4278	12
4279	11
4280	14
4281	10
4282	18
4283	15
4284	12
4285	12
4286	12
4287	7
4288	10
4289	11
4290	15
4291	8
4292	22
4293	14
4294	10
4295	11
4296	9
4297	13
4298	13
4299	7
4300	13
4301	10
4302	7
4303	9
4304	7
4305	11
4306	7
4307	7
4308	11
4309	5
4310	11
4311	13
4312	10
4313	7
4314	11
4315	10
4316	6
4317	10
4318	6
4319	6
4320	10
4321	7
4322	8
4323	8
4324	7
4325	9
4326	1
4327	13
4328	8
4329	9
4330	11
4331	6
4332	3
4333	5
4334	8
4335	2
4336	2
4337	7
4338	9
4339	8
4340	8
4341	5
4342	5
4343	6
4344	6
4345	4
4346	10
4347	4
4348	5
4349	8
4350	6
4351	8
4352	4
4353	8
4354	7
4355	4
4356	4
4357	4
4358	5
4359	4
4360	6
4361	4
4362	4
4363	8
4364	6
4365	5
4366	3
4367	9
4368	4
4369	2
4370	3
4371	6
4372	4
4373	5
4374	3
4375	8
4376	3
4377	2
4378	5
4379	4
4380	1
4381	5
4382	7
4383	7
4384	2
4385	3
4386	5
4387	3
4388	4
4389	6
4390	5
4391	4
4392	6
4393	4
4394	6
4395	5
4396	4
4397	4
4398	6
4399	3
4400	2
4401	4
4402	1
4403	0
4404	5
4405	4
4406	1
4407	4
4408	3
4409	1
4410	0
4411	2
4412	2
4413	5
4414	4
4415	6
4416	4
4417	1
4418	4
4419	2
4420	1
4421	0
4422	3
4423	4
4424	0
4425	0
4426	3
4427	3
4428	2
4429	4
4430	1
4431	1
4432	1
4433	1
4434	0
4435	2
4436	0
4437	4
4438	2
4439	0
4440	2
4441	2
4442	2
4443	2
4444	2
4445	2
4446	2
4447	1
4448	1
4449	1
4450	0
4451	0
4452	0
4453	0
4454	0
4455	0
4456	4
4457	0
4458	1
4459	0
4460	0
4461	2
4462	0
4463	1
4464	3
4465	2
4466	2
4467	1
4468	0
4469	1
4470	1
4471	0
4472	1
4473	3
4474	1
4475	2
4476	3
4477	1
4478	1
4479	0
4480	2
4481	1
4482	0
4483	0
4484	2
4485	1
4486	2
4487	0
4488	0
4489	1
4490	0
4491	3
4492	2
4493	0
4494	2
4495	1
4496	2
4497	1
4498	1
4499	1
4500	0
4501	1
4502	0
4503	2
4504	1
4505	2
4506	0
4507	0
4508	3
4509	0
4510	0
4511	1
4512	1
4513	2
4514	0
4515	2
4516	1
4517	1
4518	0
4519	1
4520	1
4521	0
4522	0
4523	0
4524	1
4525	1
4526	1
4527	0
4528	1
4529	0
4530	0
4531	1
4532	0
4533	0
4534	1
4535	1
4536	2
4537	2
4538	0
4539	1
4540	3
4541	0
4542	1
4543	1
4544	0
4545	2
4546	0
4547	1
4548	1
4549	0
4550	0
4551	0
4552	1
4553	1
4554	0
4555	0
4556	0
4557	1
4558	0
4559	1
4560	0
4561	0
4562	0
4563	0
4564	1
4565	0
4566	2
4567	0
4568	2
4569	0
4570	0
4571	0
4572	1
4573	1
4574	2
4575	1
4576	2
4577	0
4578	0
4579	0
4580	0
4581	1
4582	2
4583	0
4584	1
4585	1
4586	0
4587	1
4588	0
4589	1
4590	0
4591	0
4592	1
4593	2
4594	2
4595	0
4596	0
4597	1
4598	1
4599	1
4600	0
4601	1
4602	1
4603	3
4604	2
4605	1
4606	1
4607	1
4608	0
4609	0
4610	1
4611	0
4612	1
4613	1
4614	0
4615	1
4616	0
4617	0
4618	3
4619	2
4620	1
4621	0
4622	0
4623	1
4624	0
4625	2
4626	0
4627	2
4628	3
4629	0
4630	0
4631	0
4632	2
4633	0
4634	0
4635	0
4636	1
4637	3
4638	1
4639	1
4640	2
4641	0
4642	1
4643	2
4644	2
4645	2
4646	0
4647	0
4648	0
4649	3
4650	1
4651	0
4652	0
4653	2
4654	1
4655	0
4656	3
4657	0
4658	1
4659	1
4660	0
4661	0
4662	1
4663	2
4664	0
4665	0
4666	1
4667	2
4668	0
4669	0
4670	0
4671	2
4672	0
4673	1
4674	0
4675	1
4676	0
4677	0
4678	1
4679	3
4680	0
4681	0
4682	3
4683	0
4684	2
4685	1
4686	1
4687	1
4688	2
4689	0
4690	0
4691	0
4692	0
4693	1
4694	1
4695	1
4696	0
4697	2
4698	0
4699	0
4700	0
4701	1
4702	1
4703	2
4704	0
4705	1
4706	1
4707	1
4708	1
4709	0
4710	1
4711	0
4712	1
4713	0
4714	0
4715	0
4716	0
4717	0
4718	0
4719	0
4720	2
4721	1
4722	2
4723	1
4724	0
4725	0
4726	1
4727	1
4728	1
4729	1
4730	0
4731	0
4732	0
4733	0
4734	0
4735	2
4736	1
4737	2
4738	0
4739	0
4740	0
4741	1
4742	0
4743	0
4744	0
4745	0
4746	1
4747	0
4748	1
4749	0
4750	1
4751	0
4752	1
4753	0
4754	1
4755	0
4756	1
4757	0
4758	1
4759	0
4760	1
4761	1
4762	0
4763	1
4764	2
4765	0
4766	1
4767	0
4768	1
4769	0
4770	0
4771	3
4772	1
4773	0
4774	3
4775	1
4776	1
4777	1
4778	0
4779	0
4780	0
4781	0
4782	1
4783	0
4784	0
4785	0
4786	1
4787	1
4788	1
4789	2
4790	2
4791	0
4792	1
4793	2
4794	1
4795	1
4796	0
4797	1
4798	2
4799	2
4800	1
4801	3
4802	0
4803	2
4804	1
4805	0
4806	0
4807	2
4808	1
4809	1
4810	0
4811	1
4812	0
4813	0
4814	1
4815	0
4816	2
4817	0
4818	0
4819	2
4820	0
4821	1
4822	0
4823	0
4824	2
4825	1
4826	1
4827	2
4828	0
4829	1
4830	1
4831	1
4832	0
4833	2
4834	0
4835	2
4836	0
4837	0
4838	0
4839	1
4840	3
4841	0
4842	0
4843	2
4844	1
4845	1
4846	1
4847	0
4848	2
4849	1
4850	1
4851	0
4852	1
4853	2
4854	0
4855	0
4856	2
4857	1
4858	1
4859	0
4860	0
4861	1
4862	0
4863	1
4864	0
4865	1
4866	0
4867	1
4868	2
4869	1
4870	1
4871	0
4872	0
4873	0
4874	0
4875	0
4876	0
4877	0
4878	0
4879	1
4880	0
4881	1
4882	1
4883	0
4884	0
4885	0
4886	0
4887	1
4888	0
4889	1
4890	1
4891	0
4892	1
4893	1
4894	2
4895	0
4896	0
4897	2
4898	0
4899	0
4900	2
4901	1
4902	0
4903	2
4904	2
4905	0
4906	0
4907	2
4908	1
4909	1
4910	1
4911	1
4912	0
4913	2
4914	0
4915	2
4916	2
4917	4
4918	1
4919	0
4920	2
4921	0
4922	0
4923	0
4924	0
4925	0
4926	0
4927	0
4928	1
4929	0
4930	0
4931	0
4932	4
4933	0
4934	1
4935	2
4936	0
4937	2
4938	0
4939	1
4940	1
4941	1
4942	1
4943	1
4944	0
4945	1
4946	1
4947	0
4948	0
4949	2
4950	0
4951	0
4952	0
4953	2
4954	0
4955	0
4956	0
4957	1
4958	0
4959	0
4960	0
4961	0
4962	0
4963	1
4964	0
4965	0
4966	0
4967	2
4968	2
4969	0
4970	2
4971	2
4972	0
4973	0
4974	0
4975	1
4976	3
4977	1
4978	1
4979	0
4980	1
4981	2
4982	0
4983	0
4984	2
4985	0
4986	0
4987	0
4988	0
4989	0
4990	0
4991	0
4992	0
4993	0
4994	1
4995	2
4996	2
4997	0
4998	0
4999	0
5000	2
5001	0
5002	0
5003	0
5004	0
5005	0
5006	1
5007	0
5008	0
5009	0
5010	0
5011	1
5012	1
5013	1
5014	1
5015	0
5016	0
5017	0
5018	2
5019	1
5020	2
5021	0
5022	0
5023	0
5024	0
5025	2
5026	0
5027	1
5028	1
5029	1
5030	1
5031	1
5032	1
5033	0
5034	1
5035	1
5036	0
5037	0
5038	1
5039	0
5040	1
5041	0
5042	3
5043	1
5044	0
5045	2
5046	1
5047	4
5048	0
5049	1
5050	1
5051	0
5052	2
5053	1
5054	0
5055	0
5056	2
5057	0
5058	0
5059	0
5060	0
5061	1
5062	0
5063	0
5064	1
5065	2
5066	0
5067	3
5068	0
5069	0
5070	1
5071	1
5072	1
5073	1
5074	2
5075	2
5076	2
5077	2
5078	2
5079	2
5080	0
5081	2
5082	0
5083	0
5084	1
5085	0
5086	0
5087	0
5088	2
5089	1
5090	2
5091	0
5092	1
5093	1
5094	2
5095	1
5096	2
5097	2
5098	0
5099	1
5100	0
5101	0
5102	2
5103	1
5104	0
5105	1
5106	1
5107	0
5108	1
5109	0
5110	1
5111	2
5112	1
5113	1
5114	0
5115	1
5116	1
5117	1
5118	1
5119	0
5120	0
5121	1
5122	0
5123	0
5124	1
5125	2
5126	0
5127	1
5128	0
5129	2
5130	0
5131	2
5132	1
5133	0
5134	0
5135	1
5136	0
5137	0
5138	1
5139	1
5140	0
5141	0
5142	0
5143	0
5144	1
5145	1
5146	2
5147	2
5148	1
5149	2
5150	0
5151	0
5152	0
5153	2
5154	0
5155	0
5156	1
5157	0
5158	0
5159	1
5160	1
5161	2
5162	2
5163	0
5164	1
5165	1
5166	0
5167	0
5168	0
5169	0
5170	2
5171	0
5172	1
5173	0
5174	0
5175	0
5176	0
5177	0
5178	1
5179	0
5180	2
5181	1
5182	1
5183	0
5184	1
5185	0
5186	0
5187	2
5188	1
5189	1
5190	0
5191	0
5192	1
5193	1
5194	0
5195	0
5196	1
5197	1
5198	0
5199	0
5200	0
5201	0
5202	0
5203	1
5204	0
5205	1
5206	0
5207	0
5208	2
5209	1
5210	0
5211	0
5212	2
5213	3
5214	0
5215	2
5216	0
5217	0
5218	1
5219	1
5220	1
5221	0
5222	0
5223	1
5224	0
5225	1
5226	0
5227	1
5228	1
5229	0
5230	1
5231	0
5232	1
5233	2
5234	0
5235	1
5236	0
5237	0
5238	1
5239	1
5240	0
5241	0
5242	2
5243	1
5244	0
5245	1
5246	0
5247	1
5248	3
5249	0
5250	1
5251	1
5252	0
5253	0
5254	3
5255	0
5256	0
5257	0
5258	1
5259	0
5260	1
5261	1
5262	1
5263	2
5264	1
5265	1
5266	0
5267	1
5268	1
5269	0
5270	0
5271	1
5272	0
5273	0
5274	2
5275	0
5276	1
5277	1
5278	1
5279	1
5280	0
5281	0
5282	0
5283	0
5284	1
5285	0
5286	0
5287	0
5288	0
5289	0
5290	0
5291	0
5292	1
5293	3
5294	0
5295	0
5296	0
5297	1
5298	2
5299	1
5300	0
5301	1
5302	0
5303	1
5304	0
5305	0
5306	3
5307	2
5308	1
5309	1
5310	0
5311	1
5312	0
5313	1
5314	2
5315	1
5316	1
5317	1
5318	2
5319	2
5320	1
5321	1
5322	0
5323	1
5324	0
5325	0
5326	0
5327	0
5328	0
5329	1
5330	1
5331	0
5332	0
5333	0
5334	0
5335	2
5336	2
5337	2
5338	1
5339	3
5340	1
5341	1
5342	1
5343	0
5344	0
5345	1
5346	1
5347	2
5348	2
5349	0
5350	0
5351	0
5352	1
5353	1
5354	0
5355	0
5356	1
5357	0
5358	0
5359	0
5360	0
5361	1
5362	0
5363	0
5364	1
5365	0
5366	1
5367	0
5368	1
5369	2
5370	0
5371	1
5372	0
5373	1
5374	0
5375	1
5376	1
5377	0
5378	1
5379	0
5380	0
5381	0
5382	0
5383	0
5384	1
5385	0
5386	1
5387	1
5388	0
5389	0
5390	2
5391	0
5392	2
5393	1
5394	0
5395	1
5396	1
5397	1
5398	0
5399	0
5400	1
5401	2
5402	1
5403	1
5404	0
5405	0
5406	0
5407	1
5408	0
5409	0
5410	1
5411	0
5412	1
5413	1
5414	1
5415	3
5416	1
5417	0
5418	2
5419	0
5420	0
5421	1
5422	1
5423	0
5424	1
5425	1
5426	1
5427	2
5428	1
5429	1
5430	0
5431	2
5432	0
5433	1
5434	0
5435	1
5436	3
5437	1
5438	0
5439	0
5440	0
5441	1
5442	1
5443	1
5444	0
5445	1
5446	1
5447	0
5448	0
5449	1
5450	2
5451	0
5452	0
5453	2
5454	0
5455	4
5456	2
5457	0
5458	1
5459	1
5460	0
5461	0
5462	2
5463	1
5464	0
5465	0
5466	0
5467	1
5468	1
5469	2
5470	1
5471	0
5472	0
5473	0
5474	0
5475	0
5476	1
5477	1
5478	0
5479	1
5480	1
5481	3
5482	0
5483	2
5484	0
5485	0
5486	0
5487	0
5488	2
5489	1
5490	2
5491	3
5492	0
5493	1
5494	1
5495	1
5496	3
5497	1
5498	0
5499	1
5500	1
5501	0
5502	0
5503	1
5504	2
5505	0
5506	0
5507	0
5508	0
5509	0
5510	1
5511	0
5512	0
5513	3
5514	0
5515	1
5516	0
5517	1
5518	1
5519	0
5520	0
5521	1
5522	1
5523	0
5524	1
5525	0
5526	0
5527	0
5528	1
5529	0
5530	2
5531	1
5532	0
5533	2
5534	0
5535	0
5536	0
5537	1
5538	1
5539	0
5540	0
5541	2
5542	0
5543	2
5544	1
5545	0
5546	0
5547	0
5548	3
5549	0
5550	0
5551	0
5552	0
5553	0
5554	1
5555	1
5556	1
5557	0
5558	1
5559	0
5560	1
5561	0
5562	0
5563	0
5564	0
5565	0
5566	1
5567	2
5568	0
5569	1
5570	1
5571	2
5572	0
5573	0
5574	1
5575	0
5576	1
5577	0
5578	1
5579	0
5580	2
5581	1
5582	0
5583	0
5584	1
5585	3
5586	0
5587	1
5588	0
5589	0
5590	0
5591	1
5592	1
5593	0
5594	1
5595	2
5596	2
5597	2
5598	1
5599	0
5600	0
5601	0
5602	0
5603	1
5604	2
5605	2
5606	0
5607	0
5608	0
5609	1
5610	0
5611	2
5612	0
5613	0
5614	2
5615	2
5616	1
5617	0
5618	1
5619	1
5620	1
5621	1
5622	0
5623	0
5624	2
5625	2
5626	0
5627	0
5628	2
5629	0
5630	1
5631	1
5632	1
5633	3
5634	2
5635	0
5636	0
5637	2
5638	1
5639	1
5640	2
5641	0
5642	0
5643	0
5644	0
5645	0
5646	0
5647	0
5648	2
5649	1
5650	0
5651	0
5652	1
5653	1
5654	1
5655	1
5656	0
5657	0
5658	2
5659	2
5660	1
5661	1
5662	1
5663	1
5664	0
5665	0
5666	0
5667	1
5668	0
5669	2
5670	0
5671	0
5672	2
5673	0
5674	0
5675	0
5676	1
5677	0
5678	1
5679	2
5680	0
5681	0
5682	0
5683	1
5684	2
5685	0
5686	3
5687	0
5688	0
5689	1
5690	0
5691	0
5692	1
5693	3
5694	0
5695	1
5696	1
5697	0
5698	2
5699	2
5700	0
5701	1
5702	0
5703	0
5704	0
5705	1
5706	1
5707	0
5708	0
5709	0
5710	0
5711	1
5712	1
5713	0
5714	2
5715	0
5716	1
5717	0
5718	1
5719	1
5720	1
5721	0
5722	0
5723	1
5724	0
5725	2
5726	0
5727	0
5728	1
5729	0
5730	1
5731	2
5732	1
5733	0
5734	1
5735	0
5736	0
5737	0
5738	0
5739	0
5740	2
5741	1
5742	2
5743	0
5744	0
5745	2
5746	1
5747	2
5748	0
5749	0
5750	1
5751	3
5752	0
5753	0
5754	2
5755	0
5756	0
5757	0
5758	0
5759	1
5760	2
5761	0
5762	0
5763	1
5764	2
5765	0
5766	1
5767	0
5768	0
5769	1
5770	0
5771	0
5772	0
5773	1
5774	0
5775	0
5776	2
5777	4
5778	0
5779	1
5780	1
5781	0
5782	3
5783	0
5784	1
5785	1
5786	0
5787	0
5788	0
5789	1
5790	0
5791	0
5792	2
5793	1
5794	0
5795	0
5796	0
5797	1
5798	2
5799	1
5800	0
5801	1
5802	0
5803	0
5804	0
5805	0
5806	1
5807	0
5808	0
5809	0
5810	1
5811	2
5812	2
5813	0
5814	0
5815	2
5816	1
5817	0
5818	1
5819	0
5820	1
5821	0
5822	0
5823	2
5824	0
5825	0
5826	0
5827	0
5828	0
5829	0
5830	1
5831	0
5832	0
5833	0
5834	2
5835	1
5836	0
5837	0
5838	2
5839	1
5840	0
5841	0
5842	2
5843	0
5844	1
5845	0
5846	0
5847	0
5848	2
5849	1
5850	0
5851	1
5852	0
5853	2
5854	0
5855	1
5856	0
5857	2
5858	0
5859	0
5860	1
5861	1
5862	2
5863	0
5864	0
5865	0
5866	3
5867	1
5868	0
5869	0
5870	0
5871	2
5872	0
5873	1
5874	0
5875	1
5876	0
5877	1
5878	2
5879	1
5880	1
5881	1
5882	1
5883	0
5884	0
5885	0
5886	0
5887	2
5888	0
5889	0
5890	0
5891	1
5892	0
5893	1
5894	0
5895	1
5896	0
5897	0
5898	1
5899	0
5900	2
5901	2
5902	0
5903	1
5904	0
5905	0
5906	3
5907	0
5908	0
5909	1
5910	4
5911	0
5912	1
5913	0
5914	0
5915	0
5916	1
5917	4
5918	0
5919	1
5920	1
5921	0
5922	0
5923	1
5924	1
5925	0
5926	3
5927	0
5928	1
5929	0
5930	0
5931	1
5932	0
5933	1
5934	0
5935	2
5936	1
5937	0
5938	1
5939	0
5940	1
5941	1
5942	1
5943	0
5944	0
5945	1
5946	0
5947	0
5948	0
5949	1
5950	0
5951	1
5952	3
5953	0
5954	1
5955	1
5956	0
5957	0
5958	0
5959	0
5960	0
5961	0
5962	1
5963	2
5964	1
5965	0
5966	0
5967	1
5968	0
5969	1
5970	0
5971	1
5972	1
5973	0
5974	0
5975	0
5976	1
5977	1
5978	0
5979	0
5980	0
5981	2
5982	0
5983	1
5984	0
5985	0
5986	0
5987	2
5988	2
5989	0
5990	1
5991	0
5992	1
5993	0
5994	0
5995	1
5996	1
5997	0
5998	0
5999	0
6000	0
6001	1
6002	0
6003	0
6004	0
6005	2
6006	0
6007	0
6008	0
6009	0
6010	0
6011	2
6012	0
6013	0
6014	0
6015	0
6016	0
6017	0
6018	0
6019	0
6020	1
6021	0
6022	0
6023	0
6024	0
6025	0
6026	0
6027	0
6028	0
6029	0
6030	0
6031	1
6032	0
6033	0
6034	0
6035	0
6036	0
6037	0
6038	0
6039	0
6040	0
6041	2
6042	0
6043	0
6044	0
6045	1
6046	0
6047	0
6048	0
6049	1
6050	1
6051	0
6052	1
6053	1
6054	1
6055	0
6056	0
6057	0
6058	0
6059	2
6060	0
6061	0
6062	1
6063	0
6064	0
6065	1
6066	0
6067	1
6068	0
6069	0
6070	0
6071	0
6072	1
6073	1
6074	2
6075	0
6076	0
6077	0
6078	1
6079	0
6080	1
6081	0
6082	1
6083	1
6084	0
6085	1
6086	0
6087	0
6088	2
6089	0
6090	0
6091	2
6092	1
6093	0
6094	2
6095	1
6096	1
6097	0
6098	0
6099	1
6100	0
6101	1
6102	0
6103	0
6104	0
6105	0
6106	1
6107	0
6108	0
6109	0
6110	0
6111	0
6112	0
6113	0
6114	1
6115	0
6116	1
6117	2
6118	0
6119	0
6120	1
6121	0
6122	0
6123	0
6124	2
6125	0
6126	0
6127	0
6128	0
6129	0
6130	1
6131	0
6132	0
6133	0
6134	0
6135	1
6136	2
6137	1
6138	1
6139	1
6140	0
6141	1
6142	1
6143	1
6144	0
6145	1
6146	1
6147	0
6148	1
6149	0
6150	0
6151	1
6152	0
6153	2
6154	1
6155	0
6156	0
6157	0
6158	1
6159	1
6160	0
6161	1
6162	2
6163	2
6164	1
6165	1
6166	0
6167	0
6168	0
6169	1
6170	0
6171	0
6172	0
6173	1
6174	0
6175	0
6176	0
6177	1
6178	1
6179	1
6180	0
6181	0
6182	0
6183	0
6184	0
6185	1
6186	0
6187	1
6188	0
6189	0
6190	0
6191	1
6192	1
6193	0
6194	1
6195	0
6196	0
6197	0
6198	0
6199	0
6200	1
6201	0
6202	0
6203	2
6204	0
6205	1
6206	0
6207	0
6208	0
6209	0
6210	1
6211	1
6212	0
6213	0
6214	1
6215	0
6216	2
6217	0
6218	0
6219	1
6220	0
6221	0
6222	1
6223	0
6224	1
6225	0
6226	2
6227	1
6228	0
6229	2
6230	1
6231	0
6232	2
6233	0
6234	0
6235	0
6236	0
6237	0
6238	0
6239	2
6240	1
6241	0
6242	0
6243	3
6244	1
6245	1
6246	0
6247	2
6248	1
6249	0
6250	0
6251	2
6252	1
6253	3
6254	0
6255	1
6256	0
6257	0
6258	0
6259	0
6260	1
6261	1
6262	0
6263	2
6264	0
6265	0
6266	1
6267	0
6268	0
6269	3
6270	0
6271	0
6272	1
6273	1
6274	2
6275	0
6276	2
6277	1
6278	0
6279	0
6280	2
6281	0
6282	1
6283	0
6284	0
6285	0
6286	1
6287	0
6288	2
6289	0
6290	1
6291	0
6292	1
6293	1
6294	0
6295	1
6296	0
6297	1
6298	0
6299	1
6300	0
6301	0
6302	2
6303	1
6304	0
6305	0
6306	0
6307	0
6308	0
6309	0
6310	0
6311	0
6312	3
6313	0
6314	0
6315	0
6316	0
6317	0
6318	0
6319	0
6320	0
6321	0
6322	1
6323	1
6324	2
6325	0
6326	0
6327	0
6328	0
6329	2
6330	0
6331	0
6332	1
6333	1
6334	1
6335	0
6336	0
6337	0
6338	0
6339	1
6340	1
6341	0
6342	0
6343	1
6344	1
6345	1
6346	0
6347	0
6348	1
6349	0
6350	1
6351	1
6352	0
6353	0
6354	1
6355	0
6356	0
6357	0
6358	0
6359	0
6360	0
6361	0
6362	0
6363	0
6364	0
6365	1
6366	1
6367	1
6368	1
6369	0
6370	0
6371	1
6372	0
6373	1
6374	0
6375	0
6376	1
6377	0
6378	0
6379	0
6380	1
6381	1
6382	0
6383	0
6384	0
6385	0
6386	1
6387	3
6388	0
6389	2
6390	0
6391	1
6392	0
6393	0
6394	2
6395	0
6396	0
6397	0
6398	1
6399	1
6400	1
6401	0
6402	0
6403	0
6404	1
6405	0
6406	2
6407	0
6408	0
6409	0
6410	1
6411	0
6412	0
6413	0
6414	0
6415	2
6416	1
6417	1
6418	0
6419	1
6420	0
6421	0
6422	1
6423	0
6424	0
6425	0
6426	2
6427	0
6428	0
6429	0
6430	0
6431	0
6432	0
6433	1
6434	0
6435	0
6436	0
6437	0
6438	0
6439	0
6440	0
6441	1
6442	0
6443	0
6444	0
6445	0
6446	0
6447	0
6448	0
6449	3
6450	0
6451	1
6452	0
6453	1
6454	0
6455	0
6456	0
6457	0
6458	0
6459	1
6460	0
6461	0
6462	1
6463	0
6464	0
6465	0
6466	0
6467	0
6468	1
6469	0
6470	0
6471	0
6472	2
6473	1
6474	0
6475	1
6476	0
6477	1
6478	0
6479	0
6480	0
6481	1
6482	0
6483	1
6484	0
6485	0
6486	0
6487	0
6488	0
6489	0
6490	0
6491	0
6492	0
6493	0
6494	1
6495	0
6496	0
6497	0
6498	0
6499	0
6500	1
6501	1
6502	0
6503	1
6504	0
6505	1
6506	0
6507	0
6508	1
6509	0
6510	0
6511	1
6512	0
6513	0
6514	0
6515	1
6516	0
6517	1
6518	1
6519	0
6520	0
6521	1
6522	1
6523	1
6524	0
6525	0
6526	0
6527	0
6528	0
6529	0
6530	0
6531	0
6532	1
6533	0
6534	0
6535	1
6536	1
6537	0
6538	0
6539	0
6540	0
6541	1
6542	2
6543	0
6544	0
6545	0
6546	0
6547	0
6548	0
6549	0
6550	0
6551	0
6552	0
6553	0
6554	0
6555	0
6556	1
6557	1
6558	0
6559	1
6560	0
6561	2
6562	1
6563	0
6564	1
6565	1
6566	1
6567	0
6568	0
6569	0
6570	0
6571	0
6572	0
6573	0
6574	1
6575	0
6576	0
6577	0
6578	1
6579	4
6580	1
6581	0
6582	0
6583	0
6584	1
6585	1
6586	0
6587	0
6588	1
6589	1
6590	0
6591	1
6592	0
6593	0
6594	0
6595	1
6596	0
6597	0
6598	0
6599	0
6600	2
6601	1
6602	0
6603	0
6604	1
6605	0
6606	1
6607	1
6608	3
6609	0
6610	0
6611	1
6612	2
6613	0
6614	0
6615	1
6616	0
6617	0
6618	0
6619	0
6620	1
6621	0
6622	1
6623	0
6624	2
6625	2
6626	1
6627	3
6628	0
6629	0
6630	0
6631	0
6632	0
6633	1
6634	0
6635	0
6636	0
6637	0
6638	0
6639	1
6640	1
6641	0
6642	0
6643	1
6644	1
6645	0
6646	0
6647	0
6648	0
6649	0
6650	0
6651	1
6652	0
6653	1
6654	0
6655	3
6656	0
6657	1
6658	0
6659	0
6660	1
6661	0
6662	0
6663	0
6664	0
6665	1
6666	0
6667	0
6668	0
6669	0
6670	0
6671	2
6672	1
6673	0
6674	1
6675	0
6676	0
6677	0
6678	0
6679	1
6680	0
6681	0
6682	0
6683	1
6684	0
6685	2
6686	0
6687	1
6688	1
6689	2
6690	0
6691	0
6692	2
6693	0
6694	0
6695	1
6696	0
6697	1
6698	0
6699	0
6700	1
6701	1
6702	2
6703	1
6704	0
6705	0
6706	0
6707	0
6708	2
6709	0
6710	1
6711	0
6712	0
6713	0
6714	0
6715	1
6716	0
6717	0
6718	0
6719	0
6720	0
6721	0
6722	0
6723	1
6724	0
6725	0
6726	0
6727	1
6728	1
6729	1
6730	0
6731	0
6732	0
6733	0
6734	0
6735	0
6736	0
6737	1
6738	1
6739	1
6740	0
6741	0
6742	1
6743	2
6744	1
6745	0
6746	0
6747	2
6748	0
6749	0
6750	0
6751	1
6752	2
6753	3
6754	1
6755	1
6756	0
6757	0
6758	0
6759	0
6760	1
6761	1
6762	0
6763	0
6764	1
6765	1
6766	0
6767	0
6768	0
6769	0
6770	1
6771	1
6772	0
6773	1
6774	0
6775	1
6776	0
6777	0
6778	1
6779	0
6780	1
6781	0
6782	1
6783	0
6784	0
6785	1
6786	1
6787	1
6788	0
6789	0
6790	0
6791	0
6792	0
6793	0
6794	0
6795	1
6796	0
6797	1
6798	0
6799	0
6800	0
6801	0
6802	1
6803	1
6804	1
6805	0
6806	0
6807	1
6808	0
6809	0
6810	0
6811	1
6812	0
6813	0
6814	0
6815	0
6816	1
6817	1
6818	1
6819	0
6820	0
6821	0
6822	0
6823	0
6824	0
6825	0
6826	0
6827	0
6828	0
6829	0
6830	1
6831	0
6832	0
6833	0
6834	0
6835	0
6836	0
6837	1
6838	0
6839	0
6840	0
6841	0
6842	1
6843	2
6844	2
6845	2
6846	1
6847	0
6848	1
6849	0
6850	0
6851	0
6852	0
6853	1
6854	0
6855	1
6856	0
6857	1
6858	1
6859	1
6860	0
6861	0
6862	2
6863	0
6864	0
6865	1
6866	0
6867	1
6868	0
6869	0
6870	0
6871	1
6872	0
6873	0
6874	2
6875	0
6876	1
6877	1
6878	0
6879	2
6880	0
6881	0
6882	0
6883	0
6884	2
6885	1
6886	0
6887	0
6888	1
6889	0
6890	2
6891	0
6892	0
6893	0
6894	0
6895	1
6896	0
6897	0
6898	1
6899	1
6900	1
6901	0
6902	0
6903	0
6904	1
6905	1
6906	0
6907	0
6908	1
6909	0
6910	1
6911	1
6912	2
6913	0
6914	0
6915	0
6916	0
6917	1
6918	1
6919	0
6920	1
6921	0
6922	1
6923	0
6924	0
6925	1
6926	0
6927	0
6928	0
6929	0
6930	1
6931	0
6932	1
6933	1
6934	1
6935	0
6936	0
6937	1
6938	1
6939	0
6940	1
6941	0
6942	0
6943	1
6944	3
6945	0
6946	0
6947	0
6948	0
6949	0
6950	0
6951	0
6952	0
6953	0
6954	0
6955	0
6956	1
6957	1
6958	0
6959	0
6960	0
6961	0
6962	0
6963	0
6964	0
6965	0
6966	0
6967	0
6968	0
6969	0
6970	0
6971	0
6972	1
6973	0
6974	0
6975	0
6976	1
6977	0
6978	0
6979	1
6980	0
6981	0
6982	2
6983	0
6984	0
6985	1
6986	0
6987	0
6988	0
6989	1
6990	0
6991	0
6992	0
6993	2
6994	0
6995	0
6996	2
6997	0
6998	0
6999	0
7000	1
7001	0
7002	1
7003	0
7004	1
7005	1
7006	1
7007	0
7008	0
7009	1
7010	2
7011	0
7012	1
7013	0
7014	1
7015	0
7016	0
7017	1
7018	0
7019	0
7020	0
7021	0
7022	1
7023	1
7024	1
7025	1
7026	1
7027	0
7028	0
7029	1
7030	0
7031	0
7032	1
7033	3
7034	0
7035	1
7036	1
7037	0
7038	1
7039	0
7040	0
7041	2
7042	0
7043	0
7044	1
7045	0
7046	1
7047	0
7048	1
7049	0
7050	0
7051	1
7052	0
7053	1
7054	0
7055	0
7056	2
7057	2
7058	0
7059	1
7060	0
7061	1
7062	1
7063	1
7064	0
7065	1
7066	0
7067	1
7068	1
7069	1
7070	0
7071	0
7072	0
7073	0
7074	1
7075	0
7076	0
7077	1
7078	1
7079	2
7080	0
7081	0
7082	0
7083	1
7084	3
7085	1
7086	0
7087	0
7088	1
7089	0
7090	0
7091	1
7092	0
7093	1
7094	0
7095	0
7096	1
7097	1
7098	0
7099	0
7100	0
7101	3
7102	1
7103	0
7104	1
7105	2
7106	0
7107	0
7108	0
7109	0
7110	1
7111	0
7112	0
7113	0
7114	1
7115	1
7116	1
7117	1
7118	1
7119	4
7120	0
7121	1
7122	0
7123	0
7124	1
7125	0
7126	1
7127	0
7128	1
7129	1
7130	0
7131	0
7132	2
7133	0
7134	0
7135	0
7136	1
7137	0
7138	1
7139	1
7140	1
7141	0
7142	0
7143	0
7144	0
7145	0
7146	0
7147	0
7148	1
7149	1
7150	0
7151	0
7152	0
7153	1
7154	0
7155	0
7156	0
7157	0
7158	1
7159	2
7160	2
7161	0
7162	0
7163	1
7164	0
7165	1
7166	2
7167	0
7168	0
7169	1
7170	1
7171	0
7172	0
7173	3
7174	0
7175	2
7176	0
7177	0
7178	1
7179	0
7180	0
7181	0
7182	0
7183	1
7184	1
7185	1
7186	2
7187	0
7188	0
7189	0
7190	0
7191	1
7192	0
7193	3
7194	2
7195	2
7196	1
7197	0
7198	1
7199	1
7200	2
7201	1
7202	0
7203	1
7204	1
7205	1
7206	1
7207	1
7208	2
7209	1
7210	0
7211	1
7212	2
7213	1
7214	0
7215	0
7216	1
7217	0
7218	0
7219	2
7220	0
7221	0
7222	0
7223	0
7224	0
7225	1
7226	1
7227	2
7228	0
7229	0
7230	0
7231	1
7232	2
7233	2
7234	1
7235	1
7236	0
7237	0
7238	1
7239	0
7240	0
7241	1
7242	0
7243	0
7244	0
7245	0
7246	0
7247	2
7248	0
7249	1
7250	2
7251	1
7252	3
7253	1
7254	0
7255	2
7256	0
7257	0
7258	0
7259	0
7260	0
7261	1
7262	0
7263	0
7264	0
7265	1
7266	0
7267	0
7268	3
7269	0
7270	0
7271	1
7272	0
7273	0
7274	1
7275	0
7276	1
7277	1
7278	0
7279	0
7280	1
7281	2
7282	0
7283	0
7284	0
7285	1
7286	1
7287	3
7288	0
7289	0
7290	0
7291	1
7292	1
7293	0
7294	0
7295	1
7296	1
7297	0
7298	1
7299	0
7300	2
7301	1
7302	0
7303	2
7304	0
7305	1
7306	0
7307	1
7308	1
7309	1
7310	1
7311	1
7312	0
7313	2
7314	0
7315	0
7316	0
7317	0
7318	0
7319	1
7320	0
7321	1
7322	1
7323	0
7324	1
7325	0
7326	0
7327	0
7328	0
7329	1
7330	0
7331	0
7332	0
7333	1
7334	0
7335	0
7336	0
7337	2
7338	0
7339	0
7340	1
7341	2
7342	0
7343	1
7344	0
7345	1
7346	0
7347	0
7348	1
7349	0
7350	2
7351	0
7352	0
7353	0
7354	0
7355	0
7356	1
7357	0
7358	1
7359	0
7360	1
7361	0
7362	0
7363	1
7364	0
7365	0
7366	0
7367	1
7368	0
7369	1
7370	0
7371	0
7372	1
7373	1
7374	0
7375	1
7376	1
7377	1
7378	0
7379	0
7380	0
7381	2
7382	0
7383	0
7384	0
7385	1
7386	1
7387	1
7388	2
7389	1
7390	0
7391	0
7392	0
7393	1
7394	1
7395	1
7396	0
7397	0
7398	0
7399	0
7400	2
7401	0
7402	0
7403	2
7404	0
7405	0
7406	0
7407	1
7408	0
7409	1
7410	0
7411	0
7412	0
7413	0
7414	1
7415	0
7416	0
7417	0
7418	0
7419	0
7420	0
7421	1
7422	1
7423	2
7424	0
7425	0
7426	1
7427	0
7428	0
7429	0
7430	0
7431	0
7432	2
7433	1
7434	3
7435	0
7436	0
7437	0
7438	0
7439	0
7440	1
7441	0
7442	0
7443	0
7444	0
7445	0
7446	0
7447	0
7448	1
7449	0
7450	0
7451	0
7452	0
7453	1
7454	1
7455	1
7456	0
7457	0
7458	0
7459	1
7460	0
7461	2
7462	1
7463	0
7464	3
7465	0
7466	1
7467	0
7468	1
7469	0
7470	1
7471	0
7472	1
7473	0
7474	0
7475	1
7476	1
7477	0
7478	1
7479	0
7480	0
7481	0
7482	0
7483	0
7484	0
7485	0
7486	1
7487	1
7488	0
7489	0
7490	1
7491	0
7492	0
7493	0
7494	0
7495	0
7496	0
7497	0
7498	2
7499	0
7500	0
7501	0
7502	0
7503	1
7504	0
7505	0
7506	0
7507	1
7508	0
7509	3
7510	0
7511	0
7512	0
7513	1
7514	0
7515	0
7516	3
7517	0
7518	1
7519	0
7520	0
7521	0
7522	0
7523	1
7524	0
7525	0
7526	0
7527	0
7528	0
7529	0
7530	0
7531	0
7532	1
7533	1
7534	0
7535	0
7536	1
7537	0
7538	1
7539	0
7540	1
7541	1
7542	0
7543	2
7544	0
7545	1
7546	0
7547	0
7548	0
7549	0
7550	0
7551	0
7552	0
7553	1
7554	0
7555	2
7556	1
7557	0
7558	0
7559	0
7560	1
7561	1
7562	1
7563	1
7564	0
7565	1
7566	0
7567	0
7568	1
7569	1
7570	0
7571	0
7572	0
7573	0
7574	1
7575	0
7576	1
7577	2
7578	0
7579	0
7580	0
7581	0
7582	0
7583	1
7584	0
7585	1
7586	0
7587	0
7588	0
7589	0
7590	0
7591	0
7592	0
7593	0
7594	0
7595	0
7596	0
7597	1
7598	1
7599	0
7600	0
7601	0
7602	0
7603	0
7604	1
7605	0
7606	0
7607	0
7608	0
7609	0
7610	0
7611	0
7612	0
7613	1
7614	0
7615	0
7616	0
7617	0
7618	0
7619	0
7620	0
7621	2
7622	1
7623	0
7624	0
7625	0
7626	0
7627	0
7628	0
7629	0
7630	0
7631	1
7632	0
7633	0
7634	0
7635	0
7636	0
7637	0
7638	0
7639	0
7640	0
7641	0
7642	1
7643	0
7644	1
7645	0
7646	0
7647	0
7648	1
7649	0
7650	0
7651	0
7652	0
7653	0
7654	0
7655	0
7656	0
7657	1
7658	0
7659	1
7660	0
7661	0
7662	0
7663	0
7664	1
7665	0
7666	0
7667	0
7668	0
7669	0
7670	0
7671	0
7672	0
7673	0
7674	0
7675	0
7676	1
7677	0
7678	0
7679	1
7680	0
7681	0
7682	1
7683	1
7684	0
7685	0
7686	1
7687	0
7688	0
7689	1
7690	0
7691	0
7692	0
7693	0
7694	0
7695	0
7696	0
7697	1
7698	0
7699	0
7700	0
7701	0
7702	0
7703	1
7704	0
7705	0
7706	1
7707	0
7708	0
7709	0
7710	0
7711	1
7712	0
7713	2
7714	1
7715	0
7716	0
7717	0
7718	0
7719	0
7720	0
7721	0
7722	0
7723	1
7724	0
7725	0
7726	0
7727	1
7728	0
7729	0
7730	0
7731	0
7732	1
7733	0
7734	0
7735	0
7736	0
7737	0
7738	0
7739	0
7740	2
7741	0
7742	0
7743	1
7744	0
7745	0
7746	0
7747	1
7748	0
7749	0
7750	0
7751	0
7752	1
7753	1
7754	0
7755	0
7756	0
7757	0
7758	1
7759	3
7760	1
7761	0
7762	0
7763	0
7764	1
7765	0
7766	0
7767	3
7768	1
7769	0
7770	0
7771	0
7772	0
7773	1
7774	0
7775	0
7776	0
7777	0
7778	0
7779	0
7780	0
7781	0
7782	0
7783	0
7784	0
7785	0
7786	2
7787	0
7788	0
7789	0
7790	0
7791	0
7792	0
7793	0
7794	0
7795	1
7796	0
7797	0
7798	1
7799	0
7800	0
7801	3
7802	0
7803	1
7804	1
7805	0
7806	1
7807	1
7808	0
7809	1
7810	0
7811	0
7812	0
7813	0
7814	0
7815	0
7816	0
7817	1
7818	0
7819	0
7820	0
7821	0
7822	0
7823	0
7824	0
7825	0
7826	0
7827	1
7828	0
7829	0
7830	1
7831	0
7832	1
7833	0
7834	1
7835	0
7836	0
7837	0
7838	0
7839	0
7840	1
7841	1
7842	1
7843	0
7844	0
7845	0
7846	0
7847	0
7848	0
7849	0
7850	0
7851	1
7852	2
7853	0
7854	0
7855	0
7856	0
7857	0
7858	0
7859	0
7860	0
7861	2
7862	0
7863	0
7864	0
7865	0
7866	0
7867	0
7868	0
7869	0
7870	1
7871	1
7872	0
7873	0
7874	0
7875	0
7876	0
7877	0
7878	0
7879	0
7880	0
7881	1
7882	0
7883	0
7884	0
7885	1
7886	1
7887	0
7888	0
7889	0
7890	1
7891	0
7892	0
7893	0
7894	0
7895	1
7896	1
7897	0
7898	1
7899	0
7900	0
7901	1
7902	0
7903	0
7904	0
7905	0
7906	0
7907	0
7908	1
7909	1
7910	0
7911	0
7912	0
7913	0
7914	0
7915	0
7916	0
7917	0
7918	0
7919	0
7920	0
7921	0
7922	0
7923	0
7924	0
7925	0
7926	0
7927	0
7928	0
7929	0
7930	0
7931	0
7932	0
7933	0
7934	0
7935	0
7936	0
7937	0
7938	0
7939	0
7940	0
7941	0
7942	0
7943	0
7944	0
7945	0
7946	0
7947	0
7948	0
7949	0
7950	0
7951	0
7952	0
7953	0
7954	0
7955	0
7956	0
7957	0
7958	0
7959	0
7960	0
7961	0
7962	0
7963	0
7964	0
7965	0
7966	0
7967	0
7968	0
7969	0
7970	0
7971	0
7972	0
7973	0
7974	0
7975	0
7976	0
7977	0
7978	0
7979	0
7980	0
7981	0
7982	0
7983	0
7984	0
7985	0
7986	0
7987	0
7988	0
7989	0
7990	0
7991	0
7992	0
7993	0
7994	0
7995	0
7996	0
7997	0
7998	0
7999	0
8000	0
8001	0
8002	0
8003	0
8004	0
8005	0
8006	0
8007	0
8008	0
8009	0
8010	0
8011	0
8012	0
8013	0
8014	0
8015	0
8016	0
8017	0
8018	0
8019	0
8020	0
8021	0
8022	0
8023	0
8024	0
8025	0
8026	0
8027	0
8028	0
8029	0
8030	0
8031	0
8032	0
8033	0
8034	0
8035	0
8036	0
8037	0
8038	0
8039	0
8040	0
8041	0
8042	0
8043	0
8044	0
8045	0
8046	0
8047	0
8048	0
8049	0
8050	0
8051	0
8052	0
8053	0
8054	0
8055	0
8056	0
8057	0
8058	0
8059	0
8060	0
8061	0
8062	0
8063	0
8064	0
8065	0
8066	0
8067	0
8068	0
8069	0
8070	0
8071	0
8072	0
8073	0
8074	0
8075	0
8076	0
8077	0
8078	0
8079	0
8080	0
8081	0
8082	0
8083	0
8084	0
8085	0
8086	0
8087	0
8088	0
8089	0
8090	0
8091	0
8092	0
8093	0
8094	0
8095	0
8096	0
8097	0
8098	0
8099	0
8100	0
8101	0
8102	0
8103	0
8104	0
8105	0
8106	0
8107	0
8108	0
8109	0
8110	0
8111	0
8112	0
8113	0
8114	0
8115	0
8116	0
8117	0
8118	0
8119	0
8120	0
8121	0
8122	0
8123	0
8124	0
8125	0
8126	0
8127	0
8128	0
8129	0
8130	0
8131	0
8132	0
8133	0
8134	0
8135	0
8136	0
8137	0
8138	0
8139	0
8140	0
8141	0
8142	0
8143	0
8144	0
8145	0
8146	0
8147	0
8148	0
8149	0
8150	0
8151	0
8152	0
8153	0
8154	0
8155	0
8156	0
8157	0
8158	0
8159	0
8160	0
8161	0
8162	0
8163	0
8164	0
8165	0
8166	0
8167	0
8168	0
8169	0
8170	0
8171	0
8172	0
8173	0
8174	0
8175	0
8176	0
8177	0
8178	0
8179	0
8180	0
8181	0
8182	0
8183	0
8184	0
8185	0
8186	0
8187	0
8188	0
8189	0
8190	0
8191	0
