0	0
1	0
2	0
3	0
4	0
5	0
6	0
7	0
8	0
9	0
10	0
11	0
12	0
13	0
14	0
15	0
16	0
17	0
18	0
19	0
20	0
21	0
22	0
23	0
24	0
25	0
26	0
27	0
28	0
29	0
30	0
31	0
32	0
33	0
34	0
35	0
36	0
37	0
38	0
39	0
40	0
41	0
42	0
43	0
44	0
45	0
46	0
47	0
48	0
49	0
50	0
51	0
52	0
53	0
54	0
55	0
56	0
57	0
58	0
59	0
60	0
61	0
62	0
63	0
64	0
65	0
66	0
67	0
68	0
69	0
70	0
71	0
72	0
73	0
74	0
75	0
76	0
77	0
78	0
79	0
80	0
81	0
82	3
83	39
84	93
85	122
86	115
87	95
88	88
89	77
90	66
91	73
92	63
93	52
94	68
95	53
96	44
97	54
98	62
99	50
100	52
101	39
102	50
103	52
104	55
105	54
106	77
107	55
108	52
109	52
110	58
111	74
112	59
113	61
114	71
115	66
116	59
117	48
118	62
119	65
120	70
121	61
122	72
123	69
124	48
125	53
126	33
127	49
128	39
129	45
130	34
131	42
132	46
133	42
134	30
135	21
136	37
137	39
138	37
139	36
140	36
141	33
142	34
143	30
144	35
145	28
146	35
147	28
148	29
149	26
150	28
151	31
152	35
153	23
154	19
155	38
156	31
157	28
158	39
159	34
160	23
161	32
162	33
163	33
164	22
165	36
166	39
167	48
168	41
169	30
170	38
171	31
172	45
173	27
174	37
175	43
176	45
177	38
178	54
179	32
180	50
181	36
182	42
183	41
184	40
185	49
186	44
187	49
188	40
189	53
190	40
191	53
192	54
193	42
194	44
195	34
196	31
197	45
198	60
199	37
200	42
201	43
202	35
203	40
204	44
205	35
206	36
207	48
208	44
209	38
210	33
211	42
212	47
213	37
214	36
215	29
216	36
217	37
218	34
219	35
220	40
221	40
222	39
223	44
224	48
225	54
226	55
227	49
228	42
229	61
230	53
231	58
232	61
233	75
234	72
235	85
236	78
237	72
238	103
239	97
240	77
241	119
242	112
243	124
244	120
245	133
246	129
247	143
248	136
249	183
250	206
251	193
252	220
253	199
254	212
255	262
256	266
257	267
258	285
259	303
260	317
261	326
262	332
263	372
264	392
265	401
266	408
267	387
268	463
269	467
270	482
271	472
272	501
273	522
274	552
275	550
276	564
277	608
278	564
279	622
280	623
281	596
282	592
283	617
284	608
285	601
286	583
287	625
288	552
289	565
290	580
291	580
292	547
293	530
294	544
295	553
296	501
297	482
298	473
299	457
300	436
301	460
302	423
303	421
304	395
305	367
306	343
307	322
308	346
309	292
310	277
311	251
312	304
313	276
314	294
315	274
316	230
317	232
318	222
319	235
320	211
321	240
322	217
323	198
324	213
325	207
326	167
327	178
328	175
329	206
330	192
331	164
332	175
333	174
334	166
335	161
336	151
337	172
338	129
339	154
340	142
341	129
342	135
343	141
344	120
345	135
346	126
347	105
348	108
349	101
350	98
351	90
352	90
353	79
354	62
355	77
356	67
357	57
358	65
359	61
360	61
361	70
362	44
363	43
364	60
365	48
366	46
367	50
368	43
369	39
370	33
371	39
372	37
373	34
374	50
375	31
376	23
377	28
378	38
379	37
380	40
381	49
382	28
383	46
384	36
385	34
386	34
387	41
388	27
389	27
390	39
391	31
392	32
393	31
394	29
395	33
396	31
397	37
398	33
399	30
400	39
401	24
402	27
403	28
404	26
405	44
406	44
407	31
408	32
409	38
410	31
411	32
412	26
413	23
414	21
415	34
416	34
417	26
418	41
419	27
420	21
421	31
422	29
423	37
424	30
425	25
426	26
427	40
428	25
429	22
430	34
431	38
432	23
433	35
434	35
435	34
436	28
437	36
438	44
439	38
440	30
441	35
442	38
443	45
444	27
445	35
446	42
447	43
448	37
449	25
450	33
451	41
452	44
453	37
454	29
455	39
456	23
457	38
458	32
459	34
460	38
461	26
462	40
463	39
464	39
465	50
466	41
467	44
468	46
469	43
470	40
471	42
472	44
473	37
474	37
475	49
476	40
477	46
478	53
479	36
480	46
481	43
482	41
483	52
484	43
485	47
486	41
487	44
488	54
489	77
490	52
491	42
492	80
493	61
494	56
495	43
496	61
497	61
498	47
499	61
500	50
501	51
502	61
503	56
504	68
505	58
506	50
507	69
508	56
509	48
510	65
511	76
512	56
513	56
514	61
515	58
516	71
517	53
518	79
519	65
520	54
521	73
522	58
523	69
524	67
525	70
526	62
527	45
528	88
529	55
530	57
531	65
532	61
533	65
534	68
535	69
536	65
537	65
538	66
539	58
540	48
541	78
542	60
543	59
544	52
545	53
546	58
547	56
548	61
549	57
550	66
551	61
552	65
553	60
554	60
555	55
556	69
557	51
558	61
559	44
560	41
561	53
562	61
563	56
564	58
565	62
566	36
567	55
568	52
569	48
570	43
571	41
572	42
573	42
574	41
575	52
576	63
577	55
578	53
579	50
580	57
581	48
582	44
583	57
584	53
585	41
586	35
587	37
588	60
589	55
590	52
591	56
592	52
593	54
594	47
595	46
596	59
597	64
598	54
599	43
600	58
601	48
602	49
603	50
604	40
605	53
606	48
607	45
608	49
609	44
610	66
611	53
612	66
613	41
614	58
615	41
616	54
617	55
618	43
619	44
620	47
621	48
622	54
623	47
624	53
625	40
626	42
627	47
628	49
629	35
630	46
631	39
632	50
633	39
634	43
635	53
636	50
637	58
638	37
639	33
640	46
641	37
642	44
643	48
644	37
645	44
646	40
647	42
648	51
649	52
650	44
651	35
652	47
653	37
654	41
655	45
656	43
657	46
658	50
659	32
660	31
661	56
662	50
663	48
664	41
665	46
666	46
667	50
668	45
669	53
670	55
671	32
672	41
673	54
674	54
675	31
676	39
677	34
678	46
679	33
680	44
681	53
682	47
683	31
684	48
685	44
686	39
687	53
688	46
689	46
690	42
691	38
692	49
693	44
694	36
695	44
696	38
697	53
698	41
699	48
700	59
701	50
702	36
703	39
704	33
705	44
706	51
707	39
708	33
709	60
710	64
711	50
712	44
713	43
714	42
715	42
716	51
717	43
718	40
719	39
720	37
721	44
722	55
723	35
724	54
725	59
726	46
727	68
728	59
729	46
730	56
731	50
732	49
733	50
734	56
735	50
736	63
737	67
738	65
739	57
740	64
741	53
742	70
743	57
744	68
745	64
746	64
747	59
748	64
749	74
750	71
751	85
752	73
753	69
754	61
755	82
756	68
757	83
758	87
759	77
760	91
761	88
762	87
763	85
764	116
765	104
766	120
767	112
768	107
769	121
770	124
771	125
772	121
773	139
774	123
775	138
776	144
777	117
778	132
779	151
780	134
781	147
782	156
783	162
784	141
785	167
786	157
787	162
788	160
789	169
790	170
791	176
792	170
793	189
794	182
795	166
796	178
797	205
798	180
799	212
800	198
801	191
802	202
803	219
804	192
805	187
806	192
807	214
808	196
809	212
810	237
811	205
812	223
813	236
814	247
815	225
816	207
817	229
818	206
819	235
820	217
821	199
822	217
823	234
824	208
825	225
826	213
827	222
828	211
829	218
830	217
831	218
832	199
833	216
834	272
835	185
836	196
837	200
838	200
839	204
840	212
841	196
842	216
843	186
844	198
845	189
846	206
847	161
848	203
849	165
850	192
851	184
852	172
853	175
854	175
855	162
856	179
857	172
858	136
859	170
860	161
861	138
862	144
863	141
864	147
865	136
866	131
867	115
868	116
869	121
870	126
871	109
872	113
873	110
874	92
875	123
876	96
877	85
878	99
879	93
880	96
881	92
882	97
883	63
884	78
885	83
886	78
887	85
888	80
889	72
890	71
891	74
892	85
893	58
894	66
895	74
896	67
897	74
898	67
899	48
900	79
901	59
902	57
903	51
904	63
905	66
906	48
907	62
908	56
909	56
910	52
911	49
912	59
913	43
914	53
915	45
916	58
917	56
918	54
919	48
920	50
921	47
922	43
923	48
924	46
925	40
926	40
927	61
928	45
929	43
930	36
931	43
932	55
933	33
934	38
935	51
936	38
937	43
938	44
939	33
940	43
941	49
942	49
943	40
944	42
945	45
946	45
947	48
948	44
949	51
950	52
951	55
952	49
953	37
954	37
955	47
956	49
957	56
958	48
959	43
960	46
961	37
962	51
963	39
964	44
965	50
966	60
967	39
968	42
969	42
970	50
971	52
972	51
973	52
974	57
975	53
976	42
977	49
978	36
979	57
980	37
981	46
982	49
983	38
984	59
985	30
986	50
987	52
988	25
989	51
990	54
991	47
992	44
993	41
994	40
995	58
996	33
997	40
998	57
999	42
1000	46
1001	48
1002	52
1003	45
1004	26
1005	53
1006	41
1007	34
1008	30
1009	41
1010	35
1011	40
1012	54
1013	42
1014	42
1015	49
1016	53
1017	58
1018	53
1019	56
1020	49
1021	44
1022	48
1023	51
1024	38
1025	48
1026	40
1027	59
1028	46
1029	47
1030	40
1031	50
1032	43
1033	55
1034	45
1035	47
1036	46
1037	56
1038	46
1039	45
1040	55
1041	43
1042	51
1043	52
1044	26
1045	41
1046	46
1047	41
1048	40
1049	53
1050	37
1051	55
1052	59
1053	62
1054	37
1055	38
1056	44
1057	48
1058	37
1059	49
1060	45
1061	59
1062	48
1063	38
1064	42
1065	40
1066	45
1067	51
1068	46
1069	53
1070	49
1071	45
1072	31
1073	43
1074	51
1075	39
1076	50
1077	42
1078	52
1079	46
1080	56
1081	54
1082	58
1083	39
1084	41
1085	49
1086	47
1087	44
1088	54
1089	51
1090	59
1091	42
1092	29
1093	54
1094	43
1095	36
1096	50
1097	44
1098	44
1099	46
1100	63
1101	50
1102	52
1103	61
1104	42
1105	48
1106	50
1107	40
1108	39
1109	54
1110	50
1111	41
1112	45
1113	47
1114	55
1115	57
1116	55
1117	47
1118	62
1119	37
1120	37
1121	61
1122	55
1123	50
1124	45
1125	50
1126	67
1127	43
1128	58
1129	46
1130	40
1131	39
1132	45
1133	41
1134	43
1135	45
1136	53
1137	40
1138	52
1139	51
1140	61
1141	40
1142	46
1143	49
1144	40
1145	51
1146	51
1147	50
1148	44
1149	46
1150	52
1151	46
1152	39
1153	52
1154	46
1155	38
1156	41
1157	51
1158	45
1159	32
1160	44
1161	50
1162	51
1163	49
1164	46
1165	53
1166	38
1167	37
1168	50
1169	52
1170	49
1171	58
1172	54
1173	55
1174	48
1175	63
1176	41
1177	53
1178	45
1179	35
1180	45
1181	57
1182	65
1183	43
1184	49
1185	61
1186	53
1187	52
1188	44
1189	40
1190	57
1191	49
1192	47
1193	51
1194	55
1195	51
1196	57
1197	39
1198	49
1199	65
1200	46
1201	49
1202	47
1203	50
1204	40
1205	56
1206	55
1207	65
1208	45
1209	46
1210	44
1211	53
1212	56
1213	50
1214	54
1215	53
1216	49
1217	50
1218	53
1219	44
1220	50
1221	45
1222	45
1223	44
1224	53
1225	47
1226	50
1227	41
1228	43
1229	47
1230	56
1231	36
1232	56
1233	62
1234	59
1235	47
1236	52
1237	55
1238	54
1239	43
1240	44
1241	52
1242	38
1243	50
1244	49
1245	43
1246	58
1247	58
1248	36
1249	41
1250	46
1251	51
1252	51
1253	67
1254	37
1255	43
1256	44
1257	47
1258	41
1259	47
1260	49
1261	58
1262	56
1263	47
1264	53
1265	51
1266	45
1267	44
1268	49
1269	57
1270	39
1271	44
1272	41
1273	46
1274	59
1275	39
1276	46
1277	51
1278	49
1279	40
1280	60
1281	54
1282	51
1283	56
1284	52
1285	46
1286	51
1287	48
1288	55
1289	61
1290	45
1291	44
1292	62
1293	42
1294	57
1295	42
1296	47
1297	45
1298	50
1299	55
1300	55
1301	40
1302	60
1303	44
1304	49
1305	38
1306	62
1307	47
1308	46
1309	49
1310	61
1311	55
1312	51
1313	44
1314	42
1315	42
1316	58
1317	51
1318	42
1319	59
1320	41
1321	55
1322	42
1323	44
1324	34
1325	45
1326	45
1327	57
1328	41
1329	43
1330	46
1331	43
1332	30
1333	48
1334	45
1335	54
1336	48
1337	51
1338	46
1339	61
1340	48
1341	48
1342	55
1343	59
1344	47
1345	51
1346	46
1347	42
1348	42
1349	50
1350	48
1351	38
1352	48
1353	43
1354	54
1355	56
1356	56
1357	40
1358	51
1359	39
1360	55
1361	54
1362	55
1363	38
1364	46
1365	39
1366	57
1367	38
1368	40
1369	49
1370	40
1371	53
1372	44
1373	47
1374	45
1375	39
1376	51
1377	58
1378	42
1379	59
1380	54
1381	33
1382	48
1383	46
1384	51
1385	56
1386	48
1387	49
1388	44
1389	48
1390	38
1391	46
1392	40
1393	32
1394	47
1395	43
1396	35
1397	40
1398	52
1399	52
1400	40
1401	46
1402	40
1403	39
1404	47
1405	37
1406	51
1407	41
1408	41
1409	43
1410	34
1411	39
1412	37
1413	42
1414	36
1415	63
1416	39
1417	45
1418	46
1419	45
1420	43
1421	50
1422	45
1423	40
1424	54
1425	43
1426	56
1427	50
1428	46
1429	38
1430	40
1431	53
1432	46
1433	61
1434	45
1435	42
1436	52
1437	57
1438	48
1439	55
1440	42
1441	49
1442	51
1443	41
1444	54
1445	52
1446	43
1447	40
1448	59
1449	57
1450	41
1451	50
1452	39
1453	51
1454	69
1455	66
1456	52
1457	57
1458	58
1459	45
1460	50
1461	39
1462	40
1463	51
1464	57
1465	52
1466	51
1467	43
1468	47
1469	57
1470	49
1471	58
1472	57
1473	47
1474	53
1475	37
1476	48
1477	43
1478	58
1479	57
1480	49
1481	67
1482	38
1483	51
1484	48
1485	52
1486	54
1487	49
1488	41
1489	54
1490	59
1491	47
1492	64
1493	48
1494	58
1495	52
1496	52
1497	45
1498	62
1499	59
1500	47
1501	45
1502	55
1503	59
1504	44
1505	44
1506	53
1507	50
1508	47
1509	58
1510	58
1511	49
1512	65
1513	48
1514	61
1515	55
1516	61
1517	51
1518	47
1519	38
1520	47
1521	67
1522	46
1523	64
1524	59
1525	77
1526	54
1527	48
1528	56
1529	63
1530	64
1531	61
1532	58
1533	53
1534	61
1535	63
1536	49
1537	64
1538	81
1539	58
1540	57
1541	71
1542	69
1543	65
1544	60
1545	65
1546	64
1547	76
1548	68
1549	72
1550	60
1551	62
1552	58
1553	85
1554	64
1555	63
1556	71
1557	70
1558	66
1559	69
1560	77
1561	58
1562	57
1563	66
1564	76
1565	78
1566	58
1567	61
1568	66
1569	70
1570	65
1571	67
1572	60
1573	58
1574	54
1575	61
1576	54
1577	58
1578	69
1579	62
1580	71
1581	62
1582	62
1583	65
1584	62
1585	73
1586	74
1587	58
1588	68
1589	79
1590	61
1591	69
1592	57
1593	60
1594	57
1595	63
1596	55
1597	49
1598	78
1599	76
1600	68
1601	68
1602	86
1603	64
1604	65
1605	74
1606	67
1607	69
1608	69
1609	67
1610	68
1611	57
1612	57
1613	63
1614	63
1615	62
1616	64
1617	65
1618	55
1619	59
1620	76
1621	61
1622	62
1623	44
1624	61
1625	47
1626	72
1627	55
1628	66
1629	53
1630	53
1631	56
1632	80
1633	69
1634	53
1635	56
1636	62
1637	63
1638	48
1639	58
1640	47
1641	61
1642	72
1643	61
1644	57
1645	63
1646	53
1647	53
1648	53
1649	57
1650	63
1651	65
1652	50
1653	64
1654	57
1655	52
1656	54
1657	48
1658	55
1659	48
1660	60
1661	53
1662	52
1663	41
1664	49
1665	41
1666	46
1667	38
1668	58
1669	60
1670	60
1671	50
1672	51
1673	41
1674	34
1675	51
1676	48
1677	37
1678	42
1679	44
1680	39
1681	51
1682	47
1683	53
1684	53
1685	57
1686	42
1687	38
1688	60
1689	52
1690	43
1691	53
1692	50
1693	43
1694	47
1695	45
1696	43
1697	41
1698	59
1699	44
1700	43
1701	42
1702	48
1703	40
1704	31
1705	28
1706	53
1707	38
1708	43
1709	41
1710	43
1711	43
1712	35
1713	47
1714	49
1715	42
1716	32
1717	33
1718	44
1719	55
1720	56
1721	35
1722	32
1723	50
1724	48
1725	44
1726	29
1727	44
1728	31
1729	45
1730	45
1731	44
1732	39
1733	48
1734	41
1735	39
1736	40
1737	30
1738	39
1739	28
1740	43
1741	47
1742	45
1743	39
1744	43
1745	46
1746	46
1747	46
1748	32
1749	25
1750	40
1751	43
1752	37
1753	39
1754	49
1755	41
1756	28
1757	35
1758	49
1759	45
1760	27
1761	30
1762	40
1763	30
1764	38
1765	29
1766	34
1767	42
1768	32
1769	45
1770	31
1771	41
1772	41
1773	40
1774	41
1775	37
1776	39
1777	33
1778	38
1779	35
1780	35
1781	42
1782	29
1783	43
1784	33
1785	23
1786	27
1787	49
1788	39
1789	35
1790	27
1791	41
1792	33
1793	49
1794	41
1795	37
1796	25
1797	50
1798	34
1799	53
1800	37
1801	42
1802	33
1803	29
1804	41
1805	39
1806	50
1807	26
1808	26
1809	39
1810	34
1811	44
1812	35
1813	37
1814	32
1815	39
1816	44
1817	30
1818	37
1819	22
1820	34
1821	33
1822	32
1823	39
1824	29
1825	46
1826	33
1827	28
1828	43
1829	28
1830	38
1831	43
1832	42
1833	39
1834	32
1835	40
1836	35
1837	40
1838	40
1839	39
1840	31
1841	40
1842	48
1843	32
1844	46
1845	52
1846	38
1847	35
1848	32
1849	25
1850	30
1851	32
1852	42
1853	29
1854	30
1855	47
1856	24
1857	31
1858	57
1859	42
1860	33
1861	34
1862	35
1863	42
1864	35
1865	37
1866	39
1867	36
1868	30
1869	39
1870	41
1871	45
1872	30
1873	37
1874	31
1875	40
1876	39
1877	42
1878	44
1879	29
1880	40
1881	46
1882	33
1883	33
1884	32
1885	35
1886	41
1887	44
1888	37
1889	38
1890	24
1891	24
1892	41
1893	45
1894	35
1895	43
1896	42
1897	32
1898	33
1899	33
1900	38
1901	38
1902	38
1903	38
1904	37
1905	39
1906	36
1907	33
1908	31
1909	36
1910	45
1911	28
1912	39
1913	31
1914	32
1915	32
1916	32
1917	28
1918	43
1919	29
1920	42
1921	37
1922	34
1923	35
1924	31
1925	34
1926	34
1927	43
1928	42
1929	48
1930	35
1931	34
1932	38
1933	30
1934	41
1935	37
1936	33
1937	40
1938	36
1939	35
1940	39
1941	35
1942	44
1943	34
1944	33
1945	46
1946	34
1947	43
1948	39
1949	35
1950	31
1951	34
1952	38
1953	34
1954	27
1955	37
1956	43
1957	44
1958	34
1959	24
1960	39
1961	34
1962	43
1963	35
1964	33
1965	43
1966	36
1967	36
1968	42
1969	47
1970	45
1971	38
1972	40
1973	28
1974	34
1975	35
1976	23
1977	43
1978	37
1979	39
1980	29
1981	33
1982	41
1983	44
1984	45
1985	36
1986	26
1987	37
1988	34
1989	37
1990	31
1991	34
1992	42
1993	32
1994	37
1995	35
1996	40
1997	40
1998	34
1999	36
2000	34
2001	46
2002	27
2003	42
2004	34
2005	45
2006	46
2007	48
2008	34
2009	44
2010	28
2011	40
2012	28
2013	35
2014	39
2015	35
2016	32
2017	47
2018	29
2019	42
2020	50
2021	43
2022	35
2023	31
2024	34
2025	42
2026	44
2027	40
2028	41
2029	41
2030	46
2031	50
2032	39
2033	40
2034	39
2035	51
2036	51
2037	43
2038	36
2039	48
2040	39
2041	37
2042	36
2043	54
2044	45
2045	37
2046	32
2047	42
2048	49
2049	48
2050	44
2051	40
2052	38
2053	39
2054	55
2055	34
2056	41
2057	43
2058	53
2059	42
2060	51
2061	51
2062	52
2063	47
2064	55
2065	41
2066	48
2067	49
2068	47
2069	60
2070	56
2071	49
2072	52
2073	55
2074	56
2075	55
2076	51
2077	48
2078	61
2079	57
2080	55
2081	51
2082	56
2083	51
2084	62
2085	61
2086	53
2087	64
2088	57
2089	77
2090	56
2091	59
2092	62
2093	59
2094	48
2095	48
2096	63
2097	47
2098	50
2099	62
2100	67
2101	62
2102	60
2103	57
2104	69
2105	49
2106	54
2107	79
2108	66
2109	47
2110	66
2111	74
2112	67
2113	56
2114	83
2115	54
2116	75
2117	76
2118	68
2119	71
2120	74
2121	85
2122	61
2123	74
2124	71
2125	69
2126	64
2127	72
2128	64
2129	80
2130	77
2131	73
2132	67
2133	75
2134	61
2135	67
2136	67
2137	82
2138	88
2139	84
2140	81
2141	80
2142	71
2143	75
2144	87
2145	57
2146	81
2147	75
2148	78
2149	100
2150	90
2151	90
2152	70
2153	70
2154	70
2155	80
2156	79
2157	74
2158	76
2159	89
2160	87
2161	99
2162	73
2163	88
2164	95
2165	92
2166	79
2167	81
2168	63
2169	98
2170	88
2171	78
2172	83
2173	101
2174	85
2175	97
2176	98
2177	105
2178	95
2179	83
2180	84
2181	95
2182	98
2183	81
2184	87
2185	79
2186	98
2187	104
2188	85
2189	84
2190	91
2191	88
2192	83
2193	101
2194	86
2195	76
2196	86
2197	101
2198	92
2199	101
2200	89
2201	88
2202	101
2203	109
2204	98
2205	86
2206	97
2207	87
2208	84
2209	104
2210	102
2211	90
2212	81
2213	99
2214	111
2215	87
2216	91
2217	106
2218	84
2219	102
2220	87
2221	91
2222	75
2223	114
2224	81
2225	90
2226	92
2227	80
2228	85
2229	92
2230	76
2231	92
2232	80
2233	104
2234	105
2235	66
2236	81
2237	82
2238	81
2239	90
2240	98
2241	108
2242	72
2243	81
2244	78
2245	66
2246	93
2247	83
2248	79
2249	81
2250	83
2251	86
2252	80
2253	87
2254	65
2255	89
2256	83
2257	83
2258	100
2259	83
2260	95
2261	89
2262	79
2263	71
2264	74
2265	91
2266	80
2267	66
2268	92
2269	82
2270	68
2271	67
2272	87
2273	73
2274	67
2275	90
2276	64
2277	64
2278	64
2279	75
2280	68
2281	58
2282	75
2283	95
2284	77
2285	57
2286	61
2287	64
2288	63
2289	86
2290	63
2291	68
2292	74
2293	65
2294	62
2295	59
2296	61
2297	78
2298	63
2299	67
2300	75
2301	68
2302	62
2303	54
2304	57
2305	49
2306	53
2307	67
2308	62
2309	54
2310	59
2311	63
2312	52
2313	65
2314	47
2315	52
2316	64
2317	49
2318	53
2319	56
2320	62
2321	54
2322	46
2323	62
2324	55
2325	46
2326	46
2327	54
2328	57
2329	58
2330	64
2331	45
2332	47
2333	47
2334	42
2335	66
2336	40
2337	59
2338	44
2339	45
2340	50
2341	38
2342	46
2343	47
2344	48
2345	47
2346	37
2347	50
2348	54
2349	55
2350	51
2351	52
2352	40
2353	33
2354	40
2355	39
2356	41
2357	48
2358	44
2359	41
2360	31
2361	54
2362	24
2363	29
2364	38
2365	42
2366	38
2367	49
2368	39
2369	45
2370	33
2371	35
2372	39
2373	30
2374	27
2375	37
2376	38
2377	43
2378	43
2379	36
2380	46
2381	33
2382	33
2383	36
2384	24
2385	37
2386	35
2387	30
2388	53
2389	36
2390	50
2391	27
2392	30
2393	45
2394	28
2395	31
2396	30
2397	33
2398	27
2399	35
2400	31
2401	37
2402	31
2403	40
2404	25
2405	30
2406	39
2407	28
2408	37
2409	39
2410	28
2411	34
2412	29
2413	38
2414	31
2415	30
2416	25
2417	35
2418	41
2419	41
2420	29
2421	34
2422	32
2423	41
2424	33
2425	34
2426	32
2427	29
2428	31
2429	43
2430	36
2431	38
2432	32
2433	31
2434	35
2435	30
2436	25
2437	30
2438	35
2439	45
2440	29
2441	17
2442	30
2443	29
2444	29
2445	30
2446	30
2447	34
2448	23
2449	27
2450	30
2451	25
2452	31
2453	21
2454	16
2455	30
2456	38
2457	27
2458	30
2459	35
2460	29
2461	29
2462	32
2463	34
2464	26
2465	29
2466	34
2467	24
2468	29
2469	25
2470	33
2471	36
2472	16
2473	34
2474	35
2475	24
2476	41
2477	32
2478	25
2479	31
2480	29
2481	24
2482	32
2483	26
2484	19
2485	29
2486	31
2487	22
2488	27
2489	36
2490	36
2491	24
2492	31
2493	22
2494	26
2495	25
2496	25
2497	39
2498	23
2499	27
2500	35
2501	33
2502	32
2503	17
2504	34
2505	31
2506	18
2507	37
2508	39
2509	33
2510	31
2511	27
2512	21
2513	22
2514	24
2515	23
2516	24
2517	37
2518	24
2519	31
2520	28
2521	26
2522	31
2523	23
2524	29
2525	29
2526	28
2527	27
2528	24
2529	37
2530	26
2531	25
2532	16
2533	29
2534	25
2535	41
2536	28
2537	31
2538	29
2539	22
2540	29
2541	20
2542	24
2543	25
2544	41
2545	24
2546	33
2547	30
2548	32
2549	28
2550	23
2551	36
2552	28
2553	26
2554	29
2555	23
2556	28
2557	34
2558	29
2559	34
2560	30
2561	33
2562	32
2563	35
2564	29
2565	25
2566	38
2567	39
2568	33
2569	40
2570	34
2571	27
2572	34
2573	32
2574	31
2575	25
2576	31
2577	20
2578	22
2579	32
2580	22
2581	30
2582	35
2583	30
2584	26
2585	31
2586	37
2587	26
2588	39
2589	28
2590	31
2591	26
2592	43
2593	21
2594	26
2595	33
2596	32
2597	34
2598	33
2599	30
2600	32
2601	26
2602	20
2603	26
2604	38
2605	26
2606	22
2607	21
2608	32
2609	33
2610	25
2611	29
2612	33
2613	31
2614	34
2615	28
2616	42
2617	39
2618	31
2619	28
2620	34
2621	37
2622	32
2623	20
2624	32
2625	28
2626	33
2627	38
2628	26
2629	29
2630	43
2631	34
2632	30
2633	37
2634	35
2635	24
2636	27
2637	27
2638	30
2639	29
2640	28
2641	25
2642	37
2643	26
2644	27
2645	26
2646	27
2647	25
2648	22
2649	26
2650	29
2651	29
2652	29
2653	25
2654	33
2655	39
2656	32
2657	33
2658	27
2659	15
2660	26
2661	28
2662	38
2663	21
2664	49
2665	27
2666	31
2667	23
2668	37
2669	33
2670	25
2671	33
2672	38
2673	26
2674	34
2675	29
2676	26
2677	41
2678	26
2679	30
2680	30
2681	24
2682	32
2683	28
2684	30
2685	28
2686	25
2687	28
2688	23
2689	25
2690	27
2691	30
2692	33
2693	30
2694	21
2695	36
2696	27
2697	27
2698	21
2699	30
2700	29
2701	26
2702	23
2703	30
2704	34
2705	28
2706	28
2707	21
2708	34
2709	32
2710	35
2711	21
2712	30
2713	28
2714	32
2715	27
2716	29
2717	23
2718	27
2719	26
2720	28
2721	32
2722	28
2723	41
2724	41
2725	31
2726	32
2727	22
2728	31
2729	30
2730	30
2731	24
2732	24
2733	32
2734	29
2735	26
2736	30
2737	34
2738	27
2739	24
2740	30
2741	36
2742	21
2743	31
2744	25
2745	27
2746	22
2747	34
2748	32
2749	29
2750	32
2751	39
2752	26
2753	32
2754	25
2755	36
2756	31
2757	34
2758	24
2759	23
2760	25
2761	34
2762	35
2763	30
2764	27
2765	34
2766	29
2767	24
2768	30
2769	48
2770	28
2771	31
2772	25
2773	25
2774	20
2775	32
2776	27
2777	36
2778	39
2779	24
2780	23
2781	36
2782	32
2783	36
2784	34
2785	24
2786	28
2787	23
2788	33
2789	30
2790	26
2791	36
2792	29
2793	34
2794	31
2795	23
2796	40
2797	22
2798	40
2799	35
2800	28
2801	32
2802	29
2803	32
2804	31
2805	31
2806	34
2807	29
2808	20
2809	25
2810	21
2811	31
2812	30
2813	29
2814	31
2815	33
2816	29
2817	27
2818	34
2819	30
2820	28
2821	23
2822	21
2823	29
2824	28
2825	27
2826	36
2827	22
2828	24
2829	34
2830	34
2831	34
2832	32
2833	23
2834	29
2835	27
2836	26
2837	30
2838	20
2839	38
2840	33
2841	34
2842	23
2843	31
2844	27
2845	26
2846	29
2847	31
2848	27
2849	33
2850	29
2851	33
2852	38
2853	18
2854	39
2855	39
2856	30
2857	29
2858	30
2859	24
2860	25
2861	31
2862	24
2863	33
2864	32
2865	24
2866	20
2867	25
2868	28
2869	26
2870	23
2871	30
2872	28
2873	33
2874	25
2875	32
2876	27
2877	29
2878	31
2879	44
2880	28
2881	30
2882	35
2883	29
2884	38
2885	30
2886	24
2887	26
2888	22
2889	30
2890	23
2891	29
2892	29
2893	36
2894	29
2895	31
2896	24
2897	21
2898	26
2899	29
2900	18
2901	28
2902	30
2903	30
2904	26
2905	22
2906	27
2907	22
2908	26
2909	23
2910	32
2911	38
2912	27
2913	23
2914	24
2915	31
2916	23
2917	27
2918	23
2919	24
2920	35
2921	25
2922	23
2923	26
2924	24
2925	21
2926	27
2927	32
2928	26
2929	30
2930	29
2931	16
2932	21
2933	28
2934	31
2935	26
2936	30
2937	19
2938	33
2939	35
2940	21
2941	25
2942	20
2943	21
2944	25
2945	15
2946	22
2947	27
2948	18
2949	21
2950	19
2951	17
2952	27
2953	15
2954	28
2955	16
2956	23
2957	27
2958	18
2959	28
2960	25
2961	29
2962	44
2963	19
2964	33
2965	15
2966	28
2967	28
2968	36
2969	17
2970	30
2971	27
2972	30
2973	20
2974	28
2975	21
2976	22
2977	16
2978	27
2979	24
2980	35
2981	28
2982	23
2983	28
2984	22
2985	26
2986	24
2987	20
2988	15
2989	30
2990	28
2991	22
2992	27
2993	25
2994	24
2995	20
2996	23
2997	30
2998	26
2999	24
3000	21
3001	28
3002	21
3003	25
3004	23
3005	20
3006	18
3007	28
3008	29
3009	16
3010	22
3011	24
3012	28
3013	17
3014	22
3015	32
3016	19
3017	21
3018	37
3019	20
3020	19
3021	21
3022	28
3023	31
3024	21
3025	29
3026	19
3027	18
3028	21
3029	22
3030	29
3031	19
3032	26
3033	20
3034	21
3035	26
3036	22
3037	27
3038	22
3039	21
3040	18
3041	26
3042	16
3043	21
3044	17
3045	19
3046	20
3047	21
3048	19
3049	25
3050	22
3051	26
3052	22
3053	22
3054	27
3055	18
3056	20
3057	27
3058	31
3059	26
3060	23
3061	24
3062	20
3063	23
3064	26
3065	30
3066	22
3067	24
3068	25
3069	24
3070	17
3071	17
3072	18
3073	28
3074	20
3075	25
3076	21
3077	18
3078	21
3079	18
3080	20
3081	24
3082	26
3083	19
3084	24
3085	18
3086	20
3087	25
3088	31
3089	17
3090	22
3091	26
3092	22
3093	28
3094	32
3095	19
3096	26
3097	15
3098	23
3099	20
3100	14
3101	23
3102	25
3103	24
3104	19
3105	20
3106	14
3107	17
3108	20
3109	20
3110	22
3111	18
3112	17
3113	21
3114	23
3115	27
3116	22
3117	16
3118	17
3119	21
3120	19
3121	29
3122	29
3123	20
3124	19
3125	26
3126	22
3127	21
3128	29
3129	23
3130	33
3131	21
3132	26
3133	21
3134	27
3135	26
3136	16
3137	18
3138	25
3139	21
3140	19
3141	25
3142	27
3143	32
3144	24
3145	24
3146	28
3147	20
3148	27
3149	23
3150	18
3151	20
3152	16
3153	33
3154	14
3155	24
3156	21
3157	26
3158	30
3159	14
3160	21
3161	13
3162	23
3163	23
3164	20
3165	28
3166	22
3167	22
3168	20
3169	20
3170	22
3171	21
3172	25
3173	24
3174	18
3175	23
3176	17
3177	19
3178	27
3179	18
3180	22
3181	29
3182	25
3183	19
3184	21
3185	19
3186	22
3187	23
3188	23
3189	31
3190	23
3191	27
3192	28
3193	21
3194	15
3195	27
3196	21
3197	22
3198	23
3199	28
3200	23
3201	31
3202	17
3203	12
3204	22
3205	23
3206	19
3207	13
3208	23
3209	24
3210	35
3211	16
3212	19
3213	26
3214	36
3215	17
3216	20
3217	23
3218	19
3219	20
3220	18
3221	30
3222	22
3223	26
3224	30
3225	30
3226	22
3227	24
3228	30
3229	29
3230	26
3231	33
3232	27
3233	19
3234	18
3235	22
3236	26
3237	22
3238	19
3239	11
3240	14
3241	28
3242	15
3243	20
3244	19
3245	23
3246	28
3247	19
3248	22
3249	23
3250	22
3251	15
3252	20
3253	20
3254	30
3255	22
3256	22
3257	19
3258	18
3259	22
3260	21
3261	22
3262	36
3263	19
3264	19
3265	20
3266	28
3267	31
3268	23
3269	20
3270	23
3271	26
3272	22
3273	19
3274	19
3275	19
3276	21
3277	20
3278	22
3279	25
3280	26
3281	36
3282	22
3283	26
3284	13
3285	30
3286	20
3287	25
3288	29
3289	22
3290	18
3291	31
3292	25
3293	17
3294	21
3295	23
3296	29
3297	31
3298	26
3299	23
3300	25
3301	32
3302	32
3303	16
3304	22
3305	14
3306	23
3307	17
3308	28
3309	20
3310	20
3311	25
3312	17
3313	25
3314	18
3315	33
3316	19
3317	12
3318	29
3319	28
3320	20
3321	25
3322	22
3323	26
3324	27
3325	22
3326	24
3327	19
3328	27
3329	35
3330	22
3331	23
3332	25
3333	15
3334	18
3335	15
3336	24
3337	21
3338	24
3339	17
3340	19
3341	22
3342	17
3343	23
3344	20
3345	23
3346	20
3347	23
3348	35
3349	14
3350	16
3351	31
3352	18
3353	25
3354	27
3355	25
3356	25
3357	18
3358	16
3359	23
3360	18
3361	25
3362	23
3363	28
3364	26
3365	21
3366	22
3367	22
3368	20
3369	21
3370	15
3371	16
3372	16
3373	28
3374	28
3375	26
3376	25
3377	24
3378	22
3379	17
3380	19
3381	18
3382	29
3383	29
3384	19
3385	25
3386	20
3387	29
3388	24
3389	24
3390	24
3391	22
3392	27
3393	22
3394	20
3395	27
3396	24
3397	17
3398	26
3399	26
3400	31
3401	23
3402	29
3403	20
3404	15
3405	31
3406	27
3407	19
3408	22
3409	27
3410	15
3411	23
3412	15
3413	28
3414	24
3415	15
3416	20
3417	19
3418	24
3419	22
3420	29
3421	31
3422	27
3423	28
3424	25
3425	24
3426	27
3427	22
3428	29
3429	32
3430	16
3431	29
3432	19
3433	21
3434	34
3435	23
3436	28
3437	16
3438	17
3439	20
3440	21
3441	15
3442	28
3443	26
3444	26
3445	35
3446	29
3447	17
3448	26
3449	25
3450	21
3451	18
3452	25
3453	34
3454	24
3455	21
3456	18
3457	21
3458	27
3459	22
3460	16
3461	28
3462	18
3463	19
3464	21
3465	17
3466	25
3467	17
3468	21
3469	22
3470	29
3471	29
3472	33
3473	31
3474	22
3475	23
3476	23
3477	20
3478	22
3479	16
3480	29
3481	19
3482	17
3483	23
3484	19
3485	19
3486	19
3487	22
3488	24
3489	29
3490	18
3491	29
3492	30
3493	23
3494	15
3495	20
3496	25
3497	24
3498	22
3499	20
3500	17
3501	24
3502	29
3503	16
3504	29
3505	20
3506	25
3507	25
3508	23
3509	20
3510	28
3511	21
3512	14
3513	27
3514	22
3515	22
3516	23
3517	22
3518	27
3519	27
3520	23
3521	18
3522	25
3523	24
3524	28
3525	22
3526	32
3527	27
3528	24
3529	21
3530	22
3531	31
3532	24
3533	26
3534	24
3535	17
3536	19
3537	23
3538	19
3539	24
3540	21
3541	27
3542	23
3543	24
3544	28
3545	22
3546	25
3547	25
3548	25
3549	20
3550	23
3551	20
3552	27
3553	15
3554	16
3555	28
3556	26
3557	28
3558	17
3559	19
3560	25
3561	19
3562	17
3563	23
3564	24
3565	27
3566	21
3567	23
3568	25
3569	24
3570	25
3571	25
3572	25
3573	26
3574	24
3575	22
3576	26
3577	18
3578	23
3579	22
3580	24
3581	25
3582	24
3583	23
3584	21
3585	23
3586	20
3587	26
3588	30
3589	32
3590	25
3591	13
3592	23
3593	23
3594	33
3595	28
3596	20
3597	27
3598	19
3599	26
3600	32
3601	18
3602	19
3603	22
3604	26
3605	26
3606	28
3607	19
3608	22
3609	24
3610	25
3611	20
3612	30
3613	23
3614	27
3615	23
3616	26
3617	28
3618	22
3619	22
3620	24
3621	15
3622	17
3623	22
3624	18
3625	29
3626	28
3627	23
3628	21
3629	25
3630	23
3631	24
3632	35
3633	24
3634	27
3635	18
3636	25
3637	28
3638	16
3639	28
3640	11
3641	23
3642	22
3643	26
3644	14
3645	29
3646	35
3647	25
3648	22
3649	22
3650	29
3651	26
3652	23
3653	25
3654	18
3655	30
3656	28
3657	21
3658	23
3659	20
3660	22
3661	26
3662	19
3663	19
3664	20
3665	26
3666	18
3667	21
3668	21
3669	19
3670	23
3671	23
3672	24
3673	30
3674	20
3675	20
3676	19
3677	20
3678	25
3679	31
3680	20
3681	37
3682	31
3683	22
3684	16
3685	23
3686	27
3687	27
3688	19
3689	21
3690	35
3691	23
3692	24
3693	33
3694	15
3695	30
3696	31
3697	23
3698	21
3699	17
3700	20
3701	20
3702	21
3703	24
3704	26
3705	27
3706	33
3707	20
3708	32
3709	13
3710	30
3711	18
3712	24
3713	20
3714	30
3715	21
3716	28
3717	25
3718	23
3719	18
3720	18
3721	24
3722	18
3723	18
3724	17
3725	26
3726	21
3727	16
3728	26
3729	27
3730	25
3731	27
3732	19
3733	26
3734	25
3735	29
3736	27
3737	17
3738	23
3739	25
3740	17
3741	32
3742	31
3743	23
3744	25
3745	34
3746	34
3747	26
3748	23
3749	18
3750	24
3751	22
3752	31
3753	30
3754	20
3755	19
3756	22
3757	22
3758	27
3759	19
3760	27
3761	20
3762	22
3763	19
3764	30
3765	27
3766	27
3767	26
3768	20
3769	18
3770	20
3771	28
3772	26
3773	26
3774	25
3775	25
3776	26
3777	21
3778	21
3779	17
3780	27
3781	30
3782	23
3783	28
3784	35
3785	25
3786	20
3787	22
3788	31
3789	33
3790	27
3791	34
3792	27
3793	26
3794	20
3795	27
3796	28
3797	19
3798	25
3799	28
3800	20
3801	19
3802	31
3803	28
3804	18
3805	18
3806	22
3807	27
3808	27
3809	29
3810	20
3811	26
3812	22
3813	20
3814	29
3815	22
3816	32
3817	31
3818	31
3819	20
3820	22
3821	28
3822	25
3823	22
3824	21
3825	27
3826	18
3827	13
3828	31
3829	26
3830	29
3831	24
3832	22
3833	23
3834	25
3835	18
3836	30
3837	26
3838	21
3839	32
3840	20
3841	29
3842	22
3843	36
3844	35
3845	28
3846	22
3847	31
3848	22
3849	20
3850	20
3851	27
3852	26
3853	28
3854	25
3855	24
3856	28
3857	22
3858	24
3859	27
3860	25
3861	22
3862	24
3863	28
3864	28
3865	17
3866	36
3867	27
3868	33
3869	26
3870	28
3871	25
3872	23
3873	38
3874	32
3875	30
3876	30
3877	22
3878	26
3879	30
3880	24
3881	25
3882	25
3883	26
3884	37
3885	28
3886	23
3887	32
3888	28
3889	28
3890	23
3891	38
3892	24
3893	30
3894	29
3895	22
3896	21
3897	23
3898	28
3899	32
3900	16
3901	27
3902	29
3903	32
3904	23
3905	24
3906	16
3907	21
3908	31
3909	29
3910	24
3911	26
3912	25
3913	34
3914	23
3915	30
3916	30
3917	28
3918	30
3919	31
3920	30
3921	24
3922	24
3923	23
3924	31
3925	45
3926	31
3927	19
3928	31
3929	32
3930	30
3931	26
3932	28
3933	33
3934	37
3935	26
3936	21
3937	35
3938	29
3939	22
3940	30
3941	31
3942	40
3943	23
3944	28
3945	23
3946	28
3947	30
3948	27
3949	22
3950	27
3951	23
3952	34
3953	27
3954	24
3955	33
3956	27
3957	25
3958	42
3959	33
3960	16
3961	28
3962	28
3963	25
3964	19
3965	26
3966	34
3967	47
3968	25
3969	32
3970	33
3971	25
3972	33
3973	27
3974	35
3975	25
3976	31
3977	23
3978	29
3979	32
3980	21
3981	31
3982	30
3983	33
3984	36
3985	43
3986	35
3987	36
3988	36
3989	36
3990	31
3991	34
3992	30
3993	35
3994	27
3995	29
3996	32
3997	25
3998	32
3999	24
4000	32
4001	42
4002	32
4003	36
4004	23
4005	30
4006	35
4007	21
4008	38
4009	29
4010	46
4011	38
4012	39
4013	29
4014	38
4015	27
4016	32
4017	37
4018	29
4019	30
4020	39
4021	26
4022	40
4023	28
4024	30
4025	38
4026	45
4027	36
4028	44
4029	35
4030	43
4031	37
4032	34
4033	30
4034	26
4035	39
4036	28
4037	47
4038	39
4039	33
4040	37
4041	33
4042	40
4043	34
4044	36
4045	44
4046	33
4047	46
4048	31
4049	37
4050	37
4051	40
4052	30
4053	52
4054	41
4055	37
4056	30
4057	32
4058	34
4059	41
4060	39
4061	34
4062	44
4063	33
4064	44
4065	41
4066	24
4067	35
4068	36
4069	36
4070	39
4071	34
4072	33
4073	34
4074	45
4075	40
4076	43
4077	41
4078	33
4079	44
4080	43
4081	41
4082	31
4083	37
4084	47
4085	30
4086	39
4087	34
4088	39
4089	36
4090	30
4091	27
4092	39
4093	30
4094	33
4095	43
4096	32
4097	43
4098	37
4099	44
4100	45
4101	32
4102	37
4103	41
4104	43
4105	37
4106	37
4107	41
4108	32
4109	35
4110	48
4111	44
4112	36
4113	34
4114	39
4115	36
4116	37
4117	41
4118	38
4119	26
4120	32
4121	40
4122	31
4123	39
4124	33
4125	40
4126	39
4127	47
4128	46
4129	29
4130	43
4131	35
4132	43
4133	38
4134	49
4135	41
4136	21
4137	31
4138	45
4139	37
4140	37
4141	29
4142	42
4143	48
4144	24
4145	38
4146	44
4147	40
4148	29
4149	46
4150	47
4151	28
4152	35
4153	32
4154	34
4155	35
4156	42
4157	42
4158	32
4159	39
4160	25
4161	37
4162	42
4163	32
4164	40
4165	25
4166	20
4167	41
4168	30
4169	29
4170	40
4171	38
4172	21
4173	45
4174	29
4175	26
4176	39
4177	24
4178	40
4179	39
4180	31
4181	42
4182	21
4183	36
4184	36
4185	19
4186	41
4187	47
4188	36
4189	34
4190	39
4191	34
4192	38
4193	36
4194	31
4195	37
4196	34
4197	34
4198	32
4199	26
4200	28
4201	37
4202	28
4203	29
4204	29
4205	34
4206	31
4207	32
4208	30
4209	27
4210	35
4211	31
4212	36
4213	43
4214	32
4215	34
4216	29
4217	26
4218	33
4219	34
4220	25
4221	39
4222	24
4223	25
4224	20
4225	28
4226	29
4227	29
4228	21
4229	31
4230	29
4231	22
4232	30
4233	29
4234	29
4235	32
4236	21
4237	33
4238	30
4239	27
4240	22
4241	26
4242	26
4243	23
4244	26
4245	27
4246	33
4247	21
4248	19
4249	25
4250	18
4251	28
4252	31
4253	26
4254	21
4255	16
4256	21
4257	20
4258	24
4259	29
4260	25
4261	28
4262	27
4263	23
4264	19
4265	21
4266	21
4267	25
4268	24
4269	20
4270	25
4271	22
4272	26
4273	20
4274	27
4275	14
4276	17
4277	22
4278	23
4279	20
4280	20
4281	18
4282	33
4283	18
4284	22
4285	23
4286	18
4287	17
4288	20
4289	24
4290	27
4291	23
4292	18
4293	21
4294	18
4295	23
4296	19
4297	19
4298	18
4299	23
4300	15
4301	21
4302	14
4303	20
4304	16
4305	15
4306	14
4307	15
4308	12
4309	20
4310	19
4311	18
4312	14
4313	16
4314	16
4315	19
4316	14
4317	22
4318	19
4319	25
4320	11
4321	24
4322	15
4323	14
4324	17
4325	18
4326	9
4327	23
4328	16
4329	24
4330	11
4331	19
4332	17
4333	13
4334	20
4335	14
4336	20
4337	16
4338	19
4339	8
4340	9
4341	21
4342	8
4343	13
4344	11
4345	14
4346	12
4347	15
4348	11
4349	11
4350	7
4351	17
4352	12
4353	12
4354	13
4355	14
4356	14
4357	16
4358	10
4359	14
4360	12
4361	17
4362	10
4363	13
4364	14
4365	21
4366	6
4367	12
4368	11
4369	19
4370	16
4371	10
4372	13
4373	8
4374	8
4375	16
4376	16
4377	11
4378	11
4379	18
4380	15
4381	17
4382	13
4383	10
4384	12
4385	12
4386	15
4387	9
4388	17
4389	10
4390	16
4391	15
4392	11
4393	10
4394	18
4395	12
4396	9
4397	9
4398	16
4399	15
4400	6
4401	6
4402	10
4403	12
4404	10
4405	13
4406	11
4407	13
4408	9
4409	9
4410	7
4411	9
4412	8
4413	11
4414	5
4415	9
4416	10
4417	11
4418	12
4419	8
4420	12
4421	12
4422	11
4423	12
4424	12
4425	5
4426	7
4427	11
4428	7
4429	9
4430	11
4431	8
4432	13
4433	10
4434	5
4435	8
4436	11
4437	5
4438	5
4439	6
4440	8
4441	4
4442	7
4443	8
4444	12
4445	7
4446	16
4447	10
4448	9
4449	12
4450	14
4451	10
4452	9
4453	4
4454	6
4455	8
4456	9
4457	10
4458	8
4459	10
4460	6
4461	5
4462	11
4463	7
4464	4
4465	7
4466	10
4467	10
4468	6
4469	8
4470	9
4471	12
4472	13
4473	6
4474	8
4475	7
4476	6
4477	8
4478	10
4479	12
4480	11
4481	8
4482	11
4483	7
4484	6
4485	14
4486	9
4487	4
4488	9
4489	10
4490	7
4491	10
4492	5
4493	11
4494	12
4495	11
4496	4
4497	9
4498	12
4499	3
4500	9
4501	14
4502	8
4503	8
4504	11
4505	4
4506	9
4507	10
4508	8
4509	7
4510	8
4511	3
4512	12
4513	12
4514	12
4515	5
4516	4
4517	8
4518	8
4519	7
4520	10
4521	11
4522	6
4523	12
4524	8
4525	15
4526	7
4527	10
4528	6
4529	6
4530	11
4531	11
4532	9
4533	15
4534	5
4535	5
4536	6
4537	6
4538	8
4539	10
4540	7
4541	10
4542	13
4543	10
4544	7
4545	5
4546	6
4547	3
4548	8
4549	7
4550	11
4551	9
4552	9
4553	8
4554	8
4555	6
4556	9
4557	9
4558	7
4559	10
4560	7
4561	16
4562	4
4563	6
4564	8
4565	4
4566	11
4567	9
4568	10
4569	8
4570	8
4571	7
4572	8
4573	8
4574	9
4575	11
4576	5
4577	11
4578	9
4579	10
4580	6
4581	5
4582	14
4583	6
4584	17
4585	15
4586	9
4587	6
4588	10
4589	8
4590	11
4591	6
4592	10
4593	7
4594	5
4595	9
4596	9
4597	5
4598	12
4599	18
4600	11
4601	16
4602	8
4603	14
4604	5
4605	7
4606	11
4607	7
4608	10
4609	6
4610	3
4611	6
4612	13
4613	5
4614	11
4615	9
4616	8
4617	10
4618	5
4619	11
4620	11
4621	10
4622	8
4623	11
4624	9
4625	14
4626	8
4627	5
4628	12
4629	7
4630	10
4631	11
4632	6
4633	15
4634	10
4635	8
4636	9
4637	10
4638	8
4639	5
4640	9
4641	9
4642	6
4643	8
4644	12
4645	10
4646	15
4647	10
4648	15
4649	5
4650	9
4651	5
4652	17
4653	14
4654	14
4655	9
4656	6
4657	11
4658	9
4659	8
4660	6
4661	9
4662	12
4663	16
4664	6
4665	12
4666	11
4667	11
4668	8
4669	11
4670	10
4671	10
4672	20
4673	14
4674	11
4675	19
4676	10
4677	10
4678	9
4679	7
4680	5
4681	14
4682	12
4683	10
4684	12
4685	8
4686	13
4687	11
4688	20
4689	17
4690	10
4691	11
4692	9
4693	6
4694	9
4695	9
4696	7
4697	12
4698	17
4699	14
4700	16
4701	16
4702	9
4703	11
4704	8
4705	13
4706	12
4707	10
4708	13
4709	9
4710	11
4711	12
4712	12
4713	10
4714	12
4715	11
4716	8
4717	11
4718	16
4719	9
4720	15
4721	9
4722	14
4723	5
4724	8
4725	14
4726	15
4727	14
4728	11
4729	11
4730	24
4731	15
4732	13
4733	16
4734	17
4735	16
4736	16
4737	10
4738	14
4739	23
4740	17
4741	13
4742	12
4743	15
4744	13
4745	14
4746	11
4747	11
4748	18
4749	12
4750	11
4751	13
4752	16
4753	12
4754	18
4755	14
4756	12
4757	13
4758	13
4759	13
4760	15
4761	20
4762	13
4763	9
4764	13
4765	13
4766	12
4767	15
4768	15
4769	17
4770	8
4771	16
4772	11
4773	15
4774	15
4775	18
4776	15
4777	8
4778	12
4779	8
4780	17
4781	12
4782	15
4783	11
4784	15
4785	15
4786	16
4787	20
4788	12
4789	20
4790	16
4791	13
4792	14
4793	13
4794	12
4795	16
4796	11
4797	15
4798	15
4799	15
4800	20
4801	14
4802	12
4803	7
4804	12
4805	12
4806	12
4807	7
4808	11
4809	7
4810	17
4811	17
4812	17
4813	18
4814	13
4815	15
4816	21
4817	9
4818	8
4819	13
4820	22
4821	18
4822	16
4823	10
4824	13
4825	12
4826	17
4827	17
4828	15
4829	12
4830	15
4831	18
4832	17
4833	17
4834	16
4835	21
4836	16
4837	21
4838	14
4839	14
4840	14
4841	10
4842	14
4843	15
4844	15
4845	11
4846	12
4847	14
4848	18
4849	21
4850	14
4851	19
4852	27
4853	14
4854	13
4855	17
4856	14
4857	18
4858	12
4859	18
4860	16
4861	15
4862	13
4863	18
4864	11
4865	14
4866	10
4867	24
4868	13
4869	12
4870	23
4871	25
4872	14
4873	15
4874	14
4875	17
4876	26
4877	18
4878	16
4879	15
4880	13
4881	18
4882	14
4883	12
4884	16
4885	21
4886	13
4887	11
4888	10
4889	14
4890	11
4891	11
4892	19
4893	19
4894	15
4895	10
4896	16
4897	17
4898	13
4899	17
4900	10
4901	20
4902	13
4903	27
4904	17
4905	18
4906	15
4907	11
4908	14
4909	18
4910	11
4911	18
4912	17
4913	16
4914	12
4915	20
4916	14
4917	16
4918	14
4919	14
4920	19
4921	16
4922	15
4923	17
4924	8
4925	18
4926	13
4927	14
4928	16
4929	10
4930	16
4931	11
4932	11
4933	18
4934	11
4935	16
4936	12
4937	16
4938	13
4939	13
4940	5
4941	17
4942	16
4943	14
4944	16
4945	7
4946	18
4947	6
4948	23
4949	13
4950	13
4951	15
4952	14
4953	10
4954	13
4955	16
4956	14
4957	9
4958	23
4959	12
4960	11
4961	9
4962	15
4963	10
4964	17
4965	8
4966	5
4967	6
4968	12
4969	19
4970	10
4971	14
4972	14
4973	13
4974	8
4975	17
4976	14
4977	14
4978	4
4979	9
4980	17
4981	10
4982	18
4983	6
4984	8
4985	18
4986	17
4987	10
4988	8
4989	12
4990	16
4991	19
4992	11
4993	14
4994	12
4995	11
4996	12
4997	8
4998	11
4999	18
5000	8
5001	17
5002	16
5003	9
5004	9
5005	17
5006	10
5007	10
5008	13
5009	16
5010	8
5011	10
5012	11
5013	10
5014	10
5015	11
5016	13
5017	7
5018	6
5019	14
5020	11
5021	8
5022	10
5023	14
5024	12
5025	10
5026	8
5027	15
5028	12
5029	9
5030	9
5031	8
5032	12
5033	9
5034	8
5035	8
5036	10
5037	10
5038	9
5039	11
5040	13
5041	10
5042	12
5043	7
5044	12
5045	8
5046	15
5047	8
5048	9
5049	7
5050	5
5051	8
5052	17
5053	16
5054	12
5055	9
5056	3
5057	12
5058	12
5059	8
5060	7
5061	9
5062	11
5063	15
5064	10
5065	9
5066	10
5067	6
5068	5
5069	8
5070	13
5071	7
5072	7
5073	11
5074	11
5075	9
5076	4
5077	9
5078	16
5079	6
5080	9
5081	11
5082	9
5083	6
5084	11
5085	11
5086	4
5087	9
5088	5
5089	14
5090	6
5091	4
5092	13
5093	9
5094	12
5095	4
5096	11
5097	3
5098	13
5099	9
5100	10
5101	14
5102	10
5103	9
5104	10
5105	3
5106	9
5107	5
5108	5
5109	4
5110	6
5111	12
5112	10
5113	12
5114	9
5115	8
5116	6
5117	13
5118	12
5119	7
5120	8
5121	9
5122	9
5123	5
5124	4
5125	5
5126	7
5127	9
5128	15
5129	9
5130	6
5131	5
5132	4
5133	9
5134	9
5135	8
5136	6
5137	6
5138	8
5139	5
5140	7
5141	5
5142	5
5143	5
5144	7
5145	8
5146	7
5147	9
5148	3
5149	7
5150	10
5151	5
5152	6
5153	12
5154	5
5155	9
5156	12
5157	8
5158	3
5159	9
5160	4
5161	5
5162	5
5163	5
5164	7
5165	4
5166	7
5167	10
5168	9
5169	15
5170	7
5171	6
5172	7
5173	7
5174	9
5175	9
5176	12
5177	2
5178	5
5179	2
5180	6
5181	5
5182	12
5183	6
5184	3
5185	9
5186	7
5187	4
5188	8
5189	9
5190	5
5191	7
5192	7
5193	8
5194	5
5195	4
5196	8
5197	6
5198	9
5199	11
5200	6
5201	8
5202	4
5203	5
5204	10
5205	5
5206	7
5207	4
5208	9
5209	6
5210	7
5211	6
5212	7
5213	9
5214	8
5215	5
5216	9
5217	4
5218	6
5219	7
5220	6
5221	2
5222	6
5223	7
5224	5
5225	7
5226	10
5227	10
5228	13
5229	9
5230	8
5231	6
5232	5
5233	7
5234	6
5235	12
5236	8
5237	8
5238	6
5239	8
5240	8
5241	5
5242	9
5243	2
5244	10
5245	9
5246	6
5247	3
5248	5
5249	12
5250	7
5251	6
5252	9
5253	7
5254	12
5255	2
5256	4
5257	11
5258	8
5259	4
5260	8
5261	6
5262	5
5263	9
5264	7
5265	5
5266	5
5267	5
5268	5
5269	7
5270	3
5271	14
5272	6
5273	7
5274	5
5275	9
5276	3
5277	9
5278	11
5279	11
5280	5
5281	4
5282	8
5283	4
5284	8
5285	6
5286	5
5287	10
5288	5
5289	19
5290	7
5291	8
5292	6
5293	7
5294	16
5295	10
5296	5
5297	11
5298	11
5299	5
5300	3
5301	5
5302	10
5303	7
5304	9
5305	3
5306	10
5307	4
5308	8
5309	17
5310	3
5311	13
5312	7
5313	7
5314	9
5315	10
5316	10
5317	7
5318	6
5319	7
5320	7
5321	7
5322	6
5323	9
5324	5
5325	8
5326	12
5327	4
5328	12
5329	8
5330	10
5331	14
5332	8
5333	10
5334	5
5335	6
5336	3
5337	8
5338	11
5339	5
5340	9
5341	10
5342	9
5343	8
5344	9
5345	8
5346	11
5347	7
5348	11
5349	4
5350	7
5351	15
5352	4
5353	8
5354	3
5355	6
5356	6
5357	7
5358	7
5359	8
5360	10
5361	5
5362	5
5363	7
5364	6
5365	7
5366	6
5367	7
5368	9
5369	9
5370	6
5371	11
5372	7
5373	8
5374	9
5375	8
5376	6
5377	4
5378	9
5379	8
5380	10
5381	7
5382	6
5383	7
5384	9
5385	9
5386	10
5387	5
5388	9
5389	4
5390	7
5391	10
5392	6
5393	12
5394	6
5395	9
5396	9
5397	4
5398	10
5399	2
5400	12
5401	4
5402	8
5403	9
5404	6
5405	7
5406	8
5407	6
5408	11
5409	9
5410	14
5411	8
5412	5
5413	4
5414	5
5415	10
5416	9
5417	3
5418	10
5419	4
5420	4
5421	2
5422	5
5423	10
5424	10
5425	7
5426	7
5427	9
5428	7
5429	6
5430	5
5431	7
5432	9
5433	9
5434	7
5435	8
5436	10
5437	5
5438	10
5439	11
5440	11
5441	7
5442	4
5443	10
5444	7
5445	5
5446	7
5447	5
5448	10
5449	9
5450	6
5451	11
5452	5
5453	6
5454	4
5455	7
5456	5
5457	9
5458	4
5459	12
5460	7
5461	7
5462	8
5463	6
5464	8
5465	10
5466	8
5467	7
5468	4
5469	14
5470	4
5471	7
5472	5
5473	11
5474	4
5475	8
5476	6
5477	7
5478	7
5479	6
5480	8
5481	4
5482	6
5483	7
5484	7
5485	6
5486	9
5487	4
5488	6
5489	4
5490	6
5491	7
5492	4
5493	5
5494	5
5495	9
5496	6
5497	7
5498	5
5499	10
5500	9
5501	6
5502	8
5503	3
5504	3
5505	5
5506	6
5507	9
5508	9
5509	6
5510	5
5511	8
5512	5
5513	4
5514	6
5515	9
5516	7
5517	9
5518	9
5519	6
5520	9
5521	5
5522	6
5523	3
5524	7
5525	11
5526	9
5527	6
5528	7
5529	3
5530	7
5531	8
5532	9
5533	6
5534	7
5535	6
5536	6
5537	4
5538	6
5539	12
5540	7
5541	5
5542	7
5543	9
5544	4
5545	10
5546	3
5547	6
5548	8
5549	5
5550	6
5551	4
5552	6
5553	6
5554	5
5555	7
5556	7
5557	7
5558	4
5559	9
5560	6
5561	2
5562	2
5563	6
5564	12
5565	11
5566	4
5567	3
5568	7
5569	10
5570	5
5571	10
5572	7
5573	4
5574	7
5575	4
5576	5
5577	4
5578	2
5579	5
5580	5
5581	5
5582	7
5583	5
5584	6
5585	10
5586	5
5587	4
5588	8
5589	7
5590	4
5591	5
5592	4
5593	4
5594	9
5595	12
5596	5
5597	8
5598	5
5599	10
5600	5
5601	7
5602	5
5603	9
5604	9
5605	5
5606	2
5607	7
5608	2
5609	9
5610	4
5611	5
5612	6
5613	5
5614	8
5615	7
5616	7
5617	9
5618	6
5619	8
5620	3
5621	7
5622	7
5623	10
5624	2
5625	7
5626	6
5627	4
5628	4
5629	6
5630	6
5631	3
5632	11
5633	6
5634	4
5635	5
5636	8
5637	4
5638	6
5639	6
5640	8
5641	6
5642	4
5643	6
5644	7
5645	11
5646	4
5647	6
5648	7
5649	4
5650	2
5651	6
5652	11
5653	6
5654	7
5655	3
5656	5
5657	2
5658	3
5659	3
5660	5
5661	4
5662	7
5663	8
5664	6
5665	0
5666	6
5667	7
5668	6
5669	6
5670	4
5671	7
5672	5
5673	4
5674	5
5675	5
5676	9
5677	7
5678	6
5679	5
5680	7
5681	7
5682	6
5683	8
5684	5
5685	6
5686	3
5687	8
5688	4
5689	6
5690	7
5691	4
5692	5
5693	10
5694	5
5695	6
5696	7
5697	8
5698	10
5699	4
5700	4
5701	4
5702	7
5703	6
5704	5
5705	4
5706	7
5707	3
5708	6
5709	12
5710	4
5711	12
5712	7
5713	7
5714	9
5715	9
5716	8
5717	6
5718	9
5719	5
5720	8
5721	6
5722	7
5723	8
5724	3
5725	2
5726	8
5727	7
5728	11
5729	8
5730	12
5731	9
5732	5
5733	6
5734	9
5735	3
5736	4
5737	7
5738	10
5739	9
5740	4
5741	6
5742	5
5743	6
5744	9
5745	7
5746	8
5747	7
5748	2
5749	5
5750	12
5751	5
5752	11
5753	6
5754	7
5755	5
5756	11
5757	9
5758	9
5759	6
5760	10
5761	10
5762	4
5763	10
5764	7
5765	10
5766	4
5767	5
5768	9
5769	4
5770	11
5771	4
5772	10
5773	8
5774	7
5775	6
5776	5
5777	4
5778	9
5779	16
5780	10
5781	5
5782	9
5783	9
5784	9
5785	6
5786	6
5787	6
5788	5
5789	4
5790	4
5791	8
5792	5
5793	10
5794	4
5795	5
5796	6
5797	10
5798	11
5799	5
5800	13
5801	15
5802	8
5803	9
5804	12
5805	9
5806	2
5807	9
5808	7
5809	10
5810	6
5811	8
5812	11
5813	8
5814	10
5815	7
5816	9
5817	4
5818	6
5819	6
5820	11
5821	6
5822	10
5823	7
5824	6
5825	8
5826	8
5827	6
5828	6
5829	8
5830	11
5831	9
5832	7
5833	8
5834	8
5835	10
5836	14
5837	10
5838	11
5839	13
5840	8
5841	11
5842	13
5843	7
5844	10
5845	7
5846	4
5847	8
5848	13
5849	8
5850	7
5851	10
5852	6
5853	8
5854	11
5855	6
5856	8
5857	10
5858	5
5859	14
5860	11
5861	6
5862	16
5863	8
5864	11
5865	10
5866	13
5867	7
5868	8
5869	6
5870	9
5871	13
5872	5
5873	11
5874	7
5875	19
5876	9
5877	7
5878	10
5879	8
5880	11
5881	8
5882	11
5883	7
5884	9
5885	9
5886	9
5887	16
5888	12
5889	9
5890	2
5891	12
5892	9
5893	9
5894	8
5895	13
5896	14
5897	4
5898	8
5899	10
5900	10
5901	9
5902	13
5903	12
5904	16
5905	14
5906	15
5907	11
5908	13
5909	12
5910	13
5911	8
5912	19
5913	14
5914	16
5915	13
5916	8
5917	11
5918	11
5919	11
5920	12
5921	8
5922	16
5923	15
5924	9
5925	9
5926	5
5927	14
5928	9
5929	13
5930	12
5931	7
5932	10
5933	11
5934	4
5935	9
5936	8
5937	10
5938	15
5939	13
5940	10
5941	7
5942	12
5943	8
5944	20
5945	14
5946	9
5947	11
5948	8
5949	3
5950	9
5951	15
5952	12
5953	9
5954	9
5955	12
5956	11
5957	12
5958	9
5959	14
5960	5
5961	6
5962	12
5963	12
5964	6
5965	6
5966	11
5967	10
5968	14
5969	8
5970	10
5971	12
5972	14
5973	10
5974	10
5975	12
5976	18
5977	12
5978	13
5979	15
5980	10
5981	14
5982	11
5983	10
5984	16
5985	12
5986	14
5987	13
5988	16
5989	11
5990	12
5991	6
5992	17
5993	7
5994	10
5995	13
5996	12
5997	9
5998	16
5999	14
6000	14
6001	7
6002	9
6003	10
6004	10
6005	11
6006	13
6007	6
6008	14
6009	12
6010	10
6011	14
6012	9
6013	11
6014	7
6015	19
6016	7
6017	15
6018	10
6019	13
6020	7
6021	7
6022	7
6023	3
6024	9
6025	6
6026	10
6027	13
6028	13
6029	4
6030	9
6031	10
6032	11
6033	7
6034	10
6035	12
6036	12
6037	12
6038	8
6039	10
6040	7
6041	7
6042	10
6043	12
6044	14
6045	7
6046	12
6047	12
6048	20
6049	6
6050	13
6051	5
6052	4
6053	7
6054	7
6055	16
6056	13
6057	8
6058	8
6059	7
6060	10
6061	5
6062	10
6063	7
6064	11
6065	6
6066	8
6067	17
6068	14
6069	4
6070	12
6071	11
6072	4
6073	11
6074	10
6075	13
6076	10
6077	4
6078	11
6079	6
6080	6
6081	9
6082	13
6083	6
6084	11
6085	12
6086	7
6087	14
6088	13
6089	9
6090	6
6091	6
6092	8
6093	9
6094	8
6095	6
6096	6
6097	5
6098	3
6099	8
6100	12
6101	11
6102	4
6103	3
6104	12
6105	10
6106	7
6107	7
6108	8
6109	10
6110	8
6111	7
6112	5
6113	6
6114	8
6115	9
6116	9
6117	8
6118	6
6119	2
6120	3
6121	8
6122	13
6123	12
6124	4
6125	9
6126	8
6127	9
6128	9
6129	9
6130	6
6131	7
6132	10
6133	4
6134	16
6135	5
6136	9
6137	9
6138	10
6139	11
6140	11
6141	11
6142	13
6143	13
6144	6
6145	13
6146	3
6147	8
6148	7
6149	5
6150	2
6151	7
6152	8
6153	4
6154	9
6155	4
6156	4
6157	8
6158	7
6159	4
6160	7
6161	6
6162	7
6163	9
6164	4
6165	4
6166	4
6167	7
6168	8
6169	3
6170	9
6171	2
6172	12
6173	9
6174	7
6175	7
6176	6
6177	8
6178	7
6179	6
6180	2
6181	5
6182	6
6183	5
6184	9
6185	5
6186	5
6187	5
6188	6
6189	7
6190	10
6191	8
6192	9
6193	2
6194	2
6195	6
6196	7
6197	7
6198	6
6199	5
6200	6
6201	3
6202	6
6203	8
6204	7
6205	11
6206	3
6207	9
6208	8
6209	12
6210	7
6211	2
6212	3
6213	8
6214	4
6215	5
6216	4
6217	4
6218	6
6219	6
6220	8
6221	4
6222	8
6223	0
6224	7
6225	7
6226	3
6227	3
6228	4
6229	5
6230	4
6231	4
6232	3
6233	6
6234	7
6235	4
6236	1
6237	4
6238	3
6239	2
6240	0
6241	6
6242	9
6243	4
6244	9
6245	6
6246	0
6247	5
6248	3
6249	5
6250	4
6251	4
6252	5
6253	6
6254	5
6255	1
6256	4
6257	1
6258	4
6259	5
6260	4
6261	3
6262	5
6263	2
6264	5
6265	5
6266	5
6267	3
6268	5
6269	6
6270	3
6271	5
6272	2
6273	3
6274	9
6275	2
6276	6
6277	5
6278	5
6279	7
6280	3
6281	5
6282	5
6283	4
6284	4
6285	4
6286	6
6287	2
6288	9
6289	1
6290	6
6291	3
6292	3
6293	6
6294	4
6295	3
6296	6
6297	7
6298	6
6299	5
6300	6
6301	5
6302	6
6303	3
6304	5
6305	6
6306	3
6307	3
6308	4
6309	4
6310	1
6311	3
6312	4
6313	3
6314	5
6315	1
6316	4
6317	4
6318	2
6319	2
6320	3
6321	3
6322	6
6323	6
6324	3
6325	3
6326	1
6327	4
6328	7
6329	8
6330	6
6331	1
6332	4
6333	2
6334	5
6335	2
6336	4
6337	6
6338	2
6339	1
6340	4
6341	4
6342	1
6343	2
6344	2
6345	2
6346	2
6347	3
6348	4
6349	3
6350	6
6351	5
6352	5
6353	3
6354	5
6355	4
6356	1
6357	3
6358	2
6359	3
6360	3
6361	5
6362	5
6363	1
6364	5
6365	8
6366	3
6367	2
6368	2
6369	3
6370	6
6371	4
6372	7
6373	3
6374	5
6375	4
6376	2
6377	5
6378	4
6379	4
6380	1
6381	5
6382	4
6383	1
6384	4
6385	4
6386	5
6387	3
6388	4
6389	5
6390	6
6391	4
6392	4
6393	4
6394	5
6395	6
6396	5
6397	3
6398	3
6399	6
6400	5
6401	5
6402	6
6403	5
6404	4
6405	8
6406	5
6407	5
6408	3
6409	6
6410	5
6411	8
6412	3
6413	5
6414	5
6415	6
6416	3
6417	2
6418	7
6419	7
6420	5
6421	4
6422	3
6423	5
6424	5
6425	5
6426	2
6427	5
6428	8
6429	3
6430	5
6431	2
6432	5
6433	5
6434	7
6435	4
6436	4
6437	8
6438	10
6439	7
6440	2
6441	3
6442	4
6443	7
6444	3
6445	2
6446	4
6447	4
6448	2
6449	4
6450	3
6451	5
6452	7
6453	8
6454	6
6455	7
6456	1
6457	3
6458	7
6459	4
6460	7
6461	4
6462	5
6463	8
6464	7
6465	8
6466	6
6467	6
6468	1
6469	5
6470	4
6471	3
6472	5
6473	3
6474	5
6475	6
6476	7
6477	5
6478	4
6479	4
6480	5
6481	3
6482	4
6483	6
6484	9
6485	5
6486	6
6487	4
6488	4
6489	8
6490	4
6491	9
6492	4
6493	8
6494	4
6495	4
6496	4
6497	11
6498	5
6499	5
6500	9
6501	4
6502	3
6503	2
6504	3
6505	9
6506	9
6507	6
6508	5
6509	6
6510	10
6511	2
6512	3
6513	5
6514	8
6515	1
6516	8
6517	5
6518	6
6519	6
6520	4
6521	6
6522	14
6523	3
6524	7
6525	7
6526	8
6527	8
6528	6
6529	4
6530	12
6531	16
6532	4
6533	12
6534	4
6535	11
6536	5
6537	7
6538	8
6539	9
6540	7
6541	9
6542	9
6543	6
6544	5
6545	5
6546	8
6547	5
6548	6
6549	10
6550	9
6551	9
6552	5
6553	9
6554	5
6555	4
6556	10
6557	7
6558	11
6559	6
6560	8
6561	9
6562	6
6563	3
6564	6
6565	5
6566	14
6567	10
6568	3
6569	8
6570	5
6571	9
6572	7
6573	12
6574	10
6575	13
6576	8
6577	6
6578	12
6579	6
6580	13
6581	14
6582	5
6583	10
6584	5
6585	7
6586	12
6587	8
6588	8
6589	3
6590	5
6591	9
6592	10
6593	10
6594	9
6595	3
6596	8
6597	8
6598	8
6599	6
6600	2
6601	7
6602	8
6603	7
6604	10
6605	10
6606	9
6607	8
6608	9
6609	15
6610	10
6611	9
6612	10
6613	11
6614	6
6615	6
6616	16
6617	6
6618	11
6619	10
6620	8
6621	13
6622	12
6623	9
6624	4
6625	12
6626	8
6627	11
6628	9
6629	11
6630	6
6631	5
6632	13
6633	19
6634	13
6635	4
6636	13
6637	12
6638	17
6639	14
6640	10
6641	10
6642	10
6643	12
6644	10
6645	11
6646	9
6647	12
6648	9
6649	11
6650	6
6651	10
6652	7
6653	10
6654	12
6655	12
6656	11
6657	9
6658	11
6659	7
6660	15
6661	12
6662	11
6663	9
6664	14
6665	11
6666	12
6667	13
6668	12
6669	7
6670	17
6671	16
6672	4
6673	14
6674	11
6675	17
6676	18
6677	12
6678	16
6679	19
6680	13
6681	6
6682	8
6683	8
6684	7
6685	13
6686	17
6687	14
6688	19
6689	7
6690	12
6691	10
6692	10
6693	11
6694	11
6695	11
6696	10
6697	11
6698	5
6699	7
6700	9
6701	10
6702	8
6703	10
6704	12
6705	15
6706	8
6707	12
6708	9
6709	10
6710	12
6711	12
6712	11
6713	8
6714	17
6715	7
6716	11
6717	12
6718	10
6719	16
6720	12
6721	17
6722	11
6723	9
6724	7
6725	12
6726	16
6727	15
6728	9
6729	11
6730	17
6731	10
6732	10
6733	14
6734	15
6735	15
6736	11
6737	11
6738	13
6739	9
6740	9
6741	10
6742	10
6743	8
6744	17
6745	18
6746	11
6747	11
6748	13
6749	9
6750	14
6751	13
6752	13
6753	11
6754	6
6755	8
6756	12
6757	12
6758	18
6759	11
6760	11
6761	17
6762	14
6763	7
6764	13
6765	4
6766	11
6767	11
6768	9
6769	10
6770	10
6771	7
6772	14
6773	5
6774	9
6775	11
6776	16
6777	10
6778	10
6779	11
6780	7
6781	11
6782	17
6783	11
6784	12
6785	16
6786	8
6787	8
6788	12
6789	13
6790	13
6791	7
6792	15
6793	14
6794	17
6795	7
6796	18
6797	15
6798	15
6799	9
6800	12
6801	12
6802	16
6803	18
6804	9
6805	11
6806	17
6807	11
6808	17
6809	13
6810	11
6811	9
6812	15
6813	13
6814	16
6815	8
6816	10
6817	7
6818	10
6819	16
6820	14
6821	12
6822	7
6823	9
6824	13
6825	14
6826	15
6827	11
6828	12
6829	17
6830	5
6831	23
6832	15
6833	10
6834	7
6835	12
6836	13
6837	14
6838	16
6839	9
6840	14
6841	18
6842	21
6843	9
6844	15
6845	14
6846	7
6847	15
6848	14
6849	9
6850	11
6851	18
6852	11
6853	13
6854	17
6855	6
6856	13
6857	8
6858	12
6859	13
6860	17
6861	12
6862	14
6863	9
6864	15
6865	12
6866	14
6867	15
6868	13
6869	16
6870	11
6871	8
6872	18
6873	11
6874	10
6875	7
6876	11
6877	15
6878	13
6879	15
6880	8
6881	7
6882	7
6883	5
6884	10
6885	8
6886	21
6887	10
6888	6
6889	16
6890	12
6891	13
6892	16
6893	17
6894	13
6895	13
6896	15
6897	19
6898	6
6899	12
6900	15
6901	9
6902	13
6903	10
6904	8
6905	12
6906	14
6907	8
6908	5
6909	8
6910	11
6911	9
6912	12
6913	9
6914	8
6915	9
6916	10
6917	8
6918	7
6919	11
6920	7
6921	8
6922	8
6923	17
6924	13
6925	12
6926	18
6927	10
6928	9
6929	9
6930	10
6931	7
6932	11
6933	14
6934	7
6935	6
6936	9
6937	7
6938	8
6939	11
6940	8
6941	4
6942	9
6943	11
6944	5
6945	13
6946	15
6947	13
6948	7
6949	9
6950	8
6951	18
6952	14
6953	5
6954	9
6955	9
6956	6
6957	9
6958	10
6959	7
6960	11
6961	7
6962	4
6963	11
6964	9
6965	7
6966	14
6967	2
6968	8
6969	4
6970	3
6971	9
6972	10
6973	12
6974	5
6975	11
6976	8
6977	12
6978	5
6979	8
6980	11
6981	10
6982	4
6983	9
6984	7
6985	9
6986	7
6987	10
6988	6
6989	9
6990	8
6991	4
6992	8
6993	7
6994	4
6995	4
6996	4
6997	7
6998	9
6999	7
7000	10
7001	2
7002	6
7003	8
7004	8
7005	5
7006	7
7007	7
7008	10
7009	9
7010	11
7011	8
7012	8
7013	5
7014	11
7015	4
7016	6
7017	10
7018	6
7019	9
7020	7
7021	5
7022	7
7023	5
7024	7
7025	8
7026	10
7027	10
7028	10
7029	5
7030	7
7031	9
7032	8
7033	5
7034	6
7035	13
7036	11
7037	6
7038	9
7039	5
7040	8
7041	8
7042	9
7043	7
7044	5
7045	5
7046	4
7047	3
7048	5
7049	9
7050	5
7051	7
7052	5
7053	4
7054	4
7055	7
7056	8
7057	10
7058	6
7059	10
7060	4
7061	3
7062	2
7063	7
7064	7
7065	8
7066	5
7067	4
7068	3
7069	7
7070	6
7071	3
7072	5
7073	4
7074	5
7075	2
7076	4
7077	7
7078	5
7079	5
7080	12
7081	0
7082	8
7083	6
7084	6
7085	5
7086	2
7087	8
7088	3
7089	3
7090	7
7091	5
7092	4
7093	6
7094	5
7095	1
7096	3
7097	8
7098	2
7099	8
7100	3
7101	5
7102	7
7103	5
7104	7
7105	1
7106	7
7107	0
7108	1
7109	4
7110	5
7111	6
7112	3
7113	6
7114	3
7115	4
7116	3
7117	3
7118	2
7119	6
7120	5
7121	2
7122	4
7123	5
7124	2
7125	5
7126	7
7127	7
7128	4
7129	5
7130	4
7131	5
7132	2
7133	2
7134	5
7135	1
7136	4
7137	3
7138	4
7139	2
7140	1
7141	0
7142	2
7143	3
7144	6
7145	10
7146	3
7147	6
7148	9
7149	1
7150	3
7151	2
7152	2
7153	2
7154	4
7155	2
7156	4
7157	2
7158	7
7159	5
7160	0
7161	5
7162	2
7163	5
7164	5
7165	2
7166	3
7167	0
7168	3
7169	3
7170	6
7171	2
7172	4
7173	1
7174	4
7175	1
7176	4
7177	0
7178	4
7179	4
7180	2
7181	2
7182	2
7183	2
7184	4
7185	3
7186	3
7187	2
7188	1
7189	2
7190	0
7191	6
7192	5
7193	5
7194	2
7195	2
7196	3
7197	4
7198	3
7199	8
7200	4
7201	0
7202	4
7203	8
7204	4
7205	3
7206	3
7207	2
7208	2
7209	3
7210	3
7211	2
7212	2
7213	3
7214	5
7215	4
7216	0
7217	0
7218	4
7219	5
7220	2
7221	4
7222	1
7223	1
7224	3
7225	2
7226	3
7227	0
7228	4
7229	3
7230	2
7231	3
7232	2
7233	1
7234	2
7235	4
7236	1
7237	1
7238	1
7239	5
7240	3
7241	3
7242	1
7243	3
7244	3
7245	2
7246	1
7247	3
7248	3
7249	1
7250	2
7251	2
7252	3
7253	1
7254	1
7255	2
7256	2
7257	2
7258	6
7259	2
7260	2
7261	6
7262	3
7263	3
7264	1
7265	3
7266	3
7267	3
7268	2
7269	1
7270	6
7271	2
7272	2
7273	1
7274	1
7275	1
7276	3
7277	2
7278	2
7279	2
7280	2
7281	4
7282	1
7283	4
7284	5
7285	1
7286	2
7287	2
7288	1
7289	4
7290	2
7291	2
7292	2
7293	1
7294	1
7295	1
7296	5
7297	1
7298	3
7299	1
7300	2
7301	2
7302	5
7303	6
7304	1
7305	5
7306	4
7307	0
7308	1
7309	2
7310	0
7311	1
7312	1
7313	1
7314	3
7315	5
7316	1
7317	3
7318	1
7319	2
7320	1
7321	1
7322	1
7323	2
7324	2
7325	1
7326	3
7327	1
7328	1
7329	0
7330	2
7331	0
7332	2
7333	2
7334	2
7335	6
7336	0
7337	3
7338	1
7339	2
7340	0
7341	3
7342	1
7343	4
7344	1
7345	1
7346	3
7347	5
7348	4
7349	2
7350	1
7351	1
7352	2
7353	3
7354	3
7355	3
7356	5
7357	2
7358	4
7359	3
7360	1
7361	3
7362	4
7363	1
7364	1
7365	2
7366	6
7367	1
7368	5
7369	5
7370	1
7371	2
7372	1
7373	2
7374	3
7375	4
7376	4
7377	2
7378	1
7379	1
7380	3
7381	0
7382	5
7383	0
7384	4
7385	1
7386	1
7387	1
7388	2
7389	1
7390	4
7391	3
7392	2
7393	2
7394	1
7395	1
7396	2
7397	4
7398	1
7399	1
7400	2
7401	0
7402	4
7403	1
7404	3
7405	3
7406	3
7407	5
7408	0
7409	7
7410	2
7411	2
7412	4
7413	1
7414	3
7415	2
7416	1
7417	4
7418	0
7419	5
7420	0
7421	3
7422	0
7423	2
7424	1
7425	3
7426	4
7427	2
7428	0
7429	2
7430	1
7431	3
7432	1
7433	4
7434	2
7435	2
7436	2
7437	1
7438	0
7439	2
7440	0
7441	2
7442	7
7443	2
7444	2
7445	0
7446	4
7447	3
7448	1
7449	1
7450	1
7451	1
7452	2
7453	1
7454	2
7455	6
7456	2
7457	3
7458	3
7459	0
7460	1
7461	3
7462	0
7463	1
7464	2
7465	3
7466	1
7467	0
7468	3
7469	2
7470	1
7471	3
7472	1
7473	0
7474	0
7475	2
7476	4
7477	2
7478	2
7479	3
7480	1
7481	1
7482	0
7483	1
7484	1
7485	1
7486	2
7487	3
7488	3
7489	1
7490	0
7491	1
7492	2
7493	2
7494	2
7495	1
7496	3
7497	1
7498	4
7499	2
7500	1
7501	1
7502	2
7503	2
7504	2
7505	2
7506	3
7507	1
7508	0
7509	3
7510	2
7511	1
7512	4
7513	1
7514	0
7515	3
7516	2
7517	1
7518	2
7519	2
7520	0
7521	1
7522	3
7523	2
7524	4
7525	1
7526	3
7527	2
7528	1
7529	2
7530	2
7531	1
7532	2
7533	0
7534	0
7535	1
7536	1
7537	1
7538	1
7539	2
7540	1
7541	1
7542	2
7543	0
7544	1
7545	3
7546	2
7547	2
7548	3
7549	1
7550	0
7551	1
7552	1
7553	1
7554	1
7555	2
7556	0
7557	1
7558	1
7559	1
7560	0
7561	0
7562	2
7563	0
7564	1
7565	1
7566	1
7567	2
7568	2
7569	2
7570	0
7571	2
7572	4
7573	1
7574	1
7575	3
7576	2
7577	2
7578	0
7579	5
7580	3
7581	3
7582	1
7583	2
7584	0
7585	3
7586	1
7587	2
7588	1
7589	1
7590	1
7591	1
7592	0
7593	0
7594	1
7595	0
7596	1
7597	1
7598	2
7599	3
7600	0
7601	1
7602	2
7603	1
7604	0
7605	3
7606	0
7607	0
7608	1
7609	4
7610	3
7611	1
7612	1
7613	2
7614	0
7615	4
7616	1
7617	0
7618	0
7619	3
7620	0
7621	0
7622	0
7623	2
7624	1
7625	0
7626	1
7627	2
7628	0
7629	1
7630	3
7631	1
7632	3
7633	2
7634	1
7635	0
7636	0
7637	0
7638	1
7639	0
7640	1
7641	0
7642	2
7643	3
7644	3
7645	2
7646	1
7647	1
7648	2
7649	2
7650	2
7651	1
7652	1
7653	1
7654	0
7655	5
7656	1
7657	1
7658	0
7659	0
7660	0
7661	2
7662	0
7663	2
7664	0
7665	1
7666	1
7667	3
7668	1
7669	1
7670	2
7671	1
7672	1
7673	1
7674	1
7675	0
7676	3
7677	3
7678	3
7679	0
7680	2
7681	3
7682	2
7683	1
7684	1
7685	1
7686	3
7687	2
7688	0
7689	3
7690	2
7691	1
7692	3
7693	1
7694	1
7695	4
7696	0
7697	1
7698	0
7699	0
7700	0
7701	0
7702	1
7703	0
7704	1
7705	4
7706	0
7707	1
7708	0
7709	2
7710	1
7711	1
7712	1
7713	0
7714	3
7715	0
7716	3
7717	0
7718	0
7719	3
7720	3
7721	2
7722	1
7723	0
7724	1
7725	0
7726	1
7727	2
7728	1
7729	2
7730	2
7731	1
7732	2
7733	0
7734	0
7735	1
7736	3
7737	2
7738	2
7739	0
7740	0
7741	2
7742	1
7743	0
7744	1
7745	1
7746	1
7747	1
7748	0
7749	0
7750	1
7751	1
7752	1
7753	0
7754	1
7755	0
7756	1
7757	1
7758	0
7759	2
7760	0
7761	2
7762	3
7763	1
7764	2
7765	0
7766	1
7767	0
7768	0
7769	0
7770	1
7771	0
7772	1
7773	2
7774	1
7775	0
7776	1
7777	0
7778	0
7779	2
7780	0
7781	0
7782	0
7783	1
7784	3
7785	1
7786	0
7787	0
7788	2
7789	1
7790	2
7791	1
7792	1
7793	0
7794	1
7795	1
7796	2
7797	1
7798	0
7799	1
7800	2
7801	2
7802	2
7803	0
7804	1
7805	1
7806	0
7807	0
7808	0
7809	3
7810	3
7811	1
7812	0
7813	0
7814	0
7815	1
7816	0
7817	3
7818	0
7819	0
7820	1
7821	3
7822	1
7823	1
7824	1
7825	3
7826	1
7827	0
7828	1
7829	2
7830	2
7831	1
7832	2
7833	1
7834	2
7835	2
7836	0
7837	0
7838	1
7839	0
7840	1
7841	0
7842	2
7843	2
7844	3
7845	1
7846	1
7847	2
7848	0
7849	2
7850	1
7851	1
7852	0
7853	1
7854	4
7855	1
7856	2
7857	0
7858	1
7859	0
7860	1
7861	0
7862	2
7863	2
7864	2
7865	1
7866	2
7867	1
7868	1
7869	0
7870	2
7871	0
7872	1
7873	0
7874	2
7875	1
7876	1
7877	3
7878	2
7879	1
7880	1
7881	1
7882	1
7883	1
7884	1
7885	1
7886	2
7887	1
7888	0
7889	0
7890	0
7891	1
7892	2
7893	0
7894	2
7895	3
7896	0
7897	0
7898	0
7899	0
7900	0
7901	3
7902	1
7903	1
7904	1
7905	1
7906	0
7907	0
7908	1
7909	1
7910	2
7911	1
7912	0
7913	0
7914	0
7915	0
7916	0
7917	0
7918	0
7919	0
7920	0
7921	0
7922	0
7923	0
7924	0
7925	0
7926	0
7927	0
7928	0
7929	0
7930	0
7931	0
7932	0
7933	0
7934	0
7935	0
7936	0
7937	0
7938	0
7939	0
7940	0
7941	0
7942	0
7943	0
7944	0
7945	0
7946	0
7947	0
7948	0
7949	0
7950	0
7951	0
7952	0
7953	0
7954	0
7955	0
7956	0
7957	0
7958	0
7959	0
7960	0
7961	0
7962	0
7963	0
7964	0
7965	0
7966	0
7967	0
7968	0
7969	0
7970	0
7971	0
7972	0
7973	0
7974	0
7975	0
7976	0
7977	0
7978	0
7979	0
7980	0
7981	0
7982	0
7983	0
7984	0
7985	0
7986	0
7987	0
7988	0
7989	0
7990	0
7991	0
7992	0
7993	0
7994	0
7995	0
7996	0
7997	0
7998	0
7999	0
8000	0
8001	0
8002	0
8003	0
8004	0
8005	0
8006	0
8007	0
8008	0
8009	0
8010	0
8011	0
8012	0
8013	0
8014	0
8015	0
8016	0
8017	0
8018	0
8019	0
8020	0
8021	0
8022	0
8023	0
8024	0
8025	0
8026	0
8027	0
8028	0
8029	0
8030	0
8031	0
8032	0
8033	0
8034	0
8035	0
8036	0
8037	0
8038	0
8039	0
8040	0
8041	0
8042	0
8043	0
8044	0
8045	0
8046	0
8047	0
8048	0
8049	0
8050	0
8051	0
8052	0
8053	0
8054	0
8055	0
8056	0
8057	0
8058	0
8059	0
8060	0
8061	0
8062	0
8063	0
8064	0
8065	0
8066	0
8067	0
8068	0
8069	0
8070	0
8071	0
8072	0
8073	0
8074	0
8075	0
8076	0
8077	0
8078	0
8079	0
8080	0
8081	0
8082	0
8083	0
8084	0
8085	0
8086	0
8087	0
8088	0
8089	0
8090	0
8091	0
8092	0
8093	0
8094	0
8095	0
8096	0
8097	0
8098	0
8099	0
8100	0
8101	0
8102	0
8103	0
8104	0
8105	0
8106	0
8107	0
8108	0
8109	0
8110	0
8111	0
8112	0
8113	0
8114	0
8115	0
8116	0
8117	0
8118	0
8119	0
8120	0
8121	0
8122	0
8123	0
8124	0
8125	0
8126	0
8127	0
8128	0
8129	0
8130	0
8131	0
8132	0
8133	0
8134	0
8135	0
8136	0
8137	0
8138	0
8139	0
8140	0
8141	0
8142	0
8143	0
8144	0
8145	0
8146	0
8147	0
8148	0
8149	0
8150	0
8151	0
8152	0
8153	0
8154	0
8155	0
8156	0
8157	0
8158	0
8159	0
8160	0
8161	0
8162	0
8163	0
8164	0
8165	0
8166	0
8167	0
8168	0
8169	0
8170	0
8171	0
8172	0
8173	0
8174	0
8175	0
8176	0
8177	0
8178	0
8179	0
8180	0
8181	0
8182	0
8183	0
8184	0
8185	0
8186	0
8187	0
8188	0
8189	0
8190	0
8191	0
