0	0
1	0
2	0
3	0
4	0
5	0
6	0
7	0
8	0
9	0
10	0
11	0
12	0
13	0
14	0
15	0
16	0
17	0
18	0
19	0
20	0
21	0
22	0
23	0
24	0
25	0
26	0
27	0
28	0
29	0
30	0
31	0
32	0
33	0
34	0
35	0
36	0
37	0
38	0
39	0
40	0
41	0
42	0
43	0
44	0
45	0
46	0
47	0
48	0
49	0
50	0
51	0
52	0
53	0
54	0
55	0
56	0
57	0
58	0
59	0
60	0
61	0
62	0
63	0
64	0
65	0
66	0
67	0
68	0
69	0
70	0
71	0
72	0
73	0
74	0
75	0
76	0
77	0
78	0
79	0
80	0
81	0
82	0
83	0
84	0
85	0
86	0
87	0
88	0
89	0
90	0
91	0
92	0
93	0
94	0
95	0
96	0
97	0
98	0
99	0
100	0
101	0
102	0
103	0
104	0
105	0
106	0
107	0
108	0
109	0
110	0
111	0
112	0
113	0
114	0
115	0
116	0
117	0
118	0
119	0
120	0
121	0
122	0
123	0
124	0
125	0
126	0
127	0
128	0
129	0
130	0
131	0
132	1
133	7
134	10
135	24
136	18
137	28
138	24
139	20
140	26
141	27
142	17
143	23
144	25
145	33
146	27
147	20
148	18
149	28
150	22
151	18
152	27
153	19
154	31
155	18
156	16
157	25
158	20
159	30
160	23
161	18
162	15
163	18
164	20
165	24
166	24
167	25
168	21
169	20
170	16
171	15
172	21
173	16
174	27
175	19
176	21
177	21
178	26
179	20
180	19
181	28
182	19
183	29
184	23
185	17
186	29
187	28
188	27
189	13
190	23
191	26
192	22
193	25
194	25
195	25
196	24
197	20
198	24
199	26
200	24
201	21
202	31
203	24
204	26
205	29
206	31
207	31
208	26
209	28
210	22
211	27
212	30
213	27
214	24
215	35
216	30
217	22
218	31
219	28
220	33
221	24
222	29
223	37
224	36
225	37
226	34
227	33
228	40
229	41
230	19
231	46
232	42
233	40
234	49
235	42
236	30
237	34
238	46
239	36
240	32
241	51
242	52
243	48
244	49
245	46
246	48
247	60
248	63
249	57
250	49
251	63
252	63
253	54
254	74
255	75
256	70
257	73
258	96
259	83
260	91
261	86
262	96
263	102
264	100
265	101
266	114
267	130
268	126
269	100
270	131
271	133
272	155
273	133
274	142
275	155
276	149
277	192
278	173
279	171
280	189
281	186
282	235
283	208
284	226
285	224
286	253
287	239
288	234
289	293
290	301
291	262
292	307
293	324
294	315
295	314
296	325
297	350
298	322
299	320
300	347
301	382
302	425
303	375
304	367
305	354
306	400
307	451
308	381
309	403
310	459
311	450
312	416
313	429
314	479
315	465
316	455
317	503
318	458
319	448
320	447
321	498
322	476
323	502
324	484
325	533
326	453
327	513
328	532
329	516
330	508
331	489
332	488
333	503
334	485
335	465
336	493
337	497
338	463
339	469
340	499
341	469
342	443
343	424
344	421
345	465
346	431
347	430
348	440
349	456
350	409
351	394
352	428
353	368
354	406
355	374
356	373
357	366
358	328
359	346
360	339
361	303
362	332
363	335
364	310
365	307
366	328
367	278
368	297
369	269
370	264
371	280
372	256
373	255
374	205
375	253
376	227
377	216
378	208
379	191
380	198
381	207
382	193
383	181
384	187
385	184
386	171
387	177
388	160
389	176
390	143
391	163
392	148
393	154
394	148
395	117
396	126
397	119
398	111
399	137
400	125
401	117
402	98
403	114
404	113
405	89
406	86
407	82
408	82
409	89
410	79
411	82
412	74
413	69
414	69
415	79
416	82
417	67
418	81
419	68
420	59
421	55
422	50
423	61
424	46
425	62
426	57
427	50
428	63
429	59
430	55
431	37
432	48
433	55
434	48
435	53
436	37
437	47
438	37
439	41
440	47
441	39
442	54
443	47
444	44
445	32
446	40
447	32
448	48
449	47
450	34
451	34
452	20
453	43
454	36
455	38
456	33
457	36
458	44
459	36
460	32
461	44
462	35
463	37
464	35
465	27
466	38
467	44
468	39
469	29
470	45
471	36
472	30
473	33
474	35
475	39
476	35
477	41
478	32
479	48
480	43
481	37
482	29
483	35
484	40
485	42
486	39
487	36
488	36
489	46
490	54
491	42
492	46
493	45
494	34
495	33
496	40
497	49
498	43
499	54
500	41
501	49
502	52
503	53
504	57
505	41
506	36
507	41
508	33
509	44
510	58
511	59
512	50
513	56
514	47
515	46
516	43
517	59
518	44
519	50
520	51
521	58
522	53
523	42
524	55
525	49
526	52
527	48
528	64
529	65
530	48
531	60
532	55
533	53
534	51
535	65
536	56
537	64
538	46
539	64
540	64
541	56
542	59
543	66
544	72
545	81
546	68
547	78
548	75
549	59
550	80
551	63
552	80
553	71
554	78
555	75
556	64
557	84
558	60
559	53
560	80
561	82
562	70
563	68
564	75
565	70
566	64
567	70
568	70
569	66
570	78
571	73
572	95
573	77
574	66
575	70
576	48
577	59
578	62
579	83
580	80
581	76
582	66
583	81
584	82
585	68
586	71
587	79
588	63
589	68
590	77
591	82
592	82
593	74
594	83
595	75
596	77
597	71
598	90
599	73
600	83
601	78
602	72
603	74
604	81
605	70
606	68
607	70
608	86
609	73
610	82
611	98
612	75
613	69
614	65
615	64
616	78
617	77
618	63
619	74
620	72
621	77
622	69
623	94
624	88
625	83
626	77
627	70
628	80
629	63
630	82
631	66
632	60
633	69
634	69
635	67
636	71
637	68
638	66
639	71
640	69
641	54
642	69
643	64
644	76
645	54
646	86
647	80
648	68
649	64
650	81
651	67
652	86
653	67
654	86
655	80
656	67
657	79
658	67
659	74
660	65
661	70
662	59
663	55
664	68
665	78
666	69
667	73
668	78
669	77
670	55
671	64
672	69
673	69
674	72
675	70
676	70
677	79
678	71
679	81
680	80
681	88
682	75
683	65
684	77
685	92
686	90
687	84
688	74
689	86
690	67
691	99
692	77
693	81
694	83
695	93
696	72
697	82
698	72
699	90
700	87
701	81
702	86
703	81
704	79
705	86
706	101
707	79
708	84
709	86
710	88
711	94
712	72
713	87
714	78
715	88
716	90
717	85
718	84
719	73
720	105
721	95
722	114
723	92
724	97
725	87
726	86
727	102
728	97
729	104
730	103
731	106
732	79
733	105
734	102
735	95
736	97
737	101
738	87
739	108
740	96
741	86
742	104
743	96
744	100
745	104
746	114
747	91
748	95
749	108
750	95
751	117
752	79
753	104
754	100
755	106
756	92
757	88
758	118
759	109
760	111
761	109
762	94
763	103
764	112
765	112
766	93
767	113
768	131
769	122
770	113
771	106
772	112
773	104
774	95
775	102
776	121
777	96
778	122
779	103
780	112
781	115
782	125
783	123
784	116
785	115
786	111
787	119
788	127
789	110
790	116
791	113
792	106
793	126
794	118
795	129
796	125
797	105
798	112
799	141
800	135
801	122
802	135
803	129
804	132
805	142
806	134
807	123
808	106
809	129
810	135
811	125
812	141
813	150
814	127
815	131
816	120
817	152
818	133
819	135
820	127
821	155
822	141
823	143
824	136
825	128
826	145
827	138
828	132
829	150
830	171
831	158
832	162
833	152
834	171
835	155
836	179
837	180
838	160
839	167
840	196
841	160
842	189
843	164
844	186
845	145
846	197
847	185
848	171
849	195
850	217
851	230
852	192
853	210
854	182
855	208
856	212
857	214
858	205
859	239
860	230
861	217
862	225
863	237
864	211
865	224
866	225
867	230
868	242
869	228
870	252
871	235
872	249
873	251
874	253
875	248
876	257
877	292
878	255
879	239
880	259
881	257
882	241
883	269
884	290
885	261
886	300
887	243
888	271
889	317
890	295
891	290
892	282
893	289
894	325
895	289
896	296
897	288
898	295
899	284
900	296
901	292
902	297
903	327
904	316
905	319
906	312
907	294
908	293
909	307
910	296
911	335
912	301
913	310
914	290
915	308
916	319
917	347
918	290
919	324
920	312
921	294
922	327
923	357
924	307
925	304
926	293
927	336
928	362
929	300
930	332
931	317
932	326
933	303
934	304
935	326
936	334
937	310
938	284
939	299
940	304
941	315
942	269
943	298
944	292
945	320
946	312
947	280
948	291
949	283
950	282
951	289
952	279
953	274
954	264
955	263
956	260
957	255
958	279
959	254
960	268
961	237
962	256
963	276
964	226
965	216
966	243
967	245
968	211
969	220
970	218
971	226
972	205
973	195
974	197
975	172
976	228
977	192
978	193
979	150
980	159
981	172
982	198
983	181
984	178
985	174
986	157
987	171
988	151
989	147
990	146
991	139
992	143
993	115
994	129
995	133
996	119
997	122
998	143
999	135
1000	127
1001	103
1002	104
1003	118
1004	120
1005	111
1006	124
1007	117
1008	135
1009	89
1010	102
1011	92
1012	105
1013	74
1014	83
1015	84
1016	89
1017	78
1018	90
1019	95
1020	71
1021	70
1022	66
1023	77
1024	85
1025	71
1026	61
1027	92
1028	75
1029	79
1030	70
1031	65
1032	59
1033	61
1034	66
1035	64
1036	66
1037	61
1038	65
1039	61
1040	65
1041	67
1042	64
1043	56
1044	54
1045	58
1046	56
1047	71
1048	51
1049	50
1050	59
1051	62
1052	51
1053	52
1054	52
1055	56
1056	46
1057	58
1058	44
1059	55
1060	39
1061	65
1062	48
1063	50
1064	44
1065	55
1066	47
1067	47
1068	52
1069	46
1070	50
1071	51
1072	61
1073	56
1074	57
1075	45
1076	52
1077	57
1078	52
1079	59
1080	36
1081	42
1082	45
1083	58
1084	58
1085	58
1086	45
1087	54
1088	55
1089	49
1090	44
1091	56
1092	56
1093	41
1094	46
1095	42
1096	50
1097	39
1098	67
1099	51
1100	48
1101	47
1102	52
1103	42
1104	45
1105	64
1106	61
1107	67
1108	58
1109	51
1110	62
1111	45
1112	56
1113	52
1114	55
1115	50
1116	57
1117	57
1118	63
1119	36
1120	38
1121	56
1122	55
1123	53
1124	56
1125	52
1126	60
1127	44
1128	39
1129	60
1130	48
1131	57
1132	58
1133	55
1134	57
1135	56
1136	45
1137	53
1138	57
1139	69
1140	49
1141	43
1142	51
1143	40
1144	44
1145	48
1146	31
1147	55
1148	48
1149	63
1150	53
1151	67
1152	53
1153	52
1154	41
1155	52
1156	65
1157	59
1158	59
1159	54
1160	51
1161	53
1162	52
1163	50
1164	59
1165	45
1166	51
1167	56
1168	47
1169	63
1170	40
1171	58
1172	60
1173	59
1174	53
1175	64
1176	60
1177	58
1178	51
1179	58
1180	44
1181	63
1182	60
1183	49
1184	39
1185	56
1186	79
1187	47
1188	56
1189	58
1190	55
1191	64
1192	68
1193	55
1194	56
1195	61
1196	58
1197	58
1198	59
1199	65
1200	56
1201	65
1202	59
1203	51
1204	47
1205	61
1206	57
1207	53
1208	58
1209	56
1210	52
1211	54
1212	55
1213	51
1214	49
1215	49
1216	41
1217	56
1218	45
1219	60
1220	78
1221	52
1222	53
1223	60
1224	49
1225	60
1226	50
1227	48
1228	59
1229	48
1230	54
1231	62
1232	66
1233	47
1234	63
1235	47
1236	64
1237	54
1238	54
1239	73
1240	64
1241	55
1242	48
1243	68
1244	62
1245	55
1246	49
1247	47
1248	57
1249	51
1250	62
1251	61
1252	53
1253	49
1254	57
1255	54
1256	56
1257	49
1258	63
1259	60
1260	54
1261	60
1262	52
1263	65
1264	57
1265	57
1266	53
1267	52
1268	63
1269	49
1270	43
1271	58
1272	46
1273	66
1274	69
1275	49
1276	60
1277	52
1278	58
1279	57
1280	79
1281	58
1282	55
1283	58
1284	66
1285	60
1286	49
1287	34
1288	51
1289	65
1290	49
1291	73
1292	53
1293	50
1294	56
1295	56
1296	55
1297	63
1298	78
1299	44
1300	54
1301	61
1302	50
1303	64
1304	64
1305	60
1306	45
1307	53
1308	61
1309	59
1310	54
1311	66
1312	64
1313	70
1314	59
1315	61
1316	60
1317	55
1318	57
1319	60
1320	48
1321	69
1322	61
1323	49
1324	65
1325	48
1326	49
1327	56
1328	48
1329	53
1330	58
1331	53
1332	64
1333	52
1334	65
1335	61
1336	57
1337	64
1338	51
1339	50
1340	58
1341	56
1342	50
1343	63
1344	71
1345	60
1346	52
1347	53
1348	60
1349	57
1350	48
1351	47
1352	50
1353	58
1354	67
1355	73
1356	45
1357	48
1358	64
1359	72
1360	67
1361	68
1362	37
1363	47
1364	54
1365	41
1366	52
1367	50
1368	59
1369	45
1370	70
1371	63
1372	50
1373	49
1374	45
1375	58
1376	56
1377	41
1378	48
1379	47
1380	67
1381	53
1382	61
1383	66
1384	62
1385	42
1386	53
1387	52
1388	51
1389	55
1390	56
1391	52
1392	56
1393	59
1394	49
1395	41
1396	68
1397	60
1398	57
1399	54
1400	55
1401	55
1402	52
1403	48
1404	57
1405	51
1406	61
1407	61
1408	58
1409	62
1410	57
1411	52
1412	61
1413	60
1414	54
1415	59
1416	53
1417	56
1418	45
1419	48
1420	61
1421	50
1422	65
1423	74
1424	57
1425	70
1426	57
1427	53
1428	54
1429	49
1430	54
1431	60
1432	69
1433	61
1434	53
1435	50
1436	55
1437	57
1438	44
1439	39
1440	58
1441	51
1442	54
1443	71
1444	65
1445	60
1446	54
1447	63
1448	64
1449	52
1450	73
1451	60
1452	61
1453	54
1454	50
1455	54
1456	54
1457	58
1458	51
1459	60
1460	49
1461	60
1462	55
1463	61
1464	54
1465	60
1466	42
1467	60
1468	61
1469	55
1470	47
1471	75
1472	59
1473	59
1474	75
1475	47
1476	55
1477	60
1478	61
1479	63
1480	68
1481	52
1482	73
1483	60
1484	53
1485	66
1486	51
1487	61
1488	51
1489	50
1490	64
1491	68
1492	62
1493	61
1494	54
1495	57
1496	72
1497	63
1498	57
1499	51
1500	60
1501	52
1502	68
1503	68
1504	53
1505	49
1506	49
1507	67
1508	61
1509	58
1510	57
1511	52
1512	69
1513	59
1514	54
1515	49
1516	65
1517	56
1518	75
1519	51
1520	77
1521	49
1522	70
1523	55
1524	77
1525	67
1526	58
1527	64
1528	51
1529	54
1530	53
1531	62
1532	56
1533	49
1534	54
1535	47
1536	54
1537	54
1538	65
1539	78
1540	70
1541	58
1542	71
1543	66
1544	77
1545	67
1546	70
1547	47
1548	61
1549	51
1550	60
1551	66
1552	66
1553	76
1554	69
1555	66
1556	63
1557	59
1558	60
1559	69
1560	55
1561	69
1562	63
1563	52
1564	67
1565	49
1566	71
1567	64
1568	49
1569	74
1570	76
1571	55
1572	55
1573	66
1574	59
1575	57
1576	47
1577	66
1578	71
1579	63
1580	54
1581	74
1582	59
1583	62
1584	59
1585	75
1586	74
1587	71
1588	64
1589	48
1590	59
1591	67
1592	61
1593	58
1594	69
1595	59
1596	62
1597	74
1598	71
1599	71
1600	67
1601	69
1602	54
1603	55
1604	60
1605	45
1606	62
1607	64
1608	66
1609	44
1610	58
1611	59
1612	69
1613	67
1614	71
1615	64
1616	56
1617	64
1618	65
1619	50
1620	59
1621	54
1622	62
1623	78
1624	55
1625	68
1626	69
1627	56
1628	61
1629	65
1630	53
1631	73
1632	65
1633	59
1634	50
1635	49
1636	56
1637	74
1638	53
1639	83
1640	62
1641	68
1642	65
1643	63
1644	47
1645	58
1646	68
1647	56
1648	62
1649	70
1650	59
1651	58
1652	51
1653	61
1654	66
1655	67
1656	49
1657	72
1658	67
1659	51
1660	69
1661	69
1662	52
1663	65
1664	72
1665	66
1666	73
1667	58
1668	57
1669	63
1670	48
1671	71
1672	61
1673	63
1674	56
1675	58
1676	83
1677	63
1678	52
1679	71
1680	67
1681	58
1682	56
1683	81
1684	66
1685	69
1686	68
1687	54
1688	74
1689	72
1690	64
1691	53
1692	63
1693	71
1694	63
1695	62
1696	80
1697	64
1698	70
1699	59
1700	69
1701	70
1702	68
1703	54
1704	84
1705	71
1706	68
1707	55
1708	52
1709	57
1710	78
1711	66
1712	52
1713	74
1714	65
1715	71
1716	60
1717	63
1718	64
1719	74
1720	64
1721	83
1722	75
1723	70
1724	56
1725	79
1726	58
1727	84
1728	62
1729	68
1730	61
1731	60
1732	50
1733	58
1734	77
1735	59
1736	68
1737	67
1738	67
1739	59
1740	65
1741	67
1742	70
1743	71
1744	45
1745	59
1746	68
1747	68
1748	75
1749	71
1750	68
1751	68
1752	74
1753	62
1754	58
1755	76
1756	73
1757	77
1758	46
1759	59
1760	56
1761	53
1762	63
1763	88
1764	63
1765	55
1766	57
1767	80
1768	67
1769	59
1770	67
1771	53
1772	64
1773	54
1774	52
1775	71
1776	58
1777	52
1778	65
1779	54
1780	71
1781	50
1782	52
1783	70
1784	54
1785	64
1786	44
1787	65
1788	68
1789	58
1790	57
1791	51
1792	73
1793	65
1794	56
1795	57
1796	60
1797	68
1798	73
1799	63
1800	57
1801	56
1802	70
1803	44
1804	74
1805	66
1806	70
1807	82
1808	61
1809	64
1810	57
1811	67
1812	71
1813	62
1814	59
1815	49
1816	72
1817	69
1818	56
1819	46
1820	61
1821	66
1822	69
1823	66
1824	60
1825	70
1826	34
1827	65
1828	56
1829	62
1830	56
1831	56
1832	55
1833	53
1834	61
1835	55
1836	59
1837	69
1838	69
1839	61
1840	55
1841	69
1842	61
1843	63
1844	71
1845	63
1846	56
1847	66
1848	49
1849	65
1850	61
1851	48
1852	46
1853	44
1854	55
1855	56
1856	62
1857	48
1858	51
1859	53
1860	56
1861	51
1862	60
1863	57
1864	45
1865	46
1866	60
1867	45
1868	55
1869	50
1870	42
1871	68
1872	58
1873	58
1874	65
1875	57
1876	67
1877	58
1878	70
1879	68
1880	48
1881	51
1882	66
1883	48
1884	49
1885	51
1886	54
1887	39
1888	49
1889	48
1890	47
1891	63
1892	53
1893	57
1894	53
1895	63
1896	46
1897	54
1898	55
1899	38
1900	47
1901	57
1902	61
1903	50
1904	48
1905	48
1906	61
1907	45
1908	57
1909	63
1910	49
1911	58
1912	53
1913	50
1914	40
1915	43
1916	64
1917	47
1918	44
1919	52
1920	47
1921	50
1922	62
1923	47
1924	61
1925	44
1926	48
1927	62
1928	59
1929	34
1930	62
1931	46
1932	52
1933	58
1934	53
1935	56
1936	63
1937	54
1938	59
1939	43
1940	54
1941	60
1942	53
1943	58
1944	48
1945	52
1946	60
1947	53
1948	48
1949	44
1950	68
1951	54
1952	57
1953	65
1954	63
1955	43
1956	64
1957	50
1958	57
1959	55
1960	47
1961	42
1962	52
1963	49
1964	54
1965	49
1966	65
1967	47
1968	68
1969	46
1970	44
1971	38
1972	40
1973	39
1974	56
1975	57
1976	43
1977	51
1978	45
1979	44
1980	51
1981	45
1982	61
1983	39
1984	50
1985	48
1986	46
1987	49
1988	53
1989	52
1990	50
1991	43
1992	47
1993	37
1994	47
1995	49
1996	65
1997	48
1998	48
1999	46
2000	48
2001	53
2002	51
2003	41
2004	55
2005	57
2006	43
2007	61
2008	50
2009	33
2010	46
2011	51
2012	39
2013	48
2014	47
2015	50
2016	43
2017	53
2018	69
2019	45
2020	44
2021	53
2022	53
2023	52
2024	46
2025	45
2026	47
2027	39
2028	50
2029	54
2030	59
2031	39
2032	42
2033	42
2034	48
2035	51
2036	45
2037	48
2038	40
2039	50
2040	42
2041	42
2042	40
2043	51
2044	45
2045	57
2046	30
2047	64
2048	47
2049	50
2050	43
2051	45
2052	52
2053	48
2054	40
2055	51
2056	46
2057	43
2058	39
2059	53
2060	59
2061	49
2062	40
2063	61
2064	47
2065	47
2066	37
2067	57
2068	37
2069	51
2070	58
2071	41
2072	49
2073	59
2074	44
2075	36
2076	42
2077	39
2078	42
2079	42
2080	41
2081	53
2082	44
2083	50
2084	47
2085	52
2086	51
2087	44
2088	47
2089	40
2090	48
2091	43
2092	47
2093	46
2094	43
2095	51
2096	42
2097	39
2098	43
2099	44
2100	47
2101	44
2102	45
2103	41
2104	38
2105	48
2106	45
2107	60
2108	41
2109	46
2110	40
2111	44
2112	49
2113	40
2114	43
2115	51
2116	42
2117	47
2118	37
2119	48
2120	40
2121	47
2122	51
2123	40
2124	54
2125	37
2126	50
2127	52
2128	46
2129	45
2130	41
2131	43
2132	33
2133	48
2134	54
2135	45
2136	37
2137	45
2138	38
2139	56
2140	53
2141	34
2142	49
2143	35
2144	43
2145	36
2146	39
2147	51
2148	51
2149	28
2150	41
2151	48
2152	50
2153	37
2154	34
2155	45
2156	41
2157	58
2158	46
2159	40
2160	48
2161	63
2162	53
2163	48
2164	38
2165	43
2166	53
2167	35
2168	41
2169	34
2170	39
2171	51
2172	33
2173	32
2174	47
2175	47
2176	38
2177	37
2178	37
2179	39
2180	43
2181	42
2182	47
2183	44
2184	38
2185	39
2186	28
2187	41
2188	47
2189	39
2190	32
2191	48
2192	62
2193	39
2194	45
2195	35
2196	45
2197	36
2198	36
2199	23
2200	48
2201	34
2202	39
2203	35
2204	46
2205	47
2206	41
2207	48
2208	60
2209	35
2210	43
2211	54
2212	38
2213	38
2214	37
2215	34
2216	36
2217	45
2218	61
2219	39
2220	35
2221	34
2222	29
2223	44
2224	42
2225	36
2226	45
2227	40
2228	45
2229	45
2230	45
2231	35
2232	41
2233	36
2234	40
2235	45
2236	37
2237	31
2238	40
2239	34
2240	35
2241	48
2242	57
2243	40
2244	39
2245	52
2246	36
2247	35
2248	27
2249	41
2250	43
2251	44
2252	39
2253	44
2254	37
2255	27
2256	30
2257	33
2258	27
2259	37
2260	41
2261	36
2262	38
2263	42
2264	41
2265	40
2266	39
2267	28
2268	41
2269	35
2270	31
2271	45
2272	45
2273	55
2274	45
2275	34
2276	39
2277	41
2278	37
2279	47
2280	48
2281	46
2282	40
2283	44
2284	33
2285	34
2286	31
2287	34
2288	32
2289	35
2290	42
2291	39
2292	34
2293	29
2294	40
2295	35
2296	39
2297	40
2298	27
2299	32
2300	37
2301	23
2302	33
2303	34
2304	32
2305	36
2306	33
2307	37
2308	39
2309	37
2310	45
2311	40
2312	39
2313	27
2314	25
2315	35
2316	36
2317	35
2318	35
2319	29
2320	40
2321	27
2322	36
2323	30
2324	44
2325	24
2326	40
2327	39
2328	45
2329	40
2330	36
2331	36
2332	35
2333	27
2334	39
2335	35
2336	33
2337	35
2338	40
2339	36
2340	34
2341	34
2342	45
2343	38
2344	40
2345	35
2346	36
2347	35
2348	39
2349	37
2350	41
2351	42
2352	31
2353	36
2354	37
2355	37
2356	33
2357	23
2358	28
2359	47
2360	34
2361	31
2362	33
2363	39
2364	25
2365	34
2366	38
2367	33
2368	34
2369	32
2370	38
2371	31
2372	37
2373	38
2374	46
2375	42
2376	39
2377	34
2378	26
2379	41
2380	29
2381	31
2382	37
2383	29
2384	39
2385	38
2386	30
2387	43
2388	31
2389	42
2390	31
2391	32
2392	40
2393	30
2394	42
2395	31
2396	43
2397	49
2398	30
2399	40
2400	30
2401	29
2402	34
2403	37
2404	41
2405	22
2406	28
2407	36
2408	47
2409	30
2410	42
2411	26
2412	30
2413	22
2414	44
2415	37
2416	28
2417	28
2418	28
2419	37
2420	29
2421	27
2422	49
2423	35
2424	35
2425	28
2426	28
2427	45
2428	45
2429	38
2430	46
2431	30
2432	28
2433	36
2434	37
2435	26
2436	41
2437	36
2438	23
2439	30
2440	29
2441	30
2442	54
2443	27
2444	39
2445	24
2446	31
2447	32
2448	36
2449	28
2450	25
2451	34
2452	20
2453	33
2454	37
2455	38
2456	34
2457	39
2458	39
2459	38
2460	27
2461	33
2462	29
2463	38
2464	30
2465	37
2466	45
2467	39
2468	32
2469	32
2470	34
2471	38
2472	28
2473	28
2474	25
2475	28
2476	35
2477	31
2478	29
2479	41
2480	39
2481	22
2482	44
2483	32
2484	41
2485	38
2486	41
2487	29
2488	25
2489	32
2490	28
2491	27
2492	27
2493	26
2494	29
2495	31
2496	32
2497	31
2498	21
2499	34
2500	34
2501	27
2502	33
2503	26
2504	31
2505	31
2506	24
2507	29
2508	42
2509	22
2510	35
2511	42
2512	31
2513	35
2514	35
2515	29
2516	32
2517	35
2518	33
2519	37
2520	31
2521	42
2522	30
2523	28
2524	23
2525	40
2526	39
2527	21
2528	32
2529	36
2530	31
2531	30
2532	29
2533	35
2534	42
2535	30
2536	31
2537	30
2538	22
2539	32
2540	31
2541	38
2542	30
2543	20
2544	32
2545	30
2546	36
2547	35
2548	37
2549	35
2550	28
2551	26
2552	39
2553	33
2554	29
2555	40
2556	30
2557	26
2558	19
2559	28
2560	27
2561	23
2562	31
2563	33
2564	30
2565	32
2566	29
2567	34
2568	30
2569	33
2570	32
2571	25
2572	35
2573	30
2574	24
2575	34
2576	26
2577	30
2578	24
2579	24
2580	33
2581	23
2582	31
2583	20
2584	31
2585	26
2586	29
2587	27
2588	31
2589	36
2590	25
2591	17
2592	24
2593	29
2594	31
2595	23
2596	40
2597	28
2598	28
2599	28
2600	38
2601	29
2602	21
2603	27
2604	39
2605	33
2606	35
2607	22
2608	25
2609	30
2610	30
2611	31
2612	25
2613	35
2614	35
2615	26
2616	35
2617	26
2618	27
2619	32
2620	23
2621	24
2622	27
2623	32
2624	34
2625	27
2626	20
2627	22
2628	24
2629	25
2630	20
2631	37
2632	28
2633	28
2634	17
2635	35
2636	30
2637	37
2638	25
2639	25
2640	26
2641	19
2642	30
2643	29
2644	26
2645	19
2646	25
2647	34
2648	26
2649	21
2650	20
2651	32
2652	43
2653	30
2654	20
2655	33
2656	26
2657	26
2658	32
2659	24
2660	28
2661	20
2662	26
2663	22
2664	24
2665	29
2666	20
2667	36
2668	23
2669	27
2670	28
2671	25
2672	21
2673	21
2674	29
2675	30
2676	17
2677	34
2678	26
2679	32
2680	26
2681	25
2682	22
2683	31
2684	26
2685	28
2686	20
2687	26
2688	30
2689	28
2690	26
2691	22
2692	30
2693	27
2694	27
2695	27
2696	26
2697	29
2698	18
2699	30
2700	31
2701	23
2702	15
2703	29
2704	25
2705	24
2706	20
2707	16
2708	17
2709	15
2710	23
2711	28
2712	19
2713	21
2714	17
2715	30
2716	28
2717	20
2718	23
2719	22
2720	29
2721	18
2722	21
2723	25
2724	23
2725	19
2726	21
2727	19
2728	27
2729	19
2730	25
2731	24
2732	23
2733	37
2734	18
2735	26
2736	23
2737	21
2738	28
2739	29
2740	16
2741	26
2742	29
2743	29
2744	22
2745	32
2746	9
2747	21
2748	22
2749	27
2750	30
2751	24
2752	18
2753	22
2754	30
2755	27
2756	25
2757	24
2758	19
2759	20
2760	20
2761	20
2762	27
2763	24
2764	19
2765	18
2766	21
2767	21
2768	22
2769	22
2770	28
2771	23
2772	24
2773	24
2774	26
2775	28
2776	15
2777	21
2778	26
2779	29
2780	22
2781	21
2782	29
2783	27
2784	27
2785	22
2786	26
2787	24
2788	31
2789	28
2790	24
2791	24
2792	19
2793	15
2794	28
2795	28
2796	24
2797	27
2798	18
2799	23
2800	24
2801	21
2802	25
2803	29
2804	22
2805	20
2806	30
2807	22
2808	18
2809	24
2810	18
2811	23
2812	26
2813	21
2814	24
2815	17
2816	13
2817	23
2818	23
2819	29
2820	33
2821	25
2822	23
2823	32
2824	20
2825	17
2826	18
2827	28
2828	27
2829	29
2830	19
2831	26
2832	36
2833	25
2834	26
2835	25
2836	43
2837	24
2838	30
2839	30
2840	24
2841	28
2842	25
2843	30
2844	25
2845	24
2846	29
2847	22
2848	25
2849	14
2850	24
2851	27
2852	22
2853	34
2854	33
2855	24
2856	19
2857	32
2858	22
2859	19
2860	30
2861	28
2862	32
2863	36
2864	23
2865	19
2866	30
2867	25
2868	25
2869	19
2870	20
2871	29
2872	26
2873	32
2874	20
2875	28
2876	26
2877	26
2878	21
2879	21
2880	23
2881	27
2882	28
2883	32
2884	30
2885	27
2886	37
2887	24
2888	24
2889	23
2890	34
2891	15
2892	31
2893	26
2894	20
2895	33
2896	24
2897	30
2898	28
2899	28
2900	37
2901	24
2902	33
2903	27
2904	28
2905	24
2906	30
2907	36
2908	33
2909	39
2910	38
2911	33
2912	24
2913	37
2914	34
2915	24
2916	26
2917	20
2918	31
2919	28
2920	23
2921	32
2922	37
2923	24
2924	31
2925	42
2926	17
2927	34
2928	33
2929	41
2930	33
2931	35
2932	37
2933	27
2934	25
2935	38
2936	27
2937	30
2938	31
2939	36
2940	31
2941	34
2942	26
2943	24
2944	33
2945	20
2946	22
2947	24
2948	28
2949	33
2950	33
2951	33
2952	35
2953	24
2954	27
2955	20
2956	28
2957	20
2958	30
2959	41
2960	35
2961	34
2962	42
2963	30
2964	36
2965	32
2966	40
2967	34
2968	28
2969	34
2970	29
2971	32
2972	28
2973	40
2974	28
2975	31
2976	37
2977	42
2978	28
2979	33
2980	35
2981	28
2982	31
2983	48
2984	26
2985	30
2986	21
2987	34
2988	32
2989	37
2990	40
2991	34
2992	43
2993	33
2994	40
2995	30
2996	31
2997	29
2998	27
2999	32
3000	31
3001	32
3002	31
3003	28
3004	48
3005	38
3006	34
3007	37
3008	33
3009	37
3010	34
3011	29
3012	34
3013	36
3014	39
3015	37
3016	33
3017	39
3018	35
3019	51
3020	38
3021	36
3022	36
3023	32
3024	33
3025	38
3026	45
3027	33
3028	38
3029	35
3030	31
3031	27
3032	35
3033	36
3034	33
3035	35
3036	33
3037	30
3038	37
3039	45
3040	54
3041	36
3042	35
3043	40
3044	27
3045	39
3046	26
3047	28
3048	39
3049	42
3050	27
3051	33
3052	38
3053	37
3054	29
3055	32
3056	31
3057	28
3058	38
3059	37
3060	45
3061	30
3062	41
3063	34
3064	30
3065	37
3066	38
3067	31
3068	33
3069	34
3070	30
3071	37
3072	38
3073	37
3074	41
3075	45
3076	31
3077	41
3078	35
3079	38
3080	34
3081	37
3082	45
3083	32
3084	36
3085	41
3086	39
3087	34
3088	27
3089	32
3090	33
3091	38
3092	39
3093	53
3094	39
3095	41
3096	32
3097	36
3098	46
3099	29
3100	35
3101	48
3102	48
3103	28
3104	35
3105	39
3106	43
3107	34
3108	46
3109	33
3110	39
3111	36
3112	42
3113	30
3114	31
3115	47
3116	47
3117	29
3118	31
3119	32
3120	35
3121	33
3122	42
3123	48
3124	50
3125	37
3126	46
3127	36
3128	33
3129	36
3130	40
3131	37
3132	34
3133	44
3134	32
3135	45
3136	55
3137	47
3138	43
3139	46
3140	49
3141	35
3142	49
3143	50
3144	27
3145	38
3146	35
3147	38
3148	42
3149	48
3150	42
3151	36
3152	52
3153	34
3154	30
3155	35
3156	37
3157	39
3158	41
3159	35
3160	36
3161	43
3162	30
3163	60
3164	43
3165	34
3166	50
3167	29
3168	51
3169	39
3170	32
3171	41
3172	37
3173	43
3174	51
3175	48
3176	35
3177	36
3178	31
3179	48
3180	43
3181	55
3182	44
3183	44
3184	36
3185	50
3186	39
3187	37
3188	33
3189	45
3190	33
3191	42
3192	52
3193	39
3194	54
3195	41
3196	41
3197	41
3198	42
3199	48
3200	53
3201	55
3202	51
3203	52
3204	54
3205	45
3206	41
3207	31
3208	52
3209	62
3210	41
3211	48
3212	36
3213	62
3214	46
3215	34
3216	41
3217	46
3218	53
3219	51
3220	40
3221	50
3222	59
3223	35
3224	53
3225	53
3226	30
3227	33
3228	54
3229	47
3230	54
3231	62
3232	54
3233	48
3234	44
3235	42
3236	50
3237	50
3238	51
3239	42
3240	66
3241	51
3242	43
3243	42
3244	50
3245	52
3246	56
3247	45
3248	48
3249	51
3250	59
3251	49
3252	50
3253	64
3254	54
3255	42
3256	47
3257	63
3258	55
3259	57
3260	59
3261	52
3262	59
3263	56
3264	60
3265	55
3266	45
3267	49
3268	49
3269	46
3270	47
3271	48
3272	36
3273	44
3274	53
3275	41
3276	45
3277	49
3278	42
3279	49
3280	39
3281	50
3282	53
3283	50
3284	49
3285	46
3286	70
3287	52
3288	52
3289	53
3290	44
3291	54
3292	44
3293	60
3294	55
3295	50
3296	56
3297	48
3298	48
3299	54
3300	45
3301	40
3302	44
3303	52
3304	62
3305	47
3306	56
3307	60
3308	59
3309	57
3310	38
3311	49
3312	55
3313	48
3314	62
3315	62
3316	44
3317	55
3318	40
3319	44
3320	60
3321	49
3322	41
3323	42
3324	45
3325	45
3326	53
3327	47
3328	58
3329	57
3330	46
3331	48
3332	53
3333	64
3334	52
3335	49
3336	48
3337	54
3338	49
3339	51
3340	56
3341	56
3342	60
3343	52
3344	44
3345	49
3346	47
3347	58
3348	55
3349	46
3350	44
3351	54
3352	51
3353	51
3354	51
3355	55
3356	44
3357	45
3358	42
3359	40
3360	40
3361	54
3362	48
3363	36
3364	32
3365	55
3366	57
3367	49
3368	37
3369	44
3370	53
3371	65
3372	49
3373	52
3374	50
3375	36
3376	47
3377	33
3378	56
3379	45
3380	43
3381	57
3382	35
3383	48
3384	49
3385	37
3386	27
3387	51
3388	54
3389	45
3390	57
3391	44
3392	51
3393	39
3394	53
3395	38
3396	39
3397	39
3398	54
3399	39
3400	40
3401	58
3402	48
3403	26
3404	47
3405	48
3406	49
3407	38
3408	49
3409	48
3410	45
3411	39
3412	57
3413	42
3414	50
3415	40
3416	52
3417	47
3418	45
3419	39
3420	40
3421	45
3422	38
3423	33
3424	25
3425	42
3426	44
3427	48
3428	38
3429	38
3430	49
3431	50
3432	36
3433	49
3434	39
3435	50
3436	34
3437	49
3438	40
3439	49
3440	31
3441	34
3442	41
3443	26
3444	38
3445	39
3446	34
3447	38
3448	41
3449	43
3450	38
3451	45
3452	35
3453	36
3454	36
3455	30
3456	35
3457	39
3458	33
3459	27
3460	54
3461	43
3462	37
3463	42
3464	35
3465	35
3466	34
3467	39
3468	32
3469	43
3470	31
3471	37
3472	38
3473	37
3474	32
3475	30
3476	46
3477	43
3478	33
3479	26
3480	34
3481	31
3482	31
3483	35
3484	40
3485	33
3486	34
3487	35
3488	32
3489	27
3490	30
3491	32
3492	26
3493	37
3494	22
3495	29
3496	19
3497	35
3498	31
3499	30
3500	21
3501	35
3502	25
3503	36
3504	24
3505	39
3506	31
3507	30
3508	36
3509	23
3510	27
3511	31
3512	33
3513	33
3514	32
3515	25
3516	26
3517	30
3518	28
3519	27
3520	35
3521	26
3522	33
3523	23
3524	21
3525	27
3526	25
3527	22
3528	38
3529	32
3530	18
3531	25
3532	18
3533	36
3534	26
3535	27
3536	32
3537	24
3538	23
3539	27
3540	31
3541	18
3542	28
3543	26
3544	31
3545	35
3546	27
3547	28
3548	29
3549	20
3550	34
3551	26
3552	29
3553	19
3554	28
3555	23
3556	21
3557	24
3558	33
3559	27
3560	35
3561	28
3562	32
3563	27
3564	24
3565	30
3566	20
3567	30
3568	31
3569	28
3570	31
3571	32
3572	26
3573	29
3574	22
3575	29
3576	25
3577	24
3578	31
3579	21
3580	35
3581	22
3582	31
3583	30
3584	21
3585	19
3586	18
3587	42
3588	16
3589	29
3590	28
3591	35
3592	28
3593	25
3594	28
3595	33
3596	35
3597	25
3598	31
3599	26
3600	40
3601	15
3602	26
3603	26
3604	36
3605	35
3606	26
3607	20
3608	34
3609	33
3610	32
3611	20
3612	25
3613	32
3614	31
3615	20
3616	31
3617	23
3618	38
3619	39
3620	26
3621	26
3622	30
3623	26
3624	20
3625	32
3626	31
3627	26
3628	29
3629	46
3630	33
3631	19
3632	28
3633	32
3634	32
3635	34
3636	39
3637	35
3638	34
3639	33
3640	35
3641	28
3642	37
3643	38
3644	32
3645	42
3646	38
3647	39
3648	33
3649	33
3650	34
3651	30
3652	40
3653	42
3654	39
3655	39
3656	39
3657	39
3658	29
3659	39
3660	34
3661	37
3662	26
3663	28
3664	38
3665	38
3666	37
3667	31
3668	35
3669	31
3670	39
3671	35
3672	46
3673	45
3674	34
3675	46
3676	39
3677	38
3678	34
3679	31
3680	43
3681	47
3682	37
3683	37
3684	46
3685	37
3686	27
3687	45
3688	62
3689	50
3690	50
3691	55
3692	42
3693	42
3694	45
3695	49
3696	51
3697	62
3698	47
3699	46
3700	45
3701	46
3702	46
3703	33
3704	49
3705	42
3706	55
3707	47
3708	40
3709	42
3710	57
3711	48
3712	63
3713	46
3714	48
3715	69
3716	46
3717	59
3718	55
3719	53
3720	45
3721	56
3722	57
3723	61
3724	53
3725	55
3726	73
3727	52
3728	61
3729	64
3730	59
3731	58
3732	60
3733	57
3734	58
3735	64
3736	58
3737	59
3738	57
3739	53
3740	55
3741	70
3742	57
3743	69
3744	77
3745	78
3746	61
3747	70
3748	71
3749	62
3750	69
3751	64
3752	61
3753	61
3754	58
3755	73
3756	79
3757	79
3758	61
3759	62
3760	74
3761	84
3762	75
3763	72
3764	48
3765	68
3766	77
3767	73
3768	66
3769	90
3770	69
3771	67
3772	86
3773	83
3774	69
3775	73
3776	70
3777	80
3778	83
3779	82
3780	66
3781	81
3782	67
3783	86
3784	72
3785	85
3786	73
3787	87
3788	72
3789	70
3790	71
3791	79
3792	74
3793	79
3794	84
3795	78
3796	61
3797	68
3798	85
3799	74
3800	69
3801	64
3802	80
3803	100
3804	81
3805	90
3806	92
3807	92
3808	94
3809	75
3810	62
3811	74
3812	80
3813	71
3814	84
3815	89
3816	85
3817	92
3818	76
3819	74
3820	83
3821	79
3822	93
3823	87
3824	86
3825	94
3826	88
3827	88
3828	88
3829	90
3830	93
3831	83
3832	100
3833	89
3834	101
3835	75
3836	93
3837	102
3838	83
3839	88
3840	81
3841	99
3842	76
3843	99
3844	111
3845	82
3846	111
3847	75
3848	99
3849	92
3850	93
3851	97
3852	81
3853	88
3854	83
3855	101
3856	82
3857	99
3858	86
3859	112
3860	98
3861	86
3862	77
3863	95
3864	99
3865	105
3866	108
3867	96
3868	103
3869	102
3870	97
3871	112
3872	93
3873	103
3874	107
3875	102
3876	110
3877	106
3878	92
3879	88
3880	89
3881	89
3882	87
3883	80
3884	89
3885	94
3886	102
3887	91
3888	98
3889	90
3890	98
3891	101
3892	104
3893	103
3894	84
3895	95
3896	101
3897	92
3898	81
3899	110
3900	83
3901	107
3902	98
3903	104
3904	90
3905	90
3906	91
3907	78
3908	96
3909	90
3910	106
3911	99
3912	87
3913	95
3914	99
3915	100
3916	88
3917	97
3918	90
3919	91
3920	97
3921	89
3922	101
3923	107
3924	104
3925	105
3926	94
3927	108
3928	97
3929	98
3930	98
3931	85
3932	110
3933	98
3934	97
3935	96
3936	106
3937	96
3938	102
3939	107
3940	94
3941	96
3942	97
3943	119
3944	104
3945	79
3946	77
3947	85
3948	101
3949	98
3950	109
3951	89
3952	95
3953	95
3954	91
3955	90
3956	101
3957	102
3958	85
3959	87
3960	88
3961	89
3962	92
3963	94
3964	110
3965	88
3966	92
3967	108
3968	107
3969	96
3970	79
3971	97
3972	89
3973	86
3974	84
3975	76
3976	97
3977	98
3978	87
3979	103
3980	68
3981	87
3982	80
3983	102
3984	91
3985	93
3986	97
3987	90
3988	68
3989	90
3990	80
3991	87
3992	82
3993	91
3994	81
3995	85
3996	89
3997	77
3998	86
3999	87
4000	77
4001	85
4002	75
4003	66
4004	89
4005	76
4006	99
4007	84
4008	64
4009	81
4010	84
4011	89
4012	89
4013	84
4014	82
4015	83
4016	69
4017	84
4018	69
4019	85
4020	64
4021	71
4022	84
4023	69
4024	77
4025	76
4026	96
4027	76
4028	92
4029	73
4030	78
4031	76
4032	82
4033	74
4034	75
4035	64
4036	79
4037	79
4038	66
4039	83
4040	73
4041	69
4042	93
4043	81
4044	68
4045	65
4046	63
4047	72
4048	64
4049	64
4050	76
4051	64
4052	76
4053	75
4054	69
4055	76
4056	66
4057	59
4058	74
4059	78
4060	57
4061	59
4062	62
4063	59
4064	61
4065	54
4066	64
4067	72
4068	71
4069	66
4070	70
4071	48
4072	59
4073	67
4074	62
4075	71
4076	78
4077	38
4078	53
4079	79
4080	57
4081	52
4082	62
4083	51
4084	59
4085	63
4086	66
4087	60
4088	47
4089	48
4090	47
4091	53
4092	46
4093	63
4094	55
4095	62
4096	49
4097	64
4098	55
4099	46
4100	59
4101	47
4102	57
4103	54
4104	58
4105	42
4106	50
4107	40
4108	54
4109	48
4110	47
4111	44
4112	70
4113	53
4114	58
4115	64
4116	59
4117	66
4118	39
4119	61
4120	52
4121	43
4122	60
4123	38
4124	39
4125	40
4126	42
4127	41
4128	40
4129	35
4130	41
4131	50
4132	35
4133	36
4134	44
4135	49
4136	40
4137	42
4138	34
4139	38
4140	28
4141	37
4142	46
4143	49
4144	31
4145	37
4146	40
4147	50
4148	48
4149	40
4150	38
4151	43
4152	32
4153	32
4154	31
4155	27
4156	34
4157	31
4158	33
4159	42
4160	37
4161	44
4162	32
4163	32
4164	33
4165	30
4166	37
4167	35
4168	32
4169	32
4170	33
4171	34
4172	33
4173	41
4174	32
4175	28
4176	31
4177	32
4178	31
4179	34
4180	36
4181	28
4182	37
4183	39
4184	24
4185	27
4186	29
4187	28
4188	31
4189	34
4190	34
4191	34
4192	35
4193	29
4194	30
4195	23
4196	22
4197	26
4198	24
4199	25
4200	14
4201	29
4202	25
4203	19
4204	24
4205	22
4206	29
4207	28
4208	41
4209	34
4210	38
4211	38
4212	26
4213	28
4214	36
4215	29
4216	24
4217	26
4218	25
4219	24
4220	20
4221	20
4222	25
4223	22
4224	22
4225	20
4226	16
4227	22
4228	24
4229	29
4230	26
4231	20
4232	34
4233	27
4234	23
4235	19
4236	23
4237	29
4238	25
4239	18
4240	20
4241	27
4242	25
4243	17
4244	28
4245	22
4246	23
4247	15
4248	19
4249	15
4250	19
4251	21
4252	20
4253	16
4254	19
4255	18
4256	24
4257	22
4258	18
4259	12
4260	24
4261	26
4262	24
4263	27
4264	14
4265	15
4266	18
4267	18
4268	19
4269	15
4270	12
4271	21
4272	18
4273	29
4274	21
4275	14
4276	20
4277	14
4278	29
4279	17
4280	16
4281	18
4282	14
4283	21
4284	13
4285	12
4286	11
4287	15
4288	14
4289	9
4290	17
4291	16
4292	13
4293	20
4294	8
4295	17
4296	13
4297	15
4298	23
4299	22
4300	10
4301	13
4302	11
4303	16
4304	12
4305	14
4306	13
4307	13
4308	22
4309	11
4310	16
4311	13
4312	19
4313	10
4314	12
4315	16
4316	15
4317	17
4318	15
4319	15
4320	15
4321	7
4322	11
4323	10
4324	6
4325	10
4326	16
4327	14
4328	15
4329	16
4330	10
4331	7
4332	19
4333	13
4334	10
4335	14
4336	13
4337	16
4338	16
4339	9
4340	13
4341	9
4342	7
4343	12
4344	9
4345	13
4346	17
4347	15
4348	8
4349	13
4350	8
4351	14
4352	18
4353	12
4354	11
4355	11
4356	12
4357	8
4358	6
4359	6
4360	10
4361	11
4362	9
4363	10
4364	19
4365	13
4366	11
4367	14
4368	14
4369	12
4370	12
4371	11
4372	11
4373	7
4374	9
4375	11
4376	12
4377	8
4378	13
4379	8
4380	4
4381	7
4382	12
4383	7
4384	5
4385	8
4386	8
4387	9
4388	8
4389	7
4390	8
4391	9
4392	9
4393	7
4394	5
4395	13
4396	9
4397	13
4398	11
4399	7
4400	15
4401	7
4402	6
4403	5
4404	13
4405	6
4406	11
4407	11
4408	4
4409	4
4410	3
4411	4
4412	8
4413	10
4414	12
4415	7
4416	13
4417	8
4418	2
4419	6
4420	6
4421	14
4422	8
4423	4
4424	7
4425	7
4426	5
4427	4
4428	8
4429	4
4430	5
4431	5
4432	7
4433	6
4434	12
4435	5
4436	19
4437	8
4438	6
4439	12
4440	6
4441	8
4442	3
4443	3
4444	5
4445	12
4446	5
4447	7
4448	3
4449	7
4450	8
4451	5
4452	13
4453	5
4454	7
4455	6
4456	9
4457	2
4458	4
4459	5
4460	6
4461	6
4462	8
4463	5
4464	9
4465	7
4466	7
4467	6
4468	6
4469	6
4470	4
4471	6
4472	8
4473	6
4474	10
4475	5
4476	5
4477	6
4478	4
4479	10
4480	2
4481	6
4482	6
4483	4
4484	8
4485	5
4486	3
4487	5
4488	9
4489	9
4490	3
4491	9
4492	6
4493	6
4494	8
4495	6
4496	9
4497	4
4498	6
4499	5
4500	7
4501	6
4502	5
4503	4
4504	5
4505	4
4506	7
4507	7
4508	6
4509	3
4510	4
4511	5
4512	5
4513	4
4514	3
4515	5
4516	3
4517	2
4518	4
4519	2
4520	5
4521	3
4522	3
4523	4
4524	4
4525	8
4526	4
4527	7
4528	2
4529	0
4530	3
4531	8
4532	6
4533	3
4534	6
4535	3
4536	6
4537	4
4538	7
4539	5
4540	3
4541	3
4542	2
4543	7
4544	3
4545	1
4546	6
4547	4
4548	7
4549	2
4550	2
4551	4
4552	4
4553	4
4554	1
4555	3
4556	3
4557	8
4558	3
4559	2
4560	3
4561	3
4562	2
4563	4
4564	3
4565	4
4566	4
4567	6
4568	1
4569	0
4570	2
4571	2
4572	2
4573	6
4574	5
4575	4
4576	3
4577	2
4578	3
4579	5
4580	3
4581	2
4582	4
4583	3
4584	3
4585	2
4586	2
4587	7
4588	6
4589	4
4590	5
4591	1
4592	2
4593	4
4594	0
4595	4
4596	5
4597	2
4598	4
4599	1
4600	3
4601	3
4602	5
4603	3
4604	3
4605	3
4606	2
4607	3
4608	2
4609	0
4610	2
4611	4
4612	2
4613	2
4614	3
4615	3
4616	4
4617	0
4618	3
4619	3
4620	2
4621	3
4622	2
4623	2
4624	3
4625	2
4626	1
4627	0
4628	2
4629	1
4630	1
4631	6
4632	3
4633	2
4634	4
4635	3
4636	5
4637	3
4638	6
4639	5
4640	6
4641	3
4642	3
4643	2
4644	1
4645	1
4646	1
4647	4
4648	4
4649	1
4650	6
4651	5
4652	3
4653	4
4654	2
4655	3
4656	3
4657	3
4658	2
4659	5
4660	3
4661	4
4662	2
4663	2
4664	3
4665	1
4666	3
4667	1
4668	1
4669	2
4670	3
4671	7
4672	3
4673	5
4674	3
4675	3
4676	3
4677	4
4678	0
4679	1
4680	2
4681	4
4682	2
4683	4
4684	2
4685	1
4686	2
4687	4
4688	3
4689	2
4690	2
4691	2
4692	2
4693	6
4694	1
4695	2
4696	2
4697	2
4698	4
4699	1
4700	4
4701	2
4702	1
4703	1
4704	2
4705	2
4706	0
4707	3
4708	3
4709	2
4710	1
4711	2
4712	2
4713	3
4714	4
4715	1
4716	1
4717	3
4718	0
4719	4
4720	4
4721	3
4722	4
4723	3
4724	4
4725	2
4726	4
4727	5
4728	5
4729	1
4730	4
4731	3
4732	6
4733	3
4734	4
4735	3
4736	5
4737	2
4738	3
4739	2
4740	1
4741	0
4742	4
4743	4
4744	0
4745	4
4746	0
4747	1
4748	1
4749	0
4750	3
4751	4
4752	3
4753	1
4754	3
4755	3
4756	2
4757	0
4758	2
4759	1
4760	2
4761	3
4762	2
4763	1
4764	0
4765	6
4766	5
4767	4
4768	4
4769	1
4770	4
4771	4
4772	0
4773	0
4774	3
4775	1
4776	6
4777	5
4778	1
4779	2
4780	1
4781	2
4782	4
4783	6
4784	4
4785	2
4786	1
4787	1
4788	3
4789	2
4790	2
4791	3
4792	1
4793	3
4794	0
4795	5
4796	4
4797	2
4798	1
4799	1
4800	2
4801	3
4802	1
4803	1
4804	0
4805	2
4806	0
4807	6
4808	0
4809	1
4810	2
4811	1
4812	2
4813	0
4814	2
4815	3
4816	3
4817	3
4818	1
4819	3
4820	8
4821	1
4822	0
4823	3
4824	3
4825	2
4826	3
4827	4
4828	3
4829	4
4830	2
4831	3
4832	4
4833	4
4834	1
4835	3
4836	2
4837	3
4838	3
4839	3
4840	4
4841	4
4842	2
4843	2
4844	2
4845	4
4846	4
4847	1
4848	1
4849	5
4850	2
4851	2
4852	3
4853	3
4854	4
4855	2
4856	2
4857	2
4858	2
4859	5
4860	3
4861	4
4862	2
4863	3
4864	2
4865	1
4866	2
4867	0
4868	2
4869	1
4870	2
4871	1
4872	1
4873	2
4874	2
4875	2
4876	4
4877	3
4878	2
4879	1
4880	2
4881	1
4882	3
4883	1
4884	4
4885	5
4886	2
4887	4
4888	2
4889	4
4890	1
4891	3
4892	3
4893	4
4894	2
4895	3
4896	2
4897	3
4898	1
4899	0
4900	3
4901	1
4902	2
4903	2
4904	4
4905	4
4906	3
4907	2
4908	4
4909	5
4910	2
4911	1
4912	2
4913	3
4914	3
4915	3
4916	2
4917	1
4918	2
4919	6
4920	4
4921	3
4922	1
4923	2
4924	0
4925	4
4926	2
4927	1
4928	0
4929	9
4930	4
4931	2
4932	4
4933	2
4934	1
4935	3
4936	2
4937	2
4938	1
4939	3
4940	2
4941	4
4942	2
4943	4
4944	3
4945	3
4946	2
4947	2
4948	2
4949	2
4950	2
4951	4
4952	1
4953	1
4954	7
4955	4
4956	0
4957	2
4958	3
4959	2
4960	1
4961	2
4962	0
4963	3
4964	1
4965	4
4966	3
4967	6
4968	4
4969	2
4970	4
4971	3
4972	2
4973	5
4974	3
4975	7
4976	3
4977	1
4978	5
4979	4
4980	6
4981	2
4982	0
4983	4
4984	1
4985	2
4986	1
4987	1
4988	4
4989	2
4990	1
4991	0
4992	1
4993	4
4994	1
4995	3
4996	2
4997	2
4998	1
4999	1
5000	1
5001	2
5002	2
5003	1
5004	1
5005	1
5006	1
5007	1
5008	2
5009	2
5010	4
5011	0
5012	1
5013	5
5014	0
5015	5
5016	3
5017	1
5018	1
5019	1
5020	2
5021	2
5022	3
5023	1
5024	2
5025	4
5026	4
5027	2
5028	4
5029	1
5030	0
5031	1
5032	5
5033	2
5034	0
5035	3
5036	1
5037	3
5038	1
5039	1
5040	3
5041	2
5042	0
5043	4
5044	5
5045	2
5046	0
5047	2
5048	4
5049	2
5050	1
5051	2
5052	1
5053	1
5054	1
5055	3
5056	2
5057	1
5058	1
5059	1
5060	2
5061	0
5062	2
5063	2
5064	4
5065	0
5066	4
5067	2
5068	1
5069	2
5070	4
5071	6
5072	4
5073	3
5074	1
5075	1
5076	1
5077	1
5078	1
5079	2
5080	1
5081	5
5082	0
5083	2
5084	4
5085	1
5086	2
5087	2
5088	1
5089	2
5090	4
5091	5
5092	2
5093	1
5094	1
5095	2
5096	1
5097	4
5098	3
5099	1
5100	3
5101	0
5102	0
5103	6
5104	0
5105	1
5106	5
5107	2
5108	0
5109	1
5110	0
5111	5
5112	4
5113	3
5114	2
5115	2
5116	4
5117	2
5118	2
5119	3
5120	2
5121	2
5122	1
5123	4
5124	2
5125	0
5126	3
5127	3
5128	1
5129	1
5130	1
5131	2
5132	0
5133	2
5134	2
5135	5
5136	3
5137	3
5138	2
5139	2
5140	3
5141	2
5142	2
5143	3
5144	1
5145	4
5146	2
5147	0
5148	1
5149	2
5150	2
5151	1
5152	1
5153	2
5154	5
5155	1
5156	2
5157	1
5158	0
5159	4
5160	3
5161	4
5162	3
5163	2
5164	2
5165	0
5166	2
5167	4
5168	1
5169	3
5170	1
5171	1
5172	2
5173	2
5174	1
5175	3
5176	3
5177	1
5178	4
5179	2
5180	1
5181	2
5182	2
5183	1
5184	2
5185	1
5186	1
5187	1
5188	0
5189	1
5190	2
5191	3
5192	2
5193	6
5194	2
5195	0
5196	7
5197	0
5198	1
5199	1
5200	1
5201	1
5202	1
5203	1
5204	2
5205	2
5206	1
5207	4
5208	0
5209	0
5210	1
5211	1
5212	0
5213	3
5214	3
5215	3
5216	1
5217	3
5218	1
5219	1
5220	1
5221	1
5222	1
5223	4
5224	0
5225	4
5226	2
5227	2
5228	3
5229	1
5230	1
5231	3
5232	0
5233	2
5234	4
5235	2
5236	5
5237	2
5238	2
5239	1
5240	1
5241	2
5242	2
5243	3
5244	1
5245	4
5246	4
5247	1
5248	3
5249	1
5250	2
5251	3
5252	2
5253	2
5254	1
5255	1
5256	3
5257	2
5258	1
5259	3
5260	1
5261	4
5262	2
5263	4
5264	2
5265	2
5266	0
5267	1
5268	7
5269	2
5270	2
5271	4
5272	2
5273	2
5274	2
5275	0
5276	2
5277	2
5278	3
5279	2
5280	2
5281	1
5282	2
5283	1
5284	3
5285	0
5286	2
5287	3
5288	2
5289	1
5290	1
5291	2
5292	2
5293	2
5294	3
5295	3
5296	2
5297	4
5298	1
5299	1
5300	3
5301	1
5302	4
5303	0
5304	0
5305	2
5306	1
5307	0
5308	0
5309	2
5310	2
5311	2
5312	3
5313	3
5314	2
5315	3
5316	2
5317	3
5318	3
5319	4
5320	1
5321	7
5322	0
5323	4
5324	3
5325	1
5326	5
5327	2
5328	0
5329	1
5330	2
5331	2
5332	0
5333	2
5334	3
5335	0
5336	2
5337	2
5338	0
5339	0
5340	4
5341	1
5342	3
5343	2
5344	4
5345	1
5346	2
5347	5
5348	4
5349	2
5350	2
5351	2
5352	2
5353	2
5354	2
5355	4
5356	2
5357	4
5358	1
5359	3
5360	0
5361	2
5362	2
5363	1
5364	5
5365	0
5366	4
5367	2
5368	1
5369	0
5370	0
5371	2
5372	1
5373	0
5374	2
5375	4
5376	1
5377	5
5378	0
5379	2
5380	1
5381	0
5382	1
5383	0
5384	1
5385	1
5386	3
5387	0
5388	2
5389	4
5390	3
5391	2
5392	1
5393	3
5394	3
5395	1
5396	0
5397	1
5398	4
5399	2
5400	2
5401	2
5402	5
5403	5
5404	0
5405	1
5406	3
5407	1
5408	2
5409	2
5410	0
5411	2
5412	1
5413	3
5414	3
5415	3
5416	2
5417	1
5418	3
5419	1
5420	0
5421	1
5422	2
5423	1
5424	3
5425	0
5426	0
5427	1
5428	2
5429	3
5430	4
5431	5
5432	2
5433	2
5434	2
5435	0
5436	0
5437	2
5438	1
5439	4
5440	2
5441	1
5442	5
5443	0
5444	2
5445	2
5446	3
5447	3
5448	2
5449	0
5450	0
5451	0
5452	2
5453	4
5454	1
5455	5
5456	2
5457	2
5458	2
5459	3
5460	1
5461	1
5462	0
5463	1
5464	2
5465	2
5466	2
5467	0
5468	0
5469	0
5470	1
5471	1
5472	0
5473	3
5474	0
5475	1
5476	1
5477	2
5478	2
5479	3
5480	2
5481	0
5482	2
5483	3
5484	1
5485	3
5486	0
5487	3
5488	2
5489	1
5490	1
5491	2
5492	2
5493	1
5494	0
5495	2
5496	2
5497	2
5498	1
5499	3
5500	1
5501	1
5502	2
5503	4
5504	2
5505	0
5506	1
5507	4
5508	2
5509	1
5510	4
5511	4
5512	2
5513	2
5514	3
5515	1
5516	1
5517	3
5518	0
5519	2
5520	2
5521	2
5522	2
5523	4
5524	0
5525	1
5526	1
5527	3
5528	1
5529	2
5530	4
5531	1
5532	2
5533	1
5534	0
5535	1
5536	2
5537	3
5538	2
5539	1
5540	1
5541	1
5542	3
5543	4
5544	2
5545	0
5546	0
5547	4
5548	2
5549	1
5550	2
5551	2
5552	1
5553	1
5554	0
5555	0
5556	3
5557	6
5558	5
5559	3
5560	2
5561	2
5562	4
5563	1
5564	0
5565	0
5566	1
5567	0
5568	4
5569	1
5570	2
5571	3
5572	1
5573	1
5574	2
5575	4
5576	1
5577	2
5578	2
5579	2
5580	0
5581	3
5582	0
5583	5
5584	0
5585	2
5586	1
5587	4
5588	2
5589	0
5590	1
5591	3
5592	1
5593	2
5594	2
5595	1
5596	0
5597	3
5598	1
5599	3
5600	3
5601	4
5602	0
5603	1
5604	1
5605	1
5606	1
5607	1
5608	6
5609	1
5610	3
5611	1
5612	1
5613	0
5614	1
5615	2
5616	4
5617	1
5618	1
5619	1
5620	0
5621	2
5622	1
5623	2
5624	1
5625	0
5626	3
5627	1
5628	1
5629	1
5630	0
5631	0
5632	2
5633	3
5634	2
5635	0
5636	0
5637	0
5638	4
5639	1
5640	1
5641	1
5642	1
5643	1
5644	0
5645	1
5646	3
5647	2
5648	2
5649	3
5650	1
5651	0
5652	2
5653	0
5654	2
5655	2
5656	1
5657	1
5658	1
5659	1
5660	1
5661	1
5662	0
5663	1
5664	0
5665	0
5666	4
5667	2
5668	0
5669	0
5670	0
5671	4
5672	4
5673	1
5674	1
5675	3
5676	3
5677	2
5678	1
5679	0
5680	2
5681	2
5682	1
5683	0
5684	1
5685	1
5686	0
5687	1
5688	0
5689	0
5690	6
5691	2
5692	3
5693	0
5694	1
5695	2
5696	5
5697	1
5698	1
5699	2
5700	5
5701	1
5702	0
5703	3
5704	2
5705	2
5706	2
5707	1
5708	2
5709	3
5710	5
5711	2
5712	4
5713	2
5714	1
5715	1
5716	2
5717	3
5718	6
5719	2
5720	3
5721	4
5722	2
5723	3
5724	3
5725	1
5726	3
5727	0
5728	0
5729	1
5730	5
5731	2
5732	3
5733	1
5734	1
5735	7
5736	1
5737	0
5738	4
5739	1
5740	1
5741	2
5742	3
5743	4
5744	2
5745	3
5746	2
5747	2
5748	2
5749	1
5750	1
5751	1
5752	1
5753	2
5754	2
5755	2
5756	1
5757	0
5758	2
5759	0
5760	2
5761	1
5762	0
5763	3
5764	1
5765	2
5766	0
5767	3
5768	0
5769	1
5770	2
5771	1
5772	1
5773	1
5774	0
5775	0
5776	0
5777	2
5778	7
5779	0
5780	3
5781	1
5782	1
5783	3
5784	5
5785	1
5786	0
5787	1
5788	2
5789	1
5790	3
5791	3
5792	1
5793	2
5794	0
5795	3
5796	3
5797	2
5798	1
5799	1
5800	1
5801	3
5802	1
5803	3
5804	2
5805	0
5806	3
5807	1
5808	0
5809	0
5810	1
5811	3
5812	2
5813	1
5814	1
5815	0
5816	2
5817	3
5818	0
5819	1
5820	0
5821	2
5822	2
5823	1
5824	3
5825	2
5826	1
5827	2
5828	1
5829	1
5830	0
5831	2
5832	2
5833	0
5834	1
5835	1
5836	1
5837	3
5838	2
5839	0
5840	3
5841	2
5842	2
5843	2
5844	2
5845	0
5846	2
5847	1
5848	2
5849	2
5850	2
5851	5
5852	2
5853	1
5854	1
5855	2
5856	0
5857	2
5858	1
5859	0
5860	1
5861	1
5862	2
5863	1
5864	1
5865	3
5866	1
5867	1
5868	2
5869	1
5870	2
5871	2
5872	1
5873	0
5874	0
5875	2
5876	1
5877	1
5878	2
5879	0
5880	1
5881	1
5882	0
5883	0
5884	1
5885	4
5886	4
5887	0
5888	2
5889	0
5890	2
5891	1
5892	1
5893	1
5894	2
5895	1
5896	4
5897	1
5898	0
5899	2
5900	1
5901	1
5902	0
5903	3
5904	2
5905	0
5906	1
5907	2
5908	0
5909	1
5910	1
5911	1
5912	2
5913	2
5914	3
5915	1
5916	3
5917	1
5918	1
5919	2
5920	2
5921	0
5922	1
5923	1
5924	3
5925	1
5926	1
5927	2
5928	2
5929	0
5930	0
5931	0
5932	1
5933	1
5934	1
5935	1
5936	0
5937	2
5938	3
5939	0
5940	0
5941	2
5942	1
5943	2
5944	3
5945	1
5946	2
5947	2
5948	3
5949	2
5950	0
5951	1
5952	1
5953	4
5954	1
5955	0
5956	2
5957	2
5958	3
5959	1
5960	0
5961	2
5962	1
5963	3
5964	1
5965	1
5966	1
5967	1
5968	0
5969	2
5970	0
5971	1
5972	3
5973	3
5974	1
5975	3
5976	1
5977	0
5978	0
5979	1
5980	2
5981	1
5982	4
5983	1
5984	1
5985	2
5986	4
5987	1
5988	0
5989	0
5990	3
5991	0
5992	0
5993	0
5994	0
5995	3
5996	0
5997	2
5998	0
5999	0
6000	1
6001	3
6002	1
6003	2
6004	0
6005	0
6006	1
6007	1
6008	2
6009	2
6010	0
6011	4
6012	1
6013	2
6014	2
6015	1
6016	1
6017	0
6018	0
6019	1
6020	2
6021	2
6022	3
6023	3
6024	1
6025	3
6026	0
6027	3
6028	3
6029	3
6030	0
6031	0
6032	1
6033	0
6034	0
6035	0
6036	4
6037	0
6038	5
6039	2
6040	1
6041	1
6042	2
6043	0
6044	1
6045	1
6046	1
6047	2
6048	2
6049	2
6050	3
6051	1
6052	0
6053	0
6054	3
6055	0
6056	5
6057	0
6058	0
6059	6
6060	3
6061	1
6062	0
6063	1
6064	1
6065	1
6066	2
6067	2
6068	1
6069	1
6070	2
6071	3
6072	2
6073	2
6074	2
6075	2
6076	2
6077	1
6078	1
6079	3
6080	4
6081	0
6082	0
6083	2
6084	1
6085	1
6086	1
6087	1
6088	3
6089	2
6090	2
6091	0
6092	0
6093	2
6094	2
6095	0
6096	2
6097	0
6098	4
6099	2
6100	1
6101	0
6102	1
6103	4
6104	3
6105	3
6106	0
6107	2
6108	0
6109	1
6110	2
6111	2
6112	2
6113	1
6114	1
6115	2
6116	2
6117	3
6118	0
6119	1
6120	1
6121	4
6122	0
6123	1
6124	1
6125	0
6126	1
6127	4
6128	3
6129	1
6130	1
6131	2
6132	0
6133	1
6134	1
6135	0
6136	0
6137	0
6138	1
6139	2
6140	2
6141	1
6142	1
6143	3
6144	0
6145	1
6146	1
6147	1
6148	2
6149	2
6150	0
6151	2
6152	1
6153	0
6154	1
6155	1
6156	2
6157	2
6158	0
6159	2
6160	0
6161	1
6162	1
6163	2
6164	1
6165	4
6166	1
6167	1
6168	2
6169	1
6170	3
6171	0
6172	1
6173	2
6174	0
6175	1
6176	1
6177	0
6178	1
6179	2
6180	3
6181	2
6182	1
6183	0
6184	0
6185	1
6186	0
6187	3
6188	2
6189	1
6190	0
6191	2
6192	2
6193	0
6194	2
6195	1
6196	2
6197	2
6198	1
6199	1
6200	0
6201	0
6202	3
6203	0
6204	1
6205	1
6206	1
6207	1
6208	0
6209	1
6210	2
6211	2
6212	2
6213	1
6214	2
6215	1
6216	0
6217	4
6218	4
6219	2
6220	0
6221	2
6222	2
6223	2
6224	1
6225	1
6226	3
6227	1
6228	0
6229	0
6230	2
6231	0
6232	3
6233	0
6234	2
6235	1
6236	1
6237	2
6238	0
6239	0
6240	2
6241	0
6242	1
6243	1
6244	2
6245	1
6246	2
6247	3
6248	3
6249	1
6250	2
6251	1
6252	1
6253	1
6254	4
6255	1
6256	4
6257	0
6258	1
6259	0
6260	2
6261	1
6262	2
6263	2
6264	1
6265	3
6266	2
6267	0
6268	0
6269	5
6270	0
6271	0
6272	4
6273	2
6274	2
6275	3
6276	1
6277	0
6278	2
6279	4
6280	1
6281	3
6282	1
6283	2
6284	1
6285	0
6286	1
6287	0
6288	0
6289	2
6290	2
6291	0
6292	1
6293	2
6294	2
6295	2
6296	2
6297	1
6298	1
6299	0
6300	0
6301	1
6302	2
6303	1
6304	3
6305	0
6306	2
6307	1
6308	1
6309	1
6310	1
6311	5
6312	1
6313	1
6314	2
6315	3
6316	0
6317	1
6318	1
6319	2
6320	0
6321	1
6322	2
6323	1
6324	0
6325	1
6326	1
6327	4
6328	2
6329	1
6330	1
6331	0
6332	3
6333	1
6334	2
6335	1
6336	1
6337	2
6338	0
6339	1
6340	1
6341	1
6342	2
6343	2
6344	4
6345	3
6346	0
6347	0
6348	0
6349	2
6350	0
6351	1
6352	1
6353	0
6354	0
6355	3
6356	0
6357	0
6358	4
6359	1
6360	3
6361	3
6362	2
6363	2
6364	2
6365	3
6366	2
6367	2
6368	0
6369	1
6370	0
6371	0
6372	2
6373	4
6374	0
6375	2
6376	1
6377	2
6378	0
6379	2
6380	5
6381	3
6382	3
6383	3
6384	1
6385	0
6386	2
6387	1
6388	2
6389	2
6390	2
6391	2
6392	2
6393	3
6394	3
6395	1
6396	1
6397	0
6398	1
6399	2
6400	0
6401	2
6402	1
6403	2
6404	1
6405	1
6406	2
6407	1
6408	1
6409	4
6410	2
6411	3
6412	2
6413	0
6414	5
6415	2
6416	2
6417	1
6418	3
6419	2
6420	0
6421	1
6422	2
6423	0
6424	3
6425	0
6426	0
6427	3
6428	3
6429	2
6430	2
6431	2
6432	2
6433	1
6434	1
6435	0
6436	2
6437	4
6438	2
6439	1
6440	1
6441	1
6442	2
6443	4
6444	0
6445	3
6446	2
6447	4
6448	2
6449	2
6450	1
6451	0
6452	2
6453	4
6454	1
6455	3
6456	0
6457	1
6458	1
6459	2
6460	2
6461	1
6462	2
6463	2
6464	3
6465	2
6466	3
6467	0
6468	1
6469	1
6470	3
6471	1
6472	2
6473	2
6474	4
6475	0
6476	0
6477	5
6478	2
6479	4
6480	1
6481	1
6482	1
6483	2
6484	0
6485	2
6486	1
6487	1
6488	2
6489	3
6490	1
6491	1
6492	0
6493	2
6494	1
6495	1
6496	2
6497	2
6498	1
6499	2
6500	3
6501	2
6502	2
6503	3
6504	0
6505	2
6506	3
6507	1
6508	0
6509	0
6510	2
6511	3
6512	2
6513	3
6514	1
6515	1
6516	1
6517	2
6518	2
6519	2
6520	1
6521	0
6522	2
6523	2
6524	3
6525	0
6526	0
6527	0
6528	1
6529	2
6530	1
6531	0
6532	1
6533	2
6534	3
6535	1
6536	3
6537	6
6538	3
6539	2
6540	1
6541	3
6542	4
6543	1
6544	4
6545	3
6546	3
6547	0
6548	3
6549	3
6550	2
6551	0
6552	1
6553	2
6554	3
6555	1
6556	1
6557	2
6558	0
6559	0
6560	1
6561	4
6562	4
6563	0
6564	2
6565	1
6566	0
6567	2
6568	3
6569	0
6570	0
6571	0
6572	2
6573	2
6574	3
6575	1
6576	2
6577	1
6578	2
6579	2
6580	3
6581	1
6582	2
6583	1
6584	2
6585	0
6586	2
6587	1
6588	2
6589	2
6590	0
6591	0
6592	4
6593	2
6594	2
6595	1
6596	2
6597	1
6598	0
6599	1
6600	1
6601	0
6602	3
6603	1
6604	0
6605	2
6606	4
6607	0
6608	0
6609	1
6610	2
6611	0
6612	0
6613	2
6614	3
6615	1
6616	1
6617	1
6618	2
6619	0
6620	1
6621	1
6622	1
6623	0
6624	1
6625	1
6626	0
6627	1
6628	2
6629	0
6630	2
6631	2
6632	0
6633	2
6634	2
6635	2
6636	0
6637	1
6638	0
6639	1
6640	1
6641	2
6642	0
6643	6
6644	1
6645	2
6646	2
6647	1
6648	2
6649	0
6650	2
6651	3
6652	1
6653	1
6654	0
6655	2
6656	2
6657	0
6658	2
6659	0
6660	0
6661	1
6662	1
6663	2
6664	2
6665	2
6666	2
6667	0
6668	2
6669	1
6670	1
6671	1
6672	1
6673	4
6674	3
6675	0
6676	2
6677	2
6678	1
6679	0
6680	1
6681	3
6682	1
6683	3
6684	1
6685	0
6686	0
6687	1
6688	2
6689	1
6690	2
6691	2
6692	0
6693	0
6694	1
6695	2
6696	1
6697	1
6698	5
6699	0
6700	1
6701	1
6702	2
6703	2
6704	3
6705	0
6706	2
6707	2
6708	0
6709	2
6710	2
6711	1
6712	1
6713	2
6714	1
6715	2
6716	1
6717	3
6718	0
6719	1
6720	1
6721	2
6722	2
6723	0
6724	2
6725	1
6726	1
6727	0
6728	0
6729	2
6730	2
6731	2
6732	0
6733	0
6734	0
6735	1
6736	0
6737	2
6738	3
6739	0
6740	2
6741	3
6742	1
6743	0
6744	1
6745	1
6746	2
6747	1
6748	2
6749	3
6750	0
6751	1
6752	0
6753	2
6754	2
6755	2
6756	0
6757	1
6758	1
6759	0
6760	4
6761	0
6762	4
6763	2
6764	0
6765	3
6766	3
6767	3
6768	2
6769	1
6770	0
6771	1
6772	1
6773	3
6774	0
6775	0
6776	0
6777	3
6778	1
6779	0
6780	0
6781	1
6782	2
6783	2
6784	0
6785	2
6786	1
6787	1
6788	2
6789	1
6790	1
6791	2
6792	1
6793	0
6794	2
6795	2
6796	1
6797	3
6798	1
6799	2
6800	1
6801	2
6802	0
6803	0
6804	1
6805	1
6806	2
6807	0
6808	0
6809	1
6810	0
6811	1
6812	0
6813	2
6814	1
6815	0
6816	0
6817	1
6818	3
6819	0
6820	1
6821	1
6822	1
6823	1
6824	2
6825	2
6826	1
6827	1
6828	1
6829	1
6830	0
6831	2
6832	0
6833	2
6834	0
6835	0
6836	1
6837	0
6838	3
6839	2
6840	3
6841	1
6842	0
6843	2
6844	2
6845	2
6846	1
6847	1
6848	1
6849	1
6850	1
6851	1
6852	0
6853	0
6854	4
6855	1
6856	2
6857	0
6858	0
6859	0
6860	2
6861	2
6862	0
6863	1
6864	1
6865	1
6866	2
6867	3
6868	1
6869	0
6870	0
6871	0
6872	0
6873	1
6874	0
6875	0
6876	3
6877	2
6878	2
6879	1
6880	1
6881	1
6882	1
6883	0
6884	0
6885	0
6886	2
6887	0
6888	4
6889	0
6890	1
6891	1
6892	0
6893	3
6894	0
6895	2
6896	0
6897	4
6898	1
6899	1
6900	1
6901	2
6902	1
6903	2
6904	0
6905	2
6906	0
6907	1
6908	1
6909	0
6910	2
6911	0
6912	0
6913	0
6914	0
6915	0
6916	1
6917	0
6918	0
6919	1
6920	1
6921	0
6922	2
6923	3
6924	1
6925	2
6926	0
6927	0
6928	1
6929	0
6930	0
6931	2
6932	1
6933	3
6934	2
6935	1
6936	1
6937	0
6938	2
6939	2
6940	0
6941	1
6942	1
6943	2
6944	0
6945	2
6946	0
6947	1
6948	1
6949	1
6950	0
6951	1
6952	0
6953	0
6954	2
6955	1
6956	0
6957	0
6958	1
6959	1
6960	0
6961	2
6962	1
6963	2
6964	0
6965	2
6966	1
6967	1
6968	1
6969	2
6970	0
6971	1
6972	1
6973	1
6974	0
6975	0
6976	1
6977	1
6978	2
6979	0
6980	0
6981	0
6982	1
6983	1
6984	3
6985	0
6986	1
6987	0
6988	0
6989	1
6990	1
6991	0
6992	2
6993	0
6994	1
6995	0
6996	1
6997	2
6998	3
6999	1
7000	2
7001	0
7002	1
7003	0
7004	2
7005	1
7006	3
7007	1
7008	0
7009	1
7010	1
7011	1
7012	0
7013	0
7014	2
7015	1
7016	1
7017	0
7018	0
7019	0
7020	0
7021	1
7022	0
7023	0
7024	0
7025	2
7026	1
7027	1
7028	0
7029	0
7030	0
7031	2
7032	1
7033	0
7034	1
7035	3
7036	0
7037	1
7038	1
7039	1
7040	1
7041	1
7042	2
7043	0
7044	1
7045	2
7046	0
7047	1
7048	2
7049	4
7050	2
7051	1
7052	0
7053	2
7054	0
7055	0
7056	0
7057	0
7058	0
7059	1
7060	1
7061	0
7062	2
7063	2
7064	1
7065	2
7066	1
7067	1
7068	1
7069	3
7070	2
7071	0
7072	0
7073	0
7074	1
7075	2
7076	1
7077	1
7078	1
7079	0
7080	0
7081	0
7082	3
7083	1
7084	1
7085	0
7086	0
7087	2
7088	1
7089	2
7090	0
7091	3
7092	1
7093	0
7094	2
7095	0
7096	0
7097	1
7098	1
7099	0
7100	0
7101	2
7102	1
7103	1
7104	0
7105	1
7106	0
7107	2
7108	1
7109	2
7110	0
7111	1
7112	1
7113	2
7114	0
7115	0
7116	0
7117	0
7118	0
7119	1
7120	2
7121	0
7122	1
7123	2
7124	3
7125	2
7126	3
7127	1
7128	0
7129	0
7130	0
7131	0
7132	1
7133	3
7134	1
7135	1
7136	1
7137	0
7138	0
7139	2
7140	0
7141	1
7142	1
7143	2
7144	0
7145	2
7146	1
7147	0
7148	0
7149	1
7150	0
7151	3
7152	0
7153	1
7154	0
7155	2
7156	2
7157	2
7158	0
7159	2
7160	1
7161	1
7162	2
7163	0
7164	0
7165	0
7166	2
7167	2
7168	1
7169	3
7170	2
7171	1
7172	0
7173	3
7174	2
7175	1
7176	1
7177	1
7178	2
7179	0
7180	1
7181	2
7182	1
7183	0
7184	1
7185	0
7186	1
7187	2
7188	0
7189	0
7190	2
7191	0
7192	2
7193	0
7194	0
7195	0
7196	1
7197	0
7198	2
7199	2
7200	2
7201	3
7202	2
7203	0
7204	0
7205	1
7206	2
7207	1
7208	2
7209	0
7210	0
7211	0
7212	1
7213	1
7214	1
7215	1
7216	1
7217	0
7218	0
7219	1
7220	0
7221	1
7222	1
7223	3
7224	0
7225	3
7226	3
7227	0
7228	1
7229	1
7230	1
7231	0
7232	4
7233	2
7234	1
7235	1
7236	1
7237	2
7238	0
7239	1
7240	0
7241	1
7242	0
7243	1
7244	0
7245	0
7246	1
7247	0
7248	0
7249	1
7250	1
7251	0
7252	0
7253	1
7254	0
7255	0
7256	1
7257	0
7258	1
7259	2
7260	1
7261	2
7262	0
7263	0
7264	2
7265	1
7266	0
7267	1
7268	0
7269	3
7270	0
7271	0
7272	0
7273	2
7274	1
7275	3
7276	0
7277	0
7278	2
7279	0
7280	2
7281	1
7282	3
7283	4
7284	0
7285	0
7286	0
7287	0
7288	0
7289	0
7290	1
7291	2
7292	0
7293	1
7294	1
7295	4
7296	0
7297	1
7298	2
7299	2
7300	2
7301	0
7302	0
7303	1
7304	0
7305	2
7306	2
7307	1
7308	4
7309	0
7310	0
7311	2
7312	0
7313	1
7314	0
7315	1
7316	0
7317	0
7318	1
7319	1
7320	1
7321	1
7322	1
7323	2
7324	1
7325	0
7326	0
7327	3
7328	0
7329	0
7330	0
7331	0
7332	2
7333	1
7334	0
7335	0
7336	2
7337	0
7338	0
7339	1
7340	2
7341	0
7342	2
7343	2
7344	3
7345	4
7346	2
7347	1
7348	1
7349	0
7350	0
7351	1
7352	3
7353	1
7354	1
7355	1
7356	1
7357	0
7358	2
7359	0
7360	2
7361	2
7362	1
7363	0
7364	0
7365	0
7366	2
7367	1
7368	0
7369	2
7370	0
7371	1
7372	1
7373	1
7374	2
7375	0
7376	2
7377	1
7378	0
7379	0
7380	0
7381	3
7382	1
7383	2
7384	0
7385	0
7386	2
7387	0
7388	0
7389	0
7390	1
7391	0
7392	0
7393	0
7394	1
7395	1
7396	1
7397	0
7398	0
7399	2
7400	0
7401	1
7402	0
7403	0
7404	1
7405	0
7406	1
7407	1
7408	2
7409	0
7410	1
7411	2
7412	0
7413	3
7414	0
7415	1
7416	0
7417	1
7418	1
7419	2
7420	1
7421	0
7422	1
7423	1
7424	0
7425	1
7426	2
7427	1
7428	0
7429	2
7430	0
7431	0
7432	4
7433	1
7434	1
7435	1
7436	1
7437	0
7438	1
7439	0
7440	1
7441	1
7442	1
7443	4
7444	1
7445	3
7446	0
7447	3
7448	0
7449	0
7450	0
7451	1
7452	2
7453	1
7454	0
7455	0
7456	1
7457	0
7458	1
7459	3
7460	0
7461	0
7462	0
7463	1
7464	0
7465	0
7466	0
7467	0
7468	0
7469	1
7470	0
7471	1
7472	0
7473	1
7474	0
7475	1
7476	1
7477	2
7478	0
7479	1
7480	1
7481	0
7482	0
7483	4
7484	1
7485	0
7486	0
7487	0
7488	1
7489	1
7490	1
7491	1
7492	1
7493	1
7494	0
7495	2
7496	1
7497	1
7498	1
7499	1
7500	1
7501	0
7502	0
7503	1
7504	1
7505	0
7506	0
7507	1
7508	2
7509	2
7510	1
7511	0
7512	1
7513	1
7514	1
7515	2
7516	1
7517	0
7518	0
7519	1
7520	0
7521	0
7522	1
7523	1
7524	0
7525	1
7526	1
7527	3
7528	0
7529	1
7530	0
7531	2
7532	2
7533	0
7534	1
7535	1
7536	1
7537	1
7538	0
7539	0
7540	0
7541	2
7542	1
7543	0
7544	2
7545	0
7546	1
7547	2
7548	3
7549	0
7550	2
7551	2
7552	0
7553	2
7554	1
7555	3
7556	0
7557	0
7558	0
7559	2
7560	0
7561	1
7562	0
7563	2
7564	1
7565	2
7566	1
7567	2
7568	3
7569	1
7570	0
7571	1
7572	1
7573	1
7574	1
7575	2
7576	1
7577	0
7578	0
7579	0
7580	1
7581	0
7582	1
7583	2
7584	0
7585	1
7586	1
7587	1
7588	0
7589	2
7590	0
7591	2
7592	1
7593	0
7594	3
7595	0
7596	0
7597	0
7598	0
7599	0
7600	0
7601	0
7602	1
7603	1
7604	1
7605	0
7606	0
7607	1
7608	0
7609	1
7610	1
7611	1
7612	0
7613	0
7614	1
7615	1
7616	2
7617	1
7618	0
7619	0
7620	1
7621	0
7622	1
7623	1
7624	0
7625	2
7626	0
7627	1
7628	1
7629	0
7630	0
7631	0
7632	1
7633	4
7634	0
7635	1
7636	0
7637	1
7638	2
7639	1
7640	0
7641	1
7642	0
7643	1
7644	1
7645	1
7646	2
7647	1
7648	0
7649	2
7650	1
7651	0
7652	0
7653	2
7654	0
7655	1
7656	2
7657	1
7658	1
7659	0
7660	1
7661	3
7662	1
7663	0
7664	0
7665	1
7666	3
7667	3
7668	0
7669	0
7670	1
7671	3
7672	0
7673	1
7674	2
7675	1
7676	2
7677	1
7678	0
7679	0
7680	1
7681	1
7682	3
7683	1
7684	0
7685	1
7686	0
7687	0
7688	0
7689	0
7690	1
7691	0
7692	1
7693	0
7694	1
7695	1
7696	1
7697	2
7698	0
7699	2
7700	2
7701	0
7702	2
7703	2
7704	0
7705	1
7706	0
7707	0
7708	1
7709	0
7710	2
7711	1
7712	2
7713	0
7714	0
7715	1
7716	0
7717	1
7718	1
7719	0
7720	1
7721	1
7722	0
7723	0
7724	2
7725	1
7726	2
7727	1
7728	1
7729	2
7730	0
7731	0
7732	1
7733	0
7734	0
7735	0
7736	2
7737	1
7738	0
7739	0
7740	1
7741	0
7742	4
7743	1
7744	2
7745	0
7746	1
7747	2
7748	0
7749	0
7750	1
7751	0
7752	1
7753	1
7754	1
7755	0
7756	1
7757	0
7758	2
7759	0
7760	0
7761	1
7762	3
7763	0
7764	1
7765	0
7766	1
7767	0
7768	1
7769	0
7770	0
7771	1
7772	0
7773	1
7774	1
7775	1
7776	1
7777	1
7778	1
7779	0
7780	0
7781	2
7782	1
7783	1
7784	1
7785	4
7786	1
7787	1
7788	0
7789	1
7790	0
7791	2
7792	0
7793	0
7794	0
7795	1
7796	0
7797	0
7798	1
7799	0
7800	1
7801	3
7802	0
7803	1
7804	1
7805	1
7806	0
7807	0
7808	0
7809	1
7810	0
7811	1
7812	0
7813	1
7814	1
7815	1
7816	2
7817	3
7818	2
7819	1
7820	1
7821	2
7822	2
7823	0
7824	0
7825	0
7826	1
7827	0
7828	3
7829	0
7830	2
7831	0
7832	1
7833	1
7834	0
7835	2
7836	0
7837	2
7838	0
7839	2
7840	1
7841	2
7842	0
7843	0
7844	4
7845	0
7846	1
7847	1
7848	1
7849	1
7850	0
7851	0
7852	0
7853	2
7854	1
7855	2
7856	1
7857	1
7858	0
7859	0
7860	3
7861	0
7862	1
7863	1
7864	0
7865	3
7866	0
7867	0
7868	0
7869	2
7870	1
7871	0
7872	0
7873	0
7874	0
7875	0
7876	0
7877	0
7878	0
7879	0
7880	0
7881	0
7882	0
7883	1
7884	0
7885	0
7886	0
7887	2
7888	0
7889	1
7890	0
7891	1
7892	1
7893	0
7894	0
7895	0
7896	2
7897	0
7898	3
7899	1
7900	1
7901	0
7902	0
7903	0
7904	1
7905	2
7906	1
7907	0
7908	2
7909	2
7910	4
7911	1
7912	0
7913	0
7914	1
7915	2
7916	0
7917	0
7918	0
7919	0
7920	4
7921	0
7922	0
7923	2
7924	0
7925	1
7926	1
7927	1
7928	2
7929	3
7930	1
7931	0
7932	1
7933	0
7934	1
7935	0
7936	0
7937	0
7938	0
7939	1
7940	2
7941	0
7942	2
7943	0
7944	1
7945	0
7946	2
7947	1
7948	1
7949	0
7950	0
7951	0
7952	1
7953	0
7954	0
7955	1
7956	0
7957	2
7958	1
7959	0
7960	3
7961	2
7962	1
7963	0
7964	1
7965	0
7966	2
7967	0
7968	2
7969	1
7970	0
7971	2
7972	0
7973	1
7974	2
7975	0
7976	4
7977	1
7978	0
7979	2
7980	0
7981	1
7982	0
7983	1
7984	0
7985	1
7986	0
7987	0
7988	0
7989	2
7990	0
7991	0
7992	0
7993	0
7994	0
7995	0
7996	0
7997	1
7998	0
7999	0
8000	0
8001	1
8002	0
8003	0
8004	3
8005	0
8006	0
8007	1
8008	0
8009	0
8010	1
8011	0
8012	0
8013	2
8014	0
8015	0
8016	0
8017	0
8018	0
8019	1
8020	0
8021	0
8022	0
8023	0
8024	1
8025	0
8026	0
8027	0
8028	2
8029	0
8030	2
8031	1
8032	1
8033	0
8034	1
8035	1
8036	0
8037	2
8038	1
8039	0
8040	1
8041	1
8042	3
8043	0
8044	1
8045	0
8046	1
8047	1
8048	1
8049	2
8050	2
8051	1
8052	1
8053	1
8054	2
8055	1
8056	2
8057	0
8058	1
8059	1
8060	1
8061	1
8062	3
8063	3
8064	0
8065	1
8066	2
8067	0
8068	1
8069	0
8070	2
8071	0
8072	1
8073	0
8074	1
8075	1
8076	1
8077	0
8078	1
8079	0
8080	1
8081	1
8082	1
8083	1
8084	0
8085	1
8086	0
8087	1
8088	0
8089	0
8090	1
8091	0
8092	0
8093	1
8094	0
8095	0
8096	1
8097	0
8098	3
8099	2
8100	0
8101	1
8102	1
8103	0
8104	0
8105	2
8106	0
8107	1
8108	1
8109	2
8110	2
8111	2
8112	1
8113	0
8114	1
8115	0
8116	0
8117	0
8118	0
8119	0
8120	0
8121	0
8122	0
8123	0
8124	0
8125	0
8126	0
8127	0
8128	0
8129	0
8130	0
8131	0
8132	0
8133	0
8134	0
8135	0
8136	0
8137	0
8138	0
8139	0
8140	0
8141	0
8142	0
8143	0
8144	0
8145	0
8146	0
8147	0
8148	0
8149	0
8150	0
8151	0
8152	0
8153	0
8154	0
8155	0
8156	0
8157	0
8158	0
8159	0
8160	0
8161	0
8162	0
8163	0
8164	0
8165	0
8166	0
8167	0
8168	0
8169	0
8170	0
8171	0
8172	0
8173	0
8174	0
8175	0
8176	0
8177	0
8178	0
8179	0
8180	0
8181	0
8182	0
8183	0
8184	0
8185	0
8186	0
8187	0
8188	0
8189	0
8190	0
8191	0
