2.736	3.5
2.733	3.5
2.731	3.4
2.728	3.4
2.725	3.4
2.723	3.4
2.720	3.4
2.717	3.4
2.715	3.4
2.712	3.4
2.709	3.4
2.707	3.4
2.704	3.4
2.701	3.4
2.699	3.4
2.696	3.4
2.693	3.4
2.691	3.4
2.688	3.4
2.685	3.4
2.683	3.4
2.680	3.4
2.677	3.4
2.675	3.4
2.672	3.4
2.669	3.4
2.667	3.4
2.664	3.4
2.661	3.4
2.659	3.4
2.656	3.4
2.653	3.4
2.651	3.4
2.648	3.4
2.645	3.4
2.643	3.4
2.640	3.4
2.637	3.4
2.635	3.4
2.632	3.4
2.629	3.4
2.627	3.4
2.624	3.4
2.621	3.4
2.619	3.4
2.616	3.4
2.613	3.4
2.610	3.4
2.608	3.4
2.605	3.4
2.602	3.4
2.600	3.4
2.597	3.5
2.594	3.5
2.592	3.4
2.589	3.4
2.586	3.4
2.584	3.4
2.581	3.4
2.578	3.4
2.576	3.4
2.573	3.4
2.570	3.4
2.568	3.4
2.565	3.4
2.562	3.4
2.560	3.4
2.557	3.4
2.554	3.4
2.552	3.4
2.549	3.4
2.546	3.4
2.544	3.4
2.541	3.4
2.538	3.4
2.536	3.4
2.533	3.4
2.530	3.4
2.528	3.4
2.525	3.4
2.522	3.4
2.520	3.4
2.517	3.4
2.514	3.4
2.512	3.4
2.509	3.4
2.506	3.4
2.504	3.4
2.501	3.4
2.498	3.4
2.496	3.4
2.493	3.4
2.490	3.4
2.488	3.4
2.485	3.4
2.482	3.4
2.480	3.4
2.477	3.4
2.474	3.4
2.472	3.4
2.469	3.4
2.466	3.4
2.464	3.4
2.461	3.4
2.458	3.4
2.456	3.4
2.453	3.4
2.450	3.4
2.448	3.4
2.445	3.4
2.442	3.4
2.440	3.4
2.437	3.4
2.434	3.4
2.432	3.4
2.429	3.4
2.426	3.4
2.424	3.4
2.421	3.4
2.418	3.4
2.416	3.4
2.413	3.4
2.410	3.4
2.408	3.4
2.405	3.4
2.402	3.4
2.400	3.4
2.397	3.4
2.394	3.4
2.392	3.4
2.389	3.4
2.386	3.4
2.384	3.4
2.381	3.4
2.378	3.4
2.376	3.4
2.373	3.4
2.370	3.4
2.368	3.4
2.365	3.4
2.362	3.4
2.360	3.4
2.357	3.4
2.354	3.4
2.352	3.4
2.349	3.4
2.346	3.4
2.344	3.4
2.341	3.4
2.338	3.4
2.336	3.4
2.333	3.4
2.330	3.4
2.328	3.4
2.325	3.4
2.322	3.4
2.320	3.4
2.317	3.4
2.314	3.4
2.312	3.4
2.309	3.4
2.306	3.4
2.304	3.4
2.301	3.4
2.298	3.4
2.296	3.4
2.293	3.4
2.290	3.4
2.288	3.4
2.285	3.4
2.282	3.4
2.280	3.4
2.277	3.4
2.274	3.5
2.272	3.4
2.269	3.4
2.266	3.4
2.264	3.4
2.261	3.4
2.258	3.4
2.256	3.5
2.253	3.4
2.250	3.4
2.248	3.4
2.245	3.4
2.242	3.4
2.240	3.4
2.237	3.5
2.234	3.4
2.231	3.4
2.229	3.4
2.226	3.4
2.223	3.4
2.221	3.4
2.218	3.5
2.215	3.5
2.213	3.4
2.210	3.4
2.207	3.5
2.205	3.5
2.202	3.5
2.199	3.5
2.197	3.5
2.194	3.5
2.191	3.5
2.189	3.5
2.186	3.5
2.183	3.5
2.181	3.4
2.178	3.5
2.175	3.5
2.173	3.5
2.170	3.5
2.167	3.5
2.165	3.5
2.162	3.5
2.159	3.5
2.157	3.5
2.154	3.4
2.151	3.4
2.149	3.5
2.146	3.5
2.143	3.5
2.141	3.5
2.138	3.5
2.135	3.5
2.133	3.5
2.130	3.5
2.127	3.5
2.125	3.5
2.122	3.5
2.119	3.5
2.117	3.5
2.114	3.5
2.111	3.5
2.109	3.5
2.106	3.5
2.103	3.5
2.101	3.5
2.098	3.5
2.095	3.5
2.093	3.5
2.090	3.5
2.087	3.5
2.085	3.5
2.082	3.5
2.079	3.5
2.077	3.5
2.074	3.5
2.071	3.5
2.069	3.5
2.066	3.5
2.063	3.5
2.061	3.5
2.058	3.5
2.055	3.5
2.053	3.5
2.050	3.5
2.047	3.5
2.045	3.5
2.042	3.5
2.039	3.5
2.037	3.5
2.034	3.5
2.031	3.5
2.029	3.5
2.026	3.5
2.023	3.5
2.021	3.5
2.018	3.5
2.015	3.5
2.013	3.5
2.010	3.5
2.007	3.5
2.005	3.5
2.002	3.5
1.999	3.5
1.997	3.5
1.994	3.5
1.991	3.5
1.989	3.5
1.986	3.5
1.983	3.5
1.980	3.5
1.978	3.5
1.975	3.5
1.972	3.5
1.970	3.5
1.967	3.5
1.964	3.5
1.962	3.5
1.959	3.5
1.956	3.5
1.954	3.6
1.951	3.5
1.948	3.5
1.946	3.5
1.943	3.6
1.940	3.5
1.938	3.6
1.935	3.5
1.932	3.5
1.930	3.5
1.927	3.5
1.924	3.5
1.922	3.5
1.919	3.5
1.916	3.5
1.914	3.5
1.911	3.5
1.908	3.5
1.906	3.5
1.903	3.5
1.900	3.6
1.898	3.5
1.895	3.6
1.892	3.6
1.890	3.5
1.887	3.5
1.884	3.5
1.882	3.5
1.879	3.6
1.876	3.5
1.874	3.5
1.871	3.6
1.868	3.6
1.866	3.6
1.863	3.5
1.860	3.5
1.858	3.5
1.855	3.5
1.852	3.5
1.850	3.5
1.847	3.5
1.844	3.5
1.842	3.5
1.839	3.5
1.836	3.5
1.834	3.5
1.831	3.5
1.828	3.5
1.826	3.5
1.823	3.5
1.820	3.5
1.818	3.5
1.815	3.5
1.812	3.5
1.810	3.6
1.807	3.5
1.804	3.5
1.802	3.5
1.799	3.6
1.796	3.6
1.794	3.5
1.791	3.5
1.788	3.6
1.786	3.6
1.783	3.6
1.780	3.6
1.778	3.6
1.775	3.6
1.772	3.7
1.769	3.6
1.767	3.6
1.764	3.6
1.761	3.6
1.759	3.5
1.756	3.5
1.753	3.6
1.751	3.6
1.748	3.7
1.745	3.7
1.743	3.6
1.740	3.6
1.737	3.5
1.735	3.6
1.732	3.5
1.729	3.5
1.727	3.6
1.724	3.5
1.721	3.5
1.719	3.5
1.716	3.5
1.713	3.5
1.711	3.8
1.708	3.7
1.705	3.6
1.703	3.6
1.700	3.5
1.697	3.5
1.695	3.5
1.692	3.5
1.689	3.5
1.687	3.6
1.684	3.6
1.681	3.5
1.679	3.6
1.676	3.6
1.673	3.6
1.671	3.6
1.668	3.6
1.665	3.6
1.663	3.6
1.660	3.6
1.657	3.5
1.655	3.5
1.652	3.6
1.649	3.6
1.647	3.6
1.644	3.6
1.641	3.6
1.639	3.5
1.636	3.5
1.633	3.6
1.631	3.6
1.628	3.6
1.625	3.6
1.623	3.6
1.620	3.7
1.617	3.6
1.615	3.6
1.612	3.6
1.609	3.6
1.607	3.6
1.604	3.6
1.601	3.5
1.599	3.6
1.596	3.6
1.593	3.6
1.591	3.6
1.588	3.6
1.585	3.6
1.582	3.6
1.580	3.6
1.577	3.8
1.574	3.7
1.572	3.6
1.569	3.6
1.566	3.6
1.564	3.6
1.561	3.6
1.558	3.6
1.556	3.6
1.553	3.7
1.550	3.6
1.548	3.6
1.545	3.6
1.542	3.6
1.540	3.6
1.537	3.6
1.534	3.6
1.532	3.6
1.529	3.6
1.526	3.6
1.524	3.6
1.521	3.6
1.518	3.7
1.516	3.7
1.513	3.6
1.510	3.6
1.508	3.6
1.505	3.6
1.502	3.6
1.500	3.6
1.497	3.6
1.494	3.6
1.492	3.6
1.489	3.6
1.486	3.6
1.484	3.6
1.481	3.6
1.478	3.6
1.476	3.6
1.473	3.5
1.470	3.5
1.468	3.6
1.465	3.6
1.462	3.6
1.460	3.6
1.457	3.6
1.454	3.6
1.452	3.6
1.449	3.6
1.446	3.6
1.444	3.6
1.441	3.6
1.438	3.6
1.436	3.6
1.433	3.8
1.430	3.7
1.428	3.6
1.425	3.6
1.422	3.6
1.419	3.6
1.417	3.6
1.414	3.6
1.411	3.6
1.409	3.6
1.406	3.6
1.403	3.6
1.401	3.6
1.398	3.6
1.395	3.5
1.393	3.6
1.390	3.6
1.387	3.6
1.385	3.6
1.382	3.6
1.379	3.6
1.377	3.6
1.374	3.7
1.371	3.7
1.369	4.6
1.366	4.1
1.363	3.8
1.361	3.6
1.358	3.5
1.355	3.6
1.353	3.6
1.350	3.6
1.347	3.5
1.345	3.5
1.342	3.5
1.339	3.5
1.337	3.6
1.334	3.6
1.331	3.5
1.329	3.5
1.326	3.6
1.323	3.5
1.321	3.5
1.318	3.6
1.315	3.6
1.313	3.6
1.310	3.6
1.307	3.6
1.305	3.5
1.302	3.5
1.299	3.6
1.297	3.6
1.294	3.6
1.291	3.6
1.289	3.6
1.286	3.6
1.283	3.6
1.281	3.6
1.278	3.6
1.275	3.6
1.273	3.6
1.270	3.6
1.267	3.6
1.265	3.6
1.262	3.6
1.259	3.6
1.256	3.6
1.254	3.5
1.251	3.5
1.248	3.5
1.246	3.6
1.243	3.6
1.240	3.6
1.238	3.6
1.235	3.6
1.232	3.5
1.230	3.5
1.227	3.6
1.224	3.6
1.222	3.6
1.219	3.5
1.216	3.6
1.214	3.5
1.211	3.5
1.208	3.6
1.206	3.6
1.203	3.6
1.200	3.6
1.198	3.5
1.195	3.5
1.192	3.5
1.190	3.5
1.187	3.5
1.184	3.5
1.182	3.5
1.179	3.5
1.176	3.5
1.174	3.4
1.171	3.5
1.168	3.5
1.166	3.5
1.163	3.5
1.160	3.5
1.158	3.5
1.155	3.5
1.152	3.5
1.150	3.5
1.147	3.6
1.144	3.5
1.142	3.5
1.139	3.5
1.136	3.5
1.134	3.5
1.131	3.5
1.128	3.5
1.126	3.5
1.123	3.5
1.120	3.5
1.118	3.5
1.115	3.5
1.112	3.5
1.109	3.5
1.107	3.5
1.104	3.5
1.101	3.5
1.099	3.4
1.096	3.5
1.093	3.6
1.091	3.6
1.088	3.5
1.085	3.5
1.083	3.5
1.080	3.5
1.077	3.6
1.075	3.6
1.072	3.6
1.069	3.6
1.067	3.6
1.064	3.5
1.061	3.5
1.059	3.5
1.056	3.5
1.053	3.5
1.051	3.5
1.048	3.5
1.045	3.5
1.043	3.5
1.040	3.6
1.037	3.6
1.035	3.6
1.032	3.6
1.029	3.6
1.027	3.5
1.024	3.5
1.021	3.6
1.019	3.6
1.016	3.5
1.013	3.6
1.011	3.5
1.008	3.6
1.005	3.5
1.003	3.5
1.000	3.6
0.997	3.6
0.995	3.6
0.992	3.6
0.989	3.5
0.987	3.5
0.984	3.6
0.981	3.6
0.979	3.6
0.976	3.6
0.973	3.6
0.970	3.6
0.968	3.6
0.965	3.6
0.962	3.6
0.960	3.6
0.957	3.6
0.954	3.6
0.952	3.6
0.949	3.6
0.946	3.6
0.944	3.6
0.941	3.6
0.938	3.6
0.936	3.5
0.933	3.6
0.930	3.6
0.928	3.6
0.925	3.5
0.922	3.6
0.920	3.5
0.917	3.5
0.914	3.6
0.912	3.6
0.909	3.6
0.906	3.6
0.904	3.6
0.901	3.6
0.898	3.5
0.896	3.5
0.893	3.5
0.890	3.6
0.888	3.6
0.885	3.6
0.882	3.6
0.880	3.6
0.877	3.6
0.874	3.5
0.872	3.6
0.869	3.6
0.866	3.6
0.864	3.6
0.861	3.6
0.858	3.6
0.856	3.6
0.853	3.6
0.850	3.6
0.848	3.6
0.845	3.6
0.842	3.6
0.840	3.6
0.837	3.6
0.834	3.6
0.831	3.6
0.829	3.6
0.826	3.6
0.823	3.6
0.821	3.6
0.818	3.6
0.815	3.6
0.813	3.6
0.810	3.6
0.807	3.6
0.805	3.6
0.802	3.6
0.799	3.6
0.797	3.6
0.794	3.6
0.791	3.6
0.789	3.6
0.786	3.6
0.783	3.6
0.781	3.6
0.778	3.6
0.775	3.6
0.773	3.6
0.770	3.6
0.767	3.6
0.765	3.6
0.762	3.6
0.759	3.6
0.757	3.6
0.754	3.6
0.751	3.6
0.749	3.7
0.746	3.7
0.743	3.6
0.741	3.6
0.738	3.7
0.735	3.6
0.733	3.6
0.730	3.6
0.727	3.6
0.725	3.6
0.722	3.6
0.719	3.6
0.717	3.6
0.714	3.6
0.711	3.6
0.709	3.6
0.706	3.6
0.703	3.6
0.701	3.6
0.698	3.6
0.695	3.7
0.692	3.6
0.690	3.6
0.687	3.6
0.684	3.6
0.682	3.6
0.679	3.6
0.676	3.6
0.674	3.6
0.671	3.6
0.668	3.6
0.666	3.6
0.663	3.6
0.660	3.6
0.658	3.6
0.655	3.6
0.652	3.6
0.650	3.6
0.647	3.6
0.644	3.6
0.642	3.6
0.639	3.6
0.636	3.6
0.634	3.6
0.631	3.6
0.628	3.6
0.626	3.6
0.623	3.6
0.620	3.6
0.618	3.6
0.615	3.6
0.612	3.6
0.610	3.6
0.607	3.6
0.604	3.6
0.602	3.6
0.599	3.6
0.596	3.6
0.594	3.6
0.591	3.6
0.588	3.6
0.586	3.6
0.583	3.6
0.580	3.6
0.578	3.6
0.575	3.6
0.572	3.6
0.570	3.6
0.567	3.6
0.564	3.6
0.561	3.6
0.559	3.6
0.556	3.6
0.553	3.6
0.551	3.6
0.548	3.6
0.545	3.6
0.543	3.6
0.540	3.6
0.537	3.6
0.535	3.6
0.532	3.6
0.529	3.6
0.527	3.6
0.524	3.6
0.521	3.6
0.519	3.6
0.516	3.6
0.513	3.7
0.511	3.7
0.508	3.6
0.505	3.7
0.503	3.7
0.500	3.6
0.497	3.7
0.495	3.6
0.492	3.6
0.489	3.6
0.487	3.7
0.484	3.7
0.481	3.7
0.479	3.7
0.476	3.6
0.473	3.6
0.471	3.6
0.468	3.6
0.465	3.6
0.463	3.6
0.460	3.6
0.457	3.6
0.455	3.6
0.452	3.6
0.449	3.6
0.447	3.6
0.444	3.6
0.441	3.6
0.438	3.6
0.436	3.6
0.433	3.6
0.430	3.6
0.428	3.6
0.425	3.7
0.422	3.7
0.420	3.6
0.417	3.6
0.414	3.6
0.412	3.6
0.409	3.6
0.406	3.6
0.404	3.6
0.401	3.6
0.398	3.6
0.396	3.6
0.393	3.6
0.390	3.6
0.388	3.7
0.385	3.7
0.382	3.6
0.380	3.6
0.377	3.7
0.374	3.6
0.372	3.6
0.369	3.6
0.366	3.7
0.364	3.6
0.361	3.6
0.358	3.6
0.356	3.6
0.353	3.6
0.350	3.7
0.348	3.7
0.345	3.6
0.342	3.6
0.340	3.6
0.337	3.7
0.334	3.7
0.332	3.6
0.329	3.7
0.326	3.6
0.324	3.6
0.321	3.6
0.318	3.6
0.316	3.6
0.313	3.6
0.310	3.6
0.307	3.6
0.305	3.6
0.302	3.6
0.299	3.6
0.297	3.6
0.294	3.6
0.291	3.6
0.289	3.6
0.286	3.6
0.283	3.6
0.281	3.7
0.278	3.7
0.275	3.6
0.273	3.6
0.270	3.7
0.267	3.6
0.265	3.6
0.262	3.6
0.259	3.7
0.257	3.6
0.254	3.7
0.251	3.7
0.249	3.7
0.246	3.7
0.243	3.7
0.241	3.7
0.238	3.7
0.235	3.6
0.233	3.7
0.230	3.6
0.227	3.7
0.225	3.7
0.222	3.6
0.219	3.6
0.217	3.7
0.214	3.7
0.211	3.7
0.209	3.7
0.206	3.7
0.203	3.7
0.201	3.7
0.198	3.7
0.195	3.7
0.193	3.7
0.190	3.7
0.187	3.7
0.184	3.7
0.182	3.7
0.179	3.7
0.176	3.7
0.174	3.7
0.171	3.7
0.168	3.7
0.166	3.7
0.163	3.7
0.160	3.7
0.158	3.8
0.155	3.8
0.152	3.8
0.150	3.8
0.147	3.8
0.144	3.8
0.142	3.8
0.139	3.8
0.136	3.8
0.134	3.8
0.131	3.8
0.128	3.8
0.126	3.8
0.123	3.8
0.120	3.8
0.118	3.8
0.115	3.8
0.112	3.8
0.110	3.9
0.107	3.9
0.104	3.9
0.102	3.9
0.099	3.9
0.096	3.9
0.094	3.9
0.091	3.9
0.088	4.0
0.086	4.0
0.083	4.0
0.080	4.0
0.078	4.1
0.075	4.1
0.072	4.1
0.070	4.1
0.067	4.1
0.064	4.1
0.061	4.3
0.059	4.4
0.056	4.7
0.053	5.4
0.051	8.0
0.048	14.8
0.045	23.2
0.043	27.8
0.040	29.7
0.037	30.5
0.035	27.1
0.032	20.9
0.029	15.6
0.027	12.7
0.024	13.3
0.021	22.5
0.019	46.7
0.016	65.6
0.013	77.3
0.011	83.2
0.008	86.0
0.005	82.7
0.003	65.4
0.000	37.0
-0.003	25.2
-0.005	17.1
-0.008	12.0
-0.011	9.0
-0.013	7.3
-0.016	6.2
-0.019	5.5
-0.021	5.1
-0.024	4.9
-0.027	4.6
-0.029	4.6
-0.032	4.4
-0.035	4.4
-0.037	4.3
-0.040	4.3
-0.043	4.2
-0.045	4.2
-0.048	4.2
-0.051	4.1
-0.053	4.1
-0.056	4.1
-0.059	4.1
-0.061	4.1
-0.064	4.1
-0.067	4.0
-0.070	4.0
-0.072	4.0
-0.075	4.0
-0.078	4.0
-0.080	3.9
-0.083	3.9
-0.086	3.9
-0.088	3.9
-0.091	3.9
-0.094	3.9
-0.096	3.9
-0.099	3.8
-0.102	3.8
-0.104	3.8
-0.107	3.8
-0.110	3.8
-0.112	3.7
-0.115	3.8
-0.118	3.8
-0.120	3.8
-0.123	3.8
-0.126	3.8
-0.128	3.7
-0.131	3.8
-0.134	3.8
-0.136	3.8
-0.139	3.8
-0.142	3.7
-0.144	3.7
-0.147	3.7
-0.150	3.7
-0.152	3.7
-0.155	3.7
-0.158	3.7
-0.160	3.7
-0.163	3.7
-0.166	3.7
-0.168	3.7
-0.171	3.7
-0.174	3.7
-0.176	3.7
-0.179	3.7
-0.182	3.7
-0.184	3.7
-0.187	3.7
-0.190	3.7
-0.193	3.7
-0.195	3.7
-0.198	3.7
-0.201	3.7
-0.203	3.7
-0.206	3.7
-0.209	3.7
-0.211	3.7
-0.214	3.7
-0.217	3.7
-0.219	3.6
-0.222	3.7
-0.225	3.7
-0.227	3.7
-0.230	3.7
-0.233	3.7
-0.235	3.7
-0.238	3.7
-0.241	3.7
-0.243	3.7
-0.246	3.7
-0.249	3.7
-0.251	3.7
-0.254	3.7
-0.257	3.6
-0.259	3.6
-0.262	3.7
-0.265	3.7
-0.267	3.7
-0.270	3.7
-0.273	3.6
-0.275	3.6
-0.278	3.6
-0.281	3.7
-0.283	3.7
-0.286	3.7
-0.289	3.7
-0.291	3.7
-0.294	3.7
-0.297	3.6
-0.299	3.6
-0.302	3.7
-0.305	3.6
-0.307	3.6
-0.310	3.6
-0.313	3.6
-0.316	3.6
-0.318	3.6
-0.321	3.7
-0.324	3.7
-0.326	3.6
-0.329	3.6
-0.332	3.6
-0.334	3.6
-0.337	3.6
-0.340	3.7
-0.342	3.8
-0.345	3.7
-0.348	3.6
-0.350	3.6
-0.353	3.6
-0.356	3.6
-0.358	3.6
-0.361	3.6
-0.364	3.6
-0.366	3.6
-0.369	3.6
-0.372	3.6
-0.374	3.6
-0.377	3.6
-0.380	3.6
-0.382	3.6
-0.385	3.6
-0.388	3.6
-0.390	3.6
-0.393	3.6
-0.396	3.6
-0.398	3.6
-0.401	3.7
-0.404	3.7
-0.406	3.6
-0.409	3.6
-0.412	3.6
-0.414	3.6
-0.417	3.6
-0.420	3.6
-0.422	3.6
-0.425	3.6
-0.428	3.6
-0.430	3.6
-0.433	3.6
-0.436	3.6
-0.438	3.6
-0.441	3.6
-0.444	3.5
-0.447	3.6
-0.449	3.6
-0.452	3.6
-0.455	3.6
-0.457	3.6
-0.460	3.7
-0.463	3.7
-0.465	3.7
-0.468	3.7
-0.471	3.7
-0.473	3.7
-0.476	3.7
-0.479	3.7
-0.481	3.6
-0.484	3.7
-0.487	3.7
-0.489	3.7
-0.492	3.7
-0.495	3.7
-0.497	3.6
-0.500	3.6
-0.503	3.6
-0.505	3.7
-0.508	3.7
-0.511	3.6
-0.513	3.6
-0.516	3.6
-0.519	3.6
-0.521	3.7
-0.524	3.7
-0.527	3.7
-0.529	3.6
-0.532	3.6
-0.535	3.6
-0.537	3.6
-0.540	3.6
-0.543	3.6
-0.545	3.6
-0.548	3.6
-0.551	3.6
-0.553	3.6
-0.556	3.6
-0.559	3.6
-0.561	3.6
-0.564	3.6
-0.567	3.6
-0.570	3.6
-0.572	3.6
-0.575	3.6
-0.578	3.6
-0.580	3.6
-0.583	3.6
-0.586	3.6
-0.588	3.6
-0.591	3.6
-0.594	3.6
-0.596	3.6
-0.599	3.6
-0.602	3.6
-0.604	3.6
-0.607	3.6
-0.610	3.6
-0.612	3.6
-0.615	3.6
-0.618	3.6
-0.620	3.6
-0.623	3.6
-0.626	3.6
-0.628	3.6
-0.631	3.6
-0.634	3.6
-0.636	3.6
-0.639	3.7
-0.642	3.6
-0.644	3.6
-0.647	3.6
-0.650	3.6
-0.652	3.6
-0.655	3.7
-0.658	3.7
-0.660	3.7
-0.663	3.6
-0.666	3.6
-0.668	3.6
-0.671	3.6
-0.674	3.6
-0.676	3.6
-0.679	3.6
-0.682	3.6
-0.684	3.6
-0.687	3.6
-0.690	3.6
-0.692	3.6
-0.695	3.6
-0.698	3.6
-0.701	3.5
-0.703	3.6
-0.706	3.6
-0.709	3.6
-0.711	3.6
-0.714	3.6
-0.717	3.6
-0.719	3.6
-0.722	3.6
-0.725	3.7
-0.727	3.6
-0.730	3.6
-0.733	3.6
-0.735	3.6
-0.738	3.6
-0.741	3.6
-0.743	3.6
-0.746	3.6
-0.749	3.6
-0.751	3.7
-0.754	3.6
-0.757	3.6
-0.759	3.6
-0.762	3.6
-0.765	3.6
-0.767	3.6
-0.770	3.6
-0.773	3.6
-0.775	3.5
-0.778	3.6
-0.781	3.6
-0.783	3.6
-0.786	3.6
-0.789	3.6
-0.791	3.6
-0.794	3.6
-0.797	3.6
-0.799	3.6
-0.802	3.6
-0.805	3.6
-0.807	3.6
-0.810	3.6
-0.813	3.6
-0.815	3.6
-0.818	3.6
-0.821	3.6
-0.823	3.6
-0.826	3.6
-0.829	3.6
-0.831	3.6
-0.834	3.5
-0.837	3.6
-0.840	3.6
-0.842	3.6
-0.845	3.6
-0.848	3.6
-0.850	3.5
-0.853	3.6
-0.856	3.6
-0.858	3.6
-0.861	3.6
-0.864	3.6
-0.866	3.6
-0.869	3.6
-0.872	3.6
-0.874	3.6
-0.877	3.6
-0.880	3.6
-0.882	3.5
-0.885	3.5
-0.888	3.5
-0.890	3.6
-0.893	3.6
-0.896	3.6
-0.898	3.6
-0.901	3.6
-0.904	3.6
-0.906	3.6
-0.909	3.6
-0.912	3.6
-0.914	3.6
-0.917	3.6
-0.920	3.6
-0.922	3.6
-0.925	3.6
-0.928	3.6
-0.930	3.6
-0.933	3.6
-0.936	3.6
-0.938	3.6
-0.941	3.6
-0.944	3.6
-0.946	3.5
-0.949	3.6
-0.952	3.6
-0.954	3.6
-0.957	3.6
-0.960	3.6
-0.962	3.6
-0.965	3.6
-0.968	3.6
-0.970	3.6
-0.973	3.6
-0.976	3.6
-0.979	3.6
-0.981	3.6
-0.984	3.6
-0.987	3.6
-0.989	3.5
-0.992	3.6
-0.995	3.6
-0.997	3.5
-1.000	3.5
-1.003	3.6
-1.005	3.6
-1.008	3.6
-1.011	3.6
-1.013	3.6
-1.016	3.5
-1.019	3.5
-1.021	3.7
-1.024	3.6
-1.027	3.6
-1.029	3.6
-1.032	3.6
-1.035	3.6
-1.037	3.5
-1.040	3.5
-1.043	3.5
-1.045	3.6
-1.048	3.6
-1.051	3.6
-1.053	3.6
-1.056	3.6
-1.059	3.5
-1.061	3.6
-1.064	3.6
-1.067	3.6
-1.069	3.6
-1.072	3.6
-1.075	3.6
-1.077	3.6
-1.080	3.6
-1.083	3.6
-1.085	3.6
-1.088	3.6
-1.091	3.5
-1.093	3.6
-1.096	3.5
-1.099	3.6
-1.101	3.6
-1.104	3.6
-1.107	3.5
-1.109	3.5
-1.112	3.5
-1.115	3.6
-1.118	3.6
-1.120	3.6
-1.123	3.6
-1.126	3.6
-1.128	3.6
-1.131	3.6
-1.134	3.6
-1.136	3.6
-1.139	3.6
-1.142	3.6
-1.144	3.5
-1.147	3.5
-1.150	3.6
-1.152	3.6
-1.155	3.6
-1.158	3.6
-1.160	3.6
-1.163	3.6
-1.166	3.5
-1.168	3.6
-1.171	3.6
-1.174	3.6
-1.176	3.5
-1.179	3.6
-1.182	3.5
-1.184	3.6
-1.187	3.6
-1.190	3.6
-1.192	3.5
-1.195	3.5
-1.198	3.6
-1.200	3.6
-1.203	3.5
-1.206	3.5
-1.208	3.5
-1.211	3.5
-1.214	3.5
-1.216	3.6
-1.219	3.6
-1.222	3.6
-1.224	3.6
-1.227	3.6
-1.230	3.7
-1.232	3.7
-1.235	3.6
-1.238	3.6
-1.240	3.6
-1.243	3.6
-1.246	3.6
-1.248	3.6
-1.251	3.6
-1.254	3.6
-1.256	3.6
-1.259	3.6
-1.262	3.6
-1.265	3.6
-1.267	3.6
-1.270	3.6
-1.273	3.6
-1.275	3.6
-1.278	3.6
-1.281	3.6
-1.283	3.6
-1.286	3.6
-1.289	3.6
-1.291	3.6
-1.294	3.6
-1.297	3.6
-1.299	3.6
-1.302	3.6
-1.305	3.6
-1.307	3.6
-1.310	3.6
-1.313	3.6
-1.315	3.5
-1.318	3.5
-1.321	3.6
-1.323	3.6
-1.326	3.5
-1.329	3.6
-1.331	3.6
-1.334	3.6
-1.337	3.6
-1.339	3.6
-1.342	3.6
-1.345	3.6
-1.347	3.5
-1.350	3.5
-1.353	3.6
-1.355	3.6
-1.358	3.5
-1.361	3.5
-1.363	3.5
-1.366	3.6
-1.369	4.2
-1.371	3.9
-1.374	3.7
-1.377	3.7
-1.379	3.6
-1.382	3.6
-1.385	3.6
-1.387	3.5
-1.390	3.5
-1.393	3.5
-1.395	3.6
-1.398	3.5
-1.401	3.5
-1.403	3.5
-1.406	3.5
-1.409	3.5
-1.411	3.5
-1.414	3.6
-1.417	3.5
-1.419	3.5
-1.422	3.5
-1.425	3.5
-1.428	3.5
-1.430	3.5
-1.433	3.5
-1.436	3.5
-1.438	3.5
-1.441	3.5
-1.444	3.5
-1.446	3.5
-1.449	3.5
-1.452	3.6
-1.454	3.5
-1.457	3.5
-1.460	3.5
-1.462	3.5
-1.465	3.5
-1.468	3.5
-1.470	3.6
-1.473	3.6
-1.476	3.5
-1.478	3.5
-1.481	3.5
-1.484	3.5
-1.486	3.5
-1.489	3.5
-1.492	3.6
-1.494	3.5
-1.497	3.5
-1.500	3.5
-1.502	3.6
-1.505	3.6
-1.508	3.6
-1.510	3.6
-1.513	3.5
-1.516	3.5
-1.518	3.5
-1.521	3.5
-1.524	3.5
-1.526	3.6
-1.529	3.5
-1.532	3.5
-1.534	3.5
-1.537	3.5
-1.540	3.5
-1.542	3.5
-1.545	3.5
-1.548	3.5
-1.550	3.5
-1.553	3.5
-1.556	3.5
-1.558	3.5
-1.561	3.5
-1.564	3.5
-1.566	3.5
-1.569	3.5
-1.572	3.5
-1.574	3.5
-1.577	3.5
-1.580	3.5
-1.582	3.5
-1.585	3.5
-1.588	3.5
-1.591	3.5
-1.593	3.5
-1.596	3.5
-1.599	3.5
-1.601	3.5
-1.604	3.5
-1.607	3.5
-1.609	3.5
-1.612	3.5
-1.615	3.4
-1.617	3.5
-1.620	3.5
-1.623	3.5
-1.625	3.5
-1.628	3.5
-1.631	3.5
-1.633	3.5
-1.636	3.5
-1.639	3.5
-1.641	3.5
-1.644	3.5
-1.647	3.5
-1.649	3.5
-1.652	3.5
-1.655	3.5
-1.657	3.5
-1.660	3.5
-1.663	3.5
-1.665	3.5
-1.668	3.5
-1.671	3.5
-1.673	3.5
-1.676	3.5
-1.679	3.5
-1.681	3.5
-1.684	3.5
-1.687	3.5
-1.689	3.5
-1.692	3.5
-1.695	3.5
-1.697	3.5
-1.700	3.5
-1.703	3.5
-1.705	3.4
-1.708	3.5
-1.711	3.5
-1.713	3.5
-1.716	3.5
-1.719	3.5
-1.721	3.5
-1.724	3.5
-1.727	3.5
-1.729	3.5
-1.732	3.5
-1.735	3.5
-1.737	3.5
-1.740	3.5
-1.743	3.5
-1.745	3.5
-1.748	3.5
-1.751	3.5
-1.753	3.5
-1.756	3.5
-1.759	3.5
-1.761	3.5
-1.764	3.5
-1.767	3.5
-1.769	3.5
-1.772	3.5
-1.775	3.5
-1.778	3.5
-1.780	3.5
-1.783	3.5
-1.786	3.5
-1.788	3.5
-1.791	3.5
-1.794	3.5
-1.796	3.5
-1.799	3.5
-1.802	3.5
-1.804	3.5
-1.807	3.5
-1.810	3.5
-1.812	3.5
-1.815	3.5
-1.818	3.5
-1.820	3.5
-1.823	3.5
-1.826	3.5
-1.828	3.5
-1.831	3.5
-1.834	3.5
-1.836	3.5
-1.839	3.5
-1.842	3.5
-1.844	3.5
-1.847	3.5
-1.850	3.5
-1.852	3.5
-1.855	3.5
-1.858	3.5
-1.860	3.5
-1.863	3.5
-1.866	3.5
-1.868	3.5
-1.871	3.5
-1.874	3.5
-1.876	3.5
-1.879	3.5
-1.882	3.5
-1.884	3.5
-1.887	3.5
-1.890	3.6
-1.892	3.5
-1.895	3.5
-1.898	3.5
-1.900	3.5
-1.903	3.5
-1.906	3.5
-1.908	3.5
-1.911	3.5
-1.914	3.5
-1.916	3.5
-1.919	3.5
-1.922	3.5
-1.924	3.5
-1.927	3.5
-1.930	3.5
-1.932	3.5
-1.935	3.5
-1.938	3.5
-1.940	3.5
-1.943	3.5
-1.946	3.5
-1.948	3.5
-1.951	3.5
-1.954	3.5
-1.956	3.5
-1.959	3.5
-1.962	3.5
-1.964	3.5
-1.967	3.5
-1.970	3.5
-1.972	3.5
-1.975	3.5
-1.978	3.5
-1.980	3.5
-1.983	3.6
-1.986	3.6
-1.989	3.5
-1.991	3.5
-1.994	3.5
-1.997	3.5
-1.999	3.5
-2.002	3.5
-2.005	3.5
-2.007	3.5
-2.010	3.5
-2.013	3.5
-2.015	3.5
-2.018	3.5
-2.021	3.5
-2.023	3.5
-2.026	3.5
-2.029	3.5
-2.031	3.5
-2.034	3.5
-2.037	3.5
-2.039	3.5
-2.042	3.5
-2.045	3.5
-2.047	3.5
-2.050	3.5
-2.053	3.5
-2.055	3.5
-2.058	3.5
-2.061	3.5
-2.063	3.5
-2.066	3.5
-2.069	3.5
-2.071	3.5
-2.074	3.5
-2.077	3.5
-2.079	3.5
-2.082	3.5
-2.085	3.5
-2.087	3.5
-2.090	3.5
-2.093	3.5
-2.095	3.5
-2.098	3.5
-2.101	3.5
-2.103	3.5
-2.106	3.5
-2.109	3.5
-2.111	3.5
-2.114	3.5
-2.117	3.5
-2.119	3.5
-2.122	3.5
-2.125	3.5
-2.127	3.5
-2.130	3.5
-2.133	3.5
-2.135	3.5
-2.138	3.5
-2.141	3.5
-2.143	3.5
-2.146	3.5
-2.149	3.5
-2.151	3.5
-2.154	3.5
-2.157	3.5
-2.159	3.5
-2.162	3.5
-2.165	3.5
-2.167	3.6
-2.170	3.6
-2.173	3.6
-2.175	3.5
-2.178	3.5
-2.181	3.5
-2.183	3.6
-2.186	3.5
-2.189	3.5
-2.191	3.5
-2.194	3.5
-2.197	3.5
-2.199	3.5
-2.202	3.5
-2.205	3.5
-2.207	3.5
-2.210	3.5
-2.213	3.5
-2.215	3.5
-2.218	3.5
-2.221	3.5
-2.223	3.5
-2.226	3.5
-2.229	3.5
-2.231	3.5
-2.234	3.5
-2.237	3.5
-2.240	3.5
-2.242	3.5
-2.245	3.5
-2.248	3.5
-2.250	3.5
-2.253	3.5
-2.256	3.5
-2.258	3.5
-2.261	3.5
-2.264	3.5
-2.266	3.5
-2.269	3.5
-2.272	3.5
-2.274	3.5
-2.277	3.5
-2.280	3.5
-2.282	3.5
-2.285	3.5
-2.288	3.5
-2.290	3.5
-2.293	3.5
-2.296	3.5
-2.298	3.5
-2.301	3.5
-2.304	3.5
-2.306	3.5
-2.309	3.5
-2.312	3.5
-2.314	3.5
-2.317	3.5
-2.320	3.5
-2.322	3.5
-2.325	3.5
-2.328	3.5
-2.330	3.6
-2.333	3.6
-2.336	3.5
-2.338	3.5
-2.341	3.5
-2.344	3.5
-2.346	3.5
-2.349	3.5
-2.352	3.5
-2.354	3.5
-2.357	3.5
-2.360	3.5
-2.362	3.5
-2.365	3.5
-2.368	3.5
-2.370	3.5
-2.373	3.5
-2.376	3.5
-2.378	3.5
-2.381	3.5
-2.384	3.5
-2.386	3.5
-2.389	3.5
-2.392	3.5
-2.394	3.5
-2.397	3.5
-2.400	3.5
-2.402	3.5
-2.405	3.6
-2.408	3.5
-2.410	3.5
-2.413	3.5
-2.416	3.5
-2.418	3.5
-2.421	3.5
-2.424	3.5
-2.426	3.5
-2.429	3.5
-2.432	3.5
-2.434	3.5
-2.437	3.5
-2.440	3.5
-2.442	3.5
-2.445	3.5
-2.448	3.5
-2.450	3.5
-2.453	3.5
-2.456	3.5
-2.458	3.5
-2.461	3.5
-2.464	3.5
-2.466	3.5
-2.469	3.5
-2.472	3.5
-2.474	3.5
-2.477	3.5
-2.480	3.6
-2.482	3.5
-2.485	3.5
-2.488	3.5
-2.490	3.5
-2.493	3.5
-2.496	3.5
-2.498	3.5
-2.501	3.5
-2.504	3.5
-2.506	3.5
-2.509	3.5
-2.512	3.5
-2.514	3.5
-2.517	3.5
-2.520	3.5
-2.522	3.5
-2.525	3.5
-2.528	3.5
-2.530	3.5
-2.533	3.5
-2.536	3.5
-2.538	3.5
-2.541	3.5
-2.544	3.5
-2.546	3.5
-2.549	3.5
-2.552	3.5
-2.554	3.5
-2.557	3.5
-2.560	3.5
-2.562	3.5
-2.565	3.5
-2.568	3.5
-2.570	3.5
-2.573	3.5
-2.576	3.5
-2.578	3.5
-2.581	3.5
-2.584	3.5
-2.586	3.5
-2.589	3.5
-2.592	3.5
-2.594	3.5
-2.597	3.5
-2.600	3.5
-2.602	3.5
-2.605	3.5
-2.608	3.5
-2.610	3.5
-2.613	3.5
-2.616	3.5
-2.619	3.5
-2.621	3.5
-2.624	3.5
-2.627	3.5
-2.629	3.5
-2.632	3.5
-2.635	3.5
-2.637	3.5
-2.640	3.6
-2.643	3.6
-2.645	3.6
-2.648	3.6
-2.651	3.6
-2.653	3.6
-2.656	3.6
-2.659	3.5
-2.661	3.6
-2.664	3.6
-2.667	3.5
-2.669	3.5
-2.672	3.5
-2.675	3.5
-2.677	3.5
-2.680	3.5
-2.683	3.5
-2.685	3.5
-2.688	3.5
-2.691	3.6
-2.693	3.5
-2.696	3.5
-2.699	3.5
-2.701	3.5
-2.704	3.5
-2.707	3.5
-2.709	3.5
-2.712	3.5
-2.715	3.5
-2.717	3.5
-2.720	3.6
-2.723	3.5
-2.725	3.5
-2.728	3.5
-2.731	3.5
-2.733	3.5
