-0.05	0
-0.049962643678160924	0
-0.04992528735632184	0
-0.04988793103448276	0
-0.04985057471264368	0
-0.0498132183908046	0
-0.04977586206896552	0
-0.04973850574712644	0
-0.04970114942528736	0
-0.049663793103448275	0
-0.0496264367816092	0
-0.04958908045977012	0
-0.04955172413793104	0
-0.049514367816091955	0
-0.049477011494252876	0
-0.0494396551724138	0
-0.04940229885057471	0
-0.049364942528735634	0
-0.049327586206896555	0
-0.04929022988505748	0
-0.04925287356321839	0
-0.04921551724137931	0
-0.049178160919540234	0
-0.04914080459770115	0
-0.04910344827586207	0
-0.04906609195402299	0
-0.04902873563218391	0
-0.04899137931034483	0
-0.04895402298850575	0
-0.04891666666666667	0
-0.04887931034482759	0
-0.04884195402298851	0
-0.04880459770114943	0
-0.04876724137931035	0
-0.048729885057471264	0
-0.048692528735632186	0
-0.04865517241379311	0
-0.04861781609195403	0
-0.048580459770114943	0
-0.048543103448275865	0
-0.048505747126436786	0
-0.0484683908045977	0
-0.04843103448275862	0
-0.048393678160919544	0
-0.048356321839080466	0
-0.04831896551724138	0
-0.0482816091954023	0
-0.04824425287356322	0
-0.04820689655172414	0
-0.04816954022988506	0
-0.04813218390804598	0
-0.0480948275862069	0
-0.04805747126436782	0
-0.04802011494252874	0
-0.04798275862068966	0
-0.047945402298850574	0
-0.047908045977011496	0
-0.04787068965517242	0
-0.04783333333333334	0
-0.04779597701149425	0
-0.047758620689655175	0
-0.047721264367816096	0
-0.04768390804597701	0
-0.04764655172413793	0
-0.047609195402298854	0
-0.047571839080459775	0
-0.04753448275862069	0
-0.04749712643678161	0
-0.04745977011494253	0
-0.04742241379310345	0
-0.04738505747126437	0
-0.04734770114942529	0
-0.04731034482758621	0
-0.04727298850574713	0
-0.04723563218390805	0
-0.04719827586206897	0
-0.047160919540229884	0
-0.047123563218390806	0
-0.04708620689655173	0
-0.04704885057471265	0
-0.04701149425287356	0
-0.046974137931034485	0
-0.046936781609195406	0
-0.04689942528735633	0
-0.04686206896551724	0
-0.046824712643678164	0
-0.046787356321839085	0
-0.04675	0
-0.04671264367816092	0
-0.04667528735632184	0
-0.04663793103448276	0
-0.04660057471264368	0
-0.0465632183908046	0
-0.04652586206896552	0
-0.046488505747126437	0
-0.04645114942528736	0
-0.04641379310344828	0
-0.0463764367816092	0
-0.046339080459770116	0
-0.04630172413793104	0
-0.04626436781609196	0
-0.04622701149425287	0
-0.046189655172413795	0
-0.046152298850574716	0
-0.04611494252873564	0
-0.04607758620689655	0
-0.046040229885057474	0
-0.046002873563218395	0
-0.04596551724137931	0
-0.04592816091954023	0
-0.04589080459770115	0
-0.045853448275862074	0
-0.04581609195402299	0
-0.04577873563218391	0
-0.04574137931034483	0
-0.045704022988505746	0
-0.04566666666666667	0
-0.04562931034482759	0
-0.04559195402298851	0
-0.045554597701149425	0
-0.04551724137931035	0
-0.04547988505747127	0
-0.04544252873563219	0
-0.045405172413793105	0
-0.045367816091954026	0
-0.04533045977011495	0
-0.04529310344827586	0
-0.045255747126436784	0
-0.045218390804597705	0
-0.04518103448275862	0
-0.04514367816091954	0
-0.04510632183908046	0
-0.045068965517241384	0
-0.0450316091954023	0
-0.04499425287356322	0
-0.04495689655172414	0
-0.04491954022988506	0
-0.04488218390804598	0
-0.0448448275862069	0
-0.04480747126436782	0
-0.044770114942528735	0
-0.04473275862068966	0
-0.04469540229885058	0
-0.04465804597701149	0
-0.044620689655172414	0
-0.044583333333333336	0
-0.04454597701149426	0
-0.04450862068965517	0
-0.044471264367816093	0
-0.044433908045977015	0
-0.044396551724137936	0
-0.04435919540229885	0
-0.04432183908045977	0
-0.044284482758620694	0
-0.04424712643678161	0
-0.04420977011494253	0
-0.04417241379310345	0
-0.044135057471264366	0
-0.04409770114942529	0
-0.04406034482758621	0
-0.04402298850574713	0
-0.043985632183908045	0
-0.04394827586206897	0
-0.04391091954022989	0
-0.04387356321839081	0
-0.043836206896551724	0
-0.043798850574712646	0
-0.04376149425287357	0
-0.04372413793103448	0
-0.0436867816091954	0
-0.043649425287356325	0
-0.043612068965517246	0
-0.04357471264367816	0
-0.04353735632183908	0
-0.043500000000000004	0
-0.043462643678160925	0
-0.04342528735632184	0
-0.04338793103448276	0
-0.04335057471264368	0
-0.0433132183908046	0
-0.04327586206896552	0
-0.04323850574712644	0
-0.043201149425287355	0
-0.04316379310344828	0
-0.0431264367816092	0
-0.04308908045977012	0
-0.043051724137931034	0
-0.043014367816091956	0
-0.04297701149425288	0
-0.0429396551724138	0
-0.04290229885057471	0
-0.042864942528735635	0
-0.042827586206896556	0
-0.04279022988505747	0
-0.04275287356321839	0
-0.042715517241379314	0
-0.04267816091954023	0
-0.04264080459770115	0
-0.04260344827586207	0
-0.04256609195402299	0
-0.04252873563218391	0
-0.04249137931034483	0
-0.04245402298850575	0
-0.04241666666666667	0
-0.042379310344827587	0
-0.04234195402298851	0
-0.04230459770114943	0
-0.042267241379310344	0
-0.042229885057471266	0
-0.04219252873563219	0
-0.0421551724137931	0
-0.04211781609195402	0
-0.042080459770114945	0
-0.042043103448275866	0
-0.04200574712643679	0
-0.0419683908045977	0
-0.041931034482758624	0
-0.041893678160919545	0
-0.04185632183908046	0
-0.04181896551724138	0
-0.0417816091954023	0
-0.04174425287356322	0
-0.04170689655172414	0
-0.04166954022988506	0
-0.041632183908045975	0
-0.041594827586206896	0
-0.04155747126436782	0
-0.04152011494252874	0
-0.04148275862068966	0
-0.041445402298850575	0
-0.0414080459770115	0
-0.04137068965517242	0
-0.04133333333333333	0
-0.041295977011494255	0
-0.041258620689655176	0
-0.04122126436781609	0
-0.04118390804597701	0
-0.041146551724137934	0
-0.04110919540229885	0
-0.04107183908045977	0
-0.04103448275862069	0
-0.04099712643678161	0
-0.040959770114942534	0
-0.04092241379310345	0
-0.04088505747126437	0
-0.04084770114942529	0
-0.040810344827586206	0
-0.04077298850574713	0
-0.04073563218390805	0
-0.040698275862068964	0
-0.040660919540229885	0
-0.04062356321839081	0
-0.04058620689655173	0
-0.04054885057471264	0
-0.040511494252873564	0
-0.040474137931034486	0
-0.04043678160919541	0
-0.04039942528735632	0
-0.040362068965517243	0
-0.040324712643678165	0
-0.04028735632183908	0
-0.04025	0
-0.04021264367816092	0
-0.04017528735632184	0
-0.04013793103448276	0
-0.04010057471264368	0
-0.0400632183908046	0
-0.04002586206896552	0
-0.03998850574712644	0
-0.03995114942528736	0
-0.03991379310344828	0
-0.039876436781609195	0
-0.03983908045977012	0
-0.03980172413793104	0
-0.03976436781609195	0
-0.039727011494252874	0
-0.039689655172413796	0
-0.03965229885057471	0
-0.03961494252873563	0
-0.03957758620689655	0
-0.039540229885057475	0
-0.039502873563218396	0
-0.03946551724137931	0
-0.03942816091954023	0
-0.039390804597701154	0
-0.03935344827586207	0
-0.03931609195402299	0
-0.03927873563218391	0
-0.039241379310344826	0
-0.03920402298850575	0
-0.03916666666666667	0
-0.039129310344827584	0
-0.039091954022988505	0
-0.03905459770114943	0
-0.03901724137931035	0
-0.03897988505747127	0
-0.038942528735632184	0
-0.038905172413793106	0
-0.03886781609195403	0
-0.03883045977011494	0
-0.03879310344827586	0
-0.038755747126436785	0
-0.0387183908045977	0
-0.03868103448275862	0
-0.03864367816091954	0
-0.03860632183908046	0
-0.03856896551724138	0
-0.0385316091954023	0
-0.03849425287356322	0
-0.03845689655172414	0
-0.03841954022988506	0
-0.03838218390804598	0
-0.0383448275862069	0
-0.038307471264367815	0
-0.038270114942528737	0
-0.03823275862068966	0
-0.03819540229885057	0
-0.038158045977011494	0
-0.038120689655172416	0
-0.03808333333333334	0
-0.03804597701149426	0
-0.03800862068965517	0
-0.037971264367816095	0
-0.037933908045977016	0
-0.03789655172413793	0
-0.03785919540229885	0
-0.037821839080459774	0
-0.03778448275862069	0
-0.03774712643678161	0
-0.03770977011494253	0
-0.037672413793103446	0
-0.03763505747126437	0
-0.03759770114942529	0
-0.03756034482758621	0
-0.03752298850574713	0
-0.037485632183908046	0
-0.03744827586206897	0
-0.03741091954022989	0
-0.037373563218390804	0
-0.037336206896551725	0
-0.03729885057471265	0
-0.03726149425287356	0
-0.03722413793103448	0
-0.037186781609195405	0
-0.03714942528735632	0
-0.03711206896551724	0
-0.03707471264367816	0
-0.037037356321839084	0
-0.037000000000000005	0
-0.03696264367816092	0
-0.03692528735632184	0
-0.03688793103448276	0
-0.03685057471264368	0
-0.0368132183908046	0
-0.03677586206896552	0
-0.036738505747126435	0
-0.036701149425287356	0
-0.03666379310344828	0
-0.03662643678160919	0
-0.036589080459770114	0
-0.036551724137931035	0
-0.03651436781609196	0
-0.03647701149425288	0
-0.03643965517241379	0
-0.036402298850574714	0
-0.036364942528735636	0
-0.03632758620689655	0
-0.03629022988505747	0
-0.036252873563218393	0
-0.03621551724137931	0
-0.03617816091954023	0
-0.03614080459770115	0
-0.03610344827586207	0
-0.03606609195402299	0
-0.03602873563218391	0
-0.03599137931034483	0
-0.03595402298850575	0
-0.035916666666666666	0
-0.03587931034482759	0
-0.03584195402298851	0
-0.035804597701149424	0
-0.035767241379310345	0
-0.03572988505747127	0
-0.03569252873563218	0
-0.0356551724137931	0
-0.035617816091954024	0
-0.035580459770114946	0
-0.03554310344827587	0
-0.03550574712643678	0
-0.0354683908045977	0
-0.035431034482758625	0
-0.03539367816091954	0
-0.03535632183908046	0
-0.03531896551724138	0
-0.0352816091954023	0
-0.03524425287356322	0
-0.03520689655172414	0
-0.035169540229885055	0
-0.035132183908045976	0
-0.0350948275862069	0
-0.03505747126436782	0
-0.03502011494252874	0
-0.034982758620689655	0
-0.03494540229885058	0
-0.0349080459770115	0
-0.03487068965517241	0
-0.034833333333333334	0
-0.034795977011494256	0
-0.03475862068965517	0
-0.03472126436781609	0
-0.03468390804597701	0
-0.03464655172413793	0
-0.03460919540229885	0
-0.03457183908045977	0
-0.03453448275862069	0
-0.034497126436781614	0
-0.03445977011494253	0
-0.03442241379310345	0
-0.03438505747126437	0
-0.034347701149425286	0
-0.03431034482758621	0
-0.03427298850574713	0
-0.034235632183908044	0
-0.034198275862068965	0
-0.034160919540229887	0
-0.0341235632183908	0
-0.03408620689655173	0
-0.034048850574712644	0
-0.034011494252873566	0
-0.03397413793103449	0
-0.0339367816091954	0
-0.03389942528735632	0
-0.033862068965517245	0
-0.03382471264367816	0
-0.03378735632183908	0
-0.03375	0
-0.03371264367816092	0
-0.03367528735632184	0
-0.03363793103448276	0
-0.033600574712643674	0
-0.0335632183908046	0
-0.03352586206896552	0
-0.03348850574712644	0
-0.03345114942528736	0
-0.033413793103448275	0
-0.033376436781609196	0
-0.03333908045977012	0
-0.03330172413793103	0
-0.033264367816091954	0
-0.033227011494252875	0
-0.03318965517241379	0
-0.03315229885057472	0
-0.03311494252873563	0
-0.03307758620689655	0
-0.033040229885057476	0
-0.03300287356321839	0
-0.03296551724137931	0
-0.032928160919540234	0
-0.03289080459770115	0
-0.03285344827586207	0
-0.03281609195402299	0
-0.032778735632183906	0
-0.03274137931034483	0
-0.03270402298850575	0
-0.03266666666666666	0
-0.03262931034482759	0
-0.032591954022988506	0
-0.03255459770114942	0
-0.03251724137931035	0
-0.032479885057471264	0
-0.032442528735632185	0
-0.03240517241379311	0
-0.03236781609195402	0
-0.03233045977011494	0
-0.032293103448275864	0
-0.03225574712643678	0
-0.0322183908045977	0
-0.03218103448275862	0
-0.03214367816091954	0
-0.032106321839080465	0
-0.03206896551724138	0
-0.0320316091954023	0
-0.03199425287356322	0
-0.03195689655172414	0
-0.03191954022988506	0
-0.03188218390804598	0
-0.031844827586206895	0
-0.031807471264367816	0
-0.03177011494252874	0
-0.03173275862068965	0
-0.031695402298850574	0
-0.031658045977011495	0
-0.03162068965517241	0
-0.03158333333333334	0
-0.03154597701149425	0
-0.031508620689655174	0
-0.031471264367816096	0
-0.03143390804597701	0
-0.03139655172413793	0
-0.03135919540229885	0
-0.03132183908045977	0
-0.03128448275862069	0
-0.03124712643678161	0
-0.03120977011494253	0
-0.03117241379310345	0
-0.03113505747126437	0
-0.031097701149425287	0
-0.031060344827586208	0
-0.031022988505747126	0
-0.030985632183908048	0
-0.030948275862068966	0
-0.030910919540229887	0
-0.030873563218390805	0
-0.030836206896551723	0
-0.030798850574712645	0
-0.030761494252873563	0
-0.030724137931034484	0
-0.030686781609195402	0
-0.030649425287356324	0
-0.030612068965517242	0
-0.03057471264367816	0
-0.03053735632183908	0
-0.0305	0
-0.03046264367816092	0
-0.03042528735632184	0
-0.03038793103448276	0
-0.03035057471264368	0
-0.0303132183908046	0
-0.030275862068965518	0
-0.030238505747126436	0
-0.030201149425287357	0
-0.030163793103448275	0
-0.030126436781609197	0
-0.030089080459770115	0
-0.030051724137931037	0
-0.030014367816091955	0
-0.029977011494252873	0
-0.029939655172413794	0
-0.029902298850574712	0
-0.029864942528735634	0
-0.02982758620689655	0
-0.029790229885057473	0
-0.02975287356321839	0
-0.02971551724137931	0
-0.02967816091954023	0
-0.02964080459770115	0
-0.02960344827586207	0
-0.02956609195402299	0
-0.02952873563218391	0
-0.029491379310344828	0
-0.029454022988505746	0
-0.029416666666666667	0
-0.029379310344827585	0
-0.029341954022988507	0
-0.029304597701149425	0
-0.029267241379310346	0
-0.029229885057471264	0
-0.029192528735632186	0
-0.029155172413793104	0
-0.029117816091954022	0
-0.029080459770114944	0
-0.02904310344827586	0
-0.029005747126436783	0
-0.0289683908045977	0
-0.028931034482758623	0
-0.02889367816091954	0
-0.02885632183908046	0
-0.02881896551724138	0
-0.028781609195402298	0
-0.02874425287356322	0
-0.028706896551724138	0
-0.02866954022988506	0
-0.028632183908045977	0
-0.028594827586206895	0
-0.028557471264367817	0
-0.028520114942528735	0
-0.028482758620689656	0
-0.028445402298850574	0
-0.028408045977011496	0
-0.028370689655172414	0
-0.028333333333333332	0
-0.028295977011494253	0
-0.02825862068965517	0
-0.028221264367816093	0
-0.02818390804597701	0
-0.028146551724137932	0
-0.02810919540229885	0
-0.028071839080459772	0
-0.02803448275862069	0
-0.027997126436781608	0
-0.02795977011494253	0
-0.027922413793103448	0
-0.02788505747126437	0
-0.027847701149425287	0
-0.02781034482758621	0
-0.027772988505747127	0
-0.027735632183908045	0
-0.027698275862068966	0
-0.027660919540229884	0
-0.027623563218390806	0
-0.027586206896551724	0
-0.027548850574712645	0
-0.027511494252873563	0
-0.02747413793103448	0
-0.027436781609195403	0
-0.02739942528735632	0
-0.027362068965517242	0
-0.02732471264367816	0
-0.027287356321839082	0
-0.02725	0
-0.027212643678160918	0
-0.02717528735632184	0
-0.027137931034482757	0
-0.02710057471264368	0
-0.027063218390804597	0
-0.02702586206896552	0
-0.026988505747126437	0
-0.026951149425287358	0
-0.026913793103448276	0
-0.026876436781609194	0
-0.026839080459770116	0
-0.026801724137931034	0
-0.026764367816091955	0
-0.026727011494252873	0
-0.026689655172413795	0
-0.026652298850574713	0
-0.02661494252873563	0
-0.026577586206896552	0
-0.02654022988505747	0
-0.026502873563218392	0
-0.02646551724137931	0
-0.02642816091954023	0
-0.02639080459770115	0
-0.026353448275862067	0
-0.02631609195402299	0
-0.026278735632183907	0
-0.02624137931034483	0
-0.026204022988505746	0
-0.026166666666666668	0
-0.026129310344827586	0
-0.026091954022988507	0
-0.026054597701149425	0
-0.026017241379310344	0
-0.025979885057471265	0
-0.025942528735632183	0
-0.025905172413793105	0
-0.025867816091954023	0
-0.025830459770114944	0
-0.025793103448275862	0
-0.02575574712643678	0
-0.0257183908045977	0
-0.02568103448275862	0
-0.02564367816091954	0
-0.02560632183908046	0
-0.02556896551724138	0
-0.0255316091954023	0
-0.025494252873563217	0
-0.02545689655172414	0
-0.025419540229885056	0
-0.025382183908045978	0
-0.025344827586206896	0
-0.025307471264367817	0
-0.025270114942528735	0
-0.025232758620689653	0
-0.025195402298850575	0
-0.025158045977011493	0
-0.025120689655172414	0
-0.025083333333333332	0
-0.025045977011494254	0
-0.025008620689655172	0
-0.024971264367816094	0
-0.02493390804597701	0
-0.02489655172413793	0
-0.02485919540229885	0
-0.02482183908045977	0
-0.02478448275862069	0
-0.02474712643678161	0
-0.02470977011494253	0
-0.024672413793103448	0
-0.024635057471264366	0
-0.024597701149425288	0
-0.024560344827586206	0
-0.024522988505747127	0
-0.024485632183908045	0
-0.024448275862068967	0
-0.024410919540229885	0
-0.024373563218390803	0
-0.024336206896551724	0
-0.024298850574712642	0
-0.024261494252873564	0
-0.024224137931034482	0
-0.024186781609195403	0
-0.02414942528735632	0
-0.02411206896551724	0
-0.02407471264367816	0
-0.02403735632183908	0
-0.024	0
-0.02396264367816092	0
-0.02392528735632184	0
-0.023887931034482758	0
-0.02385057471264368	0
-0.023813218390804598	0
-0.023775862068965516	0
-0.023738505747126437	0
-0.023701149425287355	0
-0.023663793103448277	0
-0.023626436781609195	0
-0.023589080459770116	0
-0.023551724137931034	0
-0.023514367816091952	0
-0.023477011494252874	0
-0.023439655172413792	0
-0.023402298850574713	0
-0.02336494252873563	0
-0.023327586206896553	0
-0.02329022988505747	0
-0.02325287356321839	0
-0.02321551724137931	0
-0.02317816091954023	0
-0.02314080459770115	0
-0.023103448275862068	0
-0.02306609195402299	0
-0.023028735632183907	0
-0.022991379310344826	0
-0.022954022988505747	0
-0.022916666666666665	0
-0.022879310344827587	0
-0.022841954022988505	0
-0.022804597701149426	0
-0.022767241379310344	0
-0.022729885057471266	0
-0.022692528735632184	0
-0.0226551724137931	0
-0.022617816091954023	0
-0.02258045977011494	0
-0.022543103448275863	0
-0.02250574712643678	0
-0.022468390804597702	0
-0.02243103448275862	0
-0.02239367816091954	0
-0.02235632183908046	0
-0.022318965517241378	0
-0.0222816091954023	0
-0.022244252873563217	0
-0.02220689655172414	0
-0.022169540229885057	0
-0.022132183908045975	0
-0.022094827586206896	0
-0.022057471264367814	0
-0.022020114942528736	0
-0.021982758620689654	0
-0.021945402298850576	0
-0.021908045977011494	0
-0.02187068965517241	0
-0.021833333333333333	0
-0.02179597701149425	0
-0.021758620689655173	0
-0.02172126436781609	0
-0.021683908045977012	0
-0.02164655172413793	0
-0.02160919540229885	0
-0.02157183908045977	0
-0.021534482758620688	0
-0.02149712643678161	0
-0.021459770114942527	0
-0.02142241379310345	0
-0.021385057471264367	0
-0.02134770114942529	0
-0.021310344827586206	0
-0.021272988505747124	0
-0.021235632183908046	0
-0.021198275862068964	0
-0.021160919540229885	0
-0.021123563218390803	0
-0.021086206896551725	0
-0.021048850574712643	0
-0.02101149425287356	0
-0.020974137931034482	0
-0.0209367816091954	0
-0.020899425287356322	0
-0.02086206896551724	0
-0.02082471264367816	0
-0.02078735632183908	0
-0.02075	0
-0.02071264367816092	0
-0.020675287356321837	0
-0.02063793103448276	0
-0.020600574712643677	0
-0.020563218390804598	0
-0.020525862068965516	0
-0.020488505747126438	0
-0.020451149425287356	0
-0.020413793103448274	0
-0.020376436781609195	0
-0.020339080459770113	0
-0.020301724137931035	0
-0.020264367816091953	0
-0.020227011494252874	0
-0.020189655172413792	0
-0.02015229885057471	0
-0.020114942528735632	0
-0.02007758620689655	0
-0.02004022988505747	0
-0.02000287356321839	0
-0.01996551724137931	0
-0.01992816091954023	0
-0.019890804597701147	0
-0.01985344827586207	0
-0.019816091954022987	0
-0.019778735632183908	0
-0.019741379310344826	0
-0.019704022988505748	0
-0.019666666666666666	0
-0.019629310344827587	0
-0.019591954022988505	0
-0.019554597701149423	0
-0.019517241379310345	0
-0.019479885057471263	0
-0.019442528735632184	0
-0.019405172413793102	0
-0.019367816091954024	0
-0.019330459770114942	0
-0.01929310344827586	0
-0.01925574712643678	0
-0.0192183908045977	0
-0.01918103448275862	0
-0.01914367816091954	0
-0.01910632183908046	0
-0.01906896551724138	0
-0.019031609195402296	0
-0.018994252873563218	0
-0.018956896551724136	0
-0.018919540229885057	0
-0.018882183908045976	0
-0.018844827586206897	0
-0.018807471264367815	0
-0.018770114942528733	0
-0.018732758620689655	0
-0.018695402298850576	0
-0.01865804597701149	0
-0.018620689655172412	0
-0.018583333333333334	0
-0.018545977011494255	0
-0.01850862068965517	0
-0.01847126436781609	0
-0.018433908045977013	0
-0.018396551724137927	0
-0.01835919540229885	0
-0.01832183908045977	0
-0.018284482758620692	0
-0.018247126436781606	0
-0.018209770114942528	0
-0.01817241379310345	0
-0.018135057471264364	0
-0.018097701149425285	0
-0.018060344827586207	0
-0.01802298850574713	0
-0.017985632183908043	0
-0.017948275862068964	0
-0.017910919540229886	0
-0.0178735632183908	0
-0.017836206896551722	0
-0.017798850574712644	0
-0.017761494252873565	0
-0.01772413793103448	0
-0.0176867816091954	0
-0.017649425287356323	0
-0.017612068965517237	0
-0.01757471264367816	0
-0.01753735632183908	0
-0.0175	0
-0.017462643678160916	0
-0.017425287356321838	0
-0.01738793103448276	0
-0.017350574712643674	0
-0.017313218390804595	0
-0.017275862068965517	0
-0.01723850574712644	0
-0.017201149425287353	0
-0.017163793103448274	0
-0.017126436781609196	0
-0.01708908045977011	0
-0.017051724137931032	0
-0.017014367816091953	0
-0.016977011494252875	0
-0.01693965517241379	0
-0.01690229885057471	0
-0.016864942528735632	0
-0.016827586206896554	0
-0.01679022988505747	0
-0.01675287356321839	0
-0.01671551724137931	0
-0.016678160919540226	0
-0.016640804597701148	0
-0.01660344827586207	0
-0.01656609195402299	0
-0.016528735632183905	0
-0.016491379310344827	0
-0.016454022988505748	0
-0.016416666666666663	0
-0.016379310344827584	0
-0.016341954022988506	0
-0.016304597701149427	0
-0.016267241379310342	0
-0.016229885057471263	0
-0.016192528735632185	0
-0.0161551724137931	0
-0.01611781609195402	0
-0.016080459770114942	0
-0.016043103448275864	0
-0.01600574712643678	0
-0.0159683908045977	0
-0.01593103448275862	0
-0.015893678160919536	0
-0.015856321839080458	0
-0.01581896551724138	0
-0.0157816091954023	0
-0.015744252873563215	0
-0.015706896551724137	0
-0.015669540229885058	0
-0.015632183908045973	0
-0.015594827586206894	0
-0.015557471264367816	0
-0.015520114942528737	0
-0.015482758620689652	0
-0.015445402298850573	0
-0.015408045977011495	0
-0.01537068965517241	0
-0.01533333333333333	0
-0.015295977011494252	0
-0.015258620689655174	0
-0.015221264367816088	0
-0.01518390804597701	0
-0.015146551724137931	0
-0.015109195402298846	0
-0.015071839080459767	0
-0.015034482758620689	0
-0.01499712643678161	0
-0.014959770114942525	0
-0.014922413793103446	0
-0.014885057471264368	0
-0.01484770114942529	0
-0.014810344827586204	0
-0.014772988505747126	0
-0.014735632183908047	0
-0.014698275862068962	0
-0.014660919540229883	0
-0.014623563218390805	0
-0.014586206896551726	0
-0.01454885057471264	0
-0.014511494252873562	0
-0.014474137931034484	0
-0.014436781609195398	0
-0.01439942528735632	0
-0.014362068965517241	0
-0.014324712643678163	0
-0.014287356321839077	0
-0.014249999999999999	0
-0.01421264367816092	0
-0.014175287356321835	0
-0.014137931034482756	0
-0.014100574712643678	0
-0.0140632183908046	0
-0.014025862068965514	0
-0.013988505747126435	0
-0.013951149425287357	0
-0.013913793103448271	0
-0.013876436781609193	0
-0.013839080459770114	0
-0.013801724137931036	0
-0.01376436781609195	0
-0.013727011494252872	0
-0.013689655172413794	0
-0.013652298850574708	0
-0.01361494252873563	0
-0.013577586206896551	0
-0.013540229885057473	0
-0.013502873563218387	0
-0.013465517241379309	0
-0.01342816091954023	0
-0.013390804597701145	0
-0.013353448275862066	0
-0.013316091954022988	0
-0.01327873563218391	0
-0.013241379310344824	0
-0.013204022988505745	0
-0.013166666666666667	0
-0.013129310344827581	0
-0.013091954022988503	0
-0.013054597701149424	0
-0.013017241379310346	0
-0.01297988505747126	0
-0.012942528735632182	0
-0.012905172413793103	0
-0.012867816091954018	0
-0.01283045977011494	0
-0.012793103448275861	0
-0.012755747126436782	0
-0.012718390804597697	0
-0.012681034482758619	0
-0.01264367816091954	0
-0.012606321839080462	0
-0.012568965517241376	0
-0.012531609195402298	0
-0.012494252873563219	0
-0.012456896551724134	0
-0.012419540229885055	0
-0.012382183908045977	0
-0.012344827586206898	0
-0.012307471264367813	0
-0.012270114942528734	0
-0.012232758620689656	0
-0.01219540229885057	0
-0.012158045977011492	0
-0.012120689655172413	0
-0.012083333333333335	0
-0.01204597701149425	0
-0.012008620689655171	0
-0.011971264367816092	0
-0.011933908045977007	0
-0.011896551724137928	0
-0.01185919540229885	0
-0.011821839080459771	0
-0.011784482758620686	0
-0.011747126436781608	0
-0.011709770114942529	0
-0.011672413793103444	0
-0.011635057471264365	0
-0.011597701149425287	0
-0.011560344827586208	0
-0.011522988505747123	0
-0.011485632183908044	0
-0.011448275862068966	0
-0.01141091954022988	0
-0.011373563218390802	0
-0.011336206896551723	0
-0.011298850574712645	0
-0.01126149425287356	0
-0.01122413793103448	0
-0.011186781609195402	0
-0.011149425287356317	0
-0.011112068965517238	0
-0.01107471264367816	0
-0.011037356321839081	0
-0.010999999999999996	0
-0.010962643678160917	0
-0.010925287356321839	0
-0.010887931034482753	0
-0.010850574712643675	0
-0.010813218390804596	0
-0.010775862068965518	0
-0.010738505747126433	0
-0.010701149425287354	0
-0.010663793103448276	0
-0.010626436781609197	0
-0.010589080459770112	0
-0.010551724137931033	0
-0.010514367816091955	0
-0.01047701149425287	0
-0.01043965517241379	0
-0.010402298850574712	0
-0.010364942528735634	0
-0.010327586206896548	0
-0.01029022988505747	0
-0.010252873563218391	0
-0.010215517241379306	0
-0.010178160919540227	0
-0.010140804597701149	0
-0.01010344827586207	0
-0.010066091954022985	0
-0.010028735632183906	0
-0.009991379310344828	0
-0.009954022988505742	0
-0.009916666666666664	0
-0.009879310344827585	0
-0.009841954022988507	0
-0.009804597701149421	0
-0.009767241379310343	0
-0.009729885057471264	0
-0.009692528735632179	0
-0.0096551724137931	0
-0.009617816091954022	0
-0.009580459770114944	0
-0.009543103448275858	0
-0.00950574712643678	0
-0.009468390804597701	0
-0.009431034482758616	0
-0.009393678160919537	0
-0.009356321839080459	0
-0.00931896551724138	0
-0.009281609195402295	0
-0.009244252873563216	0
-0.009206896551724138	0
-0.009169540229885052	0
-0.009132183908045974	0
-0.009094827586206895	0
-0.009057471264367817	0
-0.009020114942528731	0
-0.008982758620689653	0
-0.008945402298850574	0
-0.008908045977011489	0
-0.00887068965517241	0
-0.008833333333333332	0
-0.008795977011494253	0
-0.008758620689655168	0
-0.00872126436781609	0
-0.008683908045977011	0
-0.008646551724137926	0
-0.008609195402298847	0
-0.008571839080459769	0
-0.00853448275862069	0
-0.008497126436781605	0
-0.008459770114942526	0
-0.008422413793103448	0
-0.008385057471264369	0
-0.008347701149425284	0
-0.008310344827586205	0
-0.008272988505747127	0
-0.008235632183908041	0
-0.008198275862068963	0
-0.008160919540229884	0
-0.008123563218390806	0
-0.00808620689655172	0
-0.008048850574712642	0
-0.008011494252873563	0
-0.007974137931034478	0
-0.0079367816091954	0
-0.007899425287356321	0
-0.007862068965517242	0
-0.007824712643678157	0
-0.0077873563218390784	0
-0.00775	0
-0.0077126436781609145	0
-0.007675287356321836	0
-0.0076379310344827575	0
-0.007600574712643679	0
-0.007563218390804594	0
-0.007525862068965515	0
-0.007488505747126437	0
-0.007451149425287351	0
-0.007413793103448273	0
-0.007376436781609194	0
-0.007339080459770116	0
-0.00730172413793103	0
-0.007264367816091952	0
-0.007227011494252873	0
-0.007189655172413788	0
-0.007152298850574709	0
-0.007114942528735631	0
-0.007077586206896552	0
-0.007040229885057467	0
-0.007002873563218388	0
-0.00696551724137931	0
-0.006928160919540224	0
-0.006890804597701146	0
-0.006853448275862067	0
-0.006816091954022989	0
-0.0067787356321839035	0
-0.006741379310344825	0
-0.0067040229885057465	0
-0.006666666666666661	0
-0.0066293103448275825	0
-0.006591954022988504	0
-0.0065545977011494255	0
-0.00651724137931034	0
-0.006479885057471262	0
-0.006442528735632183	0
-0.006405172413793105	0
-0.006367816091954019	0
-0.006330459770114941	0
-0.006293103448275862	0
-0.006255747126436777	0
-0.006218390804597698	0
-0.00618103448275862	0
-0.006143678160919541	0
-0.006106321839080456	0
-0.006068965517241377	0
-0.006031609195402299	0
-0.005994252873563213	0
-0.005956896551724135	0
-0.005919540229885056	0
-0.005882183908045978	0
-0.005844827586206892	0
-0.005807471264367814	0
-0.005770114942528735	0
-0.00573275862068965	0
-0.0056954022988505715	0
-0.005658045977011493	0
-0.0056206896551724145	0
-0.005583333333333329	0
-0.0055459770114942505	0
-0.005508620689655172	0
-0.005471264367816087	0
-0.005433908045977008	0
-0.00539655172413793	0
-0.005359195402298851	0
-0.005321839080459766	0
-0.005284482758620687	0
-0.005247126436781609	0
-0.005209770114942523	0
-0.005172413793103445	0
-0.005135057471264366	0
-0.005097701149425288	0
-0.005060344827586202	0
-0.005022988505747124	0
-0.004985632183908045	0
-0.00494827586206896	0
-0.004910919540229881	0
-0.004873563218390803	0
-0.004836206896551724	0
-0.004798850574712639	0
-0.00476149425287356	0
-0.004724137931034482	0
-0.0046867816091953965	0
-0.004649425287356318	0
-0.0046120689655172395	0
-0.004574712643678161	0
-0.0045373563218390756	0
-0.004499999999999997	0
-0.0044626436781609186	0
-0.004425287356321833	0
-0.004387931034482755	0
-0.004350574712643676	0
-0.004313218390804598	0
-0.004275862068965512	0
-0.004238505747126434	0
-0.004201149425287355	0
-0.004163793103448277	0
-0.004126436781609191	0
-0.004089080459770113	0
-0.004051724137931034	0
-0.004014367816091949	0
-0.00397701149425287	0
-0.003939655172413792	0
-0.0039022988505747133	0
-0.003864942528735628	0
-0.0038275862068965494	0
-0.003790229885057471	0
-0.0037528735632183854	0
-0.003715517241379307	0
-0.0036781609195402284	0
-0.00364080459770115	0
-0.0036034482758620645	0
-0.003566091954022986	0
-0.0035287356321839075	0
-0.003491379310344822	0
-0.0034540229885057436	0
-0.003416666666666665	0
-0.0033793103448275866	0
-0.003341954022988501	0
-0.0033045977011494226	0
-0.003267241379310344	0
-0.0032298850574712587	0
-0.00319252873563218	0
-0.0031551724137931017	0
-0.003117816091954023	0
-0.0030804597701149378	0
-0.0030431034482758593	0
-0.0030057471264367808	0
-0.0029683908045976953	0
-0.002931034482758617	0
-0.0028936781609195383	0
-0.00285632183908046	0
-0.0028189655172413744	0
-0.002781609195402296	0
-0.0027442528735632174	0
-0.002706896551724132	0
-0.0026695402298850535	0
-0.002632183908045975	0
-0.0025948275862068965	0
-0.002557471264367811	0
-0.0025201149425287325	0
-0.002482758620689654	0
-0.0024454022988505686	0
-0.00240804597701149	0
-0.0023706896551724116	0
-0.002333333333333333	0
-0.0022959770114942477	0
-0.002258620689655169	0
-0.0022212643678160907	0
-0.002183908045977012	0
-0.0021465517241379267	0
-0.0021091954022988482	0
-0.0020718390804597697	0
-0.0020344827586206843	0
-0.001997126436781606	0
-0.0019597701149425273	0
-0.0019224137931034488	0
-0.0018850574712643633	0
-0.0018477011494252849	0
-0.0018103448275862064	0
-0.001772988505747121	0
-0.0017356321839080424	0
-0.001698275862068964	0
-0.0016609195402298854	0
-0.0016235632183908	0
-0.0015862068965517215	0
-0.001548850574712643	0
-0.0015114942528735575	0
-0.001474137931034479	0
-0.0014367816091954005	0
-0.001399425287356322	0
-0.0013620689655172366	0
-0.001324712643678158	0
-0.0012873563218390796	0
-0.0012499999999999942	0
-0.0012126436781609157	0
-0.0011752873563218372	0
-0.0011379310344827587	0
-0.0011005747126436732	0
-0.0010632183908045947	0
-0.0010258620689655162	0
-0.0009885057471264308	0
-0.0009511494252873523	0
-0.0009137931034482738	0
-0.0008764367816091953	0
-0.0008390804597701099	0
-0.0008017241379310314	0
-0.0007643678160919529	0
-0.0007270114942528674	0
-0.0006896551724137889	0
-0.0006522988505747104	0
-0.0006149425287356319	0
-0.0005775862068965465	0
-0.000540229885057468	0
-0.0005028735632183895	0
-0.00046551724137930406	0
-0.00042816091954022556	0
-0.00039080459770114706	0
-0.00035344827586206856	0
-0.0003160919540229831	0
-0.0002787356321839046	0
-0.00024137931034482613	0
-0.0002040229885057407	0
-0.0001666666666666622	0
-0.0001293103448275837	0
-9.195402298850519e-05	0
-5.459770114941975e-05	0
-1.7241379310341254e-05	0
2.0114942528737245e-05	0
5.7471264367815744e-05	0
9.482758620690118e-05	0
0.00013218390804597968	0
0.00016954022988505818	0
0.00020689655172414362	0
0.0002442528735632221	0
0.0002816091954023006	0
0.0003189655172413791	0
0.00035632183908046455	0
0.00039367816091954305	0
0.00043103448275862155	0
0.000468390804597707	0
0.0005057471264367855	0
0.000543103448275864	0
0.0005804597701149425	0
0.0006178160919540279	0
0.0006551724137931064	0
0.0006925287356321849	0
0.0007298850574712704	0
0.0007672413793103489	0
0.0008045977011494274	0
0.0008419540229885059	0
0.0008793103448275913	0
0.0009166666666666698	0
0.0009540229885057483	0
0.0009913793103448337	0
0.0010287356321839122	0
0.0010660919540229907	0
0.0011034482758620692	0
0.0011408045977011547	0
0.0011781609195402332	0
0.0012155172413793117	0
0.001252873563218397	0
0.0012902298850574756	0
0.001327586206896554	0
0.0013649425287356326	0
0.001402298850574718	0
0.0014396551724137965	0
0.001477011494252875	0
0.0015143678160919605	0
0.001551724137931039	0
0.0015890804597701175	0
0.001626436781609196	0
0.0016637931034482814	0
0.00170114942528736	0
0.0017385057471264384	0
0.0017758620689655238	0
0.0018132183908046023	0
0.0018505747126436808	0
0.0018879310344827593	0
0.0019252873563218448	0
0.0019626436781609233	0
0.0020000000000000018	0
0.002037356321839087	0
0.0020747126436781657	0
0.002112068965517244	0
0.0021494252873563227	0
0.002186781609195408	0
0.0022241379310344866	0
0.002261494252873565	0
0.0022988505747126436	0
0.002336206896551729	0
0.0023735632183908076	0
0.002410919540229886	0
0.0024482758620689715	0
0.00248563218390805	0
0.0025229885057471285	0
0.002560344827586207	0
0.0025977011494252925	0
0.002635057471264371	0
0.0026724137931034495	0
0.002709770114942535	0
0.0027471264367816134	0
0.002784482758620692	0
0.0028218390804597704	0
0.002859195402298856	0
0.0028965517241379343	0
0.002933908045977013	0
0.0029712643678160983	0
0.0030086206896551768	0
0.0030459770114942553	0
0.0030833333333333338	0
0.003120689655172419	0
0.0031580459770114977	0
0.003195402298850576	0
0.0032327586206896616	0
0.00327011494252874	0
0.0033074712643678186	0
0.003344827586206897	0
0.0033821839080459826	0
0.003419540229885061	0
0.0034568965517241396	0
0.003494252873563225	0
0.0035316091954023035	0
0.003568965517241382	0
0.0036063218390804605	0
0.003643678160919546	0
0.0036810344827586244	0
0.003718390804597703	0
0.0037557471264367884	0
0.003793103448275867	0
0.0038304597701149454	0
0.003867816091954024	0
0.0039051724137931093	0
0.003942528735632188	0
0.003979885057471266	0
0.004017241379310352	0
0.00405459770114943	0
0.004091954022988509	0
0.004129310344827587	0
0.004166666666666673	0
0.004204022988505751	0
0.00424137931034483	0
0.004278735632183908	0
0.004316091954022994	0
0.004353448275862072	0
0.004390804597701151	0
0.004428160919540236	0
0.0044655172413793146	0
0.004502873563218393	0
0.0045402298850574715	0
0.004577586206896557	0
0.0046149425287356355	0
0.004652298850574714	0
0.004689655172413799	0
0.004727011494252878	0
0.004764367816091956	0
0.004801724137931035	0
0.00483908045977012	0
0.004876436781609199	0
0.004913793103448277	0
0.004951149425287363	0
0.004988505747126441	0
0.00502586206896552	0
0.005063218390804598	0
0.005100574712643684	0
0.005137931034482762	0
0.005175287356321841	0
0.005212643678160926	0
0.005250000000000005	0
0.005287356321839083	0
0.005324712643678162	0
0.005362068965517247	0
0.005399425287356326	0
0.005436781609195404	0
0.0054741379310344895	0
0.005511494252873568	0
0.0055488505747126465	0
0.005586206896551725	0
0.0056235632183908105	0
0.005660919540229889	0
0.0056982758620689675	0
0.005735632183908053	0
0.005772988505747131	0
0.00581034482758621	0
0.005847701149425288	0
0.005885057471264374	0
0.005922413793103452	0
0.005959770114942531	0
0.005997126436781616	0
0.006034482758620695	0
0.006071839080459773	0
0.006109195402298852	0
0.006146551724137937	0
0.006183908045977016	0
0.006221264367816094	0
0.00625862068965518	0
0.006295977011494258	0
0.006333333333333337	0
0.006370689655172415	0
0.006408045977011501	0
0.006445402298850579	0
0.006482758620689658	0
0.006520114942528736	0
0.0065574712643678215	0
0.0065948275862069	0
0.0066321839080459785	0
0.006669540229885064	0
0.0067068965517241425	0
0.006744252873563221	0
0.0067816091954022995	0
0.006818965517241385	0
0.006856321839080463	0
0.006893678160919542	0
0.006931034482758627	0
0.006968390804597706	0
0.007005747126436784	0
0.007043103448275863	0
0.007080459770114948	0
0.007117816091954027	0
0.007155172413793105	0
0.007192528735632191	0
0.007229885057471269	0
0.007267241379310348	0
0.007304597701149426	0
0.007341954022988512	0
0.00737931034482759	0
0.007416666666666669	0
0.007454022988505754	0
0.0074913793103448326	0
0.007528735632183911	0
0.0075660919540229896	0
0.007603448275862075	0
0.0076408045977011535	0
0.007678160919540232	0
0.0077155172413793174	0
0.007752873563218396	0
0.0077902298850574744	0
0.007827586206896553	0
0.007864942528735638	0
0.007902298850574717	0
0.007939655172413795	0
0.00797701149425288	0
0.00801436781609196	0
0.008051724137931038	0
0.008089080459770116	0
0.008126436781609202	0
0.00816379310344828	0
0.008201149425287359	0
0.008238505747126444	0
0.008275862068965523	0
0.008313218390804601	0
0.00835057471264368	0
0.008387931034482765	0
0.008425287356321844	0
0.008462643678160922	0
0.0085	0
0.008537356321839086	0
0.008574712643678165	0
0.008612068965517243	0
0.008649425287356328	0
0.008686781609195407	0
0.008724137931034485	0
0.008761494252873564	0
0.00879885057471265	0
0.008836206896551728	0
0.008873563218390806	0
0.008910919540229892	0
0.00894827586206897	0
0.008985632183908049	0
0.009022988505747127	0
0.009060344827586213	0
0.009097701149425291	0
0.00913505747126437	0
0.009172413793103455	0
0.009209770114942534	0
0.009247126436781612	0
0.00928448275862069	0
0.009321839080459776	0
0.009359195402298855	0
0.009396551724137933	0
0.009433908045977019	0
0.009471264367816097	0
0.009508620689655176	0
0.009545977011494254	0
0.00958333333333334	0
0.009620689655172418	0
0.009658045977011497	0
0.009695402298850582	0
0.00973275862068966	0
0.009770114942528739	0
0.009807471264367817	0
0.009844827586206903	0
0.009882183908045981	0
0.00991954022988506	0
0.009956896551724145	0
0.009994252873563224	0
0.010031609195402302	0
0.01006896551724138	0
0.010106321839080466	0
0.010143678160919545	0
0.010181034482758623	0
0.010218390804597709	0
0.010255747126436787	0
0.010293103448275866	0
0.010330459770114944	0
0.01036781609195403	0
0.010405172413793108	0
0.010442528735632187	0
0.010479885057471272	0
0.01051724137931035	0
0.010554597701149429	0
0.010591954022988508	0
0.010629310344827593	0
0.010666666666666672	0
0.01070402298850575	0
0.010741379310344829	0
0.010778735632183914	0
0.010816091954022992	0
0.010853448275862071	0
0.010890804597701156	0
0.010928160919540235	0
0.010965517241379313	0
0.011002873563218392	0
0.011040229885057477	0
0.011077586206896556	0
0.011114942528735634	0
0.01115229885057472	0
0.011189655172413798	0
0.011227011494252877	0
0.011264367816091955	0
0.01130172413793104	0
0.01133908045977012	0
0.011376436781609198	0
0.011413793103448283	0
0.011451149425287362	0
0.01148850574712644	0
0.011525862068965519	0
0.011563218390804604	0
0.011600574712643683	0
0.011637931034482761	0
0.011675287356321846	0
0.011712643678160925	0
0.011750000000000003	0
0.011787356321839082	0
0.011824712643678167	0
0.011862068965517246	0
0.011899425287356324	0
0.01193678160919541	0
0.011974137931034488	0
0.012011494252873567	0
0.012048850574712645	0
0.01208620689655173	0
0.01212356321839081	0
0.012160919540229888	0
0.012198275862068973	0
0.012235632183908052	0
0.01227298850574713	0
0.012310344827586209	0
0.012347701149425294	0
0.012385057471264373	0
0.012422413793103451	0
0.012459770114942537	0
0.012497126436781615	0
0.012534482758620694	0
0.012571839080459779	0
0.01260919540229885	0
0.012646551724137936	0
0.012683908045977021	0
0.012721264367816093	0
0.012758620689655178	0
0.012795977011494264	0
0.012833333333333335	0
0.012870689655172421	0
0.012908045977011492	0
0.012945402298850578	0
0.012982758620689663	0
0.013020114942528735	0
0.01305747126436782	0
0.013094827586206906	0
0.013132183908045977	0
0.013169540229885063	0
0.013206896551724148	0
0.01324425287356322	0
0.013281609195402305	0
0.01331896551724139	0
0.013356321839080462	0
0.013393678160919548	0
0.01343103448275862	0
0.013468390804597705	0
0.01350574712643679	0
0.013543103448275862	0
0.013580459770114947	0
0.013617816091954033	0
0.013655172413793104	0
0.01369252873563219	0
0.013729885057471275	0
0.013767241379310347	0
0.013804597701149432	0
0.013841954022988504	0
0.013879310344827589	0
0.013916666666666674	0
0.013954022988505746	0
0.013991379310344831	0
0.014028735632183917	0
0.014066091954022988	0
0.014103448275862074	0
0.01414080459770116	0
0.01417816091954023	0
0.014215517241379316	0
0.014252873563218402	0
0.014290229885057473	0
0.014327586206896559	0
0.01436494252873563	0
0.014402298850574716	0
0.014439655172413801	0
0.014477011494252873	0
0.014514367816091958	0
0.014551724137931044	0
0.014589080459770115	0
0.0146264367816092	0
0.014663793103448286	0
0.014701149425287358	0
0.014738505747126443	0
0.014775862068965528	0
0.0148132183908046	0
0.014850574712643685	0
0.014887931034482757	0
0.014925287356321842	0
0.014962643678160928	0
0.015	0
0.015037356321839085	0
0.01507471264367817	0
0.015112068965517242	0
0.015149425287356327	0
0.015186781609195413	0
0.015224137931034484	0
0.01526149425287357	0
0.015298850574712655	0
0.015336206896551727	0
0.015373563218390812	0
0.015410919540229884	0
0.01544827586206897	0
0.015485632183908055	0
0.015522988505747126	0
0.015560344827586212	0
0.015597701149425297	0
0.01563505747126437	0
0.015672413793103454	0
0.01570977011494254	0
0.01574712643678161	0
0.015784482758620696	0
0.015821839080459782	0
0.015859195402298853	0
0.01589655172413794	0
0.01593390804597701	0
0.015971264367816096	0
0.01600862068965518	0
0.016045977011494253	0
0.01608333333333334	0
0.016120689655172424	0
0.016158045977011495	0
0.01619540229885058	0
0.016232758620689666	0
0.016270114942528738	0
0.016307471264367823	0
0.016344827586206895	0
0.01638218390804598	0
0.016419540229885066	0
0.016456896551724137	0
0.016494252873563223	0
0.016531609195402308	0
0.01656896551724138	0
0.016606321839080465	0
0.01664367816091955	0
0.016681034482758622	0
0.016718390804597708	0
0.016755747126436793	0
0.016793103448275865	0
0.01683045977011495	0
0.01686781609195402	0
0.016905172413793107	0
0.016942528735632192	0
0.016979885057471264	0
0.01701724137931035	0
0.017054597701149435	0
0.017091954022988506	0
0.017129310344827592	0
0.017166666666666677	0
0.01720402298850575	0
0.017241379310344834	0
0.01727873563218392	0
0.01731609195402299	0
0.017353448275862077	0
0.01739080459770115	0
0.017428160919540234	0
0.01746551724137932	0
0.01750287356321839	0
0.017540229885057476	0
0.01757758620689656	0
0.017614942528735633	0
0.01765229885057472	0
0.017689655172413804	0
0.017727011494252876	0
0.01776436781609196	0
0.017801724137931046	0
0.017839080459770118	0
0.017876436781609203	0
0.017913793103448275	0
0.01795114942528736	0
0.017988505747126446	0
0.018025862068965517	0
0.018063218390804603	0
0.01810057471264369	0
0.01813793103448276	0
0.018175287356321845	0
0.01821264367816093	0
0.018250000000000002	0
0.018287356321839088	0
0.01832471264367816	0
0.018362068965517245	0
0.01839942528735633	0
0.018436781609195402	0
0.018474137931034487	0
0.018511494252873573	0
0.018548850574712644	0
0.01858620689655173	0
0.018623563218390815	0
0.018660919540229887	0
0.018698275862068972	0
0.018735632183908058	0
0.01877298850574713	0
0.018810344827586215	0
0.018847701149425286	0
0.01888505747126437	0
0.018922413793103457	0
0.01895977011494253	0
0.018997126436781614	0
0.0190344827586207	0
0.01907183908045977	0
0.019109195402298856	0
0.019146551724137942	0
0.019183908045977013	0
0.0192212643678161	0
0.019258620689655184	0
0.019295977011494256	0
0.01933333333333334	0
0.019370689655172413	0
0.019408045977011498	0
0.019445402298850584	0
0.019482758620689655	0
0.01952011494252874	0
0.019557471264367826	0
0.019594827586206898	0
0.019632183908045983	0
0.01966954022988507	0
0.01970689655172414	0
0.019744252873563226	0
0.01978160919540231	0
0.019818965517241383	0
0.019856321839080468	0
0.01989367816091954	0
0.019931034482758625	0
0.01996839080459771	0
0.020005747126436782	0
0.020043103448275867	0
0.020080459770114953	0
0.020117816091954024	0
0.02015517241379311	0
0.020192528735632195	0
0.020229885057471267	0
0.020267241379310352	0
0.020304597701149424	0
0.02034195402298851	0
0.020379310344827595	0
0.020416666666666666	0
0.02045402298850575	0
0.020491379310344837	0
0.02052873563218391	0
0.020566091954022994	0
0.02060344827586208	0
0.02064080459770115	0
0.020678160919540237	0
0.020715517241379322	0
0.020752873563218394	0
0.02079022988505748	0
0.02082758620689655	0
0.020864942528735636	0
0.02090229885057472	0
0.020939655172413793	0
0.02097701149425288	0
0.021014367816091964	0
0.021051724137931035	0
0.02108908045977012	0
0.021126436781609206	0
0.021163793103448278	0
0.021201149425287363	0
0.02123850574712645	0
0.02127586206896552	0
0.021313218390804606	0
0.021350574712643677	0
0.021387931034482763	0
0.021425287356321848	0
0.02146264367816092	0
0.021500000000000005	0
0.02153735632183909	0
0.021574712643678162	0
0.021612068965517248	0
0.021649425287356333	0
0.021686781609195405	0
0.02172413793103449	0
0.021761494252873576	0
0.021798850574712647	0
0.021836206896551733	0
0.021873563218390804	0
0.02191091954022989	0
0.021948275862068975	0
0.021985632183908047	0
0.022022988505747132	0
0.022060344827586217	0
0.02209770114942529	0
0.022135057471264374	0
0.02217241379310346	0
0.02220977011494253	0
0.022247126436781617	0
0.02228448275862069	0
0.022321839080459774	0
0.02235919540229886	0
0.02239655172413793	0
0.022433908045977016	0
0.0224712643678161	0
0.022508620689655173	0
0.02254597701149426	0
0.022583333333333344	0
0.022620689655172416	0
0.0226580459770115	0
0.022695402298850587	0
0.022732758620689658	0
0.022770114942528744	0
0.022807471264367815	0
0.0228448275862069	0
0.022882183908045986	0
0.022919540229885058	0
0.022956896551724143	0
0.02299425287356323	0
0.0230316091954023	0
0.023068965517241385	0
0.02310632183908047	0
0.023143678160919542	0
0.023181034482758628	0
0.023218390804597713	0
0.023255747126436785	0
0.02329310344827587	0
0.023330459770114942	0
0.023367816091954027	0
0.023405172413793113	0
0.023442528735632184	0
0.02347988505747127	0
0.023517241379310355	0
0.023554597701149427	0
0.023591954022988512	0
0.023629310344827598	0
0.02366666666666667	0
0.023704022988505755	0
0.02374137931034484	0
0.02377873563218391	0
0.023816091954022997	0
0.02385344827586207	0
0.023890804597701154	0
0.02392816091954024	0
0.02396551724137931	0
0.024002873563218396	0
0.024040229885057482	0
0.024077586206896553	0
0.02411494252873564	0
0.024152298850574724	0
0.024189655172413796	0
0.02422701149425288	0
0.024264367816091967	0
0.02430172413793104	0
0.024339080459770124	0
0.024376436781609195	0
0.02441379310344828	0
0.024451149425287366	0
0.024488505747126438	0
0.024525862068965523	0
0.02456321839080461	0
0.02460057471264368	0
0.024637931034482766	0
0.02467528735632185	0
0.024712643678160923	0
0.024750000000000008	0
0.02478735632183908	0
0.024824712643678165	0
0.02486206896551725	0
0.024899425287356322	0
0.024936781609195408	0
0.024974137931034493	0
0.025011494252873565	0
0.02504885057471265	0
0.025086206896551735	0
0.025123563218390807	0
0.025160919540229892	0
0.025198275862068978	0
0.02523563218390805	0
0.025272988505747135	0
0.025310344827586206	0
0.025347701149425292	0
0.025385057471264377	0
0.02542241379310345	0
0.025459770114942534	0
0.02549712643678162	0
0.02553448275862069	0
0.025571839080459777	0
0.025609195402298862	0
0.025646551724137934	0
0.02568390804597702	0
0.025721264367816105	0
0.025758620689655176	0
0.02579597701149426	0
0.025833333333333333	0
0.02587068965517242	0
0.025908045977011504	0
0.025945402298850576	0
0.02598275862068966	0
0.026020114942528746	0
0.026057471264367818	0
0.026094827586206903	0
0.02613218390804599	0
0.02616954022988506	0
0.026206896551724146	0
0.02624425287356323	0
0.026281609195402303	0
0.02631896551724139	0
0.02635632183908046	0
0.026393678160919545	0
0.02643103448275863	0
0.026468390804597702	0
0.026505747126436788	0
0.026543103448275873	0
0.026580459770114945	0
0.02661781609195403	0
0.026655172413793116	0
0.026692528735632187	0
0.026729885057471273	0
0.026767241379310344	0
0.02680459770114943	0
0.026841954022988515	0
0.026879310344827587	0
0.026916666666666672	0
0.026954022988505758	0
0.02699137931034483	0
0.027028735632183915	0
0.027066091954023	0
0.02710344827586207	0
0.027140804597701157	0
0.027178160919540242	0
0.027215517241379314	0
0.0272528735632184	0
0.02729022988505747	0
0.027327586206896556	0
0.027364942528735642	0
0.027402298850574713	0
0.0274396551724138	0
0.027477011494252884	0
0.027514367816091956	0
0.02755172413793104	0
0.027589080459770127	0
0.027626436781609198	0
0.027663793103448284	0
0.02770114942528737	0
0.02773850574712644	0
0.027775862068965526	0
0.027813218390804598	0
0.027850574712643683	0
0.02788793103448277	0
0.02792528735632184	0
0.027962643678160926	0
0.02800000000000001	0
0.028037356321839083	0
0.028074712643678168	0
0.028112068965517253	0
0.028149425287356325	0
0.02818678160919541	0
0.028224137931034496	0
0.028261494252873567	0
0.028298850574712653	0
0.028336206896551724	0
0.02837356321839081	0
0.028410919540229895	0
0.028448275862068967	0
0.028485632183908052	0
0.028522988505747138	0
0.02856034482758621	0
0.028597701149425295	0
0.02863505747126438	0
0.02867241379310345	0
0.028709770114942537	0
0.02874712643678161	0
0.028784482758620694	0
0.02882183908045978	0
0.02885919540229885	0
0.028896551724137937	0
0.028933908045977022	0
0.028971264367816094	0
0.02900862068965518	0
0.029045977011494264	0
0.029083333333333336	0
0.02912068965517242	0
0.029158045977011507	0
0.02919540229885058	0
0.029232758620689664	0
0.029270114942528735	0
0.02930747126436782	0
0.029344827586206906	0
0.029382183908045978	0
0.029419540229885063	0
0.02945689655172415	0
0.02949425287356322	0
0.029531609195402306	0
0.02956896551724139	0
0.029606321839080463	0
0.029643678160919548	0
0.029681034482758634	0
0.029718390804597705	0
0.02975574712643679	0
0.029793103448275862	0
0.029830459770114948	0
0.029867816091954033	0
0.029905172413793105	0
0.02994252873563219	0
0.029979885057471276	0
0.030017241379310347	0
0.030054597701149433	0
0.030091954022988518	0
0.03012931034482759	0
0.030166666666666675	0
0.03020402298850576	0
0.030241379310344832	0
0.030278735632183917	0
0.03031609195402299	0
0.030353448275862074	0
0.03039080459770116	0
0.03042816091954023	0
0.030465517241379317	0
0.030502873563218402	0
0.030540229885057474	0
0.03057758620689656	0
0.030614942528735645	0
0.030652298850574716	0
0.0306896551724138	0
0.030727011494252887	0
0.03076436781609196	0
0.030801724137931044	0
0.030839080459770116	0
0.0308764367816092	0
0.030913793103448287	0
0.030951149425287358	0
0.030988505747126444	0
0.03102586206896553	0
0.0310632183908046	0
0.031100574712643686	0
0.03113793103448277	0
0.031175287356321843	0
0.03121264367816093	0
0.03125	0
0.031287356321839085	0
0.03132471264367817	0
0.03136206896551724	0
0.03139942528735633	0
0.03143678160919541	0
0.031474137931034485	0
0.03151149425287357	0
0.031548850574712656	0
0.03158620689655173	0
0.03162356321839081	0
0.0316609195402299	0
0.03169827586206897	0
0.031735632183908055	0
0.03177298850574713	0
0.03181034482758621	0
0.0318477011494253	0
0.03188505747126437	0
0.031922413793103455	0
0.03195977011494254	0
0.03199712643678161	0
0.0320344827586207	0
0.03207183908045978	0
0.032109195402298854	0
0.03214655172413794	0
0.032183908045977025	0
0.032221264367816096	0
0.03225862068965518	0
0.032295977011494253	0
0.03233333333333334	0
0.032370689655172424	0
0.032408045977011496	0
0.03244540229885058	0
0.03248275862068967	0
0.03252011494252874	0
0.032557471264367824	0
0.03259482758620691	0
0.03263218390804598	0
0.032669540229885066	0
0.03270689655172415	0
0.03274425287356322	0
0.03278160919540231	0
0.03281896551724138	0
0.032856321839080466	0
0.03289367816091955	0
0.03293103448275862	0
0.03296839080459771	0
0.033005747126436794	0
0.033043103448275865	0
0.03308045977011495	0
0.033117816091954036	0
0.03315517241379311	0
0.03319252873563219	0
0.033229885057471265	0
0.03326724137931035	0
0.033304597701149435	0
0.03334195402298851	0
0.03337931034482759	0
0.03341666666666668	0
0.03345402298850575	0
0.033491379310344835	0
0.03352873563218392	0
0.03356609195402299	0
0.03360344827586208	0
0.03364080459770116	0
0.033678160919540234	0
0.03371551724137932	0
0.03375287356321839	0
0.03379022988505748	0
0.03382758620689656	0
0.033864942528735634	0
0.03390229885057472	0
0.033939655172413805	0
0.033977011494252876	0
0.03401436781609196	0
0.03405172413793105	0
0.03408908045977012	0
0.034126436781609204	0
0.03416379310344829	0
0.03420114942528736	0
0.034238505747126446	0
0.03427586206896552	0
0.0343132183908046	0
0.03435057471264369	0
0.03438793103448276	0
0.034425287356321846	0
0.03446264367816093	0
0.0345	0
0.03453735632183909	0
0.034574712643678174	0
0.034612068965517245	0
0.03464942528735633	0
0.034686781609195416	0
0.03472413793103449	0
0.03476149425287357	0
0.034798850574712645	0
0.03483620689655173	0
0.034873563218390816	0
0.03491091954022989	0
0.03494827586206897	0
0.03498563218390806	0
0.03502298850574713	0
0.035060344827586215	0
0.0350977011494253	0
0.03513505747126437	0
0.03517241379310346	0
0.03520977011494253	0
0.035247126436781615	0
0.0352844827586207	0
0.03532183908045977	0
0.03535919540229886	0
0.03539655172413794	0
0.035433908045977014	0
0.0354712643678161	0
0.035508620689655185	0
0.035545977011494256	0
0.03558333333333334	0
0.03562068965517243	0
0.0356580459770115	0
0.035695402298850584	0
0.035732758620689656	0
0.03577011494252874	0
0.03580747126436783	0
0.0358448275862069	0
0.035882183908045984	0
0.03591954022988507	0
0.03595689655172414	0
0.035994252873563226	0
0.03603160919540231	0
0.03606896551724138	0
0.03610632183908047	0
0.036143678160919554	0
0.036181034482758626	0
0.03621839080459771	0
0.03625574712643678	0
0.03629310344827587	0
0.03633045977011495	0
0.036367816091954025	0
0.03640517241379311	0
0.036442528735632196	0
0.03647988505747127	0
0.03651724137931035	0
0.03655459770114944	0
0.03659195402298851	0
0.036629310344827595	0
0.03666666666666668	0
0.03670402298850575	0
0.03674137931034484	0
0.03677873563218391	0
0.036816091954022995	0
0.03685344827586208	0
0.03689080459770115	0
0.03692816091954024	0
0.03696551724137932	0
0.037002873563218394	0
0.03704022988505748	0
0.037077586206896565	0
0.03711494252873564	0
0.03715229885057472	0
0.037189655172413794	0
0.03722701149425288	0
0.037264367816091964	0
0.037301724137931036	0
0.03733908045977012	0
0.03737643678160921	0
0.03741379310344828	0
0.037451149425287364	0
0.03748850574712645	0
0.03752586206896552	0
0.037563218390804606	0
0.03760057471264369	0
0.03763793103448276	0
0.03767528735632185	0
0.03771264367816092	0
0.037750000000000006	0
0.03778735632183909	0
0.03782471264367816	0
0.03786206896551725	0
0.037899425287356334	0
0.037936781609195405	0
0.03797413793103449	0
0.038011494252873576	0
0.03804885057471265	0
0.03808620689655173	0
0.03812356321839082	0
0.03816091954022989	0
0.038198275862068976	0
0.03823563218390805	0
0.03827298850574713	0
0.03831034482758622	0
0.03834770114942529	0
0.038385057471264375	0
0.03842241379310346	0
0.03845977011494253	0
0.03849712643678162	0
0.0385344827586207	0
0.038571839080459774	0
0.03860919540229886	0
0.038646551724137945	0
0.03868390804597702	0
0.0387212643678161	0
0.038758620689655174	0
0.03879597701149426	0
0.038833333333333345	0
0.038870689655172416	0
0.0389080459770115	0
0.03894540229885059	0
0.03898275862068966	0
0.039020114942528744	0
0.03905747126436783	0
0.0390948275862069	0
0.03913218390804599	0
0.03916954022988507	0
0.039206896551724144	0
0.03924425287356323	0
0.0392816091954023	0
0.039318965517241386	0
0.03935632183908047	0
0.03939367816091954	0
0.03943103448275863	0
0.039468390804597714	0
0.039505747126436785	0
0.03954310344827587	0
0.039580459770114956	0
0.03961781609195403	0
0.03965517241379311	0
0.039692528735632185	0
0.03972988505747127	0
0.039767241379310356	0
0.03980459770114943	0
0.03984195402298851	0
0.0398793103448276	0
0.03991666666666667	0
0.039954022988505755	0
0.03999137931034484	0
0.04002873563218391	0
0.040066091954023	0
0.04010344827586208	0
0.040140804597701155	0
0.04017816091954024	0
0.04021551724137931	0
0.0402528735632184	0
0.04029022988505748	0
0.040327586206896554	0
0.04036494252873564	0
0.040402298850574725	0
0.040439655172413796	0
0.04047701149425288	0
0.04051436781609197	0
0.04055172413793104	0
0.040589080459770124	0
0.04062643678160921	0
0.04066379310344828	0
0.04070114942528737	0
0.04073850574712644	0
0.040775862068965524	0
0.04081321839080461	0
0.04085057471264368	0
0.040887931034482766	0
0.04092528735632185	0
0.04096264367816092	0
0.04100000000000001	0
0.041037356321839094	0
0.041074712643678166	0
0.04111206896551725	0
0.04114942528735634	0
0.04118678160919541	0
0.041224137931034494	0
0.041261494252873565	0
0.04129885057471265	0
0.041336206896551736	0
0.04137356321839081	0
0.04141091954022989	0
0.04144827586206898	0
0.04148563218390805	0
0.041522988505747135	0
0.04156034482758622	0
0.04159770114942529	0
0.04163505747126438	0
0.04167241379310345	0
0.041709770114942535	0
0.04174712643678162	0
0.04178448275862069	0
0.04182183908045978	0
0.04185919540229886	0
0.041896551724137934	0
0.04193390804597702	0
0.041971264367816105	0
0.04200862068965518	0
0.04204597701149426	0
0.04208333333333335	0
0.04212068965517242	0
0.042158045977011505	0
0.042195402298850576	0
0.04223275862068966	0
0.04227011494252875	0
0.04230747126436782	0
0.042344827586206904	0
0.04238218390804599	0
0.04241954022988506	0
0.042456896551724146	0
0.04249425287356323	0
0.0425316091954023	0
0.04256896551724139	0
0.042606321839080474	0
0.042643678160919546	0
0.04268103448275863	0
0.0427183908045977	0
0.04275574712643679	0
0.042793103448275874	0
0.042830459770114945	0
0.04286781609195403	0
0.042905172413793116	0
0.04294252873563219	0
0.04297988505747127	0
0.04301724137931036	0
0.04305459770114943	0
0.043091954022988516	0
0.0431293103448276	0
0.04316666666666667	0
0.04320402298850576	0
0.04324137931034483	0
0.043278735632183915	0
0.043316091954023	0
0.04335344827586207	0
0.04339080459770116	0
0.04342816091954024	0
0.043465517241379314	0
0.0435028735632184	0
0.043540229885057485	0
0.04357758620689656	0
0.04361494252873564	0
0.043652298850574714	0
0.0436896551724138	0
0.043727011494252885	0
0.043764367816091956	0
0.04380172413793104	0
0.04383908045977013	0
0.0438764367816092	0
0.043913793103448284	0
0.04395114942528737	0
0.04398850574712644	0
0.04402586206896553	0
0.04406321839080461	0
0.044100574712643684	0
0.04413793103448277	0
0.04417528735632184	0
0.044212643678160926	0
0.04425000000000001	0
0.04428735632183908	0
0.04432471264367817	0
0.044362068965517254	0
0.044399425287356326	0
0.04443678160919541	0
0.044474137931034496	0
0.04451149425287357	0
0.04454885057471265	0
0.04458620689655174	0
0.04462356321839081	0
0.044660919540229896	0
0.04469827586206897	0
0.04473563218390805	0
0.04477298850574714	0
0.04481034482758621	0
0.044847701149425295	0
0.04488505747126438	0
0.04492241379310345	0
0.04495977011494254	0
0.04499712643678162	0
0.045034482758620695	0
0.04507183908045978	0
0.045109195402298866	0
0.04514655172413794	0
0.04518390804597702	0
0.045221264367816094	0
0.04525862068965518	0
0.045295977011494265	0
0.04533333333333334	0
0.04537068965517242	0
0.04540804597701151	0
0.04544540229885058	0
0.045482758620689664	0
0.04552011494252875	0
0.04555747126436782	0
0.04559482758620691	0
0.04563218390804598	0
0.045669540229885064	0
0.04570689655172415	0
0.04574425287356322	0
0.045781609195402306	0
0.04581896551724139	0
0.04585632183908046	0
0.04589367816091955	0
0.045931034482758634	0
0.045968390804597706	0
0.04600574712643679	0
0.04604310344827588	0
0.04608045977011495	0
0.046117816091954034	0
0.046155172413793105	0
0.04619252873563219	0
0.046229885057471276	0
0.04626724137931035	0
0.04630459770114943	0
0.04634195402298852	0
0.04637931034482759	0
0.046416666666666676	0
0.04645402298850576	0
0.04649137931034483	0
0.04652873563218392	0
0.046566091954023	0
0.046603448275862075	0
0.04664080459770116	0
0.04667816091954023	0
0.04671551724137932	0
0.0467528735632184	0
0.046790229885057474	0
0.04682758620689656	0
0.046864942528735645	0
0.04690229885057472	0
0.0469396551724138	0
0.04697701149425289	0
0.04701436781609196	0
0.047051724137931045	0
0.04708908045977013	0
0.0471264367816092	0
0.04716379310344829	0
0.04720114942528736	0
0.047238505747126444	0
0.04727586206896553	0
0.0473132183908046	0
0.04735057471264369	0
0.04738793103448277	0
0.047425287356321844	0
0.04746264367816093	0
0.047500000000000014	0
0.047537356321839086	0
0.04757471264367817	0
0.04761206896551726	0
0.04764942528735633	0
0.047686781609195414	0
0.047724137931034485	0
0.04776149425287357	0
0.047798850574712656	0
0.04783620689655173	0
0.04787356321839081	0
0.0479109195402299	0
0.04794827586206897	0
0.047985632183908056	0
0.04802298850574714	0
0.04806034482758621	0
0.0480977011494253	0
0.04813505747126437	0
0.048172413793103455	0
0.04820977011494254	0
0.04824712643678161	0
0.0482844827586207	0
0.04832183908045978	0
0.048359195402298855	0
0.04839655172413794	0
0.048433908045977025	0
0.0484712643678161	0
0.04850862068965518	0
0.04854597701149427	0
0.04858333333333334	0
0.048620689655172425	0
0.048658045977011496	0
0.04869540229885058	0
0.04873275862068967	0
0.04877011494252874	0
0.048807471264367824	0
0.04884482758620691	0
0.04888218390804598	0
0.04891954022988507	0
0.04895689655172415	0
0.048994252873563224	0
0.04903160919540231	0
0.049068965517241395	0
0.049106321839080466	0
0.04914367816091955	0
0.04918103448275862	0
0.04921839080459771	0
0.049255747126436794	0
0.049293103448275866	0
0.04933045977011495	0
0.049367816091954037	0
0.04940517241379311	0
0.049442528735632194	0
0.04947988505747128	0
0.04951724137931035	0
0.049554597701149436	0
0.04959195402298852	0
0.04962931034482759	0
0.04966666666666668	0
0.04970402298850575	0
0.049741379310344835	0
0.04977873563218392	0
0.04981609195402299	0
0.04985344827586208	0
0.04989080459770116	0
0.049928160919540235	0
0.04996551724137932	0
0.050002873563218406	0
0.05004022988505748	0
0.05007758620689656	0
0.050114942528735634	0
0.05015229885057472	0
0.050189655172413805	0
0.05022701149425288	0
0.05026436781609196	0
0.05030172413793105	0
0.05033908045977012	0
0.050376436781609205	0
0.05041379310344829	0
0.05045114942528736	0
0.05048850574712645	0
0.05052586206896553	0
0.050563218390804604	0
0.05060057471264369	0
0.05063793103448276	0
0.050675287356321846	0
0.05071264367816093	0
0.05075	0
0.05078735632183909	0
0.050824712643678174	0
0.050862068965517246	0
0.05089942528735633	0
0.05093678160919542	0
0.05097413793103449	0
0.051011494252873574	0
0.05104885057471266	0
0.05108620689655173	0
0.051123563218390816	0
0.05116091954022989	0
0.05119827586206897	0
0.05123563218390806	0
0.05127298850574713	0
0.051310344827586216	0
0.0513477011494253	0
0.05138505747126437	0
0.05142241379310346	0
0.051459770114942543	0
0.051497126436781615	0
0.0515344827586207	0
0.051571839080459786	0
0.05160919540229886	0
0.05164655172413794	0
0.051683908045977014	0
0.0517212643678161	0
0.051758620689655185	0
0.05179597701149426	0
0.05183333333333334	0
0.05187068965517243	0
0.0519080459770115	0
0.051945402298850585	0
0.05198275862068967	0
0.05202011494252874	0
0.05205747126436783	0
0.0520948275862069	0
0.052132183908045984	0
0.05216954022988507	0
0.05220689655172414	0
0.05224425287356323	0
0.05228160919540231	0
0.052318965517241384	0
0.05235632183908047	0
0.052393678160919555	0
0.052431034482758626	0
0.05246839080459771	0
0.0525057471264368	0
0.05254310344827587	0
0.052580459770114954	0
0.052617816091954026	0
0.05265517241379311	0
0.052692528735632196	0
0.05272988505747127	0
0.05276724137931035	0
0.05280459770114944	0
0.05284195402298851	0
0.052879310344827596	0
0.05291666666666668	0
0.05295402298850575	0
0.05299137931034484	0
0.053028735632183924	0
0.053066091954022995	0
0.05310344827586208	0
0.05314080459770115	0
0.05317816091954024	0
0.05321551724137932	0
0.053252873563218395	0
0.05329022988505748	0
0.053327586206896566	0
0.05336494252873564	0
0.05340229885057472	0
0.05343965517241381	0
0.05347701149425288	0
0.053514367816091965	0
0.05355172413793105	0
0.05358908045977012	0
0.05362643678160921	0
0.05366379310344828	0
0.053701149425287364	0
0.05373850574712645	0
0.05377586206896552	0
0.05381321839080461	0
0.05385057471264369	0
0.053887931034482764	0
0.05392528735632185	0
0.053962643678160935	0
0.054000000000000006	0
0.05403735632183909	0
0.05407471264367818	0
0.05411206896551725	0
0.054149425287356334	0
0.054186781609195406	0
0.05422413793103449	0
0.05426149425287358	0
0.05429885057471265	0
0.054336206896551734	0
0.05437356321839082	0
0.05441091954022989	0
0.054448275862068976	0
0.05448563218390806	0
0.05452298850574713	0
0.05456034482758622	0
0.05459770114942529	0
0.054635057471264376	0
0.05467241379310346	0
0.05470977011494253	0
0.05474712643678162	0
0.0547844827586207	0
0.054821839080459775	0
0.05485919540229886	0
0.054896551724137946	0
0.05493390804597702	0
0.0549712643678161	0
0.05500862068965519	0
0.05504597701149426	0
0.055083333333333345	0
0.05512068965517242	0
0.0551580459770115	0
0.05519540229885059	0
0.05523275862068966	0
0.055270114942528745	0
0.05530747126436783	0
0.0553448275862069	0
0.05538218390804599	0
0.05541954022988507	0
0.055456896551724144	0
0.05549425287356323	0
0.055531609195402315	0
0.05556896551724139	0
0.05560632183908047	0
0.055643678160919544	0
0.05568103448275863	0
0.055718390804597714	0
0.055755747126436786	0
0.05579310344827587	0
0.05583045977011496	0
0.05586781609195403	0
0.055905172413793114	0
0.0559425287356322	0
0.05597988505747127	0
0.056017241379310356	0
0.05605459770114944	0
0.05609195402298851	0
0.0561293103448276	0
0.05616666666666667	0
0.056204022988505756	0
0.05624137931034484	0
0.05627873563218391	0
0.056316091954023	0
0.056353448275862084	0
0.056390804597701155	0
0.05642816091954024	0
0.056465517241379326	0
0.0565028735632184	0
0.05654022988505748	0
0.056577586206896555	0
0.05661494252873564	0
0.056652298850574725	0
0.0566896551724138	0
0.05672701149425288	0
0.05676436781609197	0
0.05680172413793104	0
0.056839080459770125	0
0.05687643678160921	0
0.05691379310344828	0
0.05695114942528737	0
0.05698850574712645	0
0.057025862068965524	0
0.05706321839080461	0
0.05710057471264368	0
0.05713793103448277	0
0.05717528735632185	0
0.057212643678160924	0
0.05725000000000001	0
0.057287356321839095	0
0.057324712643678166	0
0.05736206896551725	0
0.05739942528735634	0
0.05743678160919541	0
0.057474137931034494	0
0.05751149425287358	0
0.05754885057471265	0
0.057586206896551737	0
0.05762356321839081	0
0.057660919540229894	0
0.05769827586206898	0
0.05773563218390805	0
0.057772988505747136	0
0.05781034482758622	0
0.05784770114942529	0
0.05788505747126438	0
0.057922413793103464	0
0.057959770114942535	0
0.05799712643678162	0
0.058034482758620706	0
0.05807183908045978	0
0.05810919540229886	0
0.058146551724137935	0
0.05818390804597702	0
0.058221264367816106	0
0.05825862068965518	0
0.05829597701149426	0
0.05833333333333335	0
0.05837068965517242	0
0.058408045977011505	0
0.05844540229885059	0
0.05848275862068966	0
0.05852011494252875	0
0.05855747126436782	0
0.058594827586206905	0
0.05863218390804599	0
0.05866954022988506	0
0.05870689655172415	0
0.05874425287356323	0
0.058781609195402304	0
0.05881896551724139	0
0.058856321839080475	0
0.058893678160919546	0
0.05893103448275863	0
0.05896839080459772	0
0.05900574712643679	0
0.059043103448275874	0
0.059080459770114946	0
0.05911781609195403	0
0.05915517241379312	0
0.05919252873563219	0
0.059229885057471274	0
0.05926724137931036	0
0.05930459770114943	0
0.059341954022988516	0
0.0593793103448276	0
0.05941666666666667	0
0.05945402298850576	0
0.059491379310344844	0
0.059528735632183916	0
0.059566091954023	0
0.05960344827586207	0
0.05964080459770116	0
0.059678160919540243	0
0.059715517241379315	0
0.0597528735632184	0
0.059790229885057486	0
0.05982758620689656	0
0.05986494252873564	0
0.05990229885057473	0
0.0599396551724138	0
0.059977011494252885	0
0.06001436781609197	0
0.06005172413793104	0
0.06008908045977013	0
0.0601264367816092	0
0.060163793103448285	0
0.06020114942528737	0
0.06023850574712644	0
0.06027586206896553	0
0.06031321839080461	0
0.060350574712643684	0
0.06038793103448277	0
0.060425287356321855	0
0.06046264367816093	0
0.06050000000000001	0
0.060537356321839084	0
0.06057471264367817	0
0.060612068965517255	0
0.060649425287356326	0
0.06068678160919541	0
0.0607241379310345	0
0.06076149425287357	0
0.060798850574712654	0
0.06083620689655174	0
0.06087356321839081	0
0.060910919540229896	0
0.06094827586206898	0
0.06098563218390805	0
0.06102298850574714	0
0.06106034482758621	0
0.061097701149425296	0
0.06113505747126438	0
0.06117241379310345	0
0.06120977011494254	0
0.061247126436781624	0
0.061284482758620695	0
0.06132183908045978	0
0.061359195402298866	0
0.06139655172413794	0
0.06143390804597702	0
0.06147126436781611	0
0.06150862068965518	0
0.061545977011494266	0
0.06158333333333334	0
0.06162068965517242	0
0.06165804597701151	0
0.06169540229885058	0
0.061732758620689665	0
0.06177011494252875	0
0.06180747126436782	0
0.06184482758620691	0
0.06188218390804599	0
0.061919540229885064	0
0.06195689655172415	0
0.061994252873563235	0
0.06203160919540231	0
0.06206896551724139	0
0.062106321839080464	0
0.06214367816091955	0
0.062181034482758635	0
0.062218390804597706	0
0.06225574712643679	0
0.06229310344827588	0
0.06233045977011495	0
0.062367816091954034	0
0.06240517241379312	0
0.06244252873563219	0
0.06247988505747128	0
0.06251724137931036	0
0.06255459770114943	0
0.06259195402298852	0
0.06262931034482759	0
0.06266666666666668	0
0.06270402298850576	0
0.06274137931034483	0
0.06277873563218392	0
0.062816091954023	0
0.06285344827586208	0
0.06289080459770116	0
0.06292816091954025	0
0.06296551724137932	0
0.0630028735632184	0
0.06304022988505747	0
0.06307758620689656	0
0.06311494252873565	0
0.06315229885057472	0
0.0631896551724138	0
0.06322701149425289	0
0.06326436781609196	0
0.06330172413793105	0
0.06333908045977013	0
0.0633764367816092	0
0.06341379310344829	0
0.06345114942528737	0
0.06348850574712644	0
0.06352586206896553	0
0.0635632183908046	0
0.06360057471264369	0
0.06363793103448277	0
0.06367528735632184	0
0.06371264367816093	0
0.06375000000000001	0
0.06378735632183909	0
0.06382471264367817	0
0.06386206896551726	0
0.06389942528735633	0
0.06393678160919541	0
0.0639741379310345	0
0.06401149425287357	0
0.06404885057471266	0
0.06408620689655173	0
0.06412356321839081	0
0.0641609195402299	0
0.06419827586206897	0
0.06423563218390806	0
0.06427298850574714	0
0.06431034482758621	0
0.0643477011494253	0
0.06438505747126438	0
0.06442241379310346	0
0.06445977011494254	0
0.06449712643678163	0
0.0645344827586207	0
0.06457183908045978	0
0.06460919540229886	0
0.06464655172413794	0
0.06468390804597703	0
0.0647212643678161	0
0.06475862068965518	0
0.06479597701149427	0
0.06483333333333334	0
0.06487068965517243	0
0.06490804597701151	0
0.06494540229885058	0
0.06498275862068967	0
0.06502011494252874	0
0.06505747126436782	0
0.06509482758620691	0
0.06513218390804598	0
0.06516954022988507	0
0.06520689655172415	0
0.06524425287356322	0
0.06528160919540231	0
0.0653189655172414	0
0.06535632183908047	0
0.06539367816091955	0
0.06543103448275864	0
0.06546839080459771	0
0.0655057471264368	0
0.06554310344827587	0
0.06558045977011495	0
0.06561781609195404	0
0.06565517241379311	0
0.0656925287356322	0
0.06572988505747128	0
0.06576724137931035	0
0.06580459770114944	0
0.06584195402298852	0
0.0658793103448276	0
0.06591666666666668	0
0.06595402298850576	0
0.06599137931034484	0
0.06602873563218392	0
0.06606609195402299	0
0.06610344827586208	0
0.06614080459770116	0
0.06617816091954024	0
0.06621551724137932	0
0.0662528735632184	0
0.06629022988505748	0
0.06632758620689656	0
0.06636494252873565	0
0.06640229885057472	0
0.0664396551724138	0
0.06647701149425289	0
0.06651436781609196	0
0.06655172413793105	0
0.06658908045977012	0
0.0666264367816092	0
0.06666379310344829	0
0.06670114942528736	0
0.06673850574712645	0
0.06677586206896553	0
0.0668132183908046	0
0.06685057471264369	0
0.06688793103448278	0
0.06692528735632185	0
0.06696264367816093	0
0.067	0
0.06703735632183909	0
0.06707471264367817	0
0.06711206896551725	0
0.06714942528735633	0
0.06718678160919542	0
0.06722413793103449	0
0.06726149425287357	0
0.06729885057471266	0
0.06733620689655173	0
0.06737356321839082	0
0.0674109195402299	0
0.06744827586206897	0
0.06748563218390806	0
0.06752298850574713	0
0.06756034482758622	0
0.0675977011494253	0
0.06763505747126437	0
0.06767241379310346	0
0.06770977011494254	0
0.06774712643678162	0
0.0677844827586207	0
0.06782183908045979	0
0.06785919540229886	0
0.06789655172413794	0
0.06793390804597703	0
0.0679712643678161	0
0.06800862068965519	0
0.06804597701149426	0
0.06808333333333334	0
0.06812068965517243	0
0.0681580459770115	0
0.06819540229885059	0
0.06823275862068967	0
0.06827011494252874	0
0.06830747126436783	0
0.06834482758620691	0
0.06838218390804598	0
0.06841954022988507	0
0.06845689655172416	0
0.06849425287356323	0
0.06853160919540231	0
0.06856896551724138	0
0.06860632183908047	0
0.06864367816091956	0
0.06868103448275863	0
0.06871839080459771	0
0.0687557471264368	0
0.06879310344827587	0
0.06883045977011495	0
0.06886781609195404	0
0.06890517241379311	0
0.0689425287356322	0
0.06897988505747128	0
0.06901724137931035	0
0.06905459770114944	0
0.06909195402298851	0
0.0691293103448276	0
0.06916666666666668	0
0.06920402298850575	0
0.06924137931034484	0
0.06927873563218392	0
0.069316091954023	0
0.06935344827586208	0
0.06939080459770117	0
0.06942816091954024	0
0.06946551724137932	0
0.0695028735632184	0
0.06954022988505748	0
0.06957758620689657	0
0.06961494252873564	0
0.06965229885057472	0
0.06968965517241381	0
0.06972701149425288	0
0.06976436781609197	0
0.06980172413793105	0
0.06983908045977012	0
0.06987643678160921	0
0.0699137931034483	0
0.06995114942528737	0
0.06998850574712645	0
0.07002586206896552	0
0.07006321839080461	0
0.07010057471264369	0
0.07013793103448276	0
0.07017528735632185	0
0.07021264367816094	0
0.07025	0
0.07028735632183909	0
0.07032471264367818	0
0.07036206896551725	0
0.07039942528735633	0
0.07043678160919542	0
0.07047413793103449	0
0.07051149425287358	0
0.07054885057471265	0
0.07058620689655173	0
0.07062356321839082	0
0.07066091954022989	0
0.07069827586206898	0
0.07073563218390806	0
0.07077298850574713	0
0.07081034482758622	0
0.0708477011494253	0
0.07088505747126438	0
0.07092241379310346	0
0.07095977011494255	0
0.07099712643678162	0
0.0710344827586207	0
0.07107183908045978	0
0.07110919540229886	0
0.07114655172413795	0
0.07118390804597702	0
0.0712212643678161	0
0.07125862068965519	0
0.07129597701149426	0
0.07133333333333335	0
0.07137068965517243	0
0.0714080459770115	0
0.07144540229885059	0
0.07148275862068966	0
0.07152011494252875	0
0.07155747126436783	0
0.0715948275862069	0
0.07163218390804599	0
0.07166954022988507	0
0.07170689655172414	0
0.07174425287356323	0
0.07178160919540232	0
0.07181896551724139	0
0.07185632183908047	0
0.07189367816091956	0
0.07193103448275863	0
0.07196839080459771	0
0.07200574712643679	0
0.07204310344827587	0
0.07208045977011496	0
0.07211781609195403	0
0.07215517241379311	0
0.0721925287356322	0
0.07222988505747127	0
0.07226724137931036	0
0.07230459770114944	0
0.07234195402298851	0
0.0723793103448276	0
0.07241666666666668	0
0.07245402298850576	0
0.07249137931034484	0
0.07252873563218391	0
0.072566091954023	0
0.07260344827586208	0
0.07264080459770116	0
0.07267816091954024	0
0.07271551724137933	0
0.0727528735632184	0
0.07279022988505748	0
0.07282758620689657	0
0.07286494252873564	0
0.07290229885057473	0
0.07293965517241381	0
0.07297701149425288	0
0.07301436781609197	0
0.07305172413793104	0
0.07308908045977013	0
0.07312643678160921	0
0.07316379310344828	0
0.07320114942528737	0
0.07323850574712645	0
0.07327586206896552	0
0.07331321839080461	0
0.0733505747126437	0
0.07338793103448277	0
0.07342528735632185	0
0.07346264367816092	0
0.07350000000000001	0
0.0735373563218391	0
0.07357471264367817	0
0.07361206896551725	0
0.07364942528735634	0
0.07368678160919541	0
0.0737241379310345	0
0.07376149425287358	0
0.07379885057471265	0
0.07383620689655174	0
0.07387356321839082	0
0.0739109195402299	0
0.07394827586206898	0
0.07398563218390805	0
0.07402298850574714	0
0.07406034482758622	0
0.0740977011494253	0
0.07413505747126438	0
0.07417241379310346	0
0.07420977011494254	0
0.07424712643678162	0
0.0742844827586207	0
0.07432183908045978	0
0.07435919540229886	0
0.07439655172413795	0
0.07443390804597702	0
0.0744712643678161	0
0.07450862068965518	0
0.07454597701149426	0
0.07458333333333335	0
0.07462068965517242	0
0.0746580459770115	0
0.07469540229885059	0
0.07473275862068966	0
0.07477011494252875	0
0.07480747126436783	0
0.0748448275862069	0
0.07488218390804599	0
0.07491954022988508	0
0.07495689655172415	0
0.07499425287356323	0
0.07503160919540232	0
0.07506896551724139	0
0.07510632183908046	0
0.07514367816091956	0
0.07518103448275863	0
0.0752183908045977	0
0.0752557471264368	0
0.07529310344827587	0
0.07533045977011495	0
0.07536781609195405	0
0.07540517241379312	0
0.07544252873563219	0
0.07547988505747129	0
0.07551724137931036	0
0.07555459770114943	0
0.07559195402298853	0
0.0756293103448276	0
0.07566666666666667	0
0.07570402298850575	0
0.07574137931034484	0
0.07577873563218392	0
0.07581609195402299	0
0.07585344827586209	0
0.07589080459770116	0
0.07592816091954023	0
0.07596551724137933	0
0.0760028735632184	0
0.07604022988505747	0
0.07607758620689657	0
0.07611494252873564	0
0.07615229885057472	0
0.07618965517241381	0
0.07622701149425289	0
0.07626436781609196	0
0.07630172413793106	0
0.07633908045977013	0
0.0763764367816092	0
0.0764137931034483	0
0.07645114942528737	0
0.07648850574712644	0
0.07652586206896554	0
0.07656321839080461	0
0.07660057471264368	0
0.07663793103448278	0
0.07667528735632186	0
0.07671264367816093	0
0.07675	0
0.0767873563218391	0
0.07682471264367817	0
0.07686206896551724	0
0.07689942528735634	0
0.07693678160919541	0
0.07697413793103448	0
0.07701149425287358	0
0.07704885057471265	0
0.07708620689655173	0
0.07712356321839083	0
0.0771609195402299	0
0.07719827586206897	0
0.07723563218390807	0
0.07727298850574714	0
0.07731034482758621	0
0.07734770114942531	0
0.07738505747126438	0
0.07742241379310345	0
0.07745977011494255	0
0.07749712643678162	0
0.0775344827586207	0
0.0775718390804598	0
0.07760919540229887	0
0.07764655172413794	0
0.07768390804597701	0
0.07772126436781611	0
0.07775862068965518	0
0.07779597701149425	0
0.07783333333333335	0
0.07787068965517242	0
0.0779080459770115	0
0.0779454022988506	0
0.07798275862068967	0
0.07802011494252874	0
0.07805747126436784	0
0.07809482758620691	0
0.07813218390804598	0
0.07816954022988508	0
0.07820689655172415	0
0.07824425287356322	0
0.07828160919540232	0
0.07831896551724139	0
0.07835632183908046	0
0.07839367816091956	0
0.07843103448275864	0
0.0784683908045977	0
0.0785057471264368	0
0.07854310344827588	0
0.07858045977011495	0
0.07861781609195405	0
0.07865517241379312	0
0.07869252873563219	0
0.07872988505747126	0
0.07876724137931036	0
0.07880459770114943	0
0.0788419540229885	0
0.0788793103448276	0
0.07891666666666668	0
0.07895402298850575	0
0.07899137931034485	0
0.07902873563218392	0
0.07906609195402299	0
0.07910344827586209	0
0.07914080459770116	0
0.07917816091954023	0
0.07921551724137933	0
0.0792528735632184	0
0.07929022988505748	0
0.07932758620689657	0
0.07936494252873565	0
0.07940229885057472	0
0.07943965517241382	0
0.07947701149425289	0
0.07951436781609196	0
0.07955172413793106	0
0.07958908045977013	0
0.0796264367816092	0
0.07966379310344827	0
0.07970114942528737	0
0.07973850574712645	0
0.07977586206896552	0
0.07981321839080462	0
0.07985057471264369	0
0.07988793103448276	0
0.07992528735632186	0
0.07996264367816093	0
